41529527.142857
28361245.714286
26775436.666667
27593215.714286
26314774.285714
26681861.428571
24928634.285714
26485500.000000
26901992.857143
25549760.000000
24911148.571429
28843104.285714
26329440.000000
28783199.523810
27346183.809524
27604055.238095
27170770.476190
27448954.285714
25731337.142857
26091791.428571
28838398.571429
27028508.571429
26192958.095238
27086898.095238
26230815.238095
26626191.428571
25495789.523810
28254886.666667
27657857.142857
27277458.095238
28486803.809524
28252544.761905
27372283.809524
26444305.714286
27467716.190476
27257181.904762
27357524.761905
25863662.857143
25237465.714286
26172780.952381
26184029.523810
24566992.380952
25498896.190476
27537447.619048
25383841.904762
25050134.285714
25140841.904762
24826323.809524
26737520.952381
26876983.809524
25910008.571429
26338603.333333
25163692.380952
25599430.476190
25059000.952381
25399417.142857
25843907.142857
26664347.619048
25803135.238095
26246355.238095
25668659.523810
26854234.285714
27456998.095238
27396997.142857
26319952.380952
25668863.809524
25610101.904762
27460865.714286
28346883.333333
26335299.047619
28173041.904762
26233442.857143
25228245.714286
27315833.333333
26315046.666667
26036023.809524
26030125.714286
25226444.761905
27876806.666667
25602341.904762
25960524.285714
25430260.952381
25967554.285714
24833840.000000
25544281.904762
25018804.761905
25755139.047619
24616850.476190
25517100.000000
25263567.619048
24996509.523810
25314005.714286
24603019.047619
26604209.523810
23481566.666667
24179124.761905
26974443.333333
25918053.333333
27253115.714286
27019435.238095
26436507.619048
27431202.380952
28425661.428571
25169095.238095
25816748.571429
26692960.952381
27782990.476190
28439222.857143
55880210.476190
33973249.523810
32107758.095238
31332579.047619
30070025.238095
31201400.952381
30149244.761905
29989714.285714
30119219.047619
28583413.333333
30131897.619048
27454873.333333
27397003.809524
28466797.619048
27461380.952381
27648186.190476
27680257.142857
27243131.428571
28873405.238095
28866874.285714
28510138.095238
26550665.714286
28254215.238095
26151978.095238
26348091.428571
27282862.857143
28924248.571429
27559270.952381
27907004.761905
27426990.000000
26457100.000000
25693523.809524
28520111.904762
26467041.904762
27319008.571429
26510387.619048
25546652.380952
25666131.428571
25590909.523810
25347410.476190
25940003.809524
25314760.952381
25036825.714286
26012462.857143
25111224.285714
25279204.285714
26191048.571429
26533636.190476
25653540.952381
24691720.952381
25066101.904762
25635541.904762
26565882.857143
24963552.380952
26056031.428571
27337036.190476
25285264.761905
25777343.809524
27015050.476190
26753668.571429
26386807.619048
26232443.809524
24830280.000000
24967015.238095
26116595.238095
25116933.333333
25154569.523810
24609330.476190
25941314.285714
26326926.666667
25071492.380952
24966586.666667
26862930.476190
24945792.380952
24595822.857143
24655093.333333
24519538.095238
24234148.571429
26935752.380952
26184232.380952
25306995.238095
27285337.619048
26819496.190476
27426336.190476
26922172.380952
25784133.333333
26960833.333333
28402445.714286
27627008.571429
27653511.428571
26774826.666667
25788323.809524
27044398.571429
25892212.380952
27409003.809524
26951231.428571
27080784.761905
27117345.714286
29051357.142857
27941337.142857
26553291.428571
27813526.666667
27537021.904762
26482786.666667
26853121.904762
27914737.142857
26197112.380952
27492473.333333
26530067.619048
27667348.571429
25728821.904762
27991186.666667
28068716.190476
26781225.714286
28949722.857143
27861441.904762
27081886.666667
25707878.095238
28185063.809524
27669089.523810
27390000.000000
26840990.476190
27689523.809524
26280184.761905
25879094.285714
26248873.333333
25512077.619048
25405801.904762
25837730.476190
25589750.476190
25168680.000000
27139395.238095
27875051.428571
28107425.714286
26971813.333333
25796829.523810
26478465.714286
25539579.047619
26019515.238095
25590752.380952
28490411.428571
26369360.952381
27727040.000000
28799505.714286
26997320.952381
25819153.333333
25414671.428571
25367503.809524
25059544.761905
25370539.047619
25268912.380952
25380627.619048
26981056.190476
25686068.571429
25783733.333333
25338509.523810
28298441.428571
28592588.571429
25680917.619048
26395842.857143
26888815.238095
25119908.571429
26668000.000000
26980849.523810
25963127.142857
27882852.380952
25816989.523810
28588229.047619
26995360.952381
26563170.476190
28109471.428571
28376357.142857
25901418.095238
28300290.476190
28604907.142857
25516407.619048
26759223.809524
25793940.000000
26361057.142857
28197038.095238
25830134.285714
28139222.857143
25864525.714286
28612523.333333
26779614.285714
27313483.809524
25230690.476190
25024209.523810
26425665.714286
28737615.238095
26671316.190476
28068512.380952
26022103.809524
28435192.380952
27173573.333333
26535310.476190
25625776.190476
26894880.000000
26533874.285714
26718440.952381
28745049.523810
27188681.904762
28681845.238095
27018773.333333
27077132.380952
25694602.857143
25573462.857143
26702786.666667
27606766.666667
26518643.809524
27480443.333333
26543953.333333
28493494.285714
26292232.380952
26423760.000000
28416880.952381
25559650.476190
26392701.904762
26600826.666667
25342780.952381
26802972.380952
28501708.095238
29655362.857143
25657110.476190
27374757.142857
28433516.190476
26995535.238095
27996110.476190
28416072.380952
25298296.190476
28005046.666667
27098736.190476
27509879.047619
26606559.047619
26109062.857143
27239612.380952
25736278.095238
29203604.285714
26570399.047619
29523883.809524
28490197.619048
26127244.761905
28527091.428571
27450629.523810
27883860.952381
25831576.190476
25391376.190476
29666263.333333
28556435.714286
25413525.714286
27879544.761905
26781559.523810
26652856.190476
27251965.714286
28556198.571429
27554256.190476
25881043.809524
28331316.190476
28460872.380952
26936725.714286
25890684.761905
26923551.428571
28222438.095238
27474939.047619
25518902.857143
27159124.761905
26471779.047619
28050511.428571
28293106.666667
29008872.380952
27480842.857143
30426022.857143
27857956.190476
26156010.476190
28194034.285714
28266398.095238
27560800.952381
28288335.714286
26665471.428571
26163036.190476
27366117.142857
25525035.714286
29238852.857143
29168035.714286
26088553.333333
27055583.809524
26965500.952381
27843821.904762
27052714.285714
25552005.714286
28719713.333333
26722041.904762
28419139.047619
28069873.333333
26929719.047619
28991373.333333
25800805.714286
28127855.238095
28289720.952381
26834421.904762
26298636.190476
25657661.904762
29115914.285714
27425569.523810
26413978.095238
27298939.047619
25798128.571429
27248287.619048
28414280.952381
26814017.142857
27104995.238095
25888726.666667
28025684.761905
28125195.238095
28098592.380952
26641908.571429
26643768.571429
26480851.428571
26943427.619048
27017388.571429
28643223.809524
26728637.142857
27903450.476190
26987736.190476
29561605.238095
28459959.047619
28411704.761905
27623898.095238
26717691.428571
26639032.380952
28054698.095238
26460770.476190
27400880.000000
29301602.857143
28467613.333333
28269647.619048
27123656.190476
26430407.619048
26575999.047619
26685786.666667
29651520.476190
26865183.809524
26780834.761905
28417345.714286
27436881.904762
28738889.523810
25546602.857143
27220903.809524
28470503.809524
26852100.000000
27056490.476190
26841600.952381
27629770.000000
28485518.571429
28482057.142857
25995752.380952
28334729.047619
26011696.190476
27778363.333333
25990597.142857
27026173.333333
26468803.809524
25903853.333333
26101854.285714
26844155.238095
27280461.904762
27012067.619048
26108828.571429
25777605.714286
27041373.333333
28479372.380952
25680038.095238
26743452.380952
27635788.571429
26021288.571429
28798451.428571
26645371.428571
24870635.714286
25147881.904762
27786912.857143
26688555.714286
26784034.761905
27113877.619048
26601009.523810
27627838.095238
33155171.428571
25169453.333333
26675312.857143
25576101.904762
27873556.666667
27799490.476190
26710260.000000
28797215.714286
26832470.952381
27201690.000000
26292286.190476
26817819.047619
27292779.047619
26845738.095238
29757352.380952
26725687.142857
26813745.238095
26547292.857143
29252266.666667
26675031.904762
27091561.904762
28976717.142857
29233068.571429
26657031.428571
29624741.428571
26820798.095238
28067783.809524
26835393.809524
29332250.952381
26951487.142857
29069457.619048
26716363.809524
26140512.857143
26863588.571429
27168721.904762
26780021.428571
27677231.904762
27837648.571429
27355760.952381
25456015.714286
28933931.904762
26862245.714286
27024558.571429
29355478.571429
29656802.380952
28425104.761905
26014684.761905
25421415.714286
28754118.571429
26418035.238095
27137833.809524
27172095.238095
27043064.285714
28850365.714286
25849509.047619
26861230.952381
25863241.428571
28297772.380952
26391765.238095
25819952.857143
27034478.571429
26761723.809524
27337788.095238
26642484.285714
26971130.952381
26089502.380952
26838166.666667
26713285.238095
30067801.904762
25979783.809524
28765203.809524
27745761.428571
27234945.238095
27003659.523810
26155343.809524
27337275.714286
27092415.714286
27422933.333333
27539280.952381
27941176.666667
25058990.000000
26169740.952381
25555627.142857
28817438.571429
28504055.238095
28965309.047619
26314514.285714
27352533.809524
27137212.857143
28562996.666667
27799543.809524
27168268.095238
25956145.238095
26904978.095238
26667869.523810
25627660.952381
27554832.380952
26336750.000000
28364422.857143
26442141.428571
26870295.238095
26805747.619048
25481030.476190
27994108.571429
28200689.047619
26538081.428571
25327754.761905
26275018.095238
26949246.190476
28515921.428571
28245892.380952
28593774.285714
26954775.238095
27875796.190476
26964346.190476
27670470.000000
26293508.095238
27178512.857143
27846029.523810
26094554.761905
27824567.619048
26878068.571429
27407130.000000
25824678.095238
25894960.000000
25505380.952381
26598790.000000
28588676.190476
27475840.952381
27926335.238095
28352125.714286
27736400.952381
26458028.571429
27854111.428571
27045807.619048
28490220.000000
28486351.428571
26250180.952381
27523521.904762
28912900.476190
26327334.285714
26840727.619048
26253014.285714
27388541.904762
26508868.095238
28689380.952381
26434279.047619
26384638.571429
26642366.666667
28015504.761905
26701076.190476
26353707.619048
26386802.857143
27725200.000000
26495577.142857
29390110.476190
25557604.761905
25201390.476190
28005415.238095
26361980.000000
26760540.952381
27194965.714286
25680450.476190
27212881.904762
27398998.095238
28435745.714286
26511981.428571
26444095.714286
25875182.857143
27504349.523810
28370446.666667
26973050.476190
26577871.428571
28685822.857143
28467836.190476
26837148.571429
26399844.761905
25954899.047619
26287305.714286
28547549.523810
27832064.761905
27589398.095238
26681954.285714
28558205.714286
28384329.523810
26573781.904762
26502221.904762
27606197.142857
28001620.000000
26918390.476190
26459376.190476
26875873.333333
25489423.809524
26301850.476190
26849373.333333
25386612.380952
27343216.190476
28004442.857143
26427484.761905
27237071.428571
26888626.666667
26478580.952381
26062803.809524
26767481.904762
25128577.142857
26226499.523810
26618615.714286
27103530.952381
27317024.761905
26942209.523810
25967037.142857
25203104.761905
24827096.190476
27740261.904762
27861593.333333
26703002.857143
26679340.952381
27915251.428571
26973178.095238
27541578.095238
27139364.285714
25277674.285714
27431754.285714
32238071.428571
25516027.142857
27733431.428571
26868860.000000
26436859.523810
26651189.047619
26522074.285714
26085675.714286
26374791.428571
27357071.428571
25518140.000000
27444525.238095
25960219.523810
26872482.857143
27496540.000000
29281428.571429
29302627.619048
26373720.952381
26827460.952381
26786359.047619
27449989.047619
27275323.333333
27125587.619048
26991020.952381
27337560.000000
27697514.761905
27600652.380952
27699480.476190
28587806.666667
25949137.142857
27230155.238095
27235688.095238
27100864.285714
26301366.666667
28508671.428571
27403074.761905
28157429.523810
26386384.761905
26802405.714286
27491905.238095
25151757.619048
27514079.047619
27943736.666667
25836871.428571
26557468.571429
25176357.142857
27136345.714286
26106325.714286
26698249.523810
27467158.571429
25826168.095238
26834160.952381
28753478.095238
26157833.333333
25781862.857143
27806441.904762
27472848.571429
27823516.190476
26693486.666667
27591768.571429
25678780.476190
27466787.619048
27719896.666667
27954055.238095
26338974.285714
28176794.285714
27531653.333333
27079872.380952
25449351.428571
25685309.523810
24931768.571429
27311694.285714
25389494.285714
25233198.095238
27459113.333333
25914413.333333
27459360.952381
27395474.285714
26831894.285714
25961175.238095
26008702.380952
27785002.857143
26384364.761905
25979724.285714
26279709.523810
25121556.666667
27709418.095238
27017304.761905
26126676.666667
25460620.000000
27384906.190476
30040123.809524
28267075.238095
26961128.095238
27855389.523810
26011290.952381
27736968.571429
27067997.142857
27906578.571429
26097600.952381
25921328.095238
26893314.285714
27090051.428571
26426674.761905
27552207.619048
25241702.380952
27474970.000000
27140637.619048
26846339.523810
26606120.952381
27600592.857143
25578807.619048
28463662.380952
28016668.571429
26461132.380952
26218589.047619
27233441.904762
28753440.952381
25228298.571429
25765089.523810
28307672.857143
28080496.190476
27223940.952381
26834130.000000
26535795.238095
26416199.523810
26394489.523810
27479330.476190
27941114.761905
26355063.809524
26460507.142857
26260549.523810
27601120.476190
25007604.761905
26634895.238095
26456734.285714
27619370.000000
25339155.714286
26482408.571429
27749799.047619
26721628.095238
27119100.952381
26546404.761905
27241943.333333
26438537.142857
27060499.523810
27776793.333333
26961416.190476
26195554.761905
27500629.523810
26109300.476190
26888740.476190
26966244.761905
24824315.238095
27852087.619048
26007837.619048
27695636.190476
28353153.809524
26663131.428571
26062057.142857
26548252.857143
26114708.571429
28510765.714286
26939295.714286
27485444.761905
25056070.000000
27637928.571429
28475396.666667
26932272.380952
27067679.047619
26764940.476190
28170099.047619
27052915.714286
26371991.428571
28382561.904762
27485035.714286
27721868.095238
27527318.095238
26624350.476190
28296669.523810
25885038.571429
27369028.571429
26127717.142857
27881268.095238
25810985.714286
26745376.666667
26863761.904762
27419626.190476
27847664.285714
26468626.666667
26724150.952381
26792548.095238
28059357.619048
27965470.000000
26681485.714286
25881280.952381
26767266.666667
26933413.333333
28528805.238095
27099728.095238
25668824.761905
25419280.000000
26891064.761905
27630094.285714
28825214.761905
25447988.571429
26472696.666667
26459385.238095
27224443.809524
27002750.000000
25351938.095238
26224442.857143
27545102.380952
27973947.619048
26757271.428571
27928226.666667
26710164.285714
27394568.095238
25768013.333333
26556526.666667
25152009.523810
28308244.761905
27267658.571429
28373772.380952
25686014.285714
27319544.761905
26201245.238095
27045635.238095
26882147.142857
25358007.619048
26547971.428571
27009989.047619
26557180.476190
27381075.238095
26292541.904762
26035002.857143
26575340.000000
26740984.285714
27210633.809524
28118510.476190
27250742.857143
25483609.523810
27605783.333333
28242143.333333
26618710.476190
25529142.857143
28468992.380952
26621507.142857
28607982.380952
25374960.952381
27956470.476190
25766207.619048
26903041.428571
25774269.047619
26397297.142857
26267151.428571
26197385.714286
26124850.952381
26736580.952381
26984763.333333
25779641.904762
27487246.190476
26816469.523810
27027269.047619
28429337.142857
27412424.761905
25509956.190476
28398127.142857
27290600.476190
28059141.904762
27962429.523810
26034928.571429
26634585.238095
25802601.428571
26527117.142857
26232263.809524
25694636.190476
26346723.333333
28506525.238095
28134748.571429
27111504.761905
25888719.523810
28469324.761905
27190715.714286
26355475.238095
26857235.238095
25400932.380952
25361268.095238
28194794.761905
26376106.666667
27978905.714286
25549101.904762
27915326.190476
27105828.095238
25301879.047619
27114083.809524
27892723.809524
26028952.857143
28589630.952381
26511900.952381
27876406.666667
26065160.476190
26933380.952381
26141449.047619
26283340.000000
