1317
620
680
469
481
637
635
456
454
656
467
631
355
522
326
504
604
155360
217740
155601
218465
190954
155632
144442
216020
184144
156810
210492
158101
216947
114831
215369
155183
213094
156750
214008
116120
185504
218688
156645
214867
156584
213633
113633
217525
166318
196583
228273
204796
123558
233648
170069
223798
170743
226277
161015
183047
171411
196302
237388
195823
172316
151684
227636
196148
176092
227210
170758
232420
122586
226649
197887
170759
193450
224589
152729
159376
229154
165044
252531
181638
222049
121424
227330
167665
231722
165897
193075
181555
165338
225704
171791
225061
170468
229259
127597
203392
238817
206577
172491
241292
121362
238235
172757
243740
174103
233582
176787
153997
231650
206430
172295
198238
242057
162281
169522
237235
176779
232317
171364
230609
150597
170484
202440
263721
216663
173877
192249
173539
230924
176433
273028
179318
240755
126640
270401
168180
248336
218153
172144
191256
170563
236649
168538
230922
171439
202476
193900
202168
174337
235658
176292
240582
123137
239394
176230
230395
171349
210208
235382
156736
170710
208120
236984
203263
175663
190659
172799
239112
172873
240793
209453
170969
160116
233940
197708
171648
231206
167374
188141
171348
240968
171363
229131
176388
244491
130942
207758
245137
172219
237127
174700
199628
175139
235747
162671
193033
223952
200663
123749
233011
170802
225972
168436
226270
114402
224094
166661
200382
231176
198817
169024
147185
221757
190998
171156
231856
169415
179959
168279
222521
190739
167297
189270
226426
157690
163789
225277
175326
269280
181696
187384
168509
236577
174531
231921
171450
203233
181078
155834
236739
174333
229270
170757
184171
175314
206152
231025
234087
188198
237561
130638
239410
198658
252819
180930
241434
125072
200284
237107
203424
167860
190997
225115
145920
165448
227414
164883
228533
172925
185676
201710
168794
200066
238415
204272
160377
181162
162343
225302
170532
220942
164505
227961
175995
228981
167331
194727
222469
163388
231098
223812
234353
167198
227606
168445
151835
231632
199506
166248
231038
164252
235331
114239
222150
156352
216608
156280
196631
175970
201510
161216
194505
231290
193794
165909
185214
176120
225643
167431
230984
205787
124617
196576
235876
194022
165878
230400
168472
180817
166527
250990
193562
241861
177306
193995
181137
230215
238172
173052
239757
174497
183046
170468
235142
171443
234005
255334
184322
174656
238767
169571
232252
172083
238300
119604
223199
160030
191362
226782
191789
119482
193499
224936
199648
163935
231729
194879
197029
170828
225877
200252
166662
196947
185751
202072
166519
236476
167120
237480
168874
180413
169843
229866
172525
227757
174212
156975
228770
168770
231455
173561
229035
168879
193123
166141
201649
227852
205277
174809
178209
165958
231819
168468
237103
172967
232730
121850
207115
234873
194644
167248
191151
180898
194017
166416
224171
173760
232040
166376
235999
202399
177923
250071
244725
209667
123843
251269
179144
242587
178756
239246
167499
188848
175408
238671
169230
204549
243278
126771
232436
168788
228858
173209
240255
169611
156838
248346
210483
180829
233102
171330
232762
181725
240415
169932
234265
165326
196128
174581
197916
163836
202221
236574
203481
136009
267477
171948
237599
174563
244049
246430
125480
204783
231506
207099
171913
234632
121020
231254
198292
284254
185688
237735
175779
184894
173412
200181
243863
178131
237166
123121
242431
172647
239325
174481
199697
237424
157090
176356
235149
178396
241609
171351
187689
176831
238671
179108
205043
231559
206650
129597
201886
236849
204769
175718
236664
123954
240905
178428
233291
203194
178814
204146
192592
205453
174258
235148
168731
240243
128733
234209
174521
234950
179963
236415
168042
158671
237974
176458
242238
177821
238009
125993
243572
172982
198179
244107
215163
174691
190728
175939
237647
172189
242281
172234
180719
171767
207098
232004
206546
171281
200598
189660
210818
178168
235216
177128
238461
130786
230410
203555
176382
205577
232460
222422
149544
239390
172658
226682
175664
264616
119958
232500
165263
229469
161128
195784
219427
118623
221655
166740
225382
167782
273214
126632
194653
233500
206492
181475
238307
166131
185883
168061
231634
170886
233806
176752
160262
242763
190648
171601
199903
229523
197357
126236
234983
202111
241233
179493
239266
151591
169271
204364
237189
208095
174579
239753
123813
236431
173287
226464
170907
235302
121582
238474
177780
202132
236108
178223
245165
125793
232402
173559
225489
174102
206012
187834
198221
177718
238921
174060
238875
175799
191583
176765
230937
175132
202402
230483
162656
172154
202945
234634
214428
173850
263375
147912
240517
179975
244166
206933
171557
152798
237544
203859
171446
236909
177057
224005
123450
217872
163390
234666
165632
228169
115913
198414
227651
164264
239147
160989
223193
117390
226875
162298
199597
238708
189896
116631
229338
165605
236715
163865
228639
160532
185032
162755
199142
224519
198101
170536
145747
226521
196601
168166
227533
165178
220609
122654
231897
196053
161003
196373
228439
158769
163735
237407
163755
234871
174941
229486
119777
230545
165646
223687
167571
190381
181603
170226
233065
176969
258470
171352
234041
124984
201185
239904
206954
175027
230635
123971
224013
166014
226285
160621
235479
174001
202390
239233
201409
169992
196187
230653
153150
169986
234965
165966
235111
169580
234349
149459
171628
208518
234409
199386
176859
182502
174474
239149
169225
237439
176597
232599
125484
242883
170358
204806
239851
177723
192028
174762
232870
171851
241842
169905
205713
230938
211912
178631
233982
178336
238604
128454
242382
175215
232872
175142
229042
235558
184380
188541
206600
245268
207894
170574
183517
172000
238330
170295
240604
207796
167390
158001
243448
204127
175689
233882
175768
187886
172850
235635
175131
245388
172242
233391
125915
206692
236969
171872
287797
200592
185953
177429
247575
174407
216225
243468
215483
130206
250032
178399
238373
179956
243033
125469
238947
174463
207141
240641
207534
179008
156484
248530
204856
177534
242168
179548
185406
167601
239591
216628
180071
204754
242004
164634
171624
240496
175087
245661
175231
195954
165922
241139
175437
237876
175972
203518
193730
180431
246946
172393
232000
183832
191059
170153
210001
232165
206334
177104
240910
127810
244864
177098
238010
174552
243064
127698
207753
242951
198003
175512
209352
232853
156231
170793
235859
172567
239199
177133
187000
203022
170056
238721
248406
214853
180047
196671
170921
240701
170949
245384
178318
192036
172618
236112
176629
203057
243126
183699
197303
177275
244270
175442
247858
177071
162585
250201
211351
173794
236705
178106
245200
132186
241978
190006
309956
183696
211413
197775
208605
178670
205929
240698
211373
178412
197120
179276
242983
178419
240029
219206
134957
206687
239938
214349
205681
258248
173269
194625
176208
245247
172818
235673
173253
196607
171363
199374
235898
177909
231779
176543
189848
168741
235208
176415
207899
240328
155250
170659
236482
168458
245655
185440
267086
124371
240160
169160
205450
229124
197414
122859
198456
225917
190026
165494
230430
168467
188514
171319
227189
201319
165873
198034
178839
191321
159972
217146
157002
216335
159890
173159
156449
217266
155634
215930
155117
145747
213706
155450
219971
158626
216440
159938
174757
157137
184809
216333
188347
160188
175030
159455
219993
165776
226824
174350
239299
126594
203038
241632
205406
173245
203441
187706
202035
178845
238492
170695
229277
169741
181619
191101
164852
205166
230867
202485
121660
239372
176138
244904
171107
238903
167483
182015
162330
235557
177358
201661
234432
117356
236165
165397
232737
168912
233101
165270
156524
239056
203762
170591
228864
171190
185686
166769
236947
175030
253374
198005
207539
185234
207089
176486
209518
235215
205456
128340
242721
173703
219540
160203
216300
189093
117649
193397
219636
187631
157900
216864
118591
223602
168382
229652
173340
231712
174597
180711
172660
197389
235947
172579
228052
122248
237494
168535
231068
165975
204264
232166
159920
168316
229329
171201
232383
168699
186819
167894
231368
166549
204888
232331
203355
123546
212546
245236
203383
174900
240379
126104
236128
169905
235792
204640
173940
206775
192807
206520
183171
244253
177346
236214
126376
239245
170685
237370
180369
245387
172814
156704
232763
175557
234935
174293
238911
124524
239490
173999
203768
263764
216948
177783
190593
178323
238901
173190
242901
176963
191299
177013
198607
289257
205252
173342
206402
187554
203825
174867
257206
178939
241329
124707
242085
207595
172585
208958
238586
255248
114875
218744
156948
219470
157024
218658
115811
228698
169905
238251
176454
203001
231182
120788
228610
166348
233706
175647
234868
124442
205160
228713
205037
170271
236935
176625
189973
174228
231693
176003
233883
174416
158118
240006
205217
174750
204584
239221
206037
127743
239493
171106
240494
179330
229337
157521
175054
207006
237961
208856
175809
244456
126965
237040
171181
238053
179809
243912
127473
231318
171622
206757
242236
174693
236174
125236
242195
172316
234941
178346
207537
191198
202887
171703
237857
174136
238232
172632
192110
172248
240124
173965
203572
239592
159536
172820
205441
235169
206026
178066
236887
126381
233303
175146
235764
202826
170723
151856
219934
193454
167253
233063
169773
226295
121393
231279
172188
234624
210299
237661
128494
205932
231664
167165
271648
155051
216502
121185
236770
170110
199461
218015
188798
113687
216666
156057
230155
158046
213044
157996
171183
157654
186824
217678
187309
155731
141763
221531
186973
157979
217547
158296
223819
114767
228458
201203
164667
200207
225507
152999
163499
235749
168234
240462
170956
234880
123980
239614
173327
225828
168018
205010
186877
174339
232377
174871
231129
171073
223718
119202
192543
226098
192318
157906
223211
116918
217962
158937
218141
156644
215536
159036
143326
212094
192256
163844
194285
215810
148839
161344
217963
161517
219824
161060
217600
143515
156553
187856
223273
186600
157671
174287
159292
222081
160824
220554
162750
218287
118454
218312
156962
182886
215704
157987
174021
160353
227611
160848
243343
183504
197821
183096
201611
170361
233155
167608
233688
118661
226422
167957
226441
169990
189670
226403
144805
166715
190870
225264
201645
171020
186329
163875
227420
163653
228118
196478
168224
152092
228675
204617
167246
233303
167863
182411
169056
229811
167948
238104
176112
231645
124198
208810
242513
175301
229199
172180
185222
171581
239175
172963
202866
239396
212103
128136
240665
167335
237225
173992
230650
126229
240700
173359
204785
236639
203174
170138
161096
237711
209061
173365
235828
174480
189395
179705
233066
203025
169113
205211
229936
160624
172422
241471
173837
240980
174116
187507
173306
233196
170721
285384
166994
199273
184513
166984
230623
171761
235044
171642
188725
171852
201548
235277
204441
169782
235531
127448
233747
170993
234598
176386
237712
122061
208318
239517
254211
191020
201424
238917
159427
174603
238553
170429
222149
167799
182919
190144
166587
193493
238312
196834
169860
182389
173837
228576
167213
224258
172164
184848
174116
228863
194245
219800
243137
179964
198068
175039
228819
171078
229225
161780
143610
233346
197716
168500
234684
171273
236187
126041
241405
178936
237430
167946
201066
217832
215553
168896
192648
224248
203874
168895
191519
177580
229468
173256
241604
212134
127294
205576
231833
207439
170944
237117
176835
191088
174258
238454
174602
238472
174102
188745
167132
204094
233906
173884
232657
167743
187679
165360
236289
177790
210507
280969
160958
174473
244772
171507
237354
172819
238301
120770
238567
174379
218838
278397
207344
127902
211437
238186
211013
173060
232840
175221
182424
171136
237667
205891
177125
208016
188213
212888
172983
281019
176035
239758
173553
191216
169336
235803
173017
235061
174306
154546
235104
166814
303932
175345
241136
174697
188107
169767
210696
235766
203020
171953
191461
173158
238107
174261
238025
171363
236090
128139
206806
238214
200349
167070
205663
188932
208287
174127
232186
171177
237742
218755
189645
203295
168566
203253
239499
202403
125020
237177
178282
234824
177281
244469
177180
187111
172488
231665
176479
208667
231177
127477
235960
175449
235187
174433
241613
174940
154091
232788
186628
158824
215464
156523
171867
155247
216447
157424
213720
157487
184026
172215
185511
158604
186007
214481
185446
115037
224644
197333
223017
169019
235468
199831
122303
199948
230453
202785
165899
233492
119775
227709
168640
239165
173211
234419
174402
191149
179529
205435
233084
175118
234978
128996
236589
173496
239341
156929
184859
210910
141757
155702
214574
156542
215654
157889
168664
157029
215526
156596
183615
213164
185130
111197
183133
215873
184257
154245
212034
110270
209771
154191
209433
183561
150997
185376
170696
186770
152822
213405
154032
214259
110422
208207
153235
213043
155621
219630
154634
140541
212375
155279
210586
155768
212417
112578
212266
155668
180182
210016
181602
145595
159581
156088
206407
153046
210902
149676
168134
155628
180492
207153
175329
148312
173314
171038
184950
156578
214697
153664
214843
113148
211664
182896
155434
182823
211078
185224
106380
213730
154805
213928
156010
212055
111498
213955
155145
213202
154630
184346
209455
113010
212448
154874
211801
152621
210225
109981
181448
208183
184711
154643
215546
158460
171167
154976
213864
155728
213321
150824
139812
212400
182660
155113
183402
213871
186540
112020
211752
155155
209992
151989
213889
138426
155321
183803
211847
188092
153465
214726
107348
222883
192506
224113
156969
214186
113564
215017
154741
184902
215924
160651
208838
113765
215658
161411
215138
154935
185596
171961
188171
157769
217441
156059
214183
156731
171083
163475
224637
158155
187283
214952
144953
156623
186127
215550
185889
158602
216294
114263
215115
157839
217272
187759
156310
141754
217242
186116
155600
215115
156207
215727
112683
214916
157349
217674
159068
213994
113251
183206
216086
157413
214418
156801
214848
114385
215106
157368
184701
215231
187157
112488
232762
187847
219172
156991
218148
157736
172204
153036
189857
218944
186399
160117
144807
216816
186251
160094
228944
167994
233581
125451
233088
200304
165719
206932
229656
156536
171568
225524
168283
226108
169126
240958
120993
235873
167038
232050
170291
193423
179535
164672
236467
164478
230957
170255
225687
115875
191959
235025
202628
167434
227383
122949
241930
178463
250080
177510
240144
177455
159455
233609
209281
178018
210963
245614
162480
171526
242041
174091
243009
178119
238640
162864
172249
206253
233929
212261
Xput: 5189
