31581357.142857
27359270.476190
26495190.000000
25798522.857143
24413888.571429
23878721.904762
22275945.714286
22692157.619048
19719237.142857
20600614.285714
19290454.285714
18800105.714286
20282520.476190
20430244.285714
23736321.904762
23515445.714286
22740388.571429
22912246.190476
23290045.714286
23470312.380952
23358790.952381
23255059.047619
22270236.190476
22147049.047619
23199472.380952
24414784.761905
23676499.047619
24513013.333333
23053760.000000
21920011.428571
22647918.095238
23986895.238095
22949920.000000
23725603.809524
24599103.809524
23213290.476190
22468918.095238
24316672.380952
23684516.666667
23201232.380952
23774923.809524
22836973.333333
21677358.095238
23360645.714286
24264079.047619
23595556.190476
23782819.047619
23933962.380952
21772653.333333
21919988.571429
23814180.952381
23377869.047619
23839206.666667
24313514.285714
23017605.714286
21989032.380952
23240862.857143
24635874.761905
22994535.238095
23696520.000000
23719740.952381
22160308.571429
22324965.714286
24072091.428571
23831828.571429
24564547.619048
24537499.047619
23032624.761905
22141443.809524
23081518.571429
24011160.000000
23837497.142857
24253060.952381
23466510.476190
22158240.000000
22239826.666667
23859215.238095
24308500.476190
23929766.190476
24379260.476190
23203744.761905
21940419.047619
22769996.190476
24070897.142857
23398792.380952
23835672.380952
24306237.619048
22232539.047619
22026937.142857
24053316.190476
23651920.000000
24017782.857143
24942634.285714
23122870.476190
22313902.857143
22764108.571429
23892655.238095
23412420.952381
24338176.666667
24031441.904762
22548967.619048
22303489.523810
24760989.523810
24488161.904762
24010865.238095
24197723.333333
23663114.285714
22221636.190476
23136592.380952
24431436.666667
23316179.047619
23370643.809524
24158022.857143
22186102.857143
22378281.904762
24092693.333333
23690809.523810
23457148.571429
24622180.952381
23350954.285714
22779983.333333
23483307.142857
24751854.761905
23358904.761905
24501813.809524
24087413.333333
23258677.619048
22983230.476190
24611699.047619
24126365.714286
24429498.571429
24242264.761905
23596845.238095
22371605.714286
22905241.904762
24041769.523810
24588531.428571
24693575.238095
24805435.238095
23374851.428571
22751942.857143
23626428.571429
24399101.428571
23914628.571429
24681897.619048
23741215.238095
22866008.571429
23422973.333333
24900459.047619
24134712.380952
24136017.142857
24703852.380952
23175196.666667
22669252.380952
24062080.000000
24127000.000000
23731697.142857
24682133.333333
23346495.238095
22644914.285714
22959312.380952
24209142.380952
23790472.380952
23830880.000000
24410083.809524
23148015.238095
22438318.095238
24481386.190476
24299642.857143
23685784.761905
23865491.428571
23656434.285714
22548200.000000
23674446.190476
24584053.333333
23986221.428571
23414832.380952
24229495.238095
22303937.142857
22664756.666667
23754824.761905
23945516.190476
23659626.666667
24383400.000000
23376980.952381
22340011.428571
23032634.285714
24447194.285714
27493420.952381
26383984.761905
26359233.809524
24458293.333333
24174048.571429
25707641.904762
25198356.190476
25553041.904762
25987719.523810
24707266.666667
23341062.857143
23936041.904762
25472882.380952
25177156.190476
25837281.904762
25363345.238095
23669236.190476
23540014.761905
24261259.047619
25558729.523810
25061647.142857
25333558.095238
24535506.666667
22963760.000000
23871632.380952
25521297.142857
24752472.380952
24887232.380952
25573979.047619
23451531.428571
22823136.190476
25055513.809524
25000977.142857
24726089.523810
25857657.142857
24652876.190476
23352026.666667
23672958.095238
25337059.047619
24590672.380952
24820643.809524
25523022.380952
24437500.000000
23193986.666667
25439958.095238
25382126.190476
24628422.857143
24939308.095238
25243005.238095
22969011.428571
24612364.285714
25537437.142857
24705207.619048
24570571.428571
25168243.809524
23386177.142857
23525897.619048
24658302.857143
25122708.095238
24439977.142857
25365440.000000
24214649.523810
22819921.904762
24150122.857143
25161783.809524
23993121.904762
24793411.428571
24573518.095238
23368367.619048
23128064.285714
24785579.047619
24471506.666667
24364887.619048
24547780.952381
24078982.857143
23107280.952381
23108790.476190
24312489.523810
25314487.619048
25337238.095238
24816643.809524
24761278.095238
27023163.809524
25698129.523810
24612005.714286
27025874.761905
26923748.571429
27079596.190476
25462502.857143
24096514.285714
23935573.333333
24813905.714286
25146567.619048
26110000.000000
25692750.476190
24856462.857143
23565080.000000
24792546.666667
25721598.095238
25280341.904762
25198537.142857
24686003.809524
23225929.523810
23452775.238095
25701468.571429
25489662.857143
25415064.761905
26238559.523810
24071259.047619
23362931.428571
23973689.523810
25781530.952381
24481106.666667
25128986.666667
24766699.047619
23628963.809524
23665384.761905
25447125.714286
24817080.000000
24525933.333333
25450396.190476
24308171.428571
22862160.000000
24720916.190476
25369120.000000
25189488.095238
25249152.380952
25033400.000000
23056146.666667
23697440.476190
25765176.666667
25046097.142857
25020669.523810
25967960.000000
23799350.476190
23686025.714286
24967606.190476
25002811.428571
24360925.714286
25471542.857143
25051938.571429
23137828.571429
23702219.047619
25626689.047619
24360137.142857
24940352.380952
25462320.000000
23521076.190476
23333824.761905
24791609.523810
25007149.523810
25127670.476190
25466485.714286
26497212.857143
23243588.571429
23523847.619048
25122505.714286
24697161.904762
24827451.428571
25515693.333333
24734726.190476
23087680.000000
24463268.571429
25729068.571429
24697533.333333
25328660.952381
25282310.476190
23401722.857143
23594763.809524
25534291.428571
24891500.952381
24810062.857143
25323120.000000
24314195.238095
23466352.380952
24670390.000000
25271245.714286
24357308.571429
25161760.000000
24501558.095238
23309038.095238
23689827.619048
25424360.952381
24698030.476190
24530384.761905
24872754.285714
24257007.619048
22873123.809524
24775554.285714
25103623.333333
24176026.666667
24599476.666667
24553354.285714
23102192.380952
23549492.380952
25029080.952381
24681668.571429
24178832.380952
25172440.000000
24038194.285714
23172800.476190
24539960.000000
24746807.619048
24148811.428571
24811805.714286
24197196.190476
23052236.190476
23864580.952381
25388276.666667
24062426.666667
24482125.714286
24719110.476190
23062923.809524
23141657.142857
25063326.666667
24650767.619048
25301859.523810
25271965.714286
24217009.523810
23054982.857143
23466117.619048
24454948.571429
24368152.380952
25239626.666667
25068485.714286
23732506.666667
23377480.000000
24535083.809524
24944241.904762
24896859.047619
25493379.047619
25375918.095238
23189087.619048
23793139.047619
24835828.571429
24614744.761905
24982158.095238
27653899.523810
23508051.428571
23687587.619048
24173268.571429
24790735.238095
24099019.047619
25614631.428571
24261087.619048
23501290.476190
27510718.571429
25154333.333333
25924478.571429
24471960.000000
25161436.190476
23689459.047619
22859918.095238
24717706.666667
24665280.000000
24518876.666667
25000651.428571
24398982.857143
23259203.809524
23618708.571429
25148480.000000
24028940.952381
24165310.476190
24610310.476190
23189411.428571
23183464.761905
24650659.047619
24565630.476190
23887940.952381
24641053.333333
24389573.333333
23216967.619048
24015954.285714
25038476.190476
24220908.571429
24451960.000000
24791078.095238
23137754.285714
23209525.714286
24442548.571429
24267870.476190
24236813.333333
24446457.142857
23835220.952381
22918321.904762
24003165.238095
24314375.238095
23900377.142857
25083196.190476
24506398.095238
23214780.952381
22779180.952381
24219579.047619
24270032.380952
24250657.142857
24574847.619048
24222299.047619
22931771.428571
23486198.095238
24805400.000000
24623990.476190
24644329.523810
25039744.761905
23433110.476190
23303375.238095
24263971.428571
25126194.285714
24507554.285714
25206712.380952
24577382.857143
23034537.142857
23597460.952381
25135540.952381
24223015.238095
24415154.285714
24919285.714286
23761712.380952
23363137.619048
24745436.190476
24694022.857143
24065598.095238
24993881.904762
24344380.952381
22974272.380952
23831998.095238
24951460.952381
24316540.952381
24768794.285714
24717788.571429
23495678.095238
23043609.523810
24504579.047619
24600266.666667
24214108.571429
24911273.333333
24212567.619048
23122693.333333
23836441.904762
24740653.333333
23825188.571429
24265767.619048
24441323.809524
23053687.619048
23346156.190476
24255811.428571
24030691.428571
24221744.761905
24717662.857143
24301964.285714
23039641.904762
23609219.047619
24403308.571429
24173874.285714
24860607.619048
24765531.428571
23784053.333333
23116352.380952
24298081.904762
24588219.047619
24649120.000000
25179673.333333
24460251.428571
22879760.000000
23719131.428571
24370836.190476
24371177.142857
24458733.333333
24771430.476190
23409493.333333
23584020.476190
24150354.285714
24632657.142857
24179390.476190
24679683.809524
24149434.285714
23169796.190476
23805419.523810
24937116.190476
24309020.952381
24066443.809524
24718085.714286
23762990.476190
22817845.714286
24390129.523810
24677184.761905
24018988.571429
24597712.380952
24173167.619048
22934146.666667
23626281.904762
24868923.809524
24188240.000000
23941051.428571
24960327.619048
23675080.000000
23132860.952381
25104882.857143
24689695.238095
24628500.000000
24958291.428571
24278083.809524
23085114.285714
23778706.666667
24702156.190476
23957868.571429
24440453.333333
24660939.047619
23075346.666667
23350744.761905
24237270.476190
24203184.761905
24361158.095238
24656902.857143
23886329.523810
22868942.857143
23636045.714286
24679139.523810
24161651.428571
24853283.809524
24417316.190476
23564546.666667
22889561.904762
24389739.523810
24354363.809524
26254188.571429
27601371.428571
27137668.571429
26606613.809524
24444556.190476
23774344.285714
23999089.523810
25232622.857143
26274443.809524
27257897.142857
25845041.904762
25088339.047619
24251617.142857
24438605.714286
25369904.761905
26099809.523810
26175390.476190
25745756.190476
24344758.095238
24199015.238095
25555146.666667
25813554.285714
25671939.047619
26280558.095238
25371177.142857
23406259.047619
24818287.142857
25846055.238095
24367586.666667
26186973.333333
26133249.523810
23513158.095238
24422226.666667
26296668.571429
25367720.000000
25477901.428571
26512203.809524
24169483.809524
23464533.333333
24644041.904762
25664788.571429
24996220.952381
26747230.476190
25623560.952381
23533752.380952
23391361.904762
25659070.952381
24703977.142857
25215662.857143
26053083.809524
26656424.761905
23607683.809524
24994598.095238
25455963.809524
25291556.190476
25770314.761905
26128999.047619
23596125.714286
23814510.476190
25168893.333333
25501600.000000
24989883.809524
25875179.047619
24588531.428571
23676049.523810
24107779.047619
25695470.476190
24865323.809524
25649365.714286
25682112.380952
24037965.238095
23529024.761905
24715026.666667
24940710.476190
25479462.857143
25644803.809524
24906405.714286
23434819.047619
23967645.714286
24915243.809524
24636495.238095
25025268.571429
25511339.047619
23789918.095238
23453969.523810
25001253.333333
25598893.333333
24751880.000000
25626546.666667
29126927.619048
26559466.666667
25877878.095238
28139831.428571
26490678.095238
26722351.904762
26919017.142857
25063276.190476
24397177.142857
26145160.000000
26426417.142857
25479089.523810
26196097.142857
25655700.952381
23822765.714286
24111740.952381
26248020.952381
25508481.904762
25462855.238095
26222156.190476
24786211.428571
23632072.380952
25339417.142857
27936443.333333
25292196.190476
26040716.190476
25233843.809524
23690798.095238
23895340.952381
25703260.952381
25421965.714286
25518954.285714
25849243.809524
24317420.952381
23758594.285714
24235691.428571
25572834.285714
25607885.714286
25945234.285714
25300723.809524
23752956.190476
23491053.333333
25118472.380952
25093617.142857
24933891.428571
26015011.428571
25002680.000000
23589022.857143
24694436.190476
25809228.571429
25620017.142857
25715952.857143
25817382.857143
23597156.190476
23563419.047619
25307826.666667
25245891.428571
25027382.857143
25937394.285714
24389232.380952
23220748.571429
24191228.571429
25304426.666667
24810380.952381
25481325.714286
25533798.095238
23682466.666667
23376969.523810
24730253.333333
24635420.952381
25246200.000000
25850493.333333
25155299.047619
23785441.904762
24081540.952381
24977514.285714
24742817.142857
25050005.714286
25283723.809524
23972600.000000
23415171.428571
24974123.809524
25336091.428571
24900990.476190
25646698.571429
24956643.809524
23253691.428571
23841179.047619
25406982.857143
24578268.571429
24950367.619048
25291342.857143
24012403.809524
23476600.000000
24922320.000000
25977103.333333
25094272.380952
25697794.285714
25224567.619048
23537459.047619
23552144.761905
25345834.285714
24919091.428571
24854091.428571
25855580.952381
24460255.238095
23555205.714286
24703070.476190
25601878.095238
24860148.571429
25905601.904762
25030485.714286
23452379.047619
23838403.809524
25193468.571429
25136260.952381
25438980.952381
26017516.190476
24397049.523810
23481794.285714
24380956.190476
25353230.476190
25179748.571429
25722588.571429
25612100.952381
24167792.380952
23674041.904762
25644529.523810
25550255.238095
25180335.238095
25969028.571429
24673472.380952
23450443.809524
24426268.571429
25635340.952381
24887592.380952
25343805.714286
28826313.809524
23545325.714286
23675874.285714
25214297.142857
24874485.714286
24997552.380952
25890874.285714
24515828.571429
23197497.142857
24321171.428571
25235516.190476
24827653.333333
25864274.285714
25731872.380952
23687230.476190
23481548.571429
24893994.285714
24925575.238095
25478950.476190
25992182.857143
24819784.761905
23233167.619048
24131506.666667
24983996.190476
24752735.238095
24923024.761905
25374057.142857
23782194.285714
23628803.809524
25019769.523810
25655188.571429
25005112.380952
25468708.571429
24813064.761905
23429207.619048
23581582.857143
25459735.238095
24720038.095238
26026164.285714
