23736995.714286
22948953.809524
22142881.428571
22840921.428571
21371934.285714
22768200.476190
22321726.190476
22831970.000000
20704028.571429
19936657.619048
19598288.571429
19801619.047619
19710267.619048
22650403.333333
22678426.190476
23044042.857143
21651531.428571
21813887.619048
22306453.333333
21693935.238095
21721687.619048
21870310.476190
22065981.428571
21523937.142857
21939246.666667
21953286.190476
21656001.904762
21686567.619048
22143451.428571
21313060.952381
21912294.285714
21338596.190476
21972868.095238
21935079.047619
21681771.428571
21802026.666667
21706874.285714
21780809.523810
21642087.619048
21768112.380952
21507137.142857
21834173.333333
22290743.333333
21724148.571429
22231593.333333
21910210.952381
21430396.190476
21911743.809524
21996014.285714
22152730.952381
21717205.714286
21775400.000000
21880440.000000
21645445.714286
21611982.857143
21764043.809524
21611201.904762
21517824.761905
21654746.666667
21594426.666667
21588531.428571
21417857.142857
21608672.380952
21559645.714286
22156519.523810
22407054.285714
21841739.047619
21857740.952381
21844240.000000
21673680.000000
21945842.857143
21473209.523810
22360378.095238
21687704.761905
21744990.476190
22046017.142857
22407350.000000
21902761.904762
21820238.095238
21849190.476190
21860902.857143
22036170.952381
21839140.952381
21815249.523810
21818746.666667
21938369.523810
22434405.238095
22205564.761905
21895504.761905
21745474.285714
21521205.714286
22461467.619048
21948436.190476
22346030.476190
21661611.428571
21799889.523810
21792400.000000
21798514.285714
21613283.809524
21653403.809524
21819198.095238
21841325.714286
21754047.619048
21955851.428571
21737601.904762
21792767.619048
21745756.190476
21702845.714286
21762929.523810
21821912.380952
21654464.761905
21680038.095238
21737466.666667
21662005.714286
21531780.952381
21728716.190476
21585961.904762
21702699.047619
21893660.952381
21669942.857143
21787961.904762
21946238.095238
21828535.238095
21661354.285714
21739807.619048
21875931.428571
21928360.000000
21988588.571429
21912649.523810
21927876.190476
22019491.428571
21722478.095238
21748415.238095
22411398.095238
22015005.714286
21882497.142857
22034746.666667
21827403.809524
21673900.952381
21842887.619048
21556085.714286
21768163.809524
21860767.619048
21803725.714286
21737276.190476
21710994.285714
21613144.761905
21616083.809524
21701748.571429
21722335.238095
21948544.761905
21962798.095238
22517524.285714
21914813.333333
21771215.238095
21803215.238095
21765742.857143
21732062.857143
21814994.285714
21754026.666667
21627047.619048
21609782.857143
21752434.285714
21900327.619048
22432343.333333
21905655.238095
22073000.000000
22194321.904762
22376354.285714
22214638.095238
21979904.761905
24290904.761905
22027344.761905
22405953.809524
22293415.238095
22213571.428571
22209586.666667
22105083.809524
22166579.047619
22508769.523810
21939129.523810
22426839.523810
22097137.142857
22234847.619048
22083062.857143
22170407.619048
22222739.047619
22301699.047619
21937796.190476
21936535.238095
22133356.190476
22120047.619048
22146036.190476
21921521.904762
22015076.190476
22041213.333333
22078716.190476
22130554.285714
22033485.714286
21971563.809524
21958706.666667
22127445.714286
22031685.714286
22006723.809524
22120125.714286
22040203.809524
21851973.333333
22014857.142857
21930977.142857
21819998.095238
21872746.666667
21695243.809524
21712651.428571
22201147.142857
21612864.761905
21659405.714286
21871579.047619
21967451.428571
21923737.142857
21913306.666667
21848462.857143
21976072.380952
22030321.904762
21940148.571429
22224792.380952
22222851.428571
22115394.285714
21994466.666667
22124500.952381
21818127.619048
22193827.619048
21935520.000000
21926546.666667
21932921.904762
21850784.761905
21831112.380952
21942923.809524
21995403.809524
21852022.857143
21838321.904762
21806984.761905
21912912.380952
22062575.238095
22078647.619048
21898918.095238
21974455.238095
21880933.333333
21858358.095238
21800700.952381
21936731.428571
22031996.190476
22143000.000000
22113144.761905
22304268.571429
22222382.857143
22287409.523810
22009485.714286
22072390.476190
22054992.380952
21941518.095238
21898699.047619
22088304.761905
22203718.095238
22119110.476190
22017135.238095
22132660.952381
22222954.285714
22182180.952381
21996780.952381
21926596.190476
22652887.619048
21866721.904762
23126528.571429
22124560.000000
22231548.571429
22117213.333333
22145584.761905
22160464.761905
22108725.714286
21980318.095238
21832672.380952
22023329.523810
21922967.619048
21951085.714286
22182721.904762
22119990.476190
22126001.904762
18495977.142857
19690074.761905
19871034.761905
19268252.857143
18625424.285714
19118894.285714
18430078.571429
19801745.714286
19046122.857143
19221550.000000
19350165.714286
19697645.714286
19783831.428571
22501577.142857
22564868.571429
22572356.190476
22145864.761905
22083367.619048
22077139.047619
22073859.047619
22205914.285714
22235735.238095
22080883.809524
22034428.571429
22121683.809524
22485270.476190
22149737.142857
22111363.809524
22191954.285714
22078024.761905
22061548.571429
22156761.904762
21994883.809524
21851647.619048
22058224.761905
22070030.476190
21979011.428571
22085034.285714
22049933.333333
21979017.142857
22072577.142857
22028735.238095
22190805.714286
22053651.428571
21964403.809524
22265659.047619
22098916.190476
21908883.809524
24117617.142857
23099761.904762
23251247.619048
23055177.142857
23077316.190476
22955146.666667
23087699.047619
22879299.047619
22666375.238095
22655727.619048
22648756.190476
22633224.761905
22612072.380952
22557582.857143
22402754.285714
22531845.714286
22768815.238095
22686961.904762
22632234.285714
22567765.714286
22470622.857143
22665626.666667
22833240.000000
22647043.809524
22468674.285714
22329266.666667
22543944.761905
22841942.857143
22939752.380952
22926683.809524
22813398.095238
22949615.238095
22810314.285714
22794935.238095
22529213.333333
22498588.571429
22744217.142857
22673072.380952
27017266.666667
24028889.523810
23837847.619048
23453240.000000
23401323.809524
23201573.333333
23293641.904762
23077760.000000
23134617.142857
23134131.428571
23036657.142857
22897853.333333
22738699.047619
22994179.047619
23081043.809524
23140466.666667
22959032.380952
23267217.142857
22912059.047619
22956809.523810
22873253.333333
22950460.952381
23102876.190476
23508037.142857
22882828.571429
23088615.238095
23041697.142857
23040864.761905
22910883.809524
22774931.428571
22784655.238095
22814466.666667
22875438.095238
22871565.714286
22905308.571429
22684129.523810
22783575.238095
22750398.095238
22698944.761905
23065468.571429
23207952.380952
23034881.904762
23074969.523810
23234285.714286
23136933.333333
22981967.619048
22879841.904762
22853752.380952
22963262.857143
22856883.809524
22974266.666667
23067487.619048
23134615.238095
23207977.142857
23134716.190476
23057617.142857
22920594.285714
23095274.285714
22954121.904762
22848095.238095
23023908.571429
22783245.714286
22561685.714286
22833262.857143
23333055.238095
23010462.857143
22896226.666667
22975569.523810
22943735.238095
22812632.380952
22777620.952381
22820550.476190
22687470.476190
23090758.095238
23005857.142857
22808563.809524
22900354.285714
22782424.761905
22740950.476190
22723156.190476
22772342.857143
22932085.714286
22771030.476190
22813485.714286
22966765.714286
22971272.380952
23178134.761905
22689918.095238
22795826.666667
23077712.380952
22989508.571429
23051000.000000
23160940.952381
23160824.761905
22945820.952381
22800335.238095
22911944.761905
22875076.190476
23069451.428571
23020605.714286
22987344.761905
23071038.095238
23008881.904762
23003045.714286
22779944.761905
23231456.190476
22691565.714286
22758417.142857
22698643.809524
22706933.333333
22769569.523810
22863653.333333
22739760.000000
22520666.666667
22889960.000000
22850249.523810
22730373.333333
22806510.476190
22831556.190476
22707714.285714
22758274.285714
22709306.666667
22698510.476190
22960775.238095
22792630.476190
22683681.904762
22791900.952381
22717533.333333
22720274.285714
22800862.857143
22742779.047619
22715222.857143
22590260.952381
22543855.238095
22534388.571429
22493904.761905
22420971.428571
22489104.761905
22459735.238095
22712937.142857
22700659.047619
22622866.666667
22721878.095238
22606053.333333
22679754.285714
22631756.190476
22602171.428571
22514598.095238
22619032.380952
22485685.714286
22587582.857143
22664219.047619
22533683.809524
22442824.761905
22536899.047619
22613527.619048
22466398.095238
22417638.095238
22509634.285714
22481977.142857
22389321.904762
22437059.047619
22260971.428571
22413960.000000
22610356.190476
22790638.095238
22777520.000000
22688569.523810
22572975.238095
22688306.666667
22782428.571429
22554400.000000
22559940.952381
22627868.571429
22530506.666667
22664921.904762
22689645.714286
22558011.428571
22618586.666667
22645899.047619
22596683.809524
22770030.476190
22669123.809524
22641133.333333
22939946.666667
22891203.809524
22695230.476190
22503782.857143
22762700.952381
23049270.476190
22790335.238095
22867264.761905
22919632.380952
22611424.761905
22512139.047619
22435112.380952
22477586.666667
22385510.476190
22428380.952381
22489291.428571
22696712.380952
22703794.285714
22574826.666667
22485500.952381
22507022.857143
22745276.190476
22491249.523810
22442832.380952
22571514.285714
22514163.809524
22468240.000000
22425700.952381
22359725.714286
22430832.380952
22669990.476190
22793603.809524
22548293.333333
22580180.952381
22578653.333333
22479240.000000
22506830.476190
22430306.666667
22478939.047619
22570413.333333
22429394.285714
22474624.761905
22541514.285714
22461413.333333
22525266.666667
22380331.428571
22374485.714286
22297215.238095
22306059.047619
22271455.238095
22266935.238095
22249051.428571
22052969.523810
22158003.809524
22290571.428571
22405920.000000
22522699.047619
22517771.428571
22667518.095238
22497083.809524
22669502.857143
22455417.142857
22272436.190476
22288843.809524
22370779.047619
22413121.904762
22428994.285714
22550219.047619
22645329.523810
22407942.857143
22199445.714286
22310453.333333
22371862.857143
22101266.666667
22134108.571429
22382424.761905
22206419.047619
22108335.238095
22295518.095238
22174106.666667
22371634.285714
22408047.619048
22390516.190476
22345708.571429
23771140.000000
23811722.857143
23622243.333333
23040468.095238
22923912.857143
22313973.333333
22203973.333333
22117007.619048
22832157.619048
22923919.523810
24961996.190476
23848767.619048
23967920.000000
23614607.619048
23594535.238095
23503876.190476
23394803.809524
23960453.809524
23214213.333333
23070438.095238
23208407.619048
23492053.333333
23471556.190476
19675385.714286
20257458.571429
20087568.571429
21107165.714286
19613435.714286
20000072.857143
19911204.285714
20152633.809524
20014437.142857
19985704.285714
20544082.857143
20176410.476190
21148503.809524
20365920.000000
20456502.857143
20845886.190476
20408831.428571
20989891.428571
19824791.428571
23514835.238095
23046925.714286
23020375.238095
22992815.238095
23819148.095238
22814148.571429
23097394.285714
23071116.190476
23131986.666667
22874099.047619
22870295.238095
22875363.809524
22913354.285714
23145594.285714
22794963.809524
22895009.523810
22768019.047619
22668727.619048
22703752.380952
22723912.380952
22803794.285714
22853539.047619
22969384.761905
22902184.761905
22877413.333333
22716801.904762
22743146.666667
22543933.333333
22708099.047619
22675813.333333
22773771.428571
22777516.190476
22786230.476190
22903986.666667
22905491.428571
22777253.333333
25850688.571429
22785040.000000
22755988.571429
22697300.952381
22884518.095238
22621937.142857
22784657.142857
22880994.285714
22955375.238095
23003567.619048
22740038.095238
22755619.047619
22992382.857143
22993468.571429
22936247.619048
23022643.809524
22939161.904762
22882407.619048
22728668.571429
22674841.904762
22726209.523810
22782714.285714
22776628.571429
22777946.666667
22822546.666667
22845739.047619
22877245.714286
22962173.333333
22799308.571429
22694537.142857
22626883.809524
22631285.714286
22574529.523810
22799615.238095
22573280.000000
22598003.809524
22697013.333333
22664167.619048
22720630.476190
22801089.523810
22589716.190476
22450464.761905
22570584.761905
22820354.285714
22678914.285714
22642580.952381
22537626.666667
22851344.761905
23006563.809524
22742638.095238
22777801.904762
22644887.619048
22585365.714286
22668451.428571
22695371.428571
22426093.333333
22530489.523810
22747575.238095
24760074.285714
24458790.476190
23912641.904762
23819390.476190
23695026.666667
23524064.761905
23309655.238095
23455327.619048
23329398.095238
23055579.047619
23060980.952381
23077672.380952
22961123.809524
23001556.190476
22956306.666667
22905377.142857
23024348.571429
23208809.523810
22952900.952381
23002815.238095
22942489.523810
22980308.571429
22795251.428571
22833750.476190
22896367.619048
22958003.809524
23016413.333333
22835939.047619
22998735.238095
22992605.714286
22911361.904762
22948299.047619
22905796.190476
22646714.285714
22907382.857143
22861013.333333
22851891.428571
22849411.428571
22873106.666667
22760036.190476
22838897.142857
22870756.190476
22732946.666667
22720708.571429
22783417.142857
22933150.476190
23159426.666667
22964040.000000
22790344.761905
23011697.142857
22990771.428571
22942240.000000
22772100.952381
22866476.190476
22957622.857143
23009455.238095
22933180.952381
22962495.238095
23059982.857143
22926001.904762
22876432.380952
23103544.761905
23233276.190476
23193118.095238
23154415.238095
23092314.285714
23132657.142857
23247832.380952
23080342.857143
23080169.523810
23109820.952381
23103403.809524
22748603.809524
22923447.619048
22857518.095238
23071765.714286
22998137.142857
22861586.666667
23012302.857143
23077165.714286
23064274.285714
23012386.666667
23009500.952381
22857165.714286
22907609.523810
23033375.238095
22903668.571429
23125895.238095
23196935.238095
22945015.238095
23116028.571429
23189990.476190
23044662.857143
22908047.619048
22871624.761905
22864354.285714
23078438.095238
22740634.285714
22775419.047619
22790333.333333
22875118.095238
22599937.142857
22829643.809524
22741462.857143
22697049.523810
22790790.476190
22802491.428571
22595497.142857
22672788.571429
22891440.000000
22862358.095238
22835011.428571
23068190.476190
22975266.666667
23028556.190476
22979420.952381
22894740.952381
23097752.380952
22826316.190476
22766129.523810
22913927.619048
22837676.190476
22651752.380952
22590032.380952
22730382.857143
22658234.285714
22625683.809524
22571380.952381
22664396.190476
23059462.857143
22647786.666667
22822059.047619
22582878.095238
22523398.095238
22642283.809524
22721316.190476
22607072.380952
22847676.190476
22758262.857143
22595782.857143
22790032.380952
22853952.380952
22684354.285714
22527154.285714
22728327.619048
22665367.619048
22626000.000000
22657251.428571
22646333.333333
22690158.095238
22604196.190476
22858820.952381
22444087.619048
22769466.666667
22700293.333333
22893523.809524
22812455.238095
22822276.190476
22717013.333333
22814135.238095
22528123.809524
22880491.428571
22644817.142857
22609977.142857
22714984.761905
22766419.047619
22698274.285714
22764348.571429
22756363.809524
