86576225.714286
73836047.142857
68876140.000000
66585912.857143
69829791.428571
68796121.904762
68016846.666667
65988235.238095
69908298.095238
64658787.142857
71354444.285714
68286412.380952
69273887.142857
69284224.761905
66841092.380952
74753642.857143
70875955.714286
72606132.857143
71695854.761905
69681299.523810
68287813.809524
67931214.285714
71248663.333333
69065474.761905
70045615.238095
68216590.952381
65944625.714286
69696308.571429
70698705.714286
67448584.285714
70743198.095238
72170264.285714
66714196.666667
68868687.142857
63997650.000000
70919423.333333
71492018.571429
70688669.047619
71778947.619048
70049624.761905
71078221.904762
67513165.238095
72542235.714286
72043795.238095
70925547.619048
69092246.190476
70489535.714286
75224374.285714
75000975.714286
70062506.666667
67592558.571429
64897952.380952
65028523.809524
64621227.619048
67294214.285714
66661822.380952
65979685.238095
69037605.238095
65693409.523810
67801508.095238
69610306.190476
65927220.000000
66488690.000000
68822067.142857
69074060.952381
68915953.809524
64333296.666667
65798873.809524
67462731.428571
65884548.095238
69062549.523810
67639356.190476
66104799.047619
67202446.190476
68076947.619048
69168305.714286
70905764.761905
68434353.333333
78128177.619048
71499515.238095
71547390.952381
69646156.190476
68581755.714286
70876590.476190
71799505.714286
66702791.428571
71872131.904762
68776853.333333
71497191.428571
72221992.857143
71731242.857143
71885062.857143
69266196.666667
71360441.428571
75648438.571429
70398073.333333
70385256.190476
66838910.952381
68779830.952381
70770698.571429
67346520.000000
68869150.476190
69584605.238095
70518537.619048
72333060.000000
69541871.904762
71423162.380952
69438867.619048
70079215.714286
73590855.714286
70277993.333333
70320342.380952
71432263.809524
69133349.523810
70478512.380952
69826240.952381
70646557.142857
72448552.857143
68347072.380952
67257127.142857
68336742.857143
69286206.666667
69653629.047619
71051740.952381
70796615.238095
70716687.619048
69994462.857143
70326060.952381
67866220.476190
70983054.761905
69262657.142857
72381218.571429
71816897.142857
70095781.904762
68099840.476190
71215221.428571
67108220.476190
68542400.476190
67195186.666667
70537332.380952
70959487.619048
71605573.333333
70475253.809524
65186529.047619
70260260.476190
68596644.761905
71200748.095238
69581847.619048
68953783.333333
69079820.476190
68734470.000000
65592011.428571
72295350.952381
68517859.047619
70309018.095238
71473435.714286
67930647.142857
71333880.952381
69981399.523810
65569245.714286
68540921.428571
69967676.666667
67775195.714286
70717355.714286
69157970.476190
68268890.476190
69281326.190476
68528115.714286
66745358.571429
68008352.857143
67360106.190476
68985135.714286
68998548.571429
69513446.666667
68185537.142857
67457631.428571
67036569.523810
71922394.285714
70237455.714286
68552382.380952
66538782.380952
68094117.142857
67636663.809524
64061177.142857
68964726.666667
70560582.857143
67698686.666667
69465554.761905
68190767.142857
72585276.190476
72692405.714286
65958608.095238
66530621.428571
71008642.380952
68562193.809524
71844133.333333
66968334.285714
74632271.428571
70100990.476190
66738948.095238
71345610.000000
69862663.809524
69741903.333333
68632174.285714
67943750.000000
67309512.857143
67745266.666667
72218785.714286
70383757.619048
72836086.666667
69913629.047619
70037893.809524
69901452.857143
69241469.523810
68793221.904762
69600012.857143
71959000.476190
68220692.857143
67962559.047619
75886943.809524
71909686.666667
66420098.095238
69764790.476190
69954897.619048
67499606.666667
68374690.952381
71153138.095238
70030852.857143
67331765.714286
67642287.142857
70986880.952381
71090952.857143
67760464.285714
67305438.095238
65192519.523810
68515837.142857
67881528.095238
66113527.619048
69354072.380952
67154287.619048
70008500.476190
66567440.952381
67377808.095238
66303190.000000
67450886.666667
66508093.809524
65338896.190476
68185983.809524
68974748.571429
65111980.000000
69423180.000000
68382474.285714
67728686.666667
69299415.238095
71320835.714286
69940081.428571
68416803.333333
71999345.714286
74693167.142857
107735851.428571
89206424.285714
80401604.285714
77481194.285714
75404200.000000
77871580.000000
77626057.142857
71427472.380952
70802354.285714
68913192.380952
75966070.000000
73922996.190476
70746227.142857
67461599.047619
68041940.000000
66300758.095238
67857784.285714
67547940.476190
71462652.857143
70106670.476190
67553947.619048
69926858.095238
70798137.619048
72166931.428571
69964806.190476
70660521.428571
67954682.380952
69402371.428571
70352995.714286
67949256.666667
71135100.476190
71580250.000000
69264031.428571
70963404.285714
69716522.380952
70904831.428571
68990621.904762
68522340.952381
69951475.714286
68475464.285714
69421417.142857
67154782.380952
69984771.904762
67223511.428571
69949222.380952
71649221.428571
68979590.000000
70772998.095238
69679518.095238
70145888.571429
69439635.714286
71951860.476190
68223888.571429
70659813.809524
68271758.095238
65970148.571429
66724357.142857
67578592.857143
69198531.904762
70465451.428571
69584427.142857
70106363.333333
71307299.523810
72110716.666667
67916209.047619
69487495.714286
69821231.428571
69233592.857143
71361935.714286
70138193.333333
70886651.428571
68212997.142857
67445548.095238
68901296.190476
71405540.476190
69940068.571429
66143240.476190
65203039.523810
71222263.809524
69973735.714286
68435907.619048
68932590.476190
70682110.000000
71500087.142857
69925254.761905
70300328.571429
71647491.428571
69607252.857143
71760950.000000
69698117.142857
68984277.619048
69931265.238095
70460525.714286
70438834.761905
70200650.476190
69898604.285714
68416693.333333
70254816.666667
69097804.285714
75070635.714286
70666871.428571
68970381.428571
67895525.238095
65528855.714286
66874658.571429
65659799.047619
70222236.190476
70602198.571429
72318434.285714
69225911.904762
71744884.761905
70475091.428571
72690660.952381
74415730.000000
73538870.476190
73150384.285714
71192161.428571
74302788.571429
71803953.333333
72050333.809524
73507757.619048
70131813.333333
69506830.476190
76137229.047619
71202973.333333
69221763.333333
68006317.619048
69288994.761905
68075875.238095
70893213.333333
69837396.190476
73944621.428571
68768377.142857
70755684.285714
66715671.428571
68729884.761905
68084732.857143
68060062.857143
66638171.904762
