2069
937
1387
694
751
1379
1305
671
722
1167
667
1087
654
1126
647
1142
663
788146
168053
1255
120497
914
1070
653553
138666
145833
1249
753
1078
778062
983
33831
1371
701
1173
812859
1353
1009
25057
986
164219
559050
85031
57317
158011
1316
719
809710
1351
732
53193
974
13423
812353
941
47541
160172
999
809
917064
999
1179
779
1141
863
705175
979
1178
194527
1359
1180
818221
1337
1021
14480
980
1169
827587
1424
1363
804
787
1139
985539
1522
703
1431
810
1133
848648
1335
1374
73933
941
1397
839671
1005
105913
1367
790
10612
698079
1341
1042
47394
1337
123347
741680
953
135995
983
1174
669
885919
998
1806
822
1160
681
720134
1328
192127
1351
844
1311
933649
1598
851
1160
1141
679
943535
1372
748
1142
800
1125
678478
1356
841
83238
1339
721
743397
1357
1036
824
797
91075
813844
1358
825
111344
1002
670
761641
1204
856
1012
1152
23084
869064
1005
3687
64973
1335
831
798691
978
1178
128557
1021
1161
785943
1543
812
1333
705
1113
1043548
1014
804
1383
941
1113
906294
1393
846
1306
1050
1136
696272
1003
811
110936
1311
736
984381
1644
768
1168
1076
1154
724416
965
1223
86568
992
796
1034325
856
1199
960
1143
659
695184
986
1178
93104
1382
2093
929666
1538
860
1136
668
977
882733
1382
1295
820
785
1137
966759
1433
839
1906
810
1137
739560
1339
1293
7455
933
1225
840252
987
809
57153
995
1169
752002
1384
938
91509
1345
1058
796289
946
1217
110608
1348
983
965315
848
1606
841
1159
681
736618
1554
1067
1184
676
1120
1052369
1690
854
1153
1146
780
865658
1386
713
1109
4836
1349
768514
1360
838
32551
1314
729
814228
1790
1444
820
667
1540
980804
1376
717
1193
803
770
960809
1590
729
2089
1190
660
1051533
1021
1174
932
1161
671
941511
858
1227
1149
800
1129
868118
1482
1006
1874
690
1113
1081151
906
1486
1210
810
1137
901126
1373
706
1815
938
1120
774383
998
878
1169
1145
669
1111470
1782
834
1357
661
1093
753363
893
1216
1422
793
656
1222208
894
1301
660
1144
784
700520
1031
1580
750
1185
3367
1035107
1731
1090
1204
784
1133
961045
2047
1234
699
968
1119
858064
1607
708
1283
891
2465
692305
1344
1742
817
768
44945
781808
1005
811
1157
691
94454
769730
1362
1009
664
1106
72599
808903
963
1232
673
1100
652
1171978
917
1189
900
1189
670
723296
1331
847
1147
669
22670
1006127
1550
1001
1175
1004
628
873557
1556
866
1168
688
1113
763408
1635
805
2609
1063
3831
891362
1642
1116
1501
1713
1164
869929
1398
710
1015
798
653
861592
1583
731
789
1161
667
884274
868
1508
801
1152
674
810879
1044
1184
1046
1195
1135
854620
2136
930
1186
657
987
1201813
921
822
1167
794
1123
864436
1619
703
1159
921
1109
667235
1211
1031
1163
1164
674
1068966
1791
1018
1150
673
979
734543
808
1223
1173
827
663
1083501
938
1180
1004
1246
782
759138
1057
1252
802
1297
1123
981342
1708
865
1510
836
1153
897338
1599
1195
672
742
1008
1015397
1804
833
1149
665
983
608446
1394
1181
827
772
1027
897967
1001
31191
1375
710
1828
886748
1637
852
776
1142
1028
961239
1035
1217
697
1164
653
1058013
996
1172
828
1150
796
718712
1388
859
1313
685
1099
1194360
1829
1018
1174
1129
777
1015199
1686
845
1159
659
1088
752828
1609
713
1247
1145
669
936046
1835
1107
1080
918
1162
874957
1775
837
1146
667
617
1048351
1202
863
663
1301
666
935893
1231
1466
794
1136
675
889796
882
1247
1164
672
1106
894409
1716
1030
1154
661
983
1021807
885
808
1157
818
1142
858544
1633
851
1157
793
1138
741911
1089
898
1181
1168
795
1059203
1645
831
1159
814
1153
717321
1024
1495
1214
795
769
1106713
885
1175
814
1155
648
675907
1175
1429
797
1148
1136
1090679
1539
833
1154
663
1155
1033346
1559
1159
815
675
1507
892094
1615
692
1351
668
1141
683830
1370
1361
677
1195
1651
881488
856
1346
1215
669
1329
830850
1665
775
830
1537
1042
882675
1184
1439
880
1135
652
1061684
1223
1251
832
1151
673
713393
1542
924
1331
805
1126
1115263
1549
834
1150
1134
663
836010
1560
831
1164
667
1098
696498
1565
729
1204
2805
882
851033
1586
1234
823
662
1143
932571
1587
733
1417
883
2061
953540
1547
714
742
1384
834
821432
891
1348
796
1155
679
883821
1001
1200
1150
823
1133
958589
1358
34516
2196
849
1165
1019729
1034
848
1160
667
1164
833363
1395
1574
1244
806
1124
738207
1127
804
1160
1034
1058
1043065
1619
811
1167
772
1137
720393
1052
1326
1176
685
657
988128
1005
1173
818
1139
669
731396
847
1742
1114
1155
1123
1070201
1554
826
1160
788
1126
854625
1552
1354
806
775
1131
860107
1382
719
1157
809
1135
676373
2407
1236
692
1148
1023
907125
1410
1608
1251
851
1152
902582
1681
968
799
1151
1026
875380
1136
1226
695
1108
657
1096768
918
1169
822
1168
671
710263
1606
891
1321
679
1136
1067601
1587
854
1171
1502
679
915119
1460
882
1140
780
1136
732981
1735
947
1161
1145
675
861214
1491
1076
1231
796
1132
824408
2513
1081
1184
1048
804
908148
1499
712
1537
1272
678
907399
1033
1363
803
1150
672
868499
907
1205
1704
834
1120
887380
1482
843
1148
656
1111
1063760
1045
818
1178
787
1160
878829
1376
723
2455
906
1140
672704
1043
792
1158
1077
665
1063871
1632
882
1373
793
1153
757957
869
1759
1204
802
661
1118412
864
1185
815
1153
655
975489
876
1676
804
1161
1175
1171329
1509
874
1139
656
1111
852882
1556
1233
807
659
1138
829344
1550
721
1673
1700
1269
827517
1595
1180
802
776
1013
916716
1034
812
1187
687
1103
940187
1538
845
787
1140
1151
902684
1561
1433
759
1108
666
1080201
880
1161
813
1169
672
673612
1545
1096
1363
681
1127
1088391
1412
839
1169
1129
654
931408
1567
842
1148
687
1091
684866
1825
854
1146
1158
675
906993
1776
1191
794
1030
1043
996859
1412
836
1985
707
768
908990
1336
859
687
1161
666
892684
962
1223
794
1141
665
972422
886
1247
1161
671
1140
887525
1571
991
1164
655
1581
1093021
1175
955
1170
804
1546
876654
1744
1008
1204
801
1150
709701
977
1080
1187
1038
1063
1047167
1646
833
1170
658
1109
663100
1111
2546
1246
695
738
1117773
1183
1312
1007
1154
667
655990
1251
1321
1099
1175
1150
1002652
1913
895
1143
669
991
945582
1536
1174
822
778
1128
905702
1611
840
1148
802
1164
690236
1788
1231
687
1043
1156
867579
1001
697
1413
835
1145
866704
1479
1124
944
1212
1626
1054024
1122
1242
976
1606
2185
1007617
1086
1454
830
1155
684
740456
1473
862
1379
693
1320
1106929
1800
1063
1205
1124
655
910634
1391
940
1475
681
1103
728119
1808
861
1161
1037
764
906179
1737
1203
830
667
1161
939676
1589
763
1088
1221
704
937698
1714
729
745
1400
828
911317
849
1225
799
1156
677
898281
865
1100
1199
804
1124
886475
1634
837
1135
660
1109
1048247
1272
899
1260
785
1129
909521
1549
730
1161
844
2181
701801
1089
809
1324
1017
658
1041922
1776
839
1143
676
1113
751205
1032
1203
1272
801
658
990879
1028
1306
663
1184
787
730717
890
1500
670
1407
1152
1052508
2213
894
1515
849
1158
925878
1556
1181
676
858
1146
880138
1585
801
1752
825
1122
701031
1788
1075
1262
769
1145
889683
1058
825
1168
968
1127
954331
1692
969
787
1151
1032
853528
966
1675
821
1140
658
1101224
957
1221
798
1374
811
674508
1330
732
1751
828
1118
1103156
1390
700
1439
3239
807
889494
1999
926
1137
666
1157
714026
1776
1341
1536
1052
1119
906993
1587
1205
813
679
1133
1035017
1587
764
1170
903
643
861155
1594
727
954
1392
805
885793
838
1193
652
1173
817
1011760
1158
1219
1174
803
1119
1042094
1714
1014
1155
680
1009
1262531
990
838
1362
968
1123
1272749
2221
872
1166
795
1117
736423
1133
884
1165
1147
687
991698
1565
758
1396
787
1148
791039
958
1555
1198
797
651
1230316
1048
1211
810
1159
659
670563
852
1175
1018
1249
1116
1051443
1649
1166
1393
677
1112
819262
1570
1045
798
798
1127
904424
1626
836
1164
1023
1169
733709
1745
1302
821
757
1019
869464
1034
817
1190
693
1134
936992
1583
728
1307
1173
1026
844562
1034
1263
696
1154
774
1087467
915
1199
822
1154
682
706137
1353
723
1417
1213
2400
1096362
1689
853
1176
1123
675
845588
1364
698
1010
3337
1198
658539
1786
882
1153
1036
629
994607
2389
1379
921
668
3171
861436
1601
1068
1185
790
649
855110
1532
734
712
1162
680
857269
940
1220
791
1164
677
912589
838
1990
1228
809
1125
907328
1574
832
1161
659
1098
1142043
1106
797
1142
874
1949
920061
1656
847
1170
671
1100
688628
1034
795
1178
1165
674
1059386
1828
853
1146
668
1117
659566
803
1248
1343
806
654
1082174
882
1233
670
1132
787
720523
971
1205
1017
1170
1134
980727
1682
867
1131
655
998
834752
1723
1188
816
680
1126
879816
1477
798
1321
796
1143
723560
1368
1431
1189
800
1133
900751
1288
685
1130
798
1167
887250
1647
845
674
1156
1153
897037
1034
1238
982
1138
654
1163480
1913
1387
1053
1161
797
675228
1653
812
1178
691
1128
1101047
1630
846
1175
1012
633
936352
1602
1108
1180
781
1153
739206
1812
864
1164
1158
673
1003432
1712
1121
884
652
1141
894448
1586
964
1152
676
767
904961
1609
1009
807
1166
676
914408
855
1220
801
1160
679
851056
857
1538
1179
692
1089
966209
1387
1249
1189
782
1147
1037655
871
811
1175
812
1130
981967
1676
1305
1201
680
1133
765141
931
803
1412
1194
667
1005910
1775
849
1173
788
1147
712810
1013
1646
1433
814
662
1075154
1398
1212
789
1209
1212
733844
972
1522
818
1157
1128
1017073
1628
1103
1207
680
977
900575
1568
1190
788
778
1118
859920
1379
705
1016
645
2085
669103
1557
1191
795
794
1139
868420
1249
812
1176
808
1145
883136
1417
1146
805
1432
3292
915039
908
1263
818
1113
661
1071164
1042
1210
825
1164
671
749574
1353
745
1376
1059
1167
1105113
1577
696
1634
1149
658
872794
1386
833
1165
1784
1150
738659
1646
811
1146
1130
665
927730
3201
2364
738
752
1022
823960
1409
850
1579
687
747
842962
1701
850
1395
1191
802
938902
962
1499
638
900
768
843116
851
1189
1152
810
1138
848160
1554
826
1161
786
1143
1041687
925
819
1184
791
1158
873505
1586
844
1156
782
1126
705727
1271
825
1177
1155
804
1012706
1787
838
1146
665
1012
771909
1180
1454
1170
689
733
1013125
1044
1260
784
1146
651
781312
887
1242
990
1157
1145
1043057
1528
975
1156
800
1140
887720
1561
1284
812
661
1092
1001846
1607
849
1175
1730
1194
691468
1430
1177
747
832
1020
879346
1046
806
1194
673
1111
861871
1621
728
802
1146
1023
1018327
1246
1239
831
1102
655
1053548
862
1230
817
1165
793
682821
1548
843
1157
691
1136
1027701
1527
740
1137
1331
1286
879938
1684
812
1420
800
1128
712446
2281
914
1145
1023
635
846036
1766
1209
824
662
1103
840970
1472
1787
1211
680
743
852167
1616
845
658
1148
795
892523
859
1181
659
1144
805
866106
905
1267
1156
678
1075
838411
1519
848
1226
654
1164
1007084
1043
815
1165
783
1118
856247
1641
698
1164
811
1132
711962
1047
784
1191
1027
930
1064108
1766
841
1158
663
1093
747973
982
1213
1183
672
848
1062620
854
1167
845
1158
656
704282
901
1232
817
1147
1113
1024604
1551
829
1159
665
1102
1028096
2143
1236
806
786
1120
888649
1388
812
1195
848
1148
733186
1801
1202
803
756
1139
931286
1180
927
1391
890
1134
853845
2035
868
786
1138
1149
984079
952
1217
802
1138
664
1010835
835
1092
639
1312
1031
735899
1364
850
1343
816
1120
1060865
1695
846
1179
1125
661
893285
1558
820
1355
671
1939
907219
1550
778
1151
1033
741
1059825
1809
1498
693
687
1129
855156
1503
1055
1196
673
868
883351
1195
846
655
1354
818
895854
846
1226
867
1158
671
989426
855
1342
1188
870
1138
941487
1854
933
1163
673
1155
973819
1339
709
1169
781
1133
888434
1657
844
1169
672
1153
684469
869
821
1181
1034
1037
1114947
1792
1047
1172
671
1106
712447
1451
1378
1179
809
659
1092626
1069
1220
809
1132
664
856491
844
2047
868
1160
1004
1289088
1364
1122
1249
674
984
909203
1588
1054
976
812
1135
900579
1642
704
1138
1046
1136
688713
1613
1190
804
754
1148
901416
1650
876
1187
795
1135
983515
1569
848
792
1135
1022
884514
1022
1232
821
1136
664
1120314
1040
1210
810
1171
671
661203
1287
891
1184
796
1169
1164648
1905
866
1163
1142
652
873379
1386
783
1281
811
1133
723227
1531
932
1310
1028
753
935527
1560
1345
1257
781
3669
840543
1692
1054
1169
675
644
859897
1619
716
743
1586
816
864519
960
1412
1000
1144
793
866352
901
1188
1225
977
1126
957975
1714
836
1172
660
984
1066239
1017
672
1199
681
1136
896094
1397
840
1169
682
1091
671509
1341
822
1036
1390
814
1059255
1675
898
1346
788
1131
710995
1320
1528
1212
678
748
1035837
1257
1201
796
1159
648
688356
910
1407
817
1135
1140
1094505
1584
719
2252
710
984
871934
1498
1197
789
790
1143
865397
1412
826
1125
671
998
636493
1615
1077
704
797
2051
880548
1357
827
1158
655
1472
934618
2334
923
678
1143
1016
891285
1048
1794
840
1140
656
1043983
1081
1201
691
1175
661
748774
1602
717
1228
818
1124
1062665
1549
884
1153
1139
666
878177
1536
832
1165
774
1131
729275
1791
856
1146
1153
792
860617
1386
1534
1026
807
1120
854199
1785
856
1522
852
665
916257
1698
760
768
1165
2030
886067
838
1714
1058
1162
673
954132
884
1496
1188
667
1129
882940
1494
835
1344
779
1143
1209475
1039
832
1370
1197
1141
925836
1450
892
1178
670
1094
727129
854
791
1386
1190
667
995910
1781
853
1317
674
1219
698295
816
1362
1367
816
658
1067446
866
1210
796
1138
783
671593
1025
1217
1199
1185
1129
994159
1760
859
1155
796
1154
907120
1897
1228
797
802
1137
857451
1653
716
1170
796
1128
696774
1627
1189
683
877
1036
863840
1042
745
1266
802
1138
895123
1594
839
946
1150
1147
924204
1140
1239
691
1108
650
1096695
977
1444
820
1153
667
665808
1630
842
1326
803
1126
1123193
1501
929
1590
1119
665
961924
1533
826
1134
668
1096
760932
1784
880
1155
1141
673
861950
1832
1212
807
668
1124
892825
1645
823
1345
673
736
926384
1575
1216
1819
1277
798
834187
846
1875
1062
1155
674
874294
1368
1402
1018
977
1220
834207
2086
882
1165
782
1145
1054603
1037
820
1181
694
1612
907430
1599
840
1146
670
1104
748847
1007
803
1173
1322
673
1049450
1612
835
1169
666
1122
711307
1131
2032
1210
677
738
1014455
1072
1225
679
1167
830
681279
1025
1663
829
1169
1124
1074865
1556
1093
1181
783
1127
966825
1747
1260
904
1016
1629
906618
1636
847
1152
794
1150
805785
1358
1647
807
775
1134
824713
1048
805
1192
1025
1162
841407
1371
888
660
1195
1144
950228
1097
1416
806
1137
655
1087212
Xput: 6646
