3545595.714286
3574438.571429
1261595.714286
1263378.571429
1738718.095238
1393718.571429
1985955.714286
1704704.285714
1947127.142857
1962284.285714
2157165.714286
1334770.000000
1401373.809524
1505967.142857
1632023.333333
1887232.857143
2065000.000000
1726977.142857
1774754.285714
1450979.047619
1468281.904762
1512901.428571
1773700.952381
1806223.809524
1496471.428571
1698532.857143
1383582.857143
1593680.000000
1518068.571429
2220687.142857
1793830.000000
1691585.714286
1245204.285714
1963518.095238
1451241.428571
1868224.761905
2181747.142857
1460398.095238
1330677.142857
1389259.047619
1366631.428571
1844291.428571
1502414.285714
1604498.095238
1500488.571429
1544256.190476
1678198.571429
1751970.000000
1315392.380952
1738090.000000
1749135.714286
1432960.000000
1426986.666667
1278325.714286
1365531.428571
1239227.142857
1893771.428571
1337172.857143
1281481.904762
1175067.142857
1501351.904762
1191158.571429
1621646.190476
1245810.000000
1299490.000000
1153777.142857
1308021.904762
1152667.142857
1267710.476190
1125820.000000
1376129.523810
1264561.428571
1518182.857143
1202858.571429
1647813.333333
1254078.571429
1565605.714286
1370381.428571
1946263.333333
1382031.428571
1678958.095238
1468822.857143
1740100.000000
1366301.428571
1535260.952381
1362378.571429
1820488.095238
1366237.142857
1643904.761905
1396738.571429
1868840.000000
1610075.714286
1750391.904762
1375990.000000
1586073.809524
1240045.714286
1453155.714286
1391505.714286
1707200.000000
1535577.142857
2036552.380952
1956228.571429
1639956.190476
1237782.857143
1049811.428571
1515452.857143
1638579.047619
1943231.428571
1866013.333333
1641954.285714
1607397.142857
1534013.809524
1279955.714286
1310390.000000
1247591.428571
1151225.714286
1243703.809524
1366872.380952
1102432.857143
1319201.904762
1181441.428571
1376215.238095
1195261.428571
1443584.761905
1164842.857143
1565647.619048
1284284.285714
1445255.238095
1216737.142857
1379040.000000
1210458.571429
1439196.190476
1249804.285714
1479053.333333
1238662.857143
1327921.904762
1257811.428571
1244655.238095
1151664.285714
1220011.428571
1346745.714286
1504523.809524
1381760.000000
1746775.238095
1256622.857143
1443281.904762
1288895.714286
1396367.619048
1284030.000000
1564628.571429
1398563.809524
1943272.380952
1214502.857143
1575883.809524
1329663.333333
1760510.476190
1414502.857143
1583885.714286
1547098.571429
1860676.190476
1345422.857143
1332622.857143
1248135.714286
1478480.000000
1229322.857143
1239735.238095
1327648.571429
1395613.333333
1196042.857143
1373700.952381
1328434.285714
1415737.142857
1129165.714286
1285565.714286
1006380.952381
1001374.285714
1078089.523810
1054281.428571
1350411.428571
997107.142857
1480516.190476
1132807.142857
1677610.952381
1216311.428571
1449754.285714
1049148.571429
1347093.333333
1226581.428571
1767641.904762
1428447.142857
1798171.428571
1317841.428571
1774289.523810
1247400.000000
1563230.476190
1317131.428571
1392590.476190
1283304.285714
1709744.761905
1246752.857143
1305436.190476
1048221.428571
1216832.380952
1154050.000000
1502285.714286
1358684.285714
1549704.761905
1764367.142857
2058655.238095
1470784.761905
1871356.190476
1453413.333333
1331700.952381
1314840.000000
1332009.523810
1231975.238095
1285731.428571
1103205.714286
1369827.142857
1372449.523810
1500734.285714
1511965.714286
1519447.142857
1298240.000000
1240148.571429
1375323.809524
1579453.333333
1272649.523810
1532116.190476
1157192.380952
1322012.380952
1254110.476190
1466594.285714
1221779.047619
1387266.190476
1307607.619048
1350670.476190
1195257.142857
1240537.142857
1029160.000000
1222281.428571
1061920.000000
1112964.285714
1256870.476190
1344288.095238
1171137.142857
1403418.095238
996683.809524
1232862.857143
1202093.333333
1276053.333333
1306070.476190
1528308.571429
1081916.190476
1296348.571429
1317114.285714
1145348.571429
1714710.000000
1576323.809524
1152704.285714
992114.285714
1204146.666667
1202782.857143
1509845.714286
1312733.809524
1293796.190476
1076299.047619
1342508.571429
1135828.571429
1253908.571429
1165569.523810
1325963.809524
1325806.190476
1252057.142857
1028464.761905
1463857.142857
1229868.571429
1008169.523810
1006224.761905
1254361.904762
1195697.142857
1220529.523810
1211626.666667
1092318.095238
980569.523810
1342788.571429
1129723.809524
1041028.571429
979595.714286
1355417.142857
1314775.238095
1270819.047619
1075017.142857
1354730.000000
1367350.476190
1296725.714286
1179447.619048
1265139.047619
1252676.190476
1228371.428571
1223830.476190
1346632.380952
1273508.571429
1281832.380952
1380678.095238
1180807.619048
1160763.809524
1291960.000000
1361211.428571
1444554.285714
1170325.714286
1209761.904762
1149003.809524
1235742.857143
1224640.000000
1407233.809524
1226781.428571
1192531.428571
1251878.095238
1010354.285714
987885.714286
1227903.809524
1369497.142857
15027504.285714
15635304.761905
1756668.095238
1642374.285714
1469084.285714
1574013.809524
1073765.714286
1069836.190476
1010264.761905
1048910.476190
1231521.904762
1114211.428571
1266538.571429
1339146.666667
1422356.190476
1525280.000000
1386571.428571
1223040.000000
1194626.666667
1132106.666667
1160779.047619
1108594.285714
1165803.809524
1294657.142857
1235607.619048
1099744.761905
977478.095238
983133.333333
1255072.380952
1213005.714286
1502670.476190
1465913.333333
1546026.666667
1197310.476190
1471095.238095
1283603.809524
1281948.571429
1098542.857143
1279729.523810
1017761.904762
1310190.476190
1120268.571429
1508426.666667
1244962.857143
1325192.380952
1289697.142857
1367047.619048
1560944.761905
1531436.190476
1391785.714286
1236318.095238
1083196.666667
1022241.904762
1043784.761905
1124327.619048
948426.666667
1065323.809524
1006868.571429
1044384.761905
1398972.380952
1275200.476190
1508373.333333
1338740.952381
1344834.285714
1294967.619048
1307596.190476
1255182.857143
1267371.428571
1114570.952381
1220413.333333
1095348.571429
1458432.380952
1077591.904762
1616904.761905
1412589.523810
1350525.714286
1117469.047619
1404017.142857
1025512.380952
1263866.666667
1103603.809524
1375973.333333
1016948.571429
1205259.047619
1134123.809524
1250129.523810
1098001.904762
1265318.095238
1126590.476190
1304921.904762
1081996.190476
1326013.333333
1211357.142857
1419767.619048
1196481.428571
1261464.761905
1079788.571429
1347339.047619
1105719.047619
1358417.142857
1108910.476190
1256003.809524
1029196.190476
1410339.047619
1185487.619048
1355906.666667
1096214.761905
1375320.000000
1116289.523810
1484415.238095
1268403.809524
1443481.904762
1268329.047619
1412407.619048
1150909.523810
1400428.571429
1198986.666667
1664558.095238
1394445.714286
1386426.666667
1145626.666667
1260636.190476
1040967.619048
1337607.619048
1332367.142857
1257845.714286
1172589.047619
1529775.238095
1226920.000000
1370053.333333
1230201.904762
1464057.142857
1244081.904762
1413009.523810
1116912.380952
1396215.238095
1206270.000000
1455440.000000
1368817.142857
1391386.666667
1133051.428571
1217121.904762
1066716.190476
1197152.380952
1182220.952381
1407230.476190
1310144.761905
1262213.333333
1103318.095238
1215186.666667
1258001.904762
1350697.142857
1245685.238095
1239571.428571
1115977.142857
1294127.619048
1240360.000000
1286944.761905
1221617.619048
1227796.190476
1036466.666667
1248693.333333
1297792.857143
1357695.238095
1243860.952381
1280613.333333
1104567.619048
1343139.047619
1243552.380952
1159910.476190
1117523.809524
1172409.523810
1119302.857143
1351580.952381
1092533.333333
1075464.761905
1064445.714286
1251830.476190
1094068.571429
1180066.666667
969880.000000
1218988.571429
1086295.238095
1276043.809524
1062536.190476
1439030.476190
1306334.761905
1227177.142857
1247778.095238
1471641.904762
1081666.666667
1268537.142857
1033756.190476
1234598.095238
1102914.285714
1313150.476190
1288222.857143
1374714.285714
1178083.809524
1197129.523810
1061314.285714
1299567.619048
1255117.619048
1581647.619048
1468658.095238
1330847.619048
1172673.809524
1336725.714286
1284512.857143
1375203.809524
1064297.142857
1372769.523810
1154613.333333
1116020.952381
1118739.047619
1209302.380952
1088906.666667
1200441.904762
1101032.380952
1187718.095238
1049967.619048
1161691.428571
1081573.333333
1239902.857143
1204982.857143
1339731.428571
1392767.619048
1036807.619048
1236762.380952
1370893.333333
1263035.714286
1247708.571429
1258228.095238
1187361.904762
1218453.809524
1359379.047619
1287918.095238
1391910.952381
1592101.904762
1406177.142857
1217037.142857
1140876.190476
1152335.238095
1222769.523810
1145127.619048
1457129.523810
1403238.095238
1159866.666667
1080097.142857
1165455.238095
1090230.476190
1210097.142857
1124554.285714
1109057.142857
1075034.285714
1225927.619048
1519380.952381
1381864.761905
1072786.666667
1148506.666667
1176289.523810
1144720.000000
1155106.666667
1137946.666667
1192960.000000
1159586.666667
1155507.619048
1116438.095238
1005611.428571
1107403.809524
1104102.857143
1203259.047619
1177203.809524
1330266.666667
1119713.333333
1217091.428571
1170670.952381
1357080.000000
1334864.285714
1112203.809524
1088131.428571
1267763.809524
1197740.952381
1325481.904762
1268723.809524
1357584.761905
1026371.428571
1455786.666667
1275276.666667
1227462.857143
999384.761905
1525859.047619
1340443.809524
1369996.190476
1086127.619048
1259935.238095
994990.476190
1290683.809524
1257243.809524
1381497.142857
1234585.238095
1443460.952381
1443508.095238
1565245.714286
1386376.666667
1687453.333333
1289070.476190
1471167.619048
1330480.952381
1357360.000000
1092617.142857
1309870.476190
1247128.571429
1502276.190476
1555523.809524
1367617.142857
1330726.666667
1637445.714286
1167409.523810
1244980.952381
1154900.952381
1532475.714286
1338569.523810
1468505.238095
1488445.238095
1656973.333333
2098016.666667
1394499.047619
1139518.095238
1280230.476190
1411362.857143
1432020.952381
946687.619048
1000615.238095
976329.523810
906601.904762
1221674.285714
1073940.952381
807948.571429
991091.428571
929125.714286
1127573.333333
1137339.047619
994434.285714
1346802.380952
1250765.238095
1470209.523810
1177249.523810
1491716.666667
1508352.857143
1154598.095238
1165266.666667
1149140.000000
1107350.476190
991182.857143
1169116.190476
1386988.571429
1430140.952381
1132468.571429
1098704.761905
1286047.619048
1275044.285714
1124807.619048
984729.523810
1308754.285714
1306866.190476
1659880.000000
1482668.571429
1684125.714286
1674473.333333
1644514.285714
1222567.619048
1268822.857143
1463056.190476
1512908.571429
1285186.666667
1285775.238095
1219822.857143
1306999.047619
1308500.952381
1283196.190476
979828.571429
1285927.619048
1243893.333333
1455493.333333
1522453.333333
1729796.190476
1274617.142857
1489493.333333
1392891.428571
1420537.142857
1440248.571429
1493994.285714
1218480.000000
1201862.857143
1258443.809524
1164312.380952
1175809.523810
1223363.809524
1466003.809524
1233405.714286
1166398.095238
1327672.380952
1233834.285714
1300072.380952
1345165.714286
1389962.857143
1071761.904762
1358146.666667
1315125.714286
1246506.666667
1038921.904762
1399377.142857
1364247.619048
1250001.904762
1119960.000000
1259038.095238
1171323.809524
1291331.428571
1275768.095238
1514321.904762
1284796.190476
1326885.714286
1514742.380952
1390975.238095
1605958.095238
1004158.095238
1231100.952381
1154721.904762
1114030.476190
1123379.047619
1008590.476190
1136306.666667
1175658.571429
1238592.380952
1004819.047619
1306986.666667
1022466.666667
1152222.857143
1135428.571429
1007257.142857
1341931.428571
1128249.523810
1061857.142857
1250802.380952
1443868.571429
1931510.476190
999386.666667
1176897.142857
1265537.142857
1349849.523810
1241126.666667
1197813.333333
1167444.761905
1123560.000000
1139213.333333
1105908.571429
1151531.428571
1284262.857143
1249710.476190
994603.809524
1046310.476190
1324196.190476
1003053.333333
895215.238095
1025240.000000
1112240.000000
1049933.333333
1014150.476190
1088251.428571
1011609.523810
977767.619048
1479127.619048
1488914.285714
1482182.857143
1994491.428571
936249.523810
1191687.619048
930820.952381
1269946.666667
1504337.142857
1243963.809524
1250377.142857
1168609.523810
1301430.476190
1695199.047619
1578946.666667
1563815.714286
1460445.714286
996189.523810
1010676.190476
1117194.285714
1305022.857143
1357261.904762
1478659.047619
1265430.952381
1366971.428571
1391388.571429
1208514.285714
1394624.761905
1348685.714286
1435224.761905
1277125.714286
1429495.238095
1353705.714286
1109460.952381
1111272.857143
1139723.809524
1107255.238095
1418068.571429
1394350.476190
1233376.190476
1382400.000000
1182607.619048
1178805.714286
1335428.571429
1217344.761905
937680.000000
1170615.238095
1108527.619048
1007215.238095
1195680.000000
1141914.285714
1045072.380952
1095765.714286
1082230.476190
1010773.333333
1043036.190476
1034866.666667
1014217.142857
1024041.904762
1053072.380952
1059032.380952
1365897.142857
1419001.904762
1444245.238095
1367925.714286
1441929.523810
1045462.857143
1575493.809524
1380953.333333
1777410.476190
1487661.904762
1234826.666667
1048681.904762
1280350.476190
1274453.333333
1085569.523810
1032045.714286
1082180.952381
1047398.095238
1258264.761905
1147196.190476
1213577.142857
1094828.571429
1216411.904762
1081740.952381
1551063.809524
1129876.190476
1245139.047619
1453790.000000
1343539.047619
1262422.857143
1217499.047619
1400470.476190
1028796.190476
1098862.857143
1373710.476190
1857797.142857
1147457.142857
1483531.428571
1592297.142857
1368483.809524
1348525.714286
1354276.190476
1513198.095238
1485285.714286
1656660.952381
1017120.000000
1044876.190476
1282497.142857
1306446.190476
1131887.619048
1157865.714286
1034573.333333
1155095.238095
1426790.476190
1523388.571429
1289994.761905
1165365.714286
1244380.952381
1293620.952381
1045396.190476
1168723.809524
1162047.619048
1163929.523810
1467038.095238
1674596.190476
1315337.142857
1359291.428571
1112045.714286
1227628.571429
1294786.666667
1383318.095238
1244266.666667
1326455.238095
1098790.476190
1221064.761905
982923.809524
1056333.333333
1086480.000000
1193912.380952
1144426.666667
1274525.714286
1088603.809524
1184007.619048
1029822.857143
1128716.190476
1217139.047619
1278297.142857
1254899.047619
1255883.809524
1206118.095238
1246081.904762
1292727.619048
1576630.476190
1246788.571429
1344782.857143
1359753.333333
1254184.761905
1329213.333333
1576140.952381
1388986.666667
1550548.571429
1044333.333333
1140283.809524
1473400.000000
1551903.809524
1708982.857143
2081622.857143
1690045.714286
2154504.285714
1327405.714286
1247289.523810
1242070.476190
1452417.142857
1886845.714286
1681775.238095
1940266.190476
1966248.571429
1705276.190476
1841390.952381
1230836.190476
1512879.047619
1396474.285714
1576617.142857
1124592.380952
1297523.809524
993436.190476
1437104.761905
1059628.571429
1262352.380952
1109474.285714
1546150.476190
1338129.047619
1418438.095238
1196771.428571
1199000.000000
1000072.380952
1268868.571429
1137422.857143
1284426.666667
1044331.428571
1343207.619048
1286881.904762
1238527.619048
985382.857143
1352923.809524
1341342.380952
1674521.904762
1137097.142857
1332980.952381
1422496.666667
1170120.000000
1391099.047619
1035752.380952
1017133.333333
980910.476190
1024287.619048
1008440.000000
1098883.809524
1177405.714286
1054967.619048
1077824.761905
992700.952381
972601.904762
1264600.000000
1349914.285714
1056668.571429
1218586.666667
1203891.428571
1292967.619048
1076904.761905
1169156.190476
1173255.238095
1274342.857143
1321215.238095
1317487.619048
1373032.380952
1287451.428571
1319510.476190
1304198.095238
1097026.666667
1050659.047619
1029516.190476
950643.809524
1235506.666667
1286984.761905
1228622.857143
1220331.428571
1194289.523810
1329459.047619
1277561.904762
1327887.619048
1074047.619048
1249135.238095
989254.285714
1216126.666667
1135284.761905
1150064.761905
1473542.857143
1425125.238095
1414727.619048
1259144.761905
1068988.571429
981796.190476
1149003.809524
1264466.666667
1285916.190476
1166815.238095
1189933.333333
1172171.428571
1273205.714286
1146350.476190
1133363.809524
1064611.428571
1202790.476190
1209965.714286
1126302.857143
1079563.809524
1026700.952381
1009773.333333
1174540.952381
1127367.619048
1249482.380952
1089847.619048
1171834.285714
1216342.857143
1194367.619048
1213163.809524
1144245.714286
1128438.095238
1144940.952381
1092800.000000
1142417.142857
1155032.380952
1469623.809524
1352222.857143
1418982.857143
1301112.380952
1076710.476190
1209737.142857
1014106.666667
1013866.666667
1263390.476190
1233990.476190
1104619.047619
1182093.333333
1012864.761905
1010754.285714
1128699.047619
998855.238095
1208666.666667
1328489.523810
1110567.619048
1136678.095238
1117120.000000
1235523.809524
1099504.761905
1162664.761905
1073855.238095
1171895.238095
1075220.952381
1141369.523810
1014744.761905
1173853.333333
1123969.523810
1228236.190476
1252817.142857
1384552.380952
1170560.000000
1285977.142857
1682620.952381
1806740.952381
1241710.476190
1463335.238095
1200003.809524
1187540.952381
1232790.476190
1215718.095238
1176857.142857
1201516.190476
1316887.619048
1203093.333333
1067493.333333
1110055.238095
1319087.619048
1361973.333333
905933.333333
1024403.809524
1198982.857143
1110670.476190
1255478.095238
1203643.809524
1342565.714286
1016598.095238
1469666.666667
1175940.952381
1211710.476190
1099563.333333
1376830.476190
1047729.523810
1337161.904762
1069222.857143
1194451.428571
1040396.190476
1209232.380952
1085281.904762
1250531.428571
1061089.523810
1414413.333333
1331088.095238
1309864.761905
1091977.142857
1480853.333333
1213988.571429
1127636.190476
981017.142857
1469613.333333
1769605.714286
1877394.285714
1258217.142857
1418386.666667
1244160.000000
1454786.666667
1281828.095238
1227198.095238
1145836.190476
1251866.666667
1029080.000000
1332340.952381
1264950.476190
1431240.000000
1182223.333333
1479449.523810
1422165.714286
1475752.380952
1334818.571429
1347982.857143
1324095.238095
1343609.523810
1209889.047619
1444668.571429
1702156.666667
1756213.333333
1169227.142857
1430601.904762
1511445.714286
1529826.666667
1007262.857143
1122975.238095
1015398.095238
1354116.190476
1206472.380952
1185392.380952
1032782.857143
1333108.571429
1171034.285714
1249916.190476
1577068.095238
1905001.904762
1188030.476190
1275403.809524
1591847.619048
1562916.190476
1680724.761905
1706947.142857
1349574.285714
1137621.904762
1174240.000000
1392038.095238
1575229.523810
1265053.809524
1267814.285714
1326373.333333
1349803.333333
1711735.238095
2023940.000000
1117125.714286
1160820.952381
975662.857143
1476340.952381
1514078.095238
958476.190476
974533.333333
1119078.095238
967878.095238
1033744.761905
1073219.047619
1164575.238095
1018001.904762
1226245.714286
1199786.666667
1209145.238095
1240108.571429
1169502.857143
1034433.809524
1311097.142857
1029788.571429
1243102.857143
1097417.142857
1155984.761905
1009066.666667
1263651.428571
1002493.333333
1429800.000000
1272419.523810
1257956.190476
1185394.285714
1294579.047619
1169144.761905
1272992.380952
1249222.857143
1391836.190476
1242715.714286
1423843.809524
1167897.142857
1176998.095238
1091022.857143
1313131.428571
1102415.238095
1491209.523810
1186857.619048
1272714.285714
1026810.952381
1489405.714286
1304781.904762
1289902.857143
1464901.904762
1610862.857143
1372705.714286
1129495.238095
1022847.619048
1254535.238095
1185087.619048
1219320.000000
1240992.380952
1713100.952381
1255104.761905
1313990.476190
1109876.190476
1172904.761905
1144167.619048
1361550.000000
1182672.380952
1344554.285714
1309264.761905
1387796.190476
1340204.761905
1247363.809524
1225658.095238
1236672.380952
1312712.380952
1449632.857143
1532255.238095
1280386.666667
1211740.952381
1340711.904762
1432779.047619
1731878.571429
1738979.047619
1419954.285714
1311704.761905
1363992.380952
1304335.238095
987699.047619
1385124.761905
1420000.000000
1733649.523810
1806534.285714
1640494.761905
1451900.952381
1628036.190476
1475047.619048
1386318.095238
1247363.809524
1294729.523810
1227264.761905
1227561.904762
1115645.714286
1168899.047619
1160171.428571
1187883.809524
1190782.857143
1104654.285714
1065946.666667
1208637.142857
1219022.857143
1223935.238095
1092830.476190
1187260.952381
1061925.714286
1284085.714286
1189635.238095
1242204.761905
1110676.190476
1163234.285714
1254998.095238
1734347.142857
1452793.333333
1875260.952381
2107990.952381
1399022.857143
1328342.857143
1356885.714286
1416327.619048
1291224.761905
1321851.428571
1166179.047619
1058173.333333
1332409.523810
1311386.666667
1219400.000000
1179841.904762
1249828.571429
1094880.000000
1447874.285714
1294601.904762
1531769.523810
1463369.523810
1411230.476190
1422921.904762
1380584.761905
1254281.904762
1203339.047619
1104097.142857
1039066.666667
1056794.285714
1749083.809524
1959880.476190
1608173.333333
1574010.476190
1191954.285714
1058462.857143
1306575.238095
1501906.666667
1309937.142857
1231653.333333
1221550.476190
1109462.857143
1035441.904762
1062129.523810
1142142.857143
1116630.476190
1313022.857143
1141192.380952
1103830.476190
984522.380952
1222291.428571
1205194.285714
1421577.142857
1481579.047619
1258291.428571
1008300.952381
1225575.238095
1217919.047619
1092845.714286
1158267.142857
1065232.380952
1037697.142857
1098982.857143
1097818.571429
1115515.238095
1167141.904762
987685.714286
1108649.523810
1533433.333333
1139135.238095
1267022.857143
1047407.619048
1283575.238095
1088222.857143
1271700.952381
1061946.666667
1265201.904762
1089462.857143
1269540.952381
1069594.285714
1204179.047619
948367.619048
1409365.714286
1451075.714286
594380540.952381
2140240.000000
1814242.857143
2010067.142857
2240674.285714
1194175.238095
1694449.523810
1376447.619048
1276908.571429
1480188.571429
1107607.142857
1257057.142857
1241823.333333
1278535.238095
955120.000000
1211106.666667
1156900.476190
1344422.857143
1071626.666667
1186430.476190
1634476.190476
1071971.428571
1096973.333333
1166302.857143
995194.285714
1041238.095238
1284019.047619
1344592.380952
1343150.476190
1473739.047619
1189091.428571
1080556.190476
1021417.142857
1176358.095238
1006487.619048
1016939.047619
1229470.952381
1159607.619048
1063921.904762
1120291.428571
1205666.666667
1163062.380952
1050883.809524
1128820.952381
1266841.904762
1194145.238095
1508780.952381
1105923.333333
1387548.571429
1101704.761905
1294144.761905
1134655.238095
1259645.714286
1318857.142857
1549580.476190
1793356.190476
1672030.476190
1048466.666667
1165449.523810
1280030.952381
1350876.190476
1403220.952381
1078057.142857
1173468.571429
1295917.619048
1249225.238095
1247855.238095
1184561.904762
1196796.666667
1162063.333333
1214714.285714
1179826.190476
1266005.238095
1157881.904762
1226087.619048
1028139.047619
1135220.952381
1030948.571429
1039990.476190
1110489.523810
1148516.190476
1058398.095238
1077053.333333
1062638.095238
1211720.000000
1119415.238095
1143474.285714
1044411.428571
1310308.571429
1222754.285714
1256519.047619
1379614.761905
1469091.904762
1039051.428571
1053645.714286
1083297.142857
1237539.047619
1391375.238095
1276966.666667
1371843.809524
1389761.904762
1365476.190476
1440934.285714
1120716.190476
1272276.190476
1263815.238095
1543367.619048
1314020.952381
1644394.285714
1375481.904762
1607443.809524
1455935.238095
1430763.809524
1139380.952381
1663678.095238
1553510.476190
1442868.571429
1130074.761905
1218620.952381
1271089.523810
1458093.333333
1417114.285714
1355704.761905
1076375.238095
1385889.523810
1205369.523810
1143121.904762
1284973.333333
1566005.714286
1614137.142857
1339116.190476
1743687.619048
2192737.142857
1425718.095238
1454367.619048
1578684.285714
1709965.714286
1490989.047619
1311765.714286
1044289.523810
1281449.523810
1729839.523810
1674337.142857
1670961.904762
1615413.333333
1670466.666667
1040323.809524
1205946.666667
1126329.523810
955796.190476
900819.047619
1406375.238095
1404546.666667
1026860.952381
1144400.000000
997144.761905
1067925.714286
1032887.619048
1033243.809524
1061958.095238
1148819.047619
1110620.952381
1016320.000000
1088001.904762
1107664.761905
1216076.190476
1282636.190476
1037198.095238
1068449.523810
1210914.285714
1205527.619048
1126923.809524
1310220.952381
987961.904762
929135.238095
1389626.666667
1546342.857143
1131354.285714
1193240.000000
1175950.476190
1305443.809524
1305874.285714
1482590.476190
973504.761905
998645.714286
1170485.714286
1301693.333333
1172641.904762
1246982.857143
1349845.714286
1450116.190476
1005377.142857
1233561.904762
1394276.190476
1405390.476190
1422542.857143
1597249.523810
997889.523810
1066978.095238
1110152.380952
1088790.000000
1176205.714286
1248912.380952
1014662.857143
1179959.523810
1282257.142857
1301219.047619
1018716.190476
1026274.285714
1279954.285714
1382655.238095
1172851.428571
1254274.285714
1106188.571429
1173360.000000
1197899.047619
1140369.523810
1198560.000000
1434424.761905
1296727.619048
1455253.333333
944085.714286
1057683.809524
1235841.904762
1054135.238095
1298580.952381
1397337.142857
1238409.523810
1127398.095238
1206005.714286
1084862.857143
1496308.571429
1397148.571429
1218617.142857
1027340.952381
1255872.380952
1270590.476190
1378333.333333
1129213.333333
1359131.428571
1016276.190476
1307274.285714
1215495.238095
1495588.571429
1075173.333333
1402337.142857
1125249.523810
1413139.047619
1054238.095238
1373270.476190
1143012.857143
1408527.619048
1176030.476190
1354032.380952
1222257.142857
3457150.476190
3919274.285714
2186697.142857
2062663.809524
1860192.380952
2038352.380952
1318924.761905
1489809.523810
1585047.619048
1285097.142857
1468937.142857
1361874.285714
1580266.666667
1203651.428571
1330198.095238
1209121.904762
1325920.000000
1304702.857143
1469013.809524
1240895.238095
1373055.238095
1508190.476190
2016320.000000
1329636.190476
1443653.333333
1623433.333333
1849091.428571
1330420.952381
1420161.904762
987228.571429
1379521.904762
1266514.285714
1172398.095238
1243971.428571
1360399.047619
1271299.047619
1261323.809524
1357960.000000
1382518.095238
1388537.142857
1387146.190476
1244352.380952
1290786.666667
1270125.714286
1243504.761905
1319384.761905
1267419.047619
1259046.666667
1306209.523810
1280986.666667
1065899.047619
1101872.380952
1315680.000000
1262478.095238
1147257.619048
1320310.476190
1336857.142857
1192076.190476
1384051.428571
1300529.523810
1427537.142857
1558400.000000
1348059.047619
1141607.619048
1078312.380952
1287558.095238
1406384.761905
1222864.761905
1437061.904762
1192988.571429
1062474.285714
1215201.904762
1188699.047619
1146219.047619
1125344.761905
1052996.190476
981676.190476
1037657.142857
1025643.809524
1037325.714286
1114651.428571
1196497.142857
1175531.904762
1195940.952381
1263388.571429
1207920.000000
1334480.000000
1388897.142857
1365619.047619
1226310.476190
1150137.142857
1115573.333333
1288990.000000
1384640.000000
1410956.190476
1040828.571429
1261790.476190
1297180.952381
1341000.000000
1155131.428571
1569615.238095
1838613.333333
1541601.904762
1939761.904762
1345407.619048
1154080.000000
1119601.904762
1329259.047619
1396489.523810
1022013.333333
1065420.952381
1202384.761905
1254935.238095
1158064.761905
1431727.619048
1452348.095238
1286373.333333
1473116.190476
1657816.666667
1560027.142857
1793427.619048
1614493.809524
1403720.000000
1216933.809524
1179847.619048
1495754.285714
1366472.380952
1444655.238095
1377180.952381
1561045.714286
1431580.952381
1400154.285714
1167790.476190
1438186.666667
1285904.761905
1186413.333333
1232127.619048
1334017.142857
1236257.142857
1291325.714286
1205420.000000
1522596.190476
1225270.476190
1283977.142857
1331982.857143
1247716.190476
1058980.000000
1152630.476190
1101291.428571
1258846.666667
1232020.952381
1423778.571429
1199110.476190
887057.142857
1327036.190476
1139693.333333
1299856.190476
1101889.523810
1062249.523810
1001744.761905
1043786.666667
1035843.809524
1054670.476190
979047.619048
1122735.238095
1369902.857143
1298958.571429
951093.333333
1044382.857143
1134340.952381
1176382.857143
1176939.047619
1263085.238095
1432506.666667
1428747.142857
1271020.952381
1382969.047619
1295083.809524
1184177.619048
1274158.095238
1182479.523810
1261826.666667
1187398.095238
1171910.476190
1101057.619048
1282948.571429
1038575.238095
1390529.523810
1260857.142857
1117739.047619
1048300.952381
1133672.380952
1134638.095238
1302173.333333
1246609.523810
917615.238095
1029579.047619
1377520.000000
1257813.809524
1206963.333333
1107849.047619
1319455.714286
1057249.523810
1055177.142857
955925.714286
1412688.571429
1293054.761905
1131781.904762
1170276.190476
1327809.523810
1181400.000000
1379721.904762
1234272.380952
1354443.809524
1322857.142857
1368169.523810
1387539.047619
1563034.285714
1769840.000000
1322721.904762
1464754.285714
1162281.904762
1068729.523810
1237014.285714
1199493.333333
1126222.857143
1415309.523810
1231158.095238
1629949.523810
1681681.904762
1617531.428571
1490765.714286
1697379.047619
1761966.190476
1306680.000000
1271840.000000
1300543.809524
1161527.619048
1306766.190476
1226929.523810
1277560.000000
1168977.142857
1450377.142857
1364584.761905
1234752.380952
2612794.761905
1295718.095238
1242538.095238
998091.904762
991260.952381
1261534.285714
1162573.333333
1377686.190476
1099961.904762
1763930.476190
1956998.095238
1757001.904762
1586722.380952
1667361.904762
1588121.428571
1694569.523810
1623866.666667
1776157.142857
1627384.761905
1672750.952381
1667512.380952
1571783.809524
1640028.571429
1720190.000000
1529704.761905
1418485.714286
1297594.285714
1406334.761905
1283417.142857
1337243.333333
1427354.285714
1574752.380952
1339028.571429
1652743.809524
1680723.809524
1484904.761905
1915080.000000
1234950.476190
1396912.380952
1358281.904762
1469640.952381
1300131.428571
1312977.142857
1507142.380952
1401780.952381
1305416.190476
1336935.238095
1248651.428571
1369939.047619
1320840.952381
1428041.904762
1266636.666667
1197851.428571
1216186.190476
1477299.047619
1805535.714286
1779514.285714
1639641.904762
1784316.190476
1192017.142857
1178763.809524
1737836.190476
1832735.238095
1601580.952381
1359838.095238
1308121.904762
1140485.714286
1506914.285714
1452976.190476
1384327.619048
1560837.142857
1296281.904762
1392354.285714
1371325.714286
1019733.333333
1077068.571429
1434963.333333
1474603.809524
1407998.095238
1592202.380952
1569449.523810
1887746.190476
1078171.428571
1392708.571429
1291194.285714
1206219.047619
1338649.523810
1311552.380952
1274354.285714
1481228.571429
1449123.809524
1436493.333333
1688594.285714
1382087.619048
1551728.095238
1244426.666667
1193781.904762
1109965.714286
1170719.523810
1144954.285714
1150942.857143
1082462.857143
1123136.666667
1268084.285714
1227298.095238
1236860.952381
1107898.095238
1317417.142857
1282858.095238
1308186.666667
1155761.904762
1328156.190476
1156655.238095
1177860.952381
1218843.809524
1237946.666667
1401078.095238
1065517.619048
1059369.523810
1267324.285714
1388974.285714
1471024.285714
1263680.952381
1237198.571429
1192641.904762
1073542.857143
1099627.619048
1142190.476190
1228861.904762
1243131.428571
1524571.904762
1798780.476190
1454246.190476
1507619.047619
1495860.952381
1301953.333333
1009554.285714
1181176.666667
1244379.047619
1201120.000000
1240933.333333
1519398.095238
1430871.904762
1551953.333333
1254876.666667
1025489.523810
1170908.571429
1285855.714286
1179961.904762
1257499.523810
1152440.952381
1093700.952381
1378598.095238
1424249.523810
1426703.809524
1565572.380952
1612428.571429
1244670.476190
1175091.428571
1337610.000000
1396230.000000
1267697.142857
1218392.857143
1213750.476190
1289584.761905
1164104.285714
1152866.666667
1164871.428571
1237125.714286
1248310.476190
1256771.428571
1630165.714286
1611770.476190
1429121.904762
1530726.666667
1481148.571429
1098769.523810
1148611.428571
973887.619048
1130040.000000
1204190.476190
987132.857143
1020565.714286
1361450.476190
1339129.523810
1006600.000000
983186.666667
989325.714286
1043914.285714
991169.523810
960426.666667
1335545.714286
1387556.190476
1178856.666667
1188811.428571
1172209.047619
1264624.761905
1171594.285714
1168247.619048
1394656.666667
1236916.190476
1093544.761905
1202455.238095
1073049.523810
1283331.428571
1182851.428571
1069920.000000
1095864.761905
1190819.047619
1456032.380952
1494630.476190
1000857.142857
1165984.761905
1126007.142857
1187916.190476
1306736.666667
1133767.619048
1148992.380952
1283260.952381
1122320.000000
1118864.761905
1124474.285714
1195927.619048
1023030.476190
1121569.523810
1159163.809524
1088841.904762
975220.952381
1073672.380952
1125773.333333
1160982.857143
1069000.000000
1026240.000000
1093865.238095
1050211.428571
1105544.761905
1039047.619048
1077427.619048
982582.857143
1314940.952381
1281485.714286
1131933.333333
1184432.380952
1166131.428571
1128948.571429
1155169.523810
1281340.952381
1190613.333333
1229160.000000
1116464.761905
1174434.285714
1289052.857143
1041533.333333
1027171.428571
1147851.428571
1235586.666667
1238752.380952
1096628.571429
1164373.333333
1214998.095238
1278845.714286
986933.333333
1010678.095238
951497.142857
985963.809524
1021647.619048
1057459.047619
1016792.380952
1061224.761905
994498.095238
960807.619048
1015524.285714
922053.333333
1194245.714286
1217291.428571
1284712.857143
1246609.523810
1349645.714286
1257295.238095
1055998.095238
1176683.809524
1300929.523810
1293740.952381
1019175.238095
989356.190476
1243512.380952
1413274.285714
969281.904762
1017485.714286
1006601.904762
928828.571429
1235961.904762
1178529.523810
1145377.142857
1134019.047619
962634.285714
905643.809524
1268243.333333
969411.428571
1339649.523810
1537628.571429
1246299.047619
1345335.238095
1082384.761905
1081508.571429
1044930.476190
1144139.047619
1264653.333333
1389801.904762
1477134.285714
1568236.190476
1248047.619048
1444931.904762
1277895.238095
1393512.380952
1359560.000000
1507455.238095
1165773.333333
1063196.190476
1191908.571429
1154211.428571
906860.952381
1057470.476190
926320.000000
941217.142857
1293132.857143
1380169.523810
1354935.238095
1125842.380952
1263634.285714
1093790.000000
1568312.380952
1463738.095238
1463994.285714
1055912.380952
1424786.666667
1137618.571429
1200140.952381
1006876.190476
1185788.571429
1132464.761905
1418255.238095
1145720.000000
1311971.428571
1235451.428571
1292464.761905
1559192.380952
1438405.714286
1370575.238095
958630.476190
980666.666667
1086228.571429
1111233.809524
970758.095238
1169996.190476
1196251.428571
1109660.952381
1007847.619048
1152179.047619
1029460.952381
1105201.904762
1234451.428571
1262980.952381
1275834.285714
1173006.190476
1137340.952381
1236578.095238
1216731.428571
1377889.523810
1726831.904762
1588080.000000
1428936.190476
1534502.857143
1802642.857143
1280379.047619
1252230.952381
981493.333333
1130331.428571
1270819.523810
1214542.380952
1096346.666667
1290752.380952
1213028.571429
1179297.142857
996643.809524
1396382.857143
1286325.714286
1106651.428571
987200.000000
1286297.142857
1169188.571429
1135674.285714
1066847.619048
1028994.285714
1053169.523810
982232.380952
941851.428571
992230.476190
967438.095238
972666.666667
951243.809524
971567.619048
978744.761905
951847.619048
904476.190476
1028908.571429
1065653.333333
1033914.285714
1020537.142857
945133.333333
962474.285714
981243.809524
947651.428571
1224714.285714
1192687.619048
1158647.619048
1141426.666667
1149003.809524
1097177.142857
937163.809524
905000.000000
1142445.714286
1095007.619048
1164609.523810
1097773.333333
1336459.047619
1197542.857143
1319695.238095
1326192.380952
1229721.904762
1222293.333333
1233003.809524
1338575.238095
1087007.619048
1228173.333333
1034080.000000
1043121.904762
1018464.761905
1006794.285714
907493.333333
996238.095238
982803.809524
984950.476190
980224.761905
975653.333333
986609.523810
1023655.238095
963026.666667
1051518.095238
1227864.761905
1016333.333333
1538299.047619
1581148.571429
1283401.904762
1203428.571429
1290660.952381
1304575.238095
1229150.476190
1226746.666667
1040160.000000
1008963.809524
1295037.619048
1128436.190476
1226290.000000
1161807.619048
1186991.428571
1047527.619048
1198895.238095
1096651.904762
1162535.238095
1063249.523810
1437651.428571
1533236.190476
1405047.619048
1350756.190476
1479605.714286
1227247.619048
1229927.619048
1147380.952381
1174468.571429
1318251.428571
1017019.047619
1021811.428571
1028300.952381
1059209.523810
1065455.238095
1124129.523810
1187636.666667
996422.857143
1086598.095238
1150908.571429
1099164.761905
997250.000000
1075933.333333
1216248.571429
1356302.857143
1111893.333333
1040391.428571
1062700.952381
1043596.190476
1049946.666667
1195453.333333
1290820.000000
1204163.809524
965815.238095
946384.761905
1142552.380952
1201954.285714
906575.238095
893565.714286
1377053.333333
1638780.952381
1159011.428571
1001533.333333
908836.190476
932887.619048
1338040.000000
1169712.380952
968209.523810
1124165.714286
1220236.190476
1082059.047619
1051352.380952
1147390.476190
1425700.952381
1404632.380952
1063476.190476
1349979.047619
1018680.000000
1093708.571429
1052569.523810
983232.380952
994600.000000
1043165.714286
1255121.904762
1159380.952381
941935.238095
985878.095238
1190526.190476
984356.190476
1040144.761905
1037177.142857
1475554.285714
1276405.714286
1063374.761905
1137333.333333
1223320.476190
1095899.047619
1065195.714286
1146352.380952
1020041.904762
1012299.047619
1156518.095238
1187685.714286
1383360.000000
1086017.142857
1209670.476190
1113666.666667
1192575.714286
1130640.000000
1341306.666667
1060667322.380952
2498160.000000
2346040.000000
1879453.333333
1688940.000000
1460120.000000
1213950.476190
885131.428571
1021112.380952
1288817.142857
1286093.333333
865931.428571
1018333.333333
1222190.476190
1014190.476190
1059529.523810
969173.333333
1146011.428571
1058996.190476
1198597.619048
1064946.190476
1415610.952381
1089015.238095
1061276.190476
1028051.428571
1081495.238095
977733.333333
1098973.333333
1090069.047619
1113643.809524
1051480.000000
1291629.523810
1298990.000000
1589838.095238
2005002.857143
1353794.285714
1522037.619048
1556622.857143
1733710.000000
1324093.333333
1151257.142857
1093544.761905
1415689.523810
1348382.857143
1417885.714286
1308927.619048
965603.809524
1167556.190476
1020773.333333
1061828.571429
919034.285714
1044236.190476
1251382.857143
1247194.285714
1486243.809524
1520226.666667
1212466.666667
1290912.380952
1183401.904762
1130436.190476
992019.047619
1014952.380952
1236450.476190
1201786.666667
1216130.476190
1383969.523810
1763556.190476
1270116.190476
1104641.904762
981754.285714
1099165.714286
970956.190476
1440001.904762
1472053.333333
1105872.857143
990131.428571
1401417.619048
1186803.809524
1047769.523810
942287.619048
940756.190476
874220.952381
1127220.952381
1073093.333333
1331390.476190
1235093.333333
1253312.380952
1229910.476190
1250112.380952
1241348.571429
1092367.619048
1052687.619048
957712.380952
1024481.904762
1049632.380952
1038188.571429
992007.619048
1055268.571429
1122243.809524
1166932.380952
1067500.952381
1139867.619048
1148188.571429
1083658.095238
1075752.380952
1139560.000000
1109641.904762
1114112.380952
1190630.476190
1158126.666667
1392735.238095
1551261.904762
1756897.142857
1870142.857143
1557961.904762
1485877.142857
1431228.571429
1667348.571429
1012453.333333
1299900.952381
1405849.523810
1302188.571429
1500099.047619
1449846.666667
1434942.857143
1162100.952381
1241921.904762
1226089.523810
1311445.714286
1236219.047619
1131638.095238
1321036.190476
1444902.857143
1290394.761905
1295693.333333
1042847.619048
1220567.619048
1140937.142857
1269720.000000
1093691.428571
1170032.380952
1206352.380952
1314809.523810
1548287.619048
1298622.857143
1510030.476190
1716794.285714
1072565.714286
1035424.761905
955819.047619
1112249.523810
1046731.428571
1149773.333333
928354.285714
1113266.666667
1002020.952381
1112116.190476
1255211.428571
954935.238095
1281765.714286
1061700.000000
1430043.809524
1261743.809524
1336190.476190
1736752.380952
1049933.333333
1140643.809524
1122502.857143
1011441.904762
1113822.857143
1344727.619048
1332632.380952
1096605.714286
1255125.714286
1158664.761905
1212377.142857
1245910.476190
1423676.190476
1142820.952381
1068001.904762
1150241.904762
1555773.333333
1274432.380952
1259851.428571
1406207.619048
1577304.761905
1539803.809524
1772626.190476
1857165.714286
1503186.666667
1819876.190476
1543354.285714
1662066.666667
1209765.714286
1478283.809524
1366175.238095
1640320.000000
1404958.095238
1792731.428571
1655022.857143
1742855.238095
1711160.000000
1346573.333333
1871447.619048
1423128.095238
1119733.333333
1105768.095238
1535931.904762
1328408.095238
1523186.666667
1454889.523810
1536912.380952
1866859.047619
1450443.809524
1696988.571429
1339106.666667
1166328.095238
1210057.142857
1457380.000000
1104590.476190
1311804.285714
1075805.714286
1182326.190476
1317965.714286
1459272.380952
1229638.095238
1378358.095238
1369152.380952
1493533.333333
966285.714286
1045567.619048
1257409.523810
1393106.666667
1012409.523810
1226183.809524
896350.476190
1099668.571429
1281834.285714
1183462.857143
1193521.904762
1145083.809524
1193125.714286
1183367.619048
1347333.333333
1339841.428571
1225811.428571
1473258.095238
1259026.666667
1147880.000000
961137.142857
970737.142857
969876.190476
1232007.619048
1102091.428571
984276.190476
1203006.666667
1050647.619048
1080235.238095
910190.476190
1009628.571429
922367.619048
1084539.047619
1174051.428571
1007449.523810
1181580.952381
1134131.428571
1270876.190476
1025146.666667
1226201.904762
1086377.142857
1375034.285714
1238704.761905
1118855.238095
1005373.333333
1201518.095238
1112897.142857
1245139.047619
1163687.142857
1328295.238095
1105669.523810
1110447.619048
1023165.714286
1361030.476190
1284119.047619
1161552.380952
1135278.095238
1466078.095238
1184114.285714
1310809.523810
1238847.619048
1269811.428571
1058099.047619
1131392.380952
1012700.952381
1424792.380952
1306295.238095
1363017.142857
1353996.190476
1263160.000000
1274544.761905
1027182.857143
1161948.571429
1139807.619048
1195657.142857
1336733.333333
1107106.666667
1026746.666667
1070756.190476
1226259.047619
1033049.523810
1387306.666667
1307062.857143
1190925.714286
1036177.142857
1197392.380952
964851.428571
1152748.571429
1155590.476190
1189419.047619
1310580.952381
1321125.714286
1345217.142857
1093419.047619
1109367.619048
1111085.714286
1111520.000000
1101817.142857
1095100.952381
1138350.476190
1060813.333333
1087207.619048
1044598.095238
1204615.238095
1035238.095238
1169973.333333
1068916.190476
1181540.952381
1232350.476190
1025085.714286
1032689.523810
1125649.523810
1152464.761905
1142788.571429
1012106.666667
1205036.190476
1016175.238095
1242620.952381
1242060.952381
1182363.809524
1178190.476190
1332500.476190
1369655.238095
1614400.000000
1822028.571429
1892674.285714
1473125.714286
1848862.857143
1610800.000000
1242996.190476
1185780.952381
1611285.714286
1402280.000000
1203327.619048
1396497.142857
1279045.714286
1230705.714286
1406723.809524
1376468.571429
1466251.428571
1325992.380952
1502565.714286
1468224.761905
1448036.190476
1334144.761905
1386158.095238
1344573.333333
1632636.190476
1615298.095238
1417280.000000
1322592.380952
1536980.952381
1084346.666667
1311956.190476
1199807.619048
1284499.047619
1276356.190476
1399765.714286
1206788.571429
1591681.904762
1767813.333333
1798350.476190
1243129.523810
1578055.238095
1387481.904762
1467420.952381
1244133.333333
1391514.285714
1411295.238095
1359419.047619
1914348.571429
1450491.428571
1338060.952381
1248666.666667
1178363.809524
1209000.000000
1426963.809524
1575680.000000
1281613.333333
1273182.857143
1416398.095238
1728158.095238
1295826.666667
1020191.904762
1636899.047619
1897650.000000
1413358.095238
1625023.809524
1403693.333333
1417817.142857
1441544.761905
1491975.238095
1262628.571429
1281704.761905
1322224.761905
1411630.476190
1595702.857143
1845028.095238
1439824.285714
1614228.095238
1433628.571429
1374590.000000
1401522.380952
1392622.380952
1481476.190476
1297916.190476
1576245.714286
1666268.095238
1244047.619048
1357767.619048
974862.857143
1059007.619048
1168563.809524
1269022.857143
1080876.190476
1346095.238095
984076.190476
1070133.333333
1292569.523810
1073700.952381
918401.904762
1146100.952381
1233596.190476
1315645.714286
971531.428571
1056325.714286
994535.238095
1072742.857143
966300.952381
1076544.761905
1356777.142857
1291594.285714
1258792.380952
1550323.809524
1033209.523810
1154339.047619
1308392.380952
1321790.476190
1305960.000000
1439594.285714
1170792.380952
1301401.904762
1281415.238095
1523472.380952
974215.238095
1282108.571429
1212493.333333
985994.285714
1072687.619048
1069775.238095
1233708.571429
1294272.380952
1304419.047619
1252424.761905
1111369.523810
1658361.904762
1396611.428571
1239906.666667
1546493.333333
1343946.666667
1539550.476190
1157699.047619
1017668.571429
1077464.761905
996760.000000
1052803.809524
1273603.809524
1138180.952381
1302813.333333
1204392.380952
1284531.428571
1273662.857143
1079620.952381
1256413.333333
1169750.476190
1162424.761905
978611.428571
1205845.714286
1040916.190476
1165066.666667
1342925.238095
1271316.190476
1345977.142857
1269053.333333
1752234.285714
1261678.095238
1354640.000000
1302453.333333
1046866.666667
1120394.285714
982798.095238
1035481.904762
1324230.476190
1272246.666667
792664.761905
1010859.047619
1125376.666667
1191925.714286
1064198.095238
980224.761905
1082653.333333
1054348.571429
1173200.000000
1063904.285714
1123216.190476
1015927.619048
1016327.619048
1110283.809524
1314249.523810
1053079.523810
1190257.142857
1015563.809524
1011339.047619
969093.333333
1233521.428571
1149787.619048
948316.190476
1342746.190476
1607792.380952
1613222.380952
1385432.380952
1530712.380952
1258419.047619
1157939.047619
945805.714286
1236919.523810
940775.238095
951954.285714
1188017.142857
1082615.238095
1167095.238095
1265133.809524
1184239.047619
1532325.714286
1294622.857143
1407049.523810
1511885.714286
1168763.809524
1422472.380952
1468516.190476
1399078.095238
1102228.571429
1125148.571429
1474592.380952
1477910.952381
1177657.142857
1096184.285714
1138199.047619
1061270.476190
1077182.857143
1371440.000000
1287392.380952
1092180.952381
1052963.809524
1383897.142857
1480001.904762
1230782.857143
1292373.333333
1341240.000000
1373876.190476
1293323.809524
1327737.142857
1215596.190476
1093855.238095
1136862.857143
1138801.904762
1131405.714286
1339438.095238
1203920.000000
1148733.333333
1408099.047619
1549864.761905
1116678.095238
1056302.857143
1125365.714286
1202596.190476
1064213.333333
1197910.476190
1179083.809524
1082516.190476
1394262.857143
1424920.000000
904264.761905
1092680.000000
1149910.476190
1056651.428571
986813.333333
1084841.904762
1145744.761905
1175583.809524
1010912.380952
1116459.047619
1143744.761905
1158557.142857
1235792.380952
1293524.761905
1279129.523810
1243042.857143
1392131.428571
1509379.523810
1462948.571429
1109399.523810
1326984.761905
1241443.333333
1276472.380952
1719296.190476
1044674.285714
1162609.523810
1024041.904762
1541453.333333
1507045.714286
1354081.904762
1312449.523810
978118.095238
993112.380952
1308287.142857
1263758.095238
1429659.047619
1168939.047619
1429975.238095
1149702.380952
1487918.095238
1134647.619048
1367708.571429
1072245.238095
1267424.761905
1025484.761905
1307340.952381
1134462.380952
1343403.809524
1158889.047619
1449234.285714
970948.571429
1376076.190476
1092617.142857
1410651.428571
1193739.047619
1478716.190476
1279194.285714
1414169.523810
1242020.952381
1489220.952381
1162931.428571
1307241.904762
1146215.238095
1365533.333333
1236274.761905
1346790.476190
1164963.809524
1343843.809524
1506233.809524
1891162.380952
1639211.428571
1438723.809524
1264339.047619
1215015.238095
1179864.761905
1334853.333333
1115540.000000
1510144.761905
1380006.666667
1195241.904762
1339545.714286
1656137.142857
1796295.238095
1297249.523810
1129782.857143
981920.000000
1142758.095238
1083380.952381
1169350.952381
1144474.285714
930876.190476
1057038.095238
957633.809524
925272.380952
951885.714286
1008211.428571
965329.523810
932592.380952
1054601.904762
1166744.761905
890900.952381
980320.000000
986436.190476
1006445.714286
976731.428571
1011323.809524
1097497.142857
1139320.000000
976287.619048
980356.190476
1443876.190476
1529445.714286
1126070.476190
1284043.809524
959100.952381
988819.047619
1387055.238095
1273811.428571
870617.142857
1083297.142857
1273855.238095
1330299.047619
1160880.000000
1460546.666667
1279264.761905
1231798.095238
1383826.666667
1597984.761905
1126409.523810
1111512.380952
1455579.047619
1488773.333333
915887.619048
1081167.619048
1067420.952381
1031514.285714
1104920.000000
950636.190476
1148516.190476
1088838.095238
1245758.095238
1679562.857143
1540523.809524
1612971.904762
1200706.666667
937708.571429
1035371.428571
1163800.000000
1066805.714286
1226293.333333
1201505.714286
1316409.523810
1269656.190476
1169411.428571
1293166.190476
1457310.476190
1352056.190476
1418720.000000
1974254.761905
1847723.809524
1399815.238095
1471554.285714
1122200.000000
1087066.666667
1099601.904762
1156400.000000
979592.380952
1076430.476190
1217792.857143
1195668.571429
1091374.761905
1120259.047619
1345739.523810
1316590.476190
1002832.380952
1124660.952381
1229045.714286
1198068.571429
996238.095238
1113156.190476
1012514.285714
1056361.904762
1077053.333333
1151114.285714
1030289.523810
1093942.857143
1016163.809524
1051851.428571
1062182.857143
1145201.904762
988763.809524
1021363.809524
1095238.095238
1008904.761905
1030091.428571
945300.952381
1020373.333333
1078180.952381
1226022.857143
1089100.952381
1047787.619048
1293184.761905
1186017.142857
1296388.571429
1190881.904762
1482171.428571
1371789.047619
1108786.666667
1079493.333333
1728537.142857
1640841.904762
1464773.333333
1332756.190476
1164226.666667
1169289.523810
1148569.523810
1107946.666667
1292308.571429
1509561.428571
1467635.238095
1301371.428571
1549347.142857
1375466.666667
987266.666667
1507742.857143
1582605.714286
1182748.571429
1124640.000000
1510160.000000
1431900.952381
1185268.571429
1031127.619048
1138756.666667
1093805.714286
1110871.904762
1089222.857143
1230424.761905
1374324.761905
1369737.142857
1345777.142857
1312826.666667
1034900.952381
1096348.571429
1165859.047619
1278276.190476
1308514.285714
1289481.904762
1147245.714286
1091158.095238
1193470.476190
1245752.380952
1089727.619048
1101815.238095
1060464.761905
1115118.095238
1072602.857143
1010558.095238
1117188.571429
1162829.047619
1141404.761905
1312519.523810
1333605.714286
1138194.285714
2352601.428571
1792785.238095
1786536.666667
1783475.238095
1993709.523810
1935884.761905
1116777.142857
1298213.809524
1068262.857143
1342460.000000
1303568.095238
1272134.285714
1133274.285714
1241311.904762
1152221.428571
1037068.571429
1125367.619048
1047625.238095
1031300.952381
1133714.285714
978137.142857
1061139.047619
906801.904762
973013.333333
1040293.333333
1076268.571429
953179.047619
1076960.000000
1247272.380952
1256219.047619
1040260.952381
1121190.476190
1240072.380952
1352213.333333
911548.571429
951278.095238
1319844.761905
1371041.428571
1349999.047619
1599482.380952
1071994.285714
1273314.285714
1313173.333333
901841.904762
1129863.333333
1194723.809524
1139348.571429
1313644.761905
1106146.666667
1173841.904762
977438.095238
1151697.142857
1104049.523810
1302668.571429
1180420.952381
1186432.380952
1256775.238095
1328372.380952
954287.619048
1224986.666667
1236660.000000
1234262.857143
1069275.238095
1456032.380952
1238813.333333
1100386.666667
1009462.857143
1310017.142857
1242325.714286
1191135.714286
985565.714286
1571890.952381
1267809.523810
1265790.952381
1256573.333333
1008662.380952
1107929.523810
974747.619048
1089093.333333
1218995.714286
1299767.619048
1219898.095238
1015643.809524
1166085.714286
1085245.714286
1165489.523810
1057321.904762
1364984.761905
1481268.571429
1536830.476190
1183107.142857
1376571.428571
1382028.571429
1496615.238095
1375893.333333
1451074.285714
1205050.952381
1171600.000000
966900.952381
1256845.714286
1132339.047619
1303102.857143
1314390.476190
1402173.333333
1240564.285714
1351142.857143
1151238.095238
1319927.619048
1356776.666667
1254207.619048
1297108.571429
1742792.380952
1469573.333333
1612245.714286
1299926.190476
1217603.809524
1008760.000000
1208796.190476
1224203.809524
1191310.476190
1099860.952381
1197937.142857
1173428.571429
1314834.285714
1115870.476190
1179226.666667
1320912.380952
1203820.952381
1320708.571429
976270.476190
942224.761905
1142980.476190
1069733.333333
1020491.428571
1554148.095238
1602240.000000
1712903.809524
1104391.428571
1079270.476190
1081605.714286
1136447.619048
1013415.238095
1198824.761905
983518.095238
1088001.904762
1326541.428571
1281295.238095
1000428.571429
1115420.952381
1009400.000000
1043398.095238
983194.285714
1162609.523810
1226914.285714
1063497.142857
1007234.285714
1173567.619048
967626.666667
1168179.047619
1092265.238095
1170895.238095
1289384.761905
1137339.047619
1060173.333333
1090088.095238
955373.333333
977321.904762
1145373.333333
991333.333333
991878.095238
1077668.571429
1080314.285714
1132302.857143
1030651.428571
1194468.571429
1070026.666667
1186714.285714
1109306.666667
1166912.380952
1234201.904762
1030988.571429
1088285.714286
1181514.285714
1152587.619048
1032445.714286
1118171.428571
1132401.904762
1121161.904762
1188939.047619
1279547.619048
1277062.857143
1203849.523810
1153211.428571
1208463.333333
1124796.190476
1094270.476190
1044843.809524
1227788.571429
1023998.095238
1209214.285714
1115384.761905
1187011.428571
1105982.857143
1343276.190476
1433691.428571
1075506.666667
1106674.285714
1175253.333333
1164150.476190
1305537.142857
1511514.285714
1091756.190476
1154156.190476
1069091.428571
1088725.714286
1127447.619048
1129841.904762
1128451.428571
1195824.761905
1167628.571429
1227699.047619
1166419.047619
1272230.476190
1076620.952381
1157789.047619
1140457.142857
1114440.000000
1035405.714286
1147158.095238
1290514.285714
1193245.714286
1314491.428571
1361632.380952
1177470.476190
1222007.619048
1130609.523810
1189539.047619
1134057.142857
1227979.047619
1372380.952381
1332339.047619
1420316.190476
1807736.666667
1329520.000000
1258139.523810
1314543.809524
1299192.380952
1082830.476190
1073032.380952
1053845.714286
1066020.952381
1211920.000000
1098285.714286
1586059.523810
1422952.380952
1362049.523810
1482123.809524
1323430.476190
1368306.666667
1297001.904762
1184820.952381
1571490.952381
1499507.142857
1594156.190476
1529891.428571
1104992.380952
1016556.190476
1412654.285714
1229731.428571
1007990.476190
1048394.285714
1176017.142857
1007708.571429
1202668.571429
1077638.095238
1295185.714286
1327161.904762
1358650.476190
1175497.142857
1520001.904762
1307680.952381
1158988.571429
1120270.476190
1462375.238095
1393113.333333
1464807.619048
1098714.285714
1202167.619048
1208631.428571
1293125.714286
1071148.571429
1206725.238095
1115512.380952
1209685.714286
1041461.904762
1339413.333333
1372255.238095
1243268.571429
1071327.619048
1397727.619048
1173660.952381
1087424.761905
1135652.857143
1229840.000000
1302068.571429
1268069.047619
1036727.619048
1064832.380952
997516.190476
1011613.333333
1152453.333333
1044580.952381
552852388.095238
2432020.000000
2222936.666667
1833080.000000
2181246.666667
1434916.190476
1692815.238095
1450641.904762
1447097.142857
1010296.666667
1125080.952381
1178017.142857
1018575.238095
966447.619048
966689.523810
967817.142857
966601.904762
992569.523810
1065285.714286
1088375.238095
977809.523810
1028803.809524
1009571.428571
1073022.857143
1008775.238095
1059169.523810
975986.666667
937413.333333
1277857.142857
1373895.238095
1285638.095238
1198278.571429
1097158.095238
1045342.857143
1266980.476190
1243980.952381
1016159.047619
1098992.380952
1073683.809524
1125480.000000
1023167.619048
1042851.428571
1026935.238095
1115737.142857
1019017.142857
1059948.571429
1144523.809524
1213005.714286
1064739.047619
1119521.904762
1367203.809524
1432392.380952
1282015.238095
1270998.095238
1230550.476190
1237586.666667
1229919.523810
1069798.095238
1061679.047619
1156571.428571
1463290.952381
1222729.523810
1257430.476190
1322960.952381
1336857.142857
1062946.666667
1423260.952381
1389326.666667
1243012.380952
1230605.714286
1152037.142857
1256005.714286
1144512.380952
1123548.571429
1107203.809524
1291900.952381
1561165.238095
1196140.952381
1212110.476190
1145436.190476
1180184.761905
1158610.476190
1267986.666667
1250244.285714
1365782.857143
1206915.714286
1595954.285714
1295868.571429
1219937.142857
1246822.857143
1675940.476190
1485148.571429
1388638.095238
1300529.523810
1344196.190476
1316662.857143
1149822.857143
1091678.095238
1338603.809524
1336316.190476
1266590.476190
1232680.000000
1336407.619048
1337693.333333
1046045.714286
1076060.952381
1210240.000000
1250862.857143
1371784.761905
1321238.095238
1082224.761905
1108316.190476
1019740.952381
1045472.380952
1242350.476190
1222293.333333
1099512.380952
1123104.761905
995342.857143
992365.714286
1156163.809524
1015337.142857
1115866.666667
1162272.380952
1330573.333333
1185979.047619
1301415.238095
1196547.619048
1164032.380952
1302730.952381
1235961.904762
1090781.428571
1134918.095238
1097537.142857
1071725.714286
1166291.904762
1055640.000000
1169685.714286
1046617.142857
1168912.380952
1118011.428571
1143760.000000
1120758.095238
1109883.333333
1116388.571429
1228030.476190
1244504.761905
1344768.095238
1091361.904762
1159895.238095
1112344.761905
1159574.761905
1159428.571429
1344823.333333
1186609.523810
1162622.380952
1156980.952381
1280245.714286
1256312.380952
1196323.809524
