0.976667
0.953333
0.943333
0.956667
0.970000
0.983333
0.980000
0.963333
0.960000
0.933333
0.956667
0.946667
0.963333
0.986667
0.980000
0.960000
0.963333
0.956667
0.943333
0.940000
0.963333
0.980000
0.993333
0.953333
0.960000
0.946667
0.950000
0.950000
0.963333
0.970000
0.983333
0.980000
0.963333
0.960000
0.933333
0.956667
0.946667
0.963333
0.986667
0.980000
0.960000
0.963333
0.956667
0.943333
0.940000
0.963333
0.980000
0.993333
0.953333
0.960000
0.946667
0.950000
0.950000
0.963333
0.970000
0.983333
0.980000
0.963333
0.960000
0.933333
0.956667
0.946667
0.963333
0.986667
0.980000
0.960000
0.963333
0.956667
0.943333
0.940000
0.963333
0.980000
0.993333
0.953333
0.960000
0.946667
0.950000
0.950000
0.963333
0.970000
0.983333
0.980000
0.963333
0.960000
0.933333
0.956667
0.946667
0.963333
0.986667
0.980000
0.960000
0.963333
0.956667
0.943333
0.940000
0.963333
0.980000
0.993333
0.953333
0.960000
0.946667
0.950000
0.950000
0.963333
0.970000
0.983333
0.980000
0.963333
0.960000
0.933333
0.956667
0.946667
0.963333
0.986667
0.980000
0.960000
0.963333
0.956667
0.943333
0.940000
0.963333
0.980000
0.993333
0.953333
0.960000
0.946667
0.950000
0.950000
0.963333
0.970000
0.983333
0.980000
0.963333
0.960000
0.933333
0.956667
0.946667
0.963333
0.986667
0.980000
0.960000
0.963333
0.956667
0.943333
0.940000
0.963333
0.980000
0.993333
0.953333
0.960000
0.946667
0.950000
0.950000
0.963333
0.970000
0.983333
0.980000
0.963333
0.960000
0.933333
0.956667
0.946667
0.963333
0.986667
0.980000
0.960000
0.963333
0.956667
0.943333
0.940000
0.963333
0.980000
0.993333
0.953333
0.960000
0.946667
0.950000
0.950000
0.963333
0.970000
0.983333
0.980000
0.963333
0.960000
0.933333
0.956667
0.946667
0.963333
0.986667
0.980000
0.960000
0.963333
0.956667
0.943333
0.940000
0.963333
0.980000
0.993333
0.953333
0.960000
0.946667
0.950000
0.950000
0.963333
0.970000
0.983333
0.980000
0.963333
0.960000
0.933333
0.956667
0.946667
0.963333
0.986667
0.980000
0.960000
0.963333
0.956667
0.943333
0.940000
0.963333
0.980000
0.993333
0.953333
0.960000
0.946667
0.950000
0.950000
0.963333
0.970000
0.983333
0.980000
0.963333
0.960000
0.933333
0.956667
0.946667
0.963333
0.986667
0.980000
0.960000
0.963333
0.956667
0.943333
0.940000
0.963333
0.980000
0.993333
0.953333
0.960000
0.946667
0.950000
0.950000
0.963333
0.970000
0.983333
0.980000
0.963333
0.960000
0.933333
0.956667
0.946667
0.963333
0.986667
0.980000
0.960000
0.963333
0.956667
0.943333
0.940000
0.963333
0.980000
0.993333
0.953333
0.960000
0.946667
0.950000
0.950000
0.963333
0.970000
0.983333
0.980000
0.963333
0.960000
0.933333
0.013333
0.526667
0.960000
0.956667
0.970000
0.990000
0.980000
0.950000
0.966667
0.933333
0.956667
0.946667
0.963333
0.986667
0.980000
0.960000
0.963333
0.956667
0.943333
0.940000
0.963333
0.980000
0.993333
0.953333
0.960000
0.946667
0.950000
0.950000
0.963333
0.970000
0.983333
0.980000
0.963333
0.960000
0.933333
0.956667
0.946667
0.963333
0.986667
0.980000
0.960000
0.963333
0.956667
0.943333
0.940000
0.963333
0.980000
0.993333
0.953333
0.960000
0.946667
0.950000
0.950000
0.963333
0.970000
0.983333
0.980000
0.963333
0.960000
0.933333
0.956667
0.946667
0.963333
0.986667
0.980000
0.960000
0.963333
0.956667
0.943333
0.940000
0.963333
0.980000
0.993333
0.953333
0.960000
0.946667
0.950000
0.950000
0.963333
0.970000
0.983333
0.980000
0.963333
0.960000
0.933333
0.956667
0.946667
0.963333
0.986667
0.980000
0.960000
0.963333
0.956667
0.943333
0.940000
0.963333
0.980000
0.993333
0.953333
0.960000
0.946667
0.950000
0.950000
0.963333
0.970000
0.983333
0.980000
0.963333
0.960000
0.933333
0.956667
0.946667
0.963333
0.986667
0.980000
0.960000
0.963333
0.956667
0.943333
0.940000
0.963333
0.980000
0.993333
0.953333
0.960000
0.946667
0.950000
0.950000
0.963333
0.970000
0.983333
0.980000
0.963333
0.960000
0.933333
0.956667
0.946667
0.963333
0.986667
0.980000
0.960000
0.963333
0.956667
0.943333
0.940000
0.963333
0.980000
0.993333
0.953333
0.960000
0.946667
0.950000
0.950000
0.963333
0.970000
0.983333
0.980000
0.963333
0.960000
0.933333
0.956667
0.946667
0.963333
0.986667
0.980000
0.960000
0.963333
0.956667
0.943333
0.940000
0.963333
0.980000
0.993333
0.953333
0.960000
0.946667
0.950000
0.950000
0.963333
0.970000
0.983333
0.980000
0.963333
0.960000
0.933333
0.956667
0.946667
0.963333
0.986667
0.980000
0.960000
0.963333
0.956667
0.943333
0.940000
0.963333
0.980000
0.993333
0.953333
0.960000
0.946667
0.950000
0.950000
0.963333
0.970000
0.983333
0.980000
0.963333
0.960000
0.933333
0.956667
0.946667
0.963333
0.986667
0.980000
0.960000
0.963333
0.956667
0.943333
0.940000
0.963333
0.980000
0.993333
0.953333
0.960000
0.946667
0.950000
0.950000
0.963333
0.970000
0.983333
0.980000
0.963333
0.960000
0.933333
0.956667
0.946667
0.963333
0.986667
0.980000
0.960000
0.963333
0.956667
0.943333
0.940000
0.963333
0.980000
0.993333
0.953333
0.960000
0.946667
0.950000
0.950000
0.963333
0.970000
0.983333
0.980000
0.963333
0.960000
0.933333
0.956667
0.946667
0.963333
0.986667
0.980000
0.960000
0.963333
0.956667
0.943333
0.940000
0.963333
0.980000
0.993333
0.953333
0.960000
0.946667
0.950000
0.950000
0.963333
0.970000
0.983333
0.980000
0.963333
0.960000
0.933333
0.956667
0.946667
0.963333
0.986667
0.980000
0.960000
0.963333
0.956667
0.943333
0.940000
0.963333
0.980000
0.993333
0.953333
0.960000
0.946667
0.950000
0.950000
0.963333
0.970000
0.983333
0.980000
0.963333
0.960000
0.933333
0.956667
0.946667
0.963333
0.986667
0.980000
0.960000
0.963333
0.956667
0.943333
0.940000
0.963333
0.980000
0.993333
0.953333
0.960000
0.946667
0.950000
0.950000
0.963333
0.970000
0.983333
0.980000
0.963333
0.960000
0.933333
0.956667
0.946667
0.963333
0.986667
0.980000
0.960000
0.963333
0.956667
0.943333
0.940000
0.963333
0.980000
0.993333
0.953333
0.960000
0.946667
0.950000
0.950000
0.963333
0.970000
0.983333
0.980000
0.963333
0.960000
0.933333
0.956667
0.946667
0.963333
0.986667
0.980000
0.960000
0.963333
0.956667
0.943333
0.940000
0.963333
0.980000
0.993333
0.953333
0.960000
0.946667
0.950000
0.333333
0.653333
0.790000
0.950000
0.963333
0.986667
0.980000
0.960000
0.963333
0.956667
0.943333
0.940000
0.963333
0.980000
0.993333
0.953333
0.960000
0.946667
0.950000
0.950000
0.963333
0.970000
0.983333
0.980000
0.963333
0.960000
0.933333
0.956667
0.946667
0.963333
0.986667
0.980000
0.960000
0.963333
0.956667
0.943333
0.940000
0.963333
0.980000
0.993333
0.953333
0.960000
0.946667
0.950000
0.950000
0.963333
0.970000
0.983333
0.980000
0.963333
0.960000
0.933333
0.956667
0.946667
0.963333
0.986667
0.980000
0.960000
0.963333
0.956667
0.943333
0.940000
0.963333
0.980000
0.993333
0.953333
0.960000
0.946667
0.950000
0.950000
0.963333
0.970000
0.983333
0.980000
0.963333
0.960000
0.933333
0.956667
0.946667
0.963333
0.986667
0.980000
0.960000
0.963333
0.956667
0.943333
0.940000
0.963333
0.980000
0.993333
0.953333
0.960000
0.946667
0.950000
0.950000
0.963333
0.970000
0.983333
0.980000
0.963333
0.960000
0.933333
0.956667
0.946667
0.963333
0.986667
0.980000
0.960000
0.963333
0.956667
0.943333
0.940000
0.963333
0.980000
0.993333
0.953333
0.960000
0.946667
0.950000
0.950000
0.963333
0.970000
0.983333
0.980000
0.963333
0.960000
0.933333
0.956667
0.946667
0.963333
0.986667
0.980000
0.960000
0.963333
0.956667
0.943333
0.940000
0.963333
0.980000
0.993333
0.953333
0.960000
0.946667
0.950000
0.950000
0.963333
0.970000
0.983333
0.980000
0.963333
0.960000
0.933333
0.956667
0.946667
0.963333
0.986667
0.980000
0.960000
0.963333
0.956667
0.943333
0.940000
0.963333
0.980000
0.993333
0.953333
0.960000
0.946667
0.950000
0.950000
0.963333
0.970000
0.983333
0.980000
0.963333
0.960000
0.933333
0.956667
0.946667
0.963333
0.986667
0.980000
0.960000
0.963333
0.956667
0.943333
0.940000
0.963333
0.980000
0.993333
0.953333
0.960000
0.946667
0.950000
0.950000
0.963333
0.970000
0.983333
0.980000
0.963333
0.960000
0.933333
0.956667
0.946667
0.963333
0.986667
0.980000
0.960000
0.963333
0.956667
0.943333
0.940000
0.963333
0.980000
0.993333
0.953333
0.960000
0.946667
0.950000
0.950000
0.963333
0.970000
0.983333
0.980000
0.963333
0.960000
0.933333
0.956667
0.946667
0.963333
0.986667
0.980000
0.960000
0.963333
0.956667
0.943333
0.940000
0.963333
0.980000
0.993333
0.953333
0.960000
0.946667
0.950000
0.950000
0.963333
0.970000
0.983333
0.980000
0.963333
0.960000
0.933333
0.956667
0.946667
0.963333
0.986667
0.980000
0.960000
0.963333
0.956667
0.943333
0.940000
0.963333
0.980000
0.993333
0.953333
0.960000
0.946667
0.950000
0.950000
0.963333
0.970000
0.983333
0.980000
0.963333
0.960000
0.933333
0.956667
0.946667
0.963333
0.986667
