3083430.000000
3569831.428571
3257185.714286
4102768.571429
4426252.857143
4001861.428571
2669570.000000
3724865.714286
4005687.142857
4027552.857143
4389405.714286
3992201.428571
2213960.000000
4019696.666667
3934601.904762
4239917.619048
4760133.809524
1696050.952381
1653041.904762
3615650.476190
3883283.809524
4048683.809524
4284041.428571
2472536.190476
1062112.380952
1987872.380952
2876723.809524
3038265.238095
3167905.714286
3495681.904762
1328021.904762
3779511.904762
4375959.523810
4354402.857143
5019101.904762
4987604.761905
1119487.619048
1428141.904762
3053203.809524
2179009.523810
1173460.952381
2836346.666667
3485961.904762
3571578.571429
3136567.619048
1270712.380952
1245250.476190
981589.523810
1694836.190476
2897118.095238
3153074.285714
3990790.000000
2471726.190476
1114427.619048
1554558.095238
1610707.619048
3246023.809524
3516796.666667
2489970.476190
3020554.285714
2017760.000000
3035688.095238
3892528.571429
4120694.285714
2789421.904762
873118.095238
1711989.047619
1698608.571429
1822552.380952
2713320.000000
3384195.238095
2928157.142857
3395895.714286
3431640.000000
1327887.619048
2885423.809524
3263012.380952
2974607.142857
3253525.238095
2038845.714286
2722034.761905
3544619.523810
2095541.904762
2611264.761905
2059070.476190
1040856.190476
1998039.523810
3037947.142857
2896714.761905
2671822.380952
1182815.238095
1728055.238095
2187393.333333
1425561.904762
2164348.571429
3037996.190476
3759009.523810
3742157.619048
3452303.809524
4011010.952381
4058252.857143
3683027.619048
4053200.000000
1130683.333333
1265390.476190
1951281.904762
2840438.095238
3013091.428571
3044801.904762
3238851.904762
1669855.238095
4079641.428571
4665059.523810
5290840.000000
5285510.000000
5350292.380952
3473290.000000
3036136.666667
3691253.333333
3413118.571429
2185007.619048
2686967.619048
3216873.333333
3823369.523810
4378864.285714
5208417.142857
4942453.809524
4511427.619048
1702370.000000
3800680.000000
4015720.000000
3898865.238095
4180573.333333
2107845.714286
1447267.142857
1939200.000000
2529647.619048
2168481.904762
2185760.000000
1863299.047619
2473335.714286
1891050.476190
1977572.380952
921460.000000
2127478.095238
2836789.523810
3315253.809524
3169064.761905
2979598.571429
2232598.095238
2266875.714286
2968578.095238
1802660.000000
2245572.380952
2762468.095238
1096452.380952
1816007.619048
3403629.523810
3561580.000000
3639805.714286
3571023.809524
1867828.571429
2817725.714286
3121838.095238
2913112.380952
1501091.904762
2024786.190476
1387227.619048
1022961.904762
3911996.190476
4333325.714286
4030573.333333
4422499.047619
4290285.714286
2502148.095238
3800089.047619
4341761.904762
4256811.428571
4047836.190476
1369533.333333
957072.380952
2688985.714286
3499791.428571
4808347.142857
4411135.238095
4836486.190476
1018208.571429
1286558.095238
1960078.095238
2750196.666667
3209741.904762
3283750.476190
2925218.095238
1055501.904762
3475111.428571
4039349.047619
4627274.285714
3918298.095238
2807450.476190
2241090.476190
3166708.571429
3585961.904762
3658323.809524
3654598.095238
1528916.190476
952390.476190
2453747.619048
3419409.523810
3925146.190476
3678168.095238
4213051.904762
2881350.952381
3226091.428571
3363581.904762
4103382.380952
3706768.571429
4032636.190476
1640856.190476
2889207.619048
4263630.000000
3929283.809524
3895028.095238
4564804.285714
3942391.428571
1845663.809524
4006903.809524
3490987.619048
4334716.190476
4165831.428571
2590800.952381
2364081.904762
3403006.190476
4022805.238095
3984036.190476
2953881.428571
4072637.619048
2435625.714286
3662736.190476
4155581.904762
4140060.000000
4450421.904762
4672160.952381
977975.714286
2479941.904762
2870204.285714
2846323.809524
2534312.380952
3006598.095238
1055122.857143
1031600.000000
2669169.523810
2906175.714286
2583268.571429
2631128.095238
977881.904762
2175043.809524
2255783.333333
2342914.285714
3037400.952381
1179045.714286
920780.000000
704760.000000
1412659.523810
1972326.190476
2219360.952381
2273030.000000
1280086.190476
1011471.428571
2230958.095238
2542691.904762
2510663.809524
2590907.619048
2142151.904762
1080190.476190
1720964.285714
1993297.619048
1817620.000000
2209096.190476
2360580.000000
1177190.000000
1521240.000000
1501846.190476
1836031.904762
954840.000000
1195678.095238
951325.714286
724349.523810
1020313.809524
1509370.000000
1690203.809524
1465678.095238
766137.619048
1288444.761905
931355.714286
833624.285714
1634750.000000
1382000.000000
1772333.809524
1091960.000000
1748468.095238
910111.904762
841374.285714
1756185.714286
1762268.571429
2044238.095238
2076116.190476
1134392.380952
643503.333333
1644024.761905
1712067.142857
2124481.904762
2351906.190476
1738298.095238
871988.095238
1417268.571429
1510200.000000
2054125.714286
1665893.809524
1752122.380952
821999.047619
1530493.333333
1771779.047619
2057666.666667
1935729.523810
1849577.142857
672836.190476
611213.333333
1392529.523810
2010546.666667
1819037.619048
1928756.190476
890191.428571
1408600.000000
2320366.666667
1768544.761905
1702396.190476
1318438.095238
1440238.095238
1210660.952381
1768498.095238
1729514.285714
1776528.095238
1365176.190476
975036.190476
2663597.619048
2660001.904762
2440062.380952
2643055.714286
1699348.095238
1942254.285714
1910173.809524
2396773.809524
2676461.904762
2265190.000000
1795434.285714
3009530.000000
3258788.095238
3219673.333333
3622932.857143
4073482.857143
3771802.857143
1853680.952381
2240942.857143
2845144.285714
2530198.095238
2484521.904762
2760451.428571
1029251.428571
1980886.666667
2532720.000000
2400446.190476
2424881.904762
2504773.333333
1048944.761905
1933274.285714
2191716.190476
2397348.571429
2354432.380952
2143560.000000
1528840.000000
1848937.142857
2714575.238095
2609327.619048
2772518.095238
2338988.571429
1837641.904762
2051129.523810
2434851.904762
2130843.809524
2614320.000000
2452576.190476
677133.333333
1621465.714286
1918849.523810
2158241.904762
2490333.333333
2559975.238095
904024.761905
1330831.428571
2190763.809524
2279767.619048
2836176.190476
2129414.285714
1232021.904762
1523998.095238
1921763.809524
1569367.619048
1446140.000000
984803.809524
1133294.285714
949504.761905
1562268.571429
1470278.095238
1098370.000000
901750.000000
938800.000000
1298811.428571
1620690.952381
1449234.285714
2263386.190476
1176733.809524
1126696.666667
939356.190476
778251.904762
1002330.476190
1239607.142857
1517451.428571
1624914.285714
1288222.380952
1066828.095238
1117020.952381
1955887.619048
2290588.571429
2059761.904762
1842288.095238
1901521.904762
810965.714286
1071736.190476
1920622.380952
1948568.095238
1842666.190476
2503849.523810
744857.142857
1396481.904762
1923940.000000
1763550.000000
1755560.000000
1293131.428571
803891.428571
1977939.047619
1909097.142857
1884146.666667
1552849.523810
1605614.285714
966110.000000
982306.190476
922453.333333
1121447.619048
1412211.428571
549045.714286
977350.000000
1908142.857143
2455287.619048
2274904.761905
2626629.047619
1648872.380952
733293.333333
1524779.047619
1581047.619048
2067454.761905
2247125.714286
2114262.380952
1183781.904762
2094823.809524
2768050.000000
2736078.095238
2479424.285714
2730216.190476
791900.000000
1043213.333333
1674000.000000
1991931.904762
1995456.190476
1890911.428571
728005.714286
1536658.095238
1181178.095238
1529040.000000
1576114.761905
1346006.190476
741007.619048
869363.809524
1044207.619048
1955867.619048
1725790.000000
2495370.000000
1885131.428571
1008250.000000
1983203.809524
2069876.190476
2216281.904762
1857480.000000
2249638.095238
627560.000000
1767600.000000
1981464.761905
2247885.238095
2543214.761905
2886106.190476
2097763.809524
2504676.190476
2654483.809524
2876038.095238
3046642.380952
3089638.571429
3505717.619048
1160272.380952
1848541.904762
2436220.000000
2447963.809524
2411794.285714
2484241.904762
890369.523810
883441.904762
1200191.904762
1431601.904762
1335481.904762
1240039.047619
1738283.809524
1208345.714286
1428240.000000
1321540.000000
1700226.666667
867611.904762
922994.285714
1192951.904762
1396964.285714
1633411.428571
1962973.809524
1052657.142857
675527.619048
2032778.095238
2236388.095238
2227487.619048
2113498.095238
2083361.904762
1526314.285714
1458182.857143
1724910.476190
2055594.285714
2283550.476190
2041817.142857
2233657.142857
962845.714286
1455984.761905
1909316.190476
2608403.809524
1810384.761905
2633035.714286
1329074.285714
1697177.142857
2170716.190476
1897222.857143
1645445.714286
1168920.000000
1200391.428571
2056007.619048
1745697.142857
2276569.523810
1649348.571429
907800.000000
751906.666667
1128209.523810
1661068.571429
1592083.809524
1536617.619048
1784110.000000
732344.761905
616188.571429
778120.000000
1136910.476190
780779.047619
1022742.857143
1463293.333333
1520803.809524
2000763.809524
1133803.809524
794874.285714
824358.095238
988223.809524
1277024.761905
829408.095238
639886.190476
988619.047619
1000710.476190
702317.619048
1050017.142857
1321260.000000
1928248.095238
1293710.000000
761630.000000
829793.809524
1199436.666667
1838001.904762
1894008.095238
1821568.095238
1152101.904762
1572754.285714
1900798.095238
1834352.380952
2292010.000000
2507540.952381
1668612.380952
2822851.428571
2988293.333333
3075851.428571
2712830.476190
2950896.666667
3470840.000000
710590.476190
1249866.666667
1951674.285714
1878230.952381
2225833.809524
2332045.714286
770503.809524
1849256.666667
1912077.142857
2087388.571429
2162171.428571
2404718.095238
1952276.190476
1405830.000000
2238895.238095
2211278.095238
2530330.000000
2282141.904762
2379222.857143
1509133.333333
2029169.523810
2283502.857143
2642780.476190
2483024.761905
2490118.571429
2025689.523810
2081535.238095
2145721.904762
2270176.666667
1992161.904762
2701952.380952
1691611.904762
2412425.714286
2334022.857143
2280974.285714
2509068.571429
2449790.476190
1183714.285714
2378110.476190
2827924.761905
2579241.904762
2983807.619048
2583363.809524
1347699.523810
1675365.714286
2746269.523810
2648751.428571
3013567.619048
3530188.571429
748150.476190
1308125.714286
1202335.238095
1055662.857143
1925926.190476
1994215.238095
2154152.380952
1597125.714286
2452652.380952
822800.000000
1090346.666667
1325459.523810
1748011.428571
1399321.904762
2049255.238095
1388708.571429
1105697.142857
959094.285714
1033150.000000
1316288.095238
702363.809524
761562.380952
1097316.190476
1257788.095238
1196751.904762
801184.285714
1199297.619048
1203810.000000
1342133.809524
1859451.904762
1158238.095238
1452933.809524
1688815.714286
1470480.000000
2169770.000000
2366414.285714
766730.000000
1759950.000000
1839246.190476
2449460.000000
2078115.714286
2142441.904762
750917.619048
1037643.809524
1602895.714286
1802724.285714
1851386.190476
1952820.000000
1554473.809524
936645.714286
1759044.761905
2191064.761905
2129281.904762
1889110.476190
2574838.571429
683100.476190
1491102.857143
1769997.619048
2145731.428571
1614660.952381
1558635.714286
645897.619048
840489.523810
2001430.476190
2233551.904762
2107066.666667
1553623.809524
1713171.904762
1342060.952381
2436470.476190
2367062.380952
2290370.000000
2841836.190476
2744216.190476
930653.333333
1658355.714286
2381295.238095
2166233.809524
1940380.952381
1964410.000000
1608547.619048
2491018.095238
2691552.380952
2813020.952381
2426057.142857
2794515.238095
1682612.380952
2254306.666667
2556358.095238
2593938.095238
2637818.571429
2515912.380952
2099451.428571
2200135.238095
2473611.428571
2998807.619048
2543041.904762
2699564.285714
1535846.666667
2305947.619048
2484180.000000
2914289.523810
2549985.714286
2418330.952381
1685886.190476
2686255.238095
2851454.285714
2661355.714286
2569489.523810
2236522.380952
1939253.809524
2277303.809524
2389596.666667
2760783.809524
2799726.190476
2769210.000000
687451.428571
1633184.285714
1807278.095238
2201670.000000
2442776.190476
2689431.904762
833981.428571
1837623.333333
2262430.476190
2282214.285714
2725908.095238
2636469.047619
2750520.952381
2324855.238095
3226906.190476
3082027.619048
3683638.095238
3879619.047619
3699010.952381
1981478.095238
2122506.666667
2397908.571429
2550583.333333
2367482.380952
2478506.666667
1983194.285714
2135175.714286
2538881.904762
3188333.333333
3124399.047619
2998995.238095
1427336.190476
1747723.333333
2611173.333333
2452150.000000
3575310.000000
2443133.333333
1217862.857143
2407971.428571
2607896.666667
2529125.714286
3003440.000000
2460007.142857
878958.095238
2468277.142857
2527255.238095
2227617.619048
2498550.476190
2062988.095238
660219.047619
1033518.095238
1298189.047619
1354803.809524
1488095.238095
1832310.476190
1240116.190476
1369148.571429
1363264.761905
1654108.571429
1703066.666667
2199009.523810
1002523.809524
2109035.714286
2290977.142857
2449243.809524
2508049.523810
2754948.571429
2292454.761905
1608996.190476
2735222.380952
3015454.285714
2710095.238095
3106057.142857
3279070.476190
853613.333333
1477645.714286
1898737.142857
1963518.095238
2030853.333333
2199880.000000
873008.571429
1778820.000000
2121123.809524
2418252.857143
2574661.428571
2274922.857143
908102.857143
1370961.904762
1867335.238095
2479120.000000
1832478.095238
2383208.095238
1077674.285714
2360137.142857
1991614.761905
2733490.952381
1709357.619048
1569714.285714
817521.904762
2006904.761905
2165086.190476
1894590.000000
2787588.571429
2777303.809524
1229777.142857
1945587.142857
2161749.047619
2408681.428571
2511701.904762
2146607.619048
970156.190476
1896149.523810
2303171.428571
2330758.095238
2211451.428571
2861324.285714
2354688.571429
2408096.190476
2711930.000000
3025516.666667
2998407.142857
3001371.904762
2096113.809524
2252707.619048
2769740.952381
2630217.142857
2802321.904762
2602311.904762
2348622.857143
2319484.285714
2681226.190476
2873776.666667
2566331.428571
3284632.857143
1553209.523810
2489068.571429
2940729.523810
2641089.523810
3357754.285714
2821298.095238
1813731.428571
2074140.000000
2374198.095238
2315014.285714
2586821.904762
2787192.380952
1054514.285714
1851840.000000
2017222.857143
1832776.190476
2173175.238095
2420487.619048
890916.666667
1362146.666667
1742641.904762
1976295.238095
2337794.285714
2199708.571429
1967224.761905
1093668.571429
1933588.571429
2178529.523810
2388245.714286
2396062.857143
2032660.952381
1415389.523810
2057411.428571
1720664.761905
2504466.666667
1761533.333333
1067594.285714
924394.285714
2055441.904762
2326758.095238
2086810.000000
2422622.857143
1989950.476190
876219.047619
1764906.666667
1824910.476190
2038363.809524
1755135.238095
2049531.428571
872405.714286
879270.476190
1963708.571429
2258266.666667
1995045.714286
1996405.714286
1084224.285714
1255260.952381
1814587.619048
1967540.952381
1788781.904762
1486180.952381
832621.904762
943323.809524
1597308.571429
1928555.714286
1550742.857143
2298410.000000
679686.190476
1277200.000000
1711841.904762
1698003.333333
2351982.380952
1219318.095238
1472196.190476
2787249.523810
2950765.714286
2671996.190476
2536108.571429
2831391.904762
1098014.285714
2070600.476190
2686758.095238
2635575.714286
2493222.380952
2405354.285714
936337.142857
1542387.619048
1855205.714286
2503683.809524
2354440.476190
2600321.904762
849000.000000
1373896.190476
1662388.571429
1880811.904762
2030732.380952
1487030.952381
1283310.000000
975192.380952
1295924.761905
1663872.380952
1824765.714286
1457341.904762
1259065.714286
725998.095238
809414.285714
1299633.333333
1596869.523810
1421000.000000
1563832.380952
1586872.380952
2623250.000000
2700132.380952
2424013.333333
2409410.000000
1635986.190476
732228.571429
1459743.809524
2050613.333333
2298502.380952
2362556.666667
2116401.904762
944872.857143
1435818.095238
1926056.190476
1583494.285714
1791732.380952
1743865.714286
982942.857143
827114.285714
1197981.904762
1447097.142857
1545372.857143
1403909.047619
1583264.285714
813181.904762
800504.761905
1000062.857143
1204321.904762
1553820.952381
1470220.952381
1397690.000000
1018392.380952
1016727.142857
552819.047619
1361054.285714
1889796.190476
1583691.428571
1854124.285714
907598.095238
708339.047619
855133.333333
1371325.238095
1530859.047619
1765260.952381
1859126.666667
1267129.523810
940687.619048
1194200.000000
1846156.190476
2011866.666667
1615624.761905
1353236.190476
1043681.904762
2655329.523810
2807979.047619
3242721.904762
2883375.238095
2841780.952381
661230.476190
1042779.047619
1523398.095238
1825514.285714
1821280.000000
1710537.142857
641396.190476
750055.238095
2069992.380952
2086468.095238
2239441.904762
2590512.857143
2414388.571429
688613.333333
784571.428571
1150508.571429
1899772.857143
2221558.095238
2424133.333333
2182191.428571
1077822.857143
1122609.047619
2264238.095238
2022455.714286
2411946.666667
1596953.333333
933200.000000
1509150.000000
1407031.904762
1836481.428571
1515325.714286
1599780.476190
2179440.952381
1778483.333333
1126723.333333
863076.190476
1164574.285714
1449734.285714
2442561.904762
2202440.952381
1937105.714286
2460339.047619
1250700.000000
1767283.809524
1636375.714286
1996768.095238
1424782.380952
1040944.285714
774554.761905
740293.333333
1215933.809524
1379835.714286
1511775.238095
1608928.095238
827838.095238
901200.000000
969981.428571
1083193.809524
1237041.904762
1160971.428571
1757465.714286
1120739.047619
694930.000000
1094199.047619
1207891.904762
1249473.809524
1494583.333333
1031977.142857
971005.714286
719746.666667
1246255.714286
1331256.190476
1627724.285714
1495844.285714
1380063.809524
1161163.809524
1505828.095238
1667291.904762
1945782.380952
1986722.380952
1965635.714286
992301.904762
690643.809524
1781384.761905
2425505.714286
2406775.714286
2563845.238095
2431321.428571
719859.523810
862814.761905
1222076.190476
1892429.523810
2125175.238095
2063786.666667
1550446.666667
757830.476190
704406.666667
1108561.428571
965645.714286
1240049.523810
1472929.523810
1893736.190476
800821.428571
1543604.285714
1808655.714286
2032612.380952
1907644.285714
1447818.095238
753921.904762
1993455.238095
2133708.095238
2933303.333333
3133104.761905
2867340.000000
3203418.571429
923194.285714
1723731.428571
2024200.000000
2346616.190476
2274267.619048
1931154.285714
2187764.761905
2202090.952381
2464815.238095
2826532.380952
2704065.238095
3011040.952381
1204312.857143
2280829.523810
2536673.333333
2784297.142857
2555754.285714
2325045.714286
2199640.000000
2270775.238095
2335361.904762
2347953.333333
2524959.047619
2173390.476190
2098746.666667
2225548.571429
2338673.333333
2344638.095238
2092268.571429
2333662.857143
1428856.190476
2283472.380952
2348227.619048
2688772.380952
2337480.000000
2415411.428571
1771360.000000
2138893.333333
2278980.952381
2572859.047619
2500047.619048
2461525.714286
1315135.238095
2049607.619048
2389984.761905
2693053.809524
2595233.809524
2743678.095238
797963.809524
1319813.333333
2523818.571429
2516663.333333
2198976.190476
1685094.285714
887970.476190
1082461.904762
1820708.571429
1774847.142857
2472541.428571
2070362.857143
1365930.000000
1486140.952381
2347270.000000
2516508.571429
2439582.857143
1632090.476190
1310615.238095
1309226.666667
1815308.571429
1806916.190476
1756984.761905
1616763.809524
1008767.619048
2242068.571429
2156384.761905
2680003.809524
2716671.428571
2557603.809524
1910847.619048
2139853.333333
2241649.523810
2831053.333333
2600009.523810
2645537.142857
1212120.476190
2073451.428571
2322124.285714
2054464.285714
2021800.476190
2221413.333333
602118.095238
840211.428571
1786676.190476
2004833.333333
1825040.000000
1863670.476190
937297.142857
573950.476190
1830864.761905
1785552.380952
1977436.190476
1951377.619048
2173553.809524
667468.571429
1789361.904762
1939537.142857
2338575.714286
2473381.904762
2596595.714286
2509240.000000
1779373.809524
2050733.809524
3054931.428571
2628985.714286
2928862.857143
3195177.142857
1021440.000000
1859817.142857
1826224.761905
1858460.952381
2069307.142857
1856106.666667
839746.666667
1807004.761905
2005601.904762
2333426.666667
2034413.333333
1372801.904762
757285.714286
999919.523810
1530988.571429
1835085.714286
1818819.047619
1737910.476190
894723.809524
896851.428571
1307763.809524
1541761.904762
1639485.714286
1427972.380952
1249074.285714
1294775.238095
1190009.523810
1235618.095238
1376732.380952
1696487.619048
1315726.190476
1286255.238095
1246699.047619
1331550.000000
653701.904762
758851.428571
811810.000000
1528400.000000
1624841.904762
2145400.000000
2226930.000000
2178400.000000
1564871.904762
965803.809524
2183732.380952
2719647.619048
2377794.285714
2355183.809524
2852340.000000
1504323.809524
1693900.952381
1947613.333333
2229053.333333
2369608.571429
2362424.285714
684560.000000
1087386.666667
1661749.047619
2222965.714286
1471283.809524
1620148.571429
905078.095238
882942.857143
1170292.380952
1391944.761905
1769280.000000
1802432.857143
708908.571429
910152.380952
1717089.523810
2219565.714286
2164194.285714
2124312.380952
1770310.476190
1671862.857143
1831771.428571
2556020.000000
2074001.904762
3025498.095238
2423600.000000
2412714.285714
2527013.809524
2392292.857143
2955098.095238
2394896.190476
2646568.095238
883851.428571
1476222.857143
2183859.047619
2246369.523810
2399510.000000
2817761.904762
742868.095238
1744723.809524
1527719.523810
1675331.428571
1611992.380952
1658520.000000
684770.000000
1615380.952381
2212740.000000
2696790.000000
2467397.619048
2805353.809524
2794503.809524
1345636.190476
1618083.809524
1924408.095238
2448368.095238
2551170.000000
2069836.190476
2120647.619048
2262270.476190
2421304.761905
2584677.619048
2531717.619048
2749761.428571
987158.095238
2822874.285714
2982656.190476
2745279.047619
3175955.238095
3017961.904762
733705.714286
847954.285714
811509.523810
1299605.714286
1579346.666667
1822963.809524
1639104.761905
921165.714286
720167.619048
1195940.952381
1660748.571429
1693863.809524
1237078.095238
1339805.714286
900565.714286
1438445.714286
2052659.047619
1731027.619048
2658018.095238
2061704.761905
1182078.095238
1855187.619048
2334304.761905
2268233.809524
1750175.714286
2148894.285714
814358.095238
1793111.904762
2216451.904762
2077460.000000
2298613.333333
2147841.904762
2163163.809524
2514696.666667
2632098.571429
2503833.333333
2483160.000000
2533893.333333
710300.952381
1266893.333333
1859041.904762
1944651.428571
2523603.809524
2337192.380952
656836.190476
1119403.333333
1477329.523810
2456140.000000
1785161.904762
2504371.428571
2578133.809524
1108208.095238
1173295.238095
1437066.190476
1933994.285714
1983488.095238
2560652.857143
917090.000000
1191110.000000
1340182.857143
1496064.761905
1292444.285714
1677776.190476
1331498.095238
1292040.000000
2670139.523810
2834270.476190
2476821.904762
2789744.761905
1421773.809524
1853916.190476
1905124.285714
2133580.000000
2162385.714286
2229468.095238
1775961.904762
1310562.380952
2722833.809524
2754626.190476
2401206.190476
2593001.904762
2902734.285714
709135.238095
1673525.238095
1423436.190476
1934373.333333
2051575.238095
1793276.190476
710358.095238
1151546.666667
2020979.047619
2070509.047619
2333308.571429
2279870.476190
1308438.095238
913720.000000
1675312.380952
2223856.190476
2215668.095238
2368537.142857
2058790.476190
624127.619048
1129005.714286
1651838.095238
2042152.380952
2417956.190476
1417194.285714
1954083.809524
970866.666667
1393893.333333
1822786.666667
1888851.904762
1567150.000000
2672553.809524
804674.285714
1433672.380952
1485518.095238
1312728.095238
1327283.809524
2463620.000000
3029265.714286
812169.523810
1002466.190476
1173045.714286
934870.476190
1334651.904762
2233649.047619
2420102.380952
2623216.190476
2573905.238095
1564840.000000
1312524.285714
2023755.714286
2065334.761905
2620383.809524
2461871.904762
2287980.000000
2124430.476190
2374417.619048
2811019.047619
2608002.380952
2494420.952381
3207155.714286
1058001.904762
2185668.095238
2119369.523810
2026256.190476
2447527.619048
2706402.380952
719523.809524
1970383.809524
2315240.000000
2245662.857143
2351263.809524
2264975.238095
811080.000000
1654469.523810
1691068.571429
2174677.142857
2529170.476190
2135235.238095
728796.666667
1870036.190476
1874425.714286
2525540.000000
1936783.809524
2231702.380952
1239491.428571
1532210.000000
2207281.904762
2782353.333333
2398638.095238
1749514.285714
606123.809524
1641090.000000
2343506.190476
2590477.142857
2130581.904762
2468116.190476
716748.571429
900844.285714
1963470.000000
2037407.619048
1687005.714286
2062206.190476
695577.142857
874084.761905
959943.809524
941219.047619
924748.571429
1188923.809524
1577973.333333
1243722.380952
931841.904762
1191313.809524
1225554.285714
1370116.190476
985180.000000
1551011.904762
1275347.619048
1415928.095238
823811.904762
1606522.380952
1846311.904762
1721266.190476
1951626.190476
1169781.904762
641468.095238
1376903.809524
1730984.285714
1904776.190476
1980152.380952
2066688.095238
923144.761905
985344.761905
1921401.904762
2551777.142857
2441796.190476
1448904.761905
2677900.952381
749916.190476
1430276.190476
1666158.095238
1851449.523810
1565970.476190
1668236.190476
873605.714286
882158.095238
810236.190476
1243946.666667
1515739.047619
1547405.714286
1184032.380952
1694354.285714
1752536.666667
1066030.476190
1606085.714286
996643.809524
655836.190476
797946.666667
907786.666667
1395849.047619
1814219.047619
2003720.476190
1348422.857143
608203.809524
621388.571429
812323.809524
717868.571429
1134992.857143
1200467.142857
1101367.619048
694502.857143
1177080.000000
2193750.476190
1737761.904762
2206144.761905
2527206.666667
752866.190476
687600.000000
1460301.904762
1956341.428571
2107411.904762
1869421.428571
1935837.619048
1677635.714286
1720138.095238
2189874.285714
2444499.047619
2363397.142857
2157728.095238
1621632.380952
2185088.095238
2214914.761905
2221887.619048
2432344.761905
2727480.476190
1354874.285714
1688773.809524
2098778.571429
2376860.476190
2520118.571429
2672885.238095
1492462.857143
2686278.095238
3010452.857143
3130656.666667
2838799.523810
2857480.952381
748051.904762
1314371.428571
1978697.142857
2445431.428571
1959498.095238
1975664.285714
751965.238095
1971167.619048
2474596.190476
2149255.238095
2437340.952381
1352468.095238
2726603.809524
849276.190476
1803379.047619
2005951.904762
2319043.809524
2221623.809524
2016546.666667
622674.285714
1018521.904762
1474331.428571
1582323.809524
1828142.857143
2263232.380952
2240009.523810
1626040.476190
2631200.000000
2794036.190476
2808610.000000
2674676.666667
2578873.333333
801566.190476
1339384.761905
1422114.285714
1363203.809524
2032724.285714
1782600.000000
536696.190476
1294459.047619
1634552.380952
1842110.000000
1622286.190476
2382351.904762
1342711.904762
1424641.904762
2615251.904762
3152956.190476
3303031.904762
2967368.095238
3124702.380952
718875.714286
1806080.000000
1543063.809524
1568141.904762
943671.904762
1405880.000000
884874.285714
616990.000000
891716.190476
1329811.904762
1759757.619048
1577026.190476
1821796.190476
1078505.714286
709994.285714
1566440.952381
1833260.952381
1862996.190476
2194392.380952
2392509.523810
1095848.571429
932472.380952
1664495.238095
1858590.000000
2389824.285714
2276104.761905
2658116.190476
1035874.285714
2442155.238095
2517649.523810
2005966.666667
2475736.190476
1874778.095238
1833895.714286
2390640.476190
2502291.904762
2580381.904762
2493361.904762
3148826.190476
1854250.952381
2465257.619048
2623902.857143
3274555.714286
3514356.190476
3194013.333333
1807464.761905
1935064.761905
2391554.285714
2379492.380952
3020343.809524
2785712.380952
2773594.761905
2989567.142857
3053546.666667
3107148.095238
3491218.095238
3012554.761905
645226.666667
1730203.809524
2402830.476190
2562087.142857
2892042.857143
2753634.285714
792840.000000
2206449.523810
2376175.714286
2334552.857143
2478045.714286
2302373.333333
761725.714286
937895.238095
1457308.571429
2266834.285714
2033422.857143
1980681.904762
626769.523810
798427.619048
1070914.285714
1853424.285714
1942413.333333
1753630.000000
1682114.285714
569503.809524
847233.809524
1580086.190476
2145776.190476
2406433.809524
2634887.619048
2246350.000000
733658.095238
845883.809524
711440.000000
1023590.000000
1836797.619048
1876706.190476
1999543.809524
596348.095238
899984.285714
1191873.809524
1052186.190476
1243526.190476
1592244.285714
1710586.190476
2011180.000000
1902458.095238
1415958.095238
928296.190476
1275478.095238
1591213.333333
1917742.857143
1678564.285714
2507514.285714
1143584.285714
1237820.000000
2130600.000000
2538177.619048
2550062.857143
2709101.904762
2721134.285714
688331.904762
687116.190476
1177955.238095
1956514.761905
2143881.904762
1988651.428571
1690388.095238
1209371.904762
1873200.000000
2178737.619048
2395699.523810
2588309.047619
2904906.666667
2839710.476190
3080583.333333
3233011.428571
3594428.571429
3506483.809524
3064927.619048
2488115.714286
2781621.904762
3564013.333333
3790287.142857
3040494.285714
3547735.238095
1353961.904762
2177606.666667
2444298.571429
2287970.000000
2674474.285714
2802560.000000
2241356.190476
2783513.333333
2944278.095238
3095632.857143
3025044.761905
2898649.523810
1307643.809524
2429832.380952
2593359.523810
2903421.904762
3273279.047619
3437331.904762
756427.619048
1007234.285714
1915080.000000
2051617.142857
1942623.809524
2065491.428571
871388.571429
1245740.000000
1640881.904762
1806988.571429
1574601.428571
1531943.809524
1176194.285714
1026566.190476
1028888.095238
1212388.571429
898881.904762
847456.190476
1230255.238095
964074.285714
669945.714286
949695.238095
1045854.285714
1295650.000000
1353791.904762
1823267.619048
1282868.095238
689786.666667
974592.857143
1696441.904762
1833240.952381
1604422.857143
1581076.190476
611891.428571
755070.476190
1361192.380952
2138927.619048
2246855.238095
2215649.523810
2048493.333333
813979.047619
1061779.047619
1282118.095238
2010936.190476
1641791.904762
1991674.285714
906501.904762
1193318.095238
1881610.000000
1879821.904762
1995330.000000
2536031.904762
1339241.904762
973607.619048
1654207.619048
1964956.190476
2339761.904762
2166038.095238
2359561.904762
994304.761905
1354220.952381
2103862.857143
2268432.380952
2391647.619048
2192036.190476
785645.714286
1311512.857143
1407219.047619
1117150.476190
1776079.523810
2195626.190476
1844500.000000
1267834.761905
1295726.190476
1081586.190476
1167207.619048
1801127.619048
2468130.952381
2290725.238095
2432043.333333
2018832.857143
881780.000000
3063106.666667
3432875.238095
3398874.285714
3500848.095238
3382006.666667
900000.000000
1000350.476190
1200758.095238
2344963.809524
2413217.142857
2637815.238095
2790179.047619
1486264.761905
2301062.380952
2038948.571429
2246271.428571
1420847.619048
1604741.428571
2451605.714286
2790584.761905
2842502.857143
3219804.761905
3352323.809524
2942441.904762
2577861.904762
2886120.952381
3008557.619048
2984740.952381
2584593.809524
2715203.809524
2041302.380952
2261520.000000
2693244.761905
2696721.904762
2813838.095238
2943940.000000
954868.571429
2454910.476190
2519005.714286
2483747.619048
2373436.190476
1987529.523810
888341.904762
1893240.952381
1844609.523810
1892400.000000
1800874.761905
1928134.285714
961784.761905
1003790.476190
1792483.809524
1921556.190476
1666348.095238
1836398.095238
906948.571429
1299973.333333
1324154.285714
1524005.714286
1354158.095238
1173857.142857
908186.666667
854430.476190
1185731.428571
1220678.095238
1685180.952381
1547211.904762
916770.000000
688754.285714
1193620.000000
1898594.285714
2115690.000000
2138405.238095
1905272.857143
802355.714286
961516.190476
1734224.285714
1674946.190476
1705824.761905
1889064.285714
652560.000000
1274295.238095
1694096.190476
2080980.000000
1977306.666667
2026388.571429
1092379.047619
894078.095238
2229061.904762
2485259.047619
2363163.809524
3049073.809524
2138929.523810
766481.904762
1653178.571429
2200579.047619
1880921.904762
1678095.238095
1917383.333333
836154.285714
1048556.190476
1699613.333333
2343007.619048
1867479.047619
1763251.428571
843783.809524
816312.380952
827036.190476
1870840.000000
2136940.952381
1975582.857143
2345327.619048
1164158.095238
1246954.285714
1741899.047619
1081123.809524
1762832.380952
1275674.285714
676569.523810
1091832.380952
2075076.190476
2357403.809524
2397696.666667
1582400.000000
1336112.380952
1157522.857143
748156.190476
1679178.095238
1771314.285714
1951643.809524
1882017.142857
960501.904762
653516.190476
1110403.809524
1770435.714286
1906100.000000
1592513.809524
1388400.000000
728980.952381
637347.619048
2078430.000000
2245316.190476
2172313.809524
2496580.952381
2016192.380952
661979.047619
1710184.761905
1981951.904762
2506354.761905
2587731.904762
2609006.190476
2442903.333333
1504714.285714
2142265.714286
2673060.952381
2636244.285714
2542690.476190
2371529.523810
1026973.333333
1935116.190476
2171794.285714
2029263.809524
2241953.809524
2103670.476190
933571.428571
1942500.000000
2062783.809524
2130082.857143
2465866.666667
1917803.809524
788986.666667
1564464.761905
1921753.333333
2268506.666667
1645760.000000
1955729.523810
1371594.285714
2118551.904762
2363829.047619
2448043.809524
2128633.809524
1846631.904762
1308567.619048
2025459.047619
2401167.619048
2705286.666667
2549632.380952
2897290.000000
1320555.238095
1921172.380952
1981690.476190
2666472.380952
1919528.571429
967222.857143
843583.809524
1641758.095238
1446414.285714
1383003.809524
1660344.761905
1477177.619048
1368593.809524
880986.666667
1404674.285714
798773.809524
1046267.619048
952045.714286
1634025.238095
1860694.761905
2360033.809524
1960926.190476
884958.095238
1318381.904762
1049396.190476
625895.714286
1058654.761905
2073442.380952
1845208.095238
2563527.142857
2228476.190476
1160060.000000
1314678.095238
1636550.000000
2599350.000000
2015966.190476
2267850.000000
2381878.095238
1334464.285714
2255714.761905
2595231.904762
2762468.571429
2903295.238095
2830660.000000
2017371.428571
2467440.000000
2673651.904762
3118316.190476
2930074.285714
2842735.238095
2003125.714286
2293225.714286
2738672.380952
2720107.619048
2864929.523810
2654736.190476
2168094.285714
2277915.238095
2509696.190476
2833419.523810
2428300.000000
2885844.285714
1725678.095238
2477672.380952
2691992.380952
2860045.714286
2920373.809524
3004763.333333
2107971.428571
2380347.619048
2347153.809524
2773156.666667
2583561.904762
2598163.809524
1123343.333333
2400886.190476
2575141.428571
2305680.000000
2558712.380952
2840190.952381
809152.380952
1455413.809524
1399773.333333
1409620.000000
1539687.619048
1793643.809524
639365.714286
1438830.476190
2198745.238095
2282776.190476
1991434.285714
1867285.714286
766186.666667
1014028.095238
1885651.428571
2107803.333333
1722891.904762
1911508.095238
611685.714286
684680.000000
892449.523810
1093128.095238
1238880.000000
1792849.523810
711192.380952
893996.190476
1135256.190476
1319902.857143
1544260.952381
1142739.047619
825535.238095
960838.095238
1184938.095238
1373472.380952
1831575.714286
2158963.809524
1436938.095238
898939.047619
1293680.000000
1520011.428571
2232370.000000
2078414.285714
2216271.428571
1274081.904762
1738576.666667
1774765.714286
2311076.666667
2720030.000000
2470782.857143
2068245.714286
1030472.380952
1729178.095238
2202447.619048
2614483.333333
2979080.000000
2370557.142857
930537.142857
956531.428571
960486.666667
1924224.761905
2450936.190476
2445347.619048
1729333.809524
1843242.857143
835446.666667
892464.761905
1899180.000000
2090982.857143
1990965.714286
2383291.428571
1526472.380952
895453.333333
1957914.285714
2480181.904762
2435514.285714
2227190.476190
2086673.333333
1910440.000000
2492778.095238
2692283.333333
2575577.142857
3268749.523810
3036401.904762
1093450.952381
2439372.380952
2699720.952381
2585958.095238
2415576.190476
2296426.666667
865989.523810
1086361.904762
2274542.380952
2049735.238095
2378241.428571
2480273.333333
1435567.619048
1744386.666667
1915908.095238
2028725.714286
2193845.714286
2131820.000000
860196.666667
1773475.238095
2032296.666667
1926482.857143
2225443.809524
1415820.952381
903398.095238
1431142.857143
2118293.333333
2022491.428571
2394775.238095
2670793.333333
582329.523810
1223329.523810
1926381.428571
2115695.238095
1878443.809524
2427686.190476
1965251.428571
1382779.047619
2525563.809524
2651908.095238
2659711.428571
3050386.666667
3042596.190476
1262806.666667
2333559.047619
2550474.285714
2517100.952381
2813270.000000
2629913.333333
1087025.714286
2351444.761905
2560735.238095
2686761.904762
2555579.047619
2830680.952381
1270617.142857
2001091.428571
2274154.761905
2316059.047619
2325266.190476
1990607.619048
895098.095238
1811727.619048
2206720.000000
2381698.095238
2184308.571429
2380761.904762
1876761.904762
2063927.619048
2022284.285714
2325295.238095
1800613.333333
1090161.904762
1558549.523810
2096060.952381
2646104.761905
2519281.904762
2722232.380952
2755310.476190
781525.714286
1962146.666667
2260569.523810
2293908.095238
2164276.190476
2720756.666667
729678.095238
955459.047619
2108700.000000
2151083.809524
2376034.285714
2237216.190476
1006232.380952
951466.666667
841186.190476
1295855.714286
1735678.095238
1828630.000000
2003544.761905
1929406.190476
2214563.809524
1002707.142857
1485127.619048
1699188.571429
2090950.476190
1880375.238095
1893171.428571
852053.333333
1360420.000000
1872445.714286
2052249.523810
2265388.095238
2193026.190476
833278.095238
1032081.904762
1747580.952381
1912203.809524
2188572.857143
2022218.095238
2011954.285714
666208.095238
2572996.666667
2503843.809524
2914560.000000
2748280.000000
2852875.714286
3385291.428571
1646441.904762
2380641.904762
2581552.380952
2424946.190476
2578875.714286
2446979.047619
699348.571429
1139396.190476
1806418.571429
2040481.904762
2492592.857143
3000895.238095
615586.666667
1933779.047619
2171146.666667
2443710.476190
2213627.619048
2671930.000000
1544092.857143
1374894.285714
2422876.666667
2673863.809524
2664320.476190
2648253.333333
2674521.904762
898329.523810
1846592.380952
1753822.857143
1691175.238095
1520400.000000
1724742.857143
633744.761905
756782.857143
1813908.571429
1861619.047619
1692398.095238
1879139.047619
1192410.952381
667213.333333
741205.714286
1977188.571429
1926514.285714
2061495.238095
2093209.523810
2490438.095238
1407921.904762
1933885.714286
2268081.904762
2420110.476190
2762845.714286
1907843.809524
1585752.380952
2095619.047619
2182200.000000
2602219.047619
2081293.333333
2280718.095238
2109040.000000
2667783.809524
2788500.000000
2660213.333333
2363327.142857
2544720.000000
959895.238095
1506573.333333
2026274.285714
1925020.000000
2158635.714286
2489937.142857
768937.142857
1428937.142857
1797836.190476
1800449.523810
1779108.571429
1953478.095238
665373.333333
1011310.476190
1696881.904762
1532906.190476
2078329.047619
2238691.428571
726708.571429
976904.761905
1685630.476190
1628401.904762
2282257.142857
2088217.142857
1745227.619048
775478.095238
1052933.333333
1278243.809524
1402817.142857
1735531.904762
1981824.761905
1396180.476190
878575.238095
1776965.714286
2226996.190476
1901232.380952
1805354.285714
2082180.000000
976432.380952
1284337.142857
1824908.571429
1657768.571429
2055854.761905
2193470.952381
624327.619048
1045384.761905
1621786.190476
1754211.428571
1297672.380952
1534025.714286
725731.428571
871342.857143
1201807.619048
1521246.190476
2132371.904762
2115664.761905
2607365.714286
1349520.000000
1746188.095238
1964270.000000
2174194.285714
2225013.333333
2454297.142857
2538752.380952
1902097.142857
2045718.095238
2432807.619048
2888527.619048
2437960.000000
2526005.714286
1205680.000000
1867380.952381
2039748.571429
2307026.666667
2150988.571429
2193568.571429
1718893.333333
2105001.904762
2169459.047619
2057554.285714
2627647.619048
2729750.000000
2486115.714286
2579845.238095
2619175.714286
2518537.619048
2933521.428571
2551605.714286
1394345.714286
1763940.000000
1874967.619048
2680780.952381
2311631.904762
2807461.904762
943769.523810
1856030.476190
2065827.142857
2477497.142857
2510485.714286
1860929.523810
678148.571429
1077670.476190
1733525.714286
1804716.190476
2308437.619048
2459036.190476
1194074.285714
1010874.285714
1777411.428571
2083194.285714
2157108.571429
1623000.000000
1895514.285714
1006099.047619
770001.904762
903881.904762
2008899.047619
2121020.476190
2522480.000000
2084047.619048
672973.333333
779643.809524
1086864.761905
1788001.904762
2007419.047619
2037382.380952
1832563.809524
2083375.238095
2215855.238095
2339793.333333
2454075.714286
1946065.714286
2484203.809524
1018518.095238
1664281.904762
2170124.761905
2308603.333333
2204023.809524
2289433.809524
1189330.000000
2134264.285714
2008817.142857
2246304.285714
2319301.904762
2058615.238095
920747.619048
1859681.904762
2074905.714286
2161961.904762
2457917.619048
2288876.666667
736383.809524
1150091.904762
1349299.047619
1736137.619048
1679784.761905
2048961.904762
813100.952381
1174744.761905
1675255.714286
1870004.285714
1537579.047619
2237417.142857
1062760.000000
980472.380952
1592510.476190
1953064.761905
2542923.809524
2288237.142857
2917091.428571
689996.666667
980291.428571
2355533.333333
1975474.285714
2547940.952381
2063874.285714
2634525.714286
1045156.190476
1833167.619048
2127735.238095
2547005.714286
2004750.476190
2292123.809524
853961.904762
1360620.952381
1896129.523810
2157430.476190
1959000.000000
2215811.428571
727102.857143
833175.238095
1653090.000000
2378191.428571
2146153.333333
1863575.238095
895045.714286
870377.142857
807295.238095
1615291.428571
2031205.714286
2157811.428571
2279460.952381
2291686.190476
842133.333333
1006442.380952
1675283.809524
1760824.761905
1600780.952381
1805007.619048
1311822.857143
1588419.047619
2195318.095238
2358146.666667
1871623.333333
1520640.000000
1972110.476190
2424405.714286
2578975.238095
2708098.571429
2479333.333333
2722111.428571
806626.666667
2178524.285714
2228130.952381
2418560.000000
2646150.000000
2499939.523810
1002018.095238
837322.380952
1128574.285714
1747660.000000
1747455.714286
1641882.380952
811596.190476
663048.095238
943305.714286
887252.380952
1377261.904762
1520954.285714
1518944.285714
1781746.190476
827490.476190
1070131.428571
1247769.523810
1344463.809524
925201.904762
1235591.904762
2110623.809524
2275416.190476
2366528.095238
2289580.000000
2004294.285714
747846.190476
1952260.000000
1952563.809524
2146923.809524
2051788.095238
2695312.380952
678190.476190
1575811.428571
1830426.666667
2122571.428571
2022720.000000
2301163.809524
874617.142857
1024916.190476
1502314.285714
2147629.523810
2387635.714286
2610503.333333
2177151.428571
2198126.190476
2439161.904762
2628206.190476
2385763.333333
2416400.476190
2503164.761905
723901.428571
1686712.380952
2204476.190476
2044355.714286
2527651.428571
2309948.095238
800940.000000
2189614.285714
2295651.428571
2075716.666667
1925346.190476
1844224.761905
715064.761905
1614597.619048
1964287.619048
2264782.857143
1982220.952381
2415997.142857
630266.666667
1896252.857143
1873147.619048
2660264.761905
2501173.333333
2508950.476190
1011460.476190
1277129.523810
1743813.333333
2135367.619048
2613420.952381
2631363.809524
2669535.238095
1771259.047619
1932097.142857
2006009.047619
2288242.380952
2498326.666667
2055287.142857
1657786.190476
1918135.714286
2544086.666667
2611788.095238
2254705.714286
2167035.238095
1911943.809524
2179949.523810
2454785.714286
2607527.619048
2317349.523810
2780834.285714
1074660.000000
1978446.666667
2396553.333333
2261309.523810
2347152.380952
2432376.190476
1404435.714286
2707507.619048
3137874.761905
2670353.333333
3233965.238095
2896768.095238
1081531.428571
1625786.666667
2119612.380952
1900693.809524
1409355.714286
2298106.666667
1236257.142857
1437150.476190
1501834.285714
1811112.380952
861546.666667
1264497.142857
1207790.476190
1508028.571429
1239158.095238
959617.142857
2198791.428571
2527880.952381
2389306.190476
1822470.476190
3489818.095238
1424847.619048
2364977.142857
2379975.238095
2069795.714286
2356557.142857
2734531.428571
1275330.000000
3292657.619048
3792328.095238
3944730.000000
3363358.095238
3617276.666667
3936712.857143
2622085.238095
3322999.523810
3372324.761905
3401768.095238
3435498.571429
3422066.666667
2160550.476190
2496420.000000
2494486.666667
3480856.666667
2800238.095238
2747714.285714
1620198.095238
2284676.190476
2292786.666667
3170301.904762
2758657.142857
3219826.666667
941889.523810
2430303.809524
2267387.142857
2121141.904762
2474828.571429
2325380.000000
812361.904762
2152810.476190
2488963.809524
2845565.714286
2510885.714286
2933740.000000
1319600.000000
847885.714286
1926588.571429
2088478.571429
2388536.666667
2092375.238095
2398807.619048
724557.142857
875089.523810
2383239.047619
2967403.809524
2766755.238095
2923139.523810
2081429.523810
884768.095238
1606217.142857
1428156.190476
2329977.142857
2117684.285714
2356303.809524
1008010.000000
1678945.714286
2362040.476190
3058938.095238
3424715.714286
3219417.142857
3489471.428571
2362450.000000
2281571.904762
2584354.285714
2559942.380952
2783796.190476
2375118.095238
1285463.809524
2721125.238095
3035232.380952
3331230.476190
3574580.952381
3514880.000000
957450.000000
2105289.523810
2457816.190476
1665620.952381
2388401.428571
3327540.476190
682510.476190
1331628.571429
2750605.714286
3327308.571429
3646514.285714
2636045.714286
1275621.904762
890428.571429
1266251.428571
2286970.476190
2508222.857143
2193544.761905
2536984.761905
1085238.095238
1102761.904762
993280.000000
2196009.523810
2507916.190476
2523535.238095
2984312.380952
2035915.238095
923765.714286
1781190.000000
2685106.666667
2873380.000000
2504714.285714
2341730.000000
872543.809524
1984327.619048
2341431.904762
2724256.190476
2815470.000000
1905525.714286
706245.714286
2107026.190476
2594918.095238
3001337.142857
2560521.904762
1371466.666667
1695433.809524
1213604.285714
2105773.809524
2521440.000000
2634020.000000
2435518.571429
1227690.000000
1772631.904762
2009020.000000
2142568.095238
2288920.000000
2156660.000000
967114.285714
1919101.904762
2371759.523810
2804026.666667
2902385.714286
3013321.428571
1411095.238095
2097866.666667
2279588.571429
2074203.333333
2733484.761905
1814123.809524
1871742.857143
2144640.476190
2351650.000000
2514065.714286
2610572.380952
1339540.000000
1828082.380952
3566246.190476
3852161.904762
3900805.714286
4140670.476190
3994330.952381
4584214.761905
1937496.666667
2460938.571429
2774615.714286
2791377.142857
2850209.523810
3221854.761905
932464.761905
2324558.571429
3036105.238095
3246986.666667
2641981.904762
2703695.238095
1550420.476190
1673038.095238
1701741.904762
2371095.714286
2639425.714286
2492320.000000
3120098.095238
2117995.238095
1109485.238095
1682871.904762
2551555.238095
2905400.952381
2788020.952381
3234779.047619
2114171.904762
2525989.047619
3842220.476190
3812926.190476
3636650.476190
3433339.047619
4167269.523810
1503700.952381
2412299.523810
3242083.809524
2558594.285714
3280363.809524
3651275.238095
686823.809524
695177.142857
2506205.714286
2783954.285714
2515323.809524
2918470.476190
3250369.523810
723660.952381
1662464.761905
2294573.333333
2871320.000000
2796368.095238
1951731.904762
3014393.809524
1831788.571429
3091240.000000
2967697.142857
2237240.000000
2912718.095238
3482203.809524
1395588.571429
2006034.285714
2579817.619048
2194780.952381
2494883.809524
1941057.142857
1363232.380952
2371965.714286
2235443.809524
2439154.285714
2094640.000000
1452013.333333
1018655.238095
1765365.714286
1791733.333333
2276827.619048
1927251.428571
1614330.476190
899632.380952
1016318.095238
1358742.857143
1713601.904762
1934292.380952
1985833.333333
1481680.000000
1726891.428571
1559424.761905
1707950.476190
1566920.000000
1494494.285714
932228.571429
1730285.714286
2186638.095238
2163982.857143
2184489.523810
2046270.952381
957792.380952
1097251.428571
1519542.857143
1793293.333333
2084202.857143
2373438.095238
1858527.619048
756693.333333
1044689.523810
2098743.809524
1945178.095238
2433386.666667
2179264.761905
1580986.190476
629476.190476
936426.190476
1785890.000000
2138115.714286
2041492.380952
2074556.190476
732760.476190
744092.857143
888961.904762
811786.666667
1666401.904762
1810891.428571
1969499.047619
2148318.095238
2273942.857143
1335860.952381
1839946.666667
2268013.333333
2073249.523810
2910057.142857
2267196.190476
2562422.857143
2789205.714286
2777809.523810
3041860.952381
2644078.095238
2771144.761905
1185188.571429
1031186.666667
1511411.428571
1652632.380952
2025201.904762
1851466.666667
961296.190476
1109217.142857
2210616.190476
1788425.714286
2207876.190476
1131563.809524
898478.095238
969836.190476
863181.904762
1302938.095238
1442142.857143
1561312.380952
1654365.714286
1161735.238095
1031868.095238
630366.190476
1227016.190476
1418687.619048
1450641.904762
1631478.095238
845251.904762
1010553.809524
1620512.380952
1840448.095238
1975407.619048
2042176.666667
851386.190476
1419713.809524
1539335.714286
2175317.142857
1796937.619048
2127387.619048
865794.285714
851311.904762
1482834.285714
1822641.904762
1930806.190476
2271980.000000
1547668.571429
689548.095238
1088257.619048
1877059.523810
1756961.904762
1856159.047619
2489040.000000
638290.000000
1591731.428571
2457426.666667
2089278.095238
2120904.285714
1549636.190476
1482307.619048
773257.142857
929346.666667
1638386.666667
1850691.428571
1621960.000000
1884925.714286
1049547.619048
629422.857143
883952.380952
1545866.666667
1675866.666667
1811064.761905
2430308.571429
1334451.428571
1074541.904762
1834314.761905
2626988.571429
2594205.714286
2216011.428571
2372378.095238
1632943.809524
1884053.809524
1940478.095238
2042387.142857
2201236.190476
1952160.000000
1595923.809524
