1955
874
1065
635
884
1050
1303
608
802
906
804
973
582
1066
601
1123
989
2334
927658
1245
946
575
889
17262
925601
734
945
558
1381
940970
999
940
955
740
920
968226
1681
1050
1009
711
1001
28326
927308
1134
1077
900
724
939459
1767
829
1003
747
987
36109
923515
1248
913
1352
723
973026
937
1054
777
1189
600
37891
882927
1714
775
1012
888
948526
2379
789
1028
600
972
949515
1642
1136
744
714
1973
1030703
1761
1056
1010
725
989
35534
1037180
1050
767
589
1229
35455
8804
984239
1197
651
1180
32924
984486
916
740
919
1535
31953
10673
1001504
776
1036
602
1014675
915
1226
603
1297
918
33233
1005243
1006
1073
735
995
1039282
1680
790
1046
979
608
1018773
1630
1046
1024
705
983
30462
988847
799
1018
883
1070
34174
974421
1054
766
591
1212
35756
1022611
1204
1076
606
605
37642
982959
943
626
1043
612
32211
9763
1028786
792
1315
741
33264
979113
1244
1035
712
963
37402
974102
943
1044
616
857
1078035
818
727
1044
741
993
1011676
1741
1022
1025
626
957
33175
1002290
1141
1110
900
934
1011608
1643
857
1059
743
971
35234
996400
1285
1248
697
587
1006217
1002
1031
746
1015
713
35564
1009405
1566
766
1016
1001
1067686
1694
1235
1022
607
856
999488
1676
1069
626
1062
902
1036675
1742
1030
1011
707
1003
31387
1040648
1068
761
611
1079
36635
10260
984804
1211
657
970
34068
991240
995
730
887
1197
34290
10507
996621
775
1042
747
1062413
983
1130
774
983
607
34077
986082
1689
1087
633
1030
1070269
1647
1068
1185
986
596
1037509
1739
1090
1039
714
995
31600
991988
1011
1328
1011
743
34140
989508
1615
673
698
1011
30806
1008874
1005
1037
605
1136
39669
1017409
1043
737
1018
619
34707
8429
972708
798
1049
622
34887
1043985
1896
1055
614
1014
35101
998112
914
1019
616
1424
1065940
1228
1061
1043
614
1318
1011175
1370
833
1021
603
954
32963
1007790
1148
1106
1029
830
1009794
1701
768
1010
719
974
36124
988639
1687
929
694
768
999322
1003
1095
605
1070
737
34535
987655
1295
770
1005
888
1010161
2038
1019
1042
614
862
1021191
1733
1121
734
609
1310
1029557
1731
1041
1062
718
983
32822
995709
1202
656
682
906
37940
8044
1033406
1215
639
1520
35777
1021628
803
736
1016
1030
31403
12182
987535
799
1038
739
1060676
957
1618
756
1033
602
32830
995944
1001
1029
622
1685
1031338
1752
1015
1181
1028
599
1023866
1376
1076
1017
593
963
33037
989209
985
1024
912
1089
35991
988588
1062
759
746
1036
32207
1023477
806
1025
626
728
36545
977555
1009
735
1017
718
34804
9501
978342
930
1044
745
34099
1026227
1308
1025
623
1110
33004
987046
1220
1078
640
1098
1063613
1377
980
1141
604
962
1012129
1360
713
1076
613
1002
32423
986288
1322
1095
898
688
1044858
1743
883
1114
712
978
35305
1023053
1317
898
587
733
1017667
1002
1034
756
1333
627
33634
973357
1744
797
996
870
1079439
1252
750
998
942
1007
1039504
1281
1022
615
665
908
1073387
1684
1589
1097
601
840
32756
1000151
1664
672
690
1154
37306
7988
983787
1223
650
976
37668
1006270
959
715
1262
1032
36395
8581
980676
953
1072
610
1005405
932
1237
745
1014
721
35582
981687
956
1031
833
1154
1038885
1730
1001
1027
1019
601
1005609
1806
807
998
851
1036
35587
1002939
817
1028
1206
757
32639
983133
1082
771
749
1023
37405
998569
1037
1026
609
843
34376
1010821
994
744
1023
625
36513
8886
993137
781
1051
602
33627
1024119
1238
1018
613
987
33976
1003920
924
1047
603
1370
1014788
1213
1078
1395
768
973
1030929
1423
756
1000
601
984
34660
1011707
910
1072
909
737
1006718
1682
888
1034
934
989
34827
981329
1304
856
527
651
1058318
1329
1096
773
997
722
32893
1025791
1674
665
1023
1002
1040679
1743
1078
1003
631
958
1042828
1604
1493
759
614
956
1023956
1287
755
1013
599
1009
31394
997965
1436
783
600
1036
37665
8616
979737
1221
640
1254
37006
980316
1018
629
992
1053
36065
9522
980356
811
1068
619
1028181
972
1133
737
1022
704
33660
983878
1185
1056
705
1137
1036352
1736
978
1000
1000
611
1015353
1702
994
1140
762
960
33259
982488
742
965
1178
957
35519
1023509
1733
679
692
895
33907
988866
1226
1064
762
631
36033
993439
953
633
1041
636
38721
8274
981092
957
1053
736
36906
1007116
1453
1035
622
975
36914
981254
1636
1196
756
989
1066489
1014
746
1044
735
1200
1007499
1740
1052
998
632
957
33263
992367
1165
1092
906
710
1059221
1279
646
1026
770
1008
35401
1038756
1400
899
698
759
1028744
977
1134
759
996
607
31895
997562
1614
754
1012
1002
1061771
1877
793
993
820
855
1015824
1701
1105
732
602
902
1060598
1670
1072
1040
620
868
31806
989211
1429
773
603
1042
33746
9306
985102
1239
639
965
34196
1024464
802
733
881
1370
33867
9483
978218
791
1032
750
1044573
913
1058
761
1028
606
33405
988387
956
1554
740
1017
1055978
1695
1061
1031
1031
623
1006513
1735
987
1014
724
983
30612
1006785
1056
1019
893
991
31922
1000269
1068
768
607
1219
32320
989786
1035
1024
603
1223
33930
992844
951
635
1042
623
34148
9378
1028695
783
1036
731
33137
984440
1674
1071
611
992
31574
1038519
806
1024
618
1043
1035807
1118
1234
1067
619
1006
1005463
1698
1036
989
896
887
31519
992888
1108
1070
1262
629
1008099
1702
1044
1014
619
943
34656
1015316
1469
921
586
1147
1019139
1551
1562
797
967
597
36896
1030419
1554
773
1010
985
1061563
1523
956
1006
603
869
1008508
1759
1158
631
690
908
1065167
1586
1044
1070
599
975
32428
994345
1043
755
611
1085
32809
10093
980306
1246
638
953
35028
1000496
797
714
1017
988
34953
7563
972702
773
1063
613
1048249
988
1030
606
1133
752
32667
1006196
942
1023
612
989
1017562
1722
1049
1018
989
601
1014251
1652
959
1040
604
959
34632
1004653
833
1873
1286
754
34355
989967
1057
750
614
1341
33050
1010944
1030
1012
608
625
36939
1042699
986
742
1028
729
35709
8579
968171
768
1023
730
34553
1011076
1687
1074
633
979
36553
990448
880
1051
757
1019
1032090
1212
1081
1017
617
1230
1017054
1722
1015
2194
645
1012
31024
992564
977
1080
893
719
1015953
1739
782
1051
938
1037
32646
1015732
1428
916
645
610
1012465
1019
1053
759
1006
724
31489
987147
1268
765
1015
898
1004724
1679
1006
1007
608
977
1012281
1785
1020
765
593
1001
1005995
1780
1108
1044
682
1042
30764
1046850
1225
651
691
1034
33798
8343
963441
1226
657
981
35447
985129
1237
783
1016
1024
33128
9100
1000368
791
1054
613
1020991
961
1167
602
875
1410
36344
1007030
1160
1064
641
969
1048176
1590
1247
1045
1017
610
1016861
1774
1115
1047
777
1018
32236
1024273
1209
1085
1027
621
33663
982379
1043
753
730
1008
34797
991244
1023
1018
609
600
38541
984277
1239
757
1008
723
34666
8152
984252
945
1067
644
38515
997595
1700
1070
624
1462
33922
1036301
795
1034
596
1510
1032403
1350
1059
1362
719
988
1038410
1755
1097
1023
614
994
32918
995316
1198
1105
907
714
1013044
1759
1050
1011
1632
1063
33696
992134
1385
906
592
1168
1046409
1313
1096
740
999
716
33489
1038162
1384
746
1013
1014
1022154
1324
1055
1004
612
971
1046127
1268
1025
731
625
955
1020460
1699
846
1396
727
982
33609
1045411
1046
769
615
1295
37257
9531
980930
1251
646
989
34464
991155
999
755
901
1093
35461
9499
978928
936
1046
622
1032681
826
1038
609
1071
1058
33673
991849
1044
1035
618
980
1041043
1766
1072
1037
1000
600
1023976
1670
1055
1163
610
953
34033
1028094
834
1012
875
904
34013
974561
1051
752
737
1018
37058
1036163
939
1016
953
731
36001
1005806
1009
754
1006
619
36858
7509
979010
962
1041
622
36617
983081
1429
1022
612
1024
36391
1000684
789
1009
605
1453
1024848
1160
970
1029
627
965
1010613
2352
792
1194
596
961
34820
1006780
1137
1074
894
721
1050541
1682
1014
1221
615
967
31799
989948
1255
926
729
622
1022087
1053
1157
615
1486
623
32014
1010166
1777
783
1022
877
1083436
1664
1068
1015
600
957
1005431
1596
931
809
928
982
1067571
1449
770
1044
713
990
32145
975422
1258
653
686
898
35811
8742
1019257
1212
621
1284
34027
987776
807
724
895
1383
34602
15404
1004807
799
1037
627
1023711
852
1712
645
1234
736
39450
965385
962
1044
626
868
1080657
1772
1102
1024
899
568
1013964
1674
1076
1174
600
973
33438
968913
784
1037
1012
922
34017
970531
1150
771
603
1271
34905
993552
810
1029
703
983
35557
985742
969
728
1021
613
33254
10535
985650
812
1059
619
34577
1000057
1673
1067
986
906
33070
1018913
997
1039
605
1308
1031187
1279
1027
1284
640
1168
1009250
1484
761
1005
716
1020
33568
975419
985
1082
902
711
1007560
1760
968
1056
760
1017
32767
1009162
1478
910
607
597
1014388
949
1143
732
985
747
34818
1028440
1275
742
1028
890
1008314
1695
1046
1213
630
833
1040369
1748
1155
741
613
893
1013659
1283
756
1023
740
997
29449
1045735
1434
769
604
1095
37300
8711
1037053
1231
641
1002
32869
999731
810
733
905
1460
33741
8398
988703
810
1052
609
1073488
855
1428
619
1027
597
32283
993642
1302
1073
629
1214
1040817
1709
1097
1027
1024
619
1008896
1729
992
1017
648
1008
31964
1024610
904
1013
882
902
38185
950187
1491
664
685
929
43951
968215
951
1185
853
576
48342
1020622
970
744
1030
621
42128
19234
976597
807
1449
741
42618
983150
1682
1049
746
1033
41902
1010586
813
1055
604
1152
1016083
1045
1041
1045
979
1015
1030988
1680
789
1021
599
961
33213
1021204
1089
1092
909
628
1052457
1392
746
989
603
1007
33816
977137
1285
891
589
1122
1037093
885
1338
795
1226
600
33340
994515
1360
760
1000
991
1040496
1281
745
989
629
975
1076072
1310
1027
737
711
1020
1081209
1674
879
1196
709
999
30165
994066
1061
769
615
1661
32788
9588
972753
1226
647
982
35691
1027399
803
727
1029
1005
33365
8832
993408
786
1030
924
1041448
998
1116
733
992
622
33200
1022011
1351
1059
613
1645
1018785
1688
1058
1030
893
569
1016320
1739
1072
1202
620
974
32043
995517
817
1062
909
980
35352
984740
1205
668
685
1059
34550
986820
1025
1027
614
593
38884
990804
1039
748
1032
608
43982
17097
963912
788
1048
753
40929
986081
1418
1019
620
1227
35075
1000201
830
1023
601
1360
1050187
1254
1045
1265
632
1350
1011262
1667
1012
1222
761
995
32647
1028347
1119
1099
894
730
1067010
1633
1263
1428
648
970
34007
1017032
1418
930
595
933
1031267
885
1292
623
1032
598
37524
992517
1786
788
1005
903
1027595
1659
1087
1986
623
970
1061633
1695
1134
725
811
980
1028174
1743
1033
1019
604
964
31810
983954
1128
831
619
1087
35555
8137
1022164
1236
660
973
34515
991313
834
730
882
1249
31835
9577
990188
789
1033
932
1160591
1021
1055
762
1009
608
31399
1083643
1247
1090
617
995
1087820
1737
1008
1048
1000
608
1066693
1749
1096
1014
613
1188
33836
1048932
838
1019
1045
962
30924
1024356
1062
770
741
1019
32290
1023686
855
1038
668
735
37832
1030297
1201
768
1031
606
31050
10864
1003462
787
1038
731
34748
1022322
1388
1035
612
1005
33332
995647
986
1047
606
873
1048739
1035
945
1036
736
1013
1031445
1289
762
1007
610
1029
32149
1007713
1075
1089
1033
615
1026395
1688
1063
1232
606
943
28528
1005095
1412
928
711
594
1027793
1017
1102
601
1000
1061
31059
1004402
1303
746
987
880
1043772
1470
756
1020
628
1020
1056081
1269
1101
749
742
993
1085346
1278
630
1029
734
1005
29864
992994
1041
753
743
1011
33852
8459
985813
1231
675
990
30832
1015026
982
736
900
1188
33104
8347
999176
788
1042
602
1033958
1017
1039
618
1071
740
31407
1027370
1006
1055
609
987
1053270
1745
1049
1024
1015
727
1019523
1682
1075
1037
732
982
35806
1013646
742
946
1168
1119
33909
1008675
1073
757
744
1016
31862
1006273
825
1054
608
689
36224
1007525
936
624
1024
639
31289
11782
978462
963
1065
611
37324
1003640
1231
1048
633
1219
32407
1003563
1003
1034
630
1025
1085332
1211
752
1009
604
1335
1030625
1475
771
1018
712
1001
36303
1016592
905
1072
879
1519
1017924
1749
1037
1025
759
967
31895
994666
1263
913
698
747
1047172
1259
1180
756
997
792
44018
1038165
1779
793
1020
1030
1024460
1729
999
1028
621
857
1045939
1335
1042
737
715
999
1028594
1741
1499
1053
723
1219
41083
998736
1660
682
703
1026
45475
17895
988685
1239
653
972
44722
1054084
983
653
983
1013
46132
17036
1013989
790
1089
742
1047646
872
1081
746
1008
608
43024
1005113
1034
1032
627
1542
1029397
1896
983
1185
1021
598
1057708
1527
1062
1031
723
1031
41998
985534
865
1065
881
870
44436
972802
1441
776
748
997
42278
1013932
827
1245
753
709
44700
999769
961
732
1014
607
43254
18903
981085
793
1004
612
43453
985797
1388
1044
739
986
45567
1006216
1015
1044
623
855
1026413
795
747
1044
733
993
1017648
1737
992
1016
681
967
29141
984596
1128
1065
894
1238
1071312
1255
752
1016
882
980
30507
991400
1383
901
1003
622
1022097
1012
1067
611
1201
614
31785
1033817
1250
742
995
879
1012930
1743
1044
1000
614
989
1050187
Xput: 5810
