1771
721
1113
652
734
1063
909
705
618
890
1321
925
722
1180
632
1294
947553
1364
624
984
947
584
14517
8662
1018982
5549
1044
616
27827
3001
9462
980029
1150
630
32832
984991
1183
625
971
597
979558
1692
825
973
1056
923
28097
933914
1264
670
1030
784
970543
863
650
1102
1065
776
29259
967317
968
1096
648
1239
947737
1409
786
1088
641
1002
967733
1105
1053
648
1073
749
34499
937948
1284
1051
663
1004
29918
975752
1395
788
1033
644
952977
1109
1081
931
648
719
941110
2062
1047
776
1042
634
967255
936
1063
796
746
1030
1030876
1071
777
1086
657
1064
31651
925623
974
1079
636
1518
930632
1416
1070
675
1027
633
1090721
815
1063
792
1045
1078
34314
1050249
1400
669
1056
989
32168
9766
1020160
828
1100
944
1075148
1181
1296
940
746
643
1035583
834
1084
798
1059
632
1042316
1701
1111
783
661
1372
1071859
1717
768
1088
719
1402
1048396
2153
850
1082
1058
630
33116
8707
1023109
833
1078
654
34228
1008139
980
769
1041
991
33663
1018601
1266
797
1034
661
1061866
1711
1240
1039
1098
1023
38267
1035600
1263
683
894
1179
1057345
1194
831
1105
1081
660
31273
1028634
975
1094
657
891
1083426
1670
981
1068
641
1011
1030415
1017
1094
776
1056
620
34763
1024028
1383
1068
664
721
33919
1004172
1463
791
1268
663
1031874
912
1489
1064
799
746
1022921
1577
813
736
1032
747
1063380
829
1114
787
643
1080
1046311
1168
810
1086
766
1044
32147
1035745
820
1097
643
1067
1041814
1347
1101
773
1054
641
1029326
892
1535
773
1290
1083
33681
1015167
1745
880
1061
651
35045
8524
1028420
825
1082
912
1073279
998
1112
941
1160
678
1043673
1061
1093
773
1029
776
1027800
2487
1198
784
738
1036
1065823
1307
798
1074
640
890
1038563
1294
787
1046
1058
641
30318
11223
1004738
820
1089
791
33363
1020836
1020
775
1049
938
34342
998519
1270
779
1085
653
1031900
1330
811
769
1070
921
32873
1014306
1264
670
1031
793
1050474
933
634
1088
1041
662
32608
1007890
824
1100
655
1055
1018971
1301
796
1073
637
892
1046403
1052
1095
808
1034
752
36923
1032758
1266
1062
645
960
36769
1014759
1450
801
1243
658
1035570
952
1079
1052
784
744
1021621
1461
811
641
1057
655
1038534
839
1316
761
741
1025
1070255
1035
773
1283
638
1043
29924
1029410
823
1063
646
1064
1059571
1299
1091
661
906
589
1014318
832
1072
800
1046
1042
33482
1017256
1252
666
1011
948
33674
8920
1057330
829
1089
1050
1073279
945
1214
949
643
752
1103660
1255
1179
650
1144
642
1059660
1797
1109
794
821
1044
1055320
1819
831
1078
763
1034
1082136
1721
989
1070
1028
629
31478
9002
1022733
1002
1092
645
37848
1010594
980
659
1082
807
32538
1014080
1298
789
1047
661
1041423
1492
826
779
1054
931
32481
1067300
1431
666
1007
798
1041184
1060
1063
1293
1095
636
33283
1001401
832
1083
644
1138
1042636
1734
1041
1062
640
891
1036131
861
1348
770
1281
634
36904
1023754
1268
1075
652
1580
36221
1051225
1370
798
1050
644
1058743
1249
1134
932
771
754
1042598
1813
855
640
1361
650
1050045
935
1096
820
646
1041
1043879
885
1487
1159
651
1193
33239
1013788
892
1068
636
1366
1035875
2054
1102
674
1001
641
1020313
1044
1162
781
1022
1039
34086
995974
1433
665
1054
763
34228
7809
1001600
815
1097
911
1037749
1226
1114
1055
777
635
1042233
920
1108
661
1068
895
1042504
1726
1121
666
769
919
1012178
1704
991
1085
632
874
1032870
1779
1134
1093
1040
847
31324
10740
1000144
806
1107
660
34854
1004363
975
641
1045
655
36886
1042880
1349
780
1447
683
1022360
1444
676
803
1046
912
34862
1015271
1329
802
1027
642
1062049
1329
1104
1066
946
728
35364
1001348
819
1082
633
1075
1053356
2011
830
1065
647
1302
1013549
919
1058
653
1044
762
34880
1025259
1543
1082
652
712
32616
1032269
1342
786
1148
637
1076739
1071
1147
1041
805
749
1013411
1458
819
750
1047
658
1003232
914
1320
806
624
1042
1039081
1028
1164
1093
772
1050
31953
1013149
844
1076
796
1050
1048786
1738
1114
677
1001
644
1044734
1281
1118
790
1059
1058
35052
981403
1511
666
1061
659
35874
8450
1014456
827
1122
944
1042907
1030
1116
957
731
633
1076925
821
2120
688
1052
1040
1036046
1606
978
756
757
1041
1025647
2270
845
1421
639
884
1091239
1732
1233
1082
1043
644
30196
10786
1023198
847
1139
645
38259
1008431
983
769
1049
648
35960
1000136
1332
800
1057
644
1010318
1701
847
750
1430
949
34211
1015430
1831
703
1071
775
1082397
844
779
1080
1041
651
36105
1038683
820
1065
651
1096
1025323
1507
1298
1229
637
870
1027962
1034
1135
785
1430
764
34878
996052
1283
1058
646
733
39108
1007110
1718
814
1068
646
1053092
1502
1134
919
678
1361
1024290
1397
830
758
1047
653
1013754
1025
1163
767
622
1063
1048267
1062
929
1083
772
1035
33181
1020545
818
1062
769
1045
1045914
1741
1086
662
1032
637
1032217
1027
1074
795
1035
1028
33485
976273
1715
692
1073
768
33730
10405
1066338
826
1070
1062
1091560
1066
1122
1158
723
635
1032049
844
1076
791
1056
661
996645
1974
1093
677
839
1015
998149
1325
806
1096
750
1038
1062606
1409
1187
1075
1032
636
37305
8164
1015398
808
1108
649
35693
995828
965
656
1077
647
36540
1016648
1481
776
1055
648
1005349
1258
820
768
1270
917
32976
1002466
1589
678
1009
790
1056455
993
944
1085
1078
641
34282
1011339
815
1081
638
1154
1056376
1808
1087
1082
655
889
1024254
1005
1587
799
1028
1103
37661
1013748
1693
1093
687
726
36055
1113198
1305
804
1050
656
1087590
1098
1090
927
737
1194
1053350
1382
827
759
1048
649
1043156
1030
1539
819
631
1338
1037238
903
843
1065
786
1056
32854
1056061
1035
1060
823
1059
1050679
1337
1053
649
1040
637
1063342
1116
1116
927
1067
1054
34694
1015601
1290
664
1008
784
36418
8667
1063361
827
1078
931
1099119
1431
1148
1105
755
642
1032849
1029
1118
787
1039
773
1037796
2041
1128
660
943
919
1039433
1753
1051
1139
636
885
1034683
2035
718
1075
1053
645
34923
8889
1008649
843
1090
653
36436
1011419
1060
763
1086
653
35720
1013886
1286
998
1057
634
1048893
1185
831
795
1061
944
33668
1003615
1321
666
1062
772
1063379
1288
1137
1064
947
718
32112
1009500
829
1074
662
1099
1046275
2668
863
1063
635
882
1032541
890
1471
811
1040
627
32564
1022295
1362
1091
672
717
35785
1012560
1269
811
1058
655
1059851
807
1066
1199
776
732
1057606
1203
1282
759
1074
647
1063823
1068
1157
792
625
1049
1050775
1008
1138
1100
773
1030
29378
1012486
809
1047
639
1100
1043951
2610
1157
661
1007
650
1065402
839
1089
782
1058
1029
33305
1013578
1326
668
1040
770
33353
8284
1005160
827
1098
1260
1036772
938
1207
926
681
594
1037718
1050
1162
770
1094
648
1031831
1294
1048
643
975
932
1024968
1306
1125
1072
748
1027
1065726
1284
786
1067
1035
651
32578
9905
1059369
819
1122
789
33704
1015561
996
652
1287
791
35079
1022653
2143
819
1078
642
1024609
1298
883
750
1291
951
31896
1016738
1266
677
1071
939
1065921
1208
821
1084
1072
641
35145
1004695
838
1098
650
1045
1038854
2006
703
1140
649
1026
1054479
966
1103
771
1047
652
35470
1019159
1265
1060
661
719
34564
1073912
1303
799
1254
1039
1073854
984
1100
1075
787
732
1034020
1224
880
755
1328
646
1086384
1042
1120
770
622
1049
1049353
861
784
1305
770
1041
31054
1028510
812
1080
659
1058
1039420
1784
1096
766
1059
664
1043345
828
1330
780
1050
1074
34090
1037261
1720
680
1046
785
36201
8741
1008450
817
1095
933
1049675
1010
1144
939
734
640
1059264
1008
1064
804
1199
649
1061030
1696
1271
774
631
1035
1038162
1990
819
1051
731
994
1057407
1743
909
1067
1046
630
31851
8782
996982
965
1077
632
36694
1071292
971
771
1036
757
35000
1036346
1382
790
1059
644
1063897
1307
803
784
1120
915
32557
1012510
1828
683
1085
638
1032227
1067
874
1298
1061
634
35451
1006148
811
1059
787
1048
1038839
1789
964
1077
653
992
1041489
1045
1096
985
1054
638
29909
997232
1831
1124
672
716
37198
1059347
1259
796
1077
640
1059722
1019
1081
1072
790
759
1040222
1189
862
743
1047
649
1058797
1199
1166
809
1108
1036
1067987
890
1267
1097
637
1102
30607
1010195
808
1073
638
1342
1042098
1800
1111
829
996
634
1057355
911
1079
788
1222
1029
33834
1030368
1323
666
917
1242
33443
8224
1012375
825
1075
1300
1044121
1201
1142
954
740
620
1087479
893
1092
1024
1064
636
1061310
1729
1108
649
977
1021
1030727
1819
1002
1048
662
1013
1042903
1282
802
1047
1054
633
33005
10222
1031506
831
1076
655
36463
1014601
985
654
1079
660
35378
1007312
1468
787
1030
660
1059779
1300
823
784
1247
904
32946
1037292
1375
677
1303
772
1047205
843
1013
1078
1042
757
33787
1012802
849
1060
649
1060
1032397
1724
1050
1299
647
904
1058800
949
1986
824
1063
752
35376
1007249
1429
1074
644
1213
35719
1036139
1291
783
1033
643
1044489
1117
1085
1198
784
756
1043868
1791
845
641
1019
780
1056851
830
1368
778
738
1050
1060225
834
763
934
930
1066
33353
1041980
864
1094
782
1058
1094531
1316
1064
646
919
592
1042325
1050
1101
772
1043
1026
38062
1007032
1797
692
1035
813
33794
17540
1003974
834
1113
927
1054099
1301
1733
968
742
617
1049025
1108
1101
789
1029
650
1026923
1757
964
1043
756
1040
1071667
1714
809
1085
752
1060
1065360
1733
913
1079
1061
759
32145
17257
1034885
807
1091
637
34943
1008130
1054
774
1039
767
39794
1038312
1716
794
1059
659
1047494
1418
811
751
1063
907
34108
1028256
1270
672
1056
763
1085394
846
773
1102
1063
658
35947
1061993
809
1064
648
1061
1067893
1807
987
1079
652
879
1046097
981
1061
776
1036
641
32845
1059571
1409
1058
678
715
41291
1048120
1783
818
1052
774
1073308
1162
1160
1271
798
745
1049309
1463
825
759
1036
656
1070759
1018
1619
789
641
1042
1052226
895
771
933
786
1309
35639
1028910
821
1048
632
1434
1049251
1436
1471
805
1057
664
1073910
1028
1208
792
1071
1017
38762
983359
1415
665
893
897
35987
15639
1005284
825
1097
938
1077083
1449
1141
937
1213
596
1065906
1152
1130
769
1050
640
1045254
2301
1312
679
915
1058
1061777
2648
865
1087
654
995
1011521
1595
680
1045
1053
647
34594
14877
1065232
830
1091
648
34197
1017840
993
756
1063
639
40499
1017122
1268
667
1075
641
1063486
1368
1026
812
1066
1049
31686
1005234
1266
660
1012
785
1073505
1023
762
1123
916
632
35180
1025689
836
1076
645
1054
1060892
1391
874
1083
665
1024
1069259
967
1086
794
1031
631
34737
1040286
1513
1059
654
720
40072
1026806
2162
818
1068
652
1096372
822
1436
1050
781
742
1053168
2197
847
639
1353
646
1054551
1124
1081
786
734
1023
1055053
1055
1264
1155
641
1067
35525
1025567
830
1044
801
1046
1053003
1757
1122
791
1036
625
1056335
976
1653
805
1051
1305
38769
1003272
1263
670
1149
785
39735
10090
1024114
963
1073
1041
1070296
1239
1361
941
740
637
1099612
952
1084
994
1067
647
1065932
1399
1081
787
829
1053
1048424
1990
883
1057
641
1287
1063959
1736
1058
1050
1065
640
35076
18651
1008524
804
1055
786
38263
1060507
976
648
1051
645
39660
1013282
1292
794
1028
643
1036118
1160
751
807
1112
917
32332
1020135
1370
682
1219
775
1101410
1461
832
1317
1073
653
38435
1043969
824
1053
644
1195
1065517
1691
962
1064
638
891
1035108
1384
1105
764
1059
743
31715
1042285
1311
1075
665
1135
39916
1022179
1269
784
1037
650
1108695
1807
1128
1059
804
742
1068839
1438
815
1001
1063
815
1055933
1023
1088
1142
641
1570
1070885
1383
801
1064
651
1037
30994
1015992
817
1053
645
1069
1050421
1940
1086
644
1227
609
1069000
1026
1135
671
1056
939
32914
1016068
1286
671
898
1219
33579
8887
1043322
845
1078
1061
1051644
1365
1543
1096
659
718
1049067
1367
1122
688
1051
645
1063873
1757
1102
775
806
1025
1084340
1797
1081
1092
638
998
1079659
1526
806
1431
1296
796
36250
8487
1049312
830
1378
781
35036
1026296
1184
770
1041
673
36943
1038882
1265
795
1045
655
1055008
1207
834
773
1264
945
35750
1090201
1292
677
1097
786
1064018
859
804
1049
929
657
38208
1033377
814
1082
784
1042
1058975
1441
1343
1107
758
1041
1052560
1111
1285
665
1427
638
33543
1032599
1321
1068
672
718
32721
1016908
1827
835
1068
654
1101601
973
1076
1062
774
746
1026828
1791
874
639
1358
787
1079725
846
1417
654
1178
1052
1033758
1984
829
1101
766
1014
34407
1031811
807
1053
645
1077
1033506
1491
1086
667
1033
759
1040681
1158
1090
815
1041
1277
31058
1013624
1296
679
1266
765
36541
8018
1032008
799
1064
1069
1058550
1000
1122
1074
645
674
1084876
1082
1553
791
1062
641
1053903
1804
1104
671
1066
1069
1061614
2029
827
1068
657
1007
1035674
1313
805
1078
1050
634
29271
12097
1023305
850
1125
648
37855
1038176
965
659
1075
657
34283
1050110
Xput: 5708
