47546117.142857
30341585.714286
30990788.571429
28135335.714286
27704490.000000
27067505.714286
27343287.142857
25995058.571429
28222292.857143
25361545.714286
24673884.761905
24127021.428571
27869226.190476
28179887.142857
28931133.333333
26898969.523810
27572649.523810
28119108.571429
27082871.428571
26247698.095238
29048886.666667
28882129.047619
27674204.285714
29689217.142857
27154918.095238
26270142.857143
28649016.666667
25166350.952381
26305274.285714
27298744.761905
27220891.428571
28479221.428571
25912606.190476
28642247.619048
29588842.380952
24330820.952381
25925268.571429
25180580.476190
27075086.666667
26110417.142857
30025666.190476
30230911.428571
29586304.761905
28120879.523810
26195479.047619
28377850.476190
29725638.095238
26157539.047619
26389369.523810
28160221.904762
26637700.952381
28104850.952381
26585890.952381
27268715.714286
26751340.476190
26542761.904762
27027860.000000
26421307.619048
28672040.952381
28023952.857143
26560992.380952
28528845.714286
25348582.857143
28536229.047619
25542412.380952
28160651.904762
26042978.571429
25856250.000000
26749506.190476
27368783.333333
26631420.000000
27460409.523810
25746942.857143
27006353.333333
26789853.333333
26953972.380952
27740136.190476
26328444.761905
25588103.809524
26467794.285714
27943702.380952
27652319.047619
26326254.285714
26046835.714286
27894987.142857
25528647.619048
25108790.476190
26796263.809524
27665533.333333
26337424.761905
25055745.714286
26881299.047619
25097068.571429
26027925.714286
26855064.761905
28802892.380952
27626756.190476
27935076.190476
27989029.523810
26370250.476190
28039897.142857
28537216.190476
25742370.476190
26871378.095238
26453059.047619
28738839.047619
26113507.619048
26026492.380952
27626880.952381
26356817.142857
26809737.142857
26570578.095238
26428534.285714
27183727.619048
27728516.190476
26753407.619048
26208510.476190
28391059.047619
27847941.904762
28577710.476190
26283084.761905
27447548.571429
25669325.714286
26932052.380952
29132306.666667
26609198.095238
27078505.714286
25076316.190476
26968438.095238
26840530.476190
30741697.142857
28062196.190476
27717536.190476
27953330.476190
26225929.523810
27260544.761905
26431147.619048
25076310.476190
29160054.761905
28128487.619048
27603400.476190
31194000.000000
25828297.142857
28473807.619048
26224565.238095
27222666.190476
27706559.047619
25965049.047619
26422544.761905
27261356.190476
27123054.761905
29580595.714286
26846960.000000
29131947.142857
26739609.523810
27726923.809524
29013193.809524
26405302.857143
29060989.047619
26254963.809524
28823357.142857
26205546.190476
25800110.476190
28620754.285714
25806066.190476
26278973.809524
27761516.666667
26440129.523810
26718606.190476
25752839.047619
27783903.809524
27315824.285714
27749800.000000
28183459.047619
26377454.761905
26382161.904762
28735644.761905
27204885.714286
30085468.571429
28149771.904762
27191062.857143
27498745.238095
25862947.619048
27017941.904762
27765285.714286
24420120.000000
28599843.809524
25628511.428571
26214717.142857
26416831.428571
26479714.285714
25369555.238095
28118076.190476
26317891.428571
27506689.523810
25890619.047619
26521664.761905
24869585.714286
26617160.000000
27209729.523810
27613300.952381
28122110.476190
26126043.809524
25756525.714286
27715008.571429
26719565.714286
28959766.666667
27100603.809524
28874133.809524
28144084.285714
27296813.333333
28378960.952381
27395849.523810
26359423.809524
27390076.666667
25547598.571429
26985856.666667
25617062.857143
27137940.476190
25493853.809524
27662840.952381
28388082.857143
25634814.761905
26477954.761905
26080721.904762
25975550.476190
26054932.857143
26015884.285714
26379034.285714
27946123.809524
27083795.238095
27324332.857143
26411221.904762
27543980.952381
26539748.571429
28441690.000000
28239452.380952
25400550.476190
27964247.142857
28571500.476190
27988169.523810
28666683.333333
27621668.095238
28519719.523810
26691338.095238
26409999.047619
27487259.523810
26177307.619048
31945806.190476
26490918.095238
26668521.904762
27619413.333333
25319141.904762
27586314.285714
26007561.904762
26058301.904762
24924823.809524
26959350.476190
26507081.904762
25934514.285714
26638910.476190
27664663.809524
26066914.285714
26849664.761905
25484378.095238
26471345.714286
27395036.190476
27877163.809524
26983933.333333
26674504.761905
26693872.380952
28532353.333333
26210334.285714
27186993.333333
26589217.142857
26340136.190476
28598426.190476
27422326.666667
26750438.571429
25880278.571429
26137529.523810
28582566.666667
28370915.238095
26683241.904762
26568129.523810
25983497.142857
27855720.952381
26101394.285714
28758777.142857
26164807.619048
28223514.285714
26246683.809524
26038511.428571
27766287.619048
28145923.809524
27657252.380952
27388091.428571
24131552.857143
24492396.666667
26276597.142857
24255828.571429
24725615.714286
23830987.142857
24727228.571429
26712208.571429
27343018.571429
24556571.428571
28008903.333333
27008476.190476
28296874.761905
28020523.333333
25703197.619048
29269472.857143
30278190.000000
25622335.714286
28615427.142857
25580984.285714
27723720.476190
26846473.333333
27034965.714286
26256798.571429
25718094.285714
27467561.904762
26826345.714286
28051157.142857
28735990.476190
25793267.619048
27496612.380952
28102682.380952
27284282.857143
28444340.952381
26211535.238095
27402541.428571
25710492.380952
27983540.476190
26297463.333333
27007576.190476
27900714.285714
25690498.095238
28299639.047619
25851590.952381
26272349.047619
26884371.428571
25403200.476190
28290346.666667
27754636.190476
26395043.809524
26173896.190476
27779047.142857
27309096.190476
28434326.190476
27394412.857143
27419106.190476
26444813.333333
27386252.380952
28345099.047619
28464628.571429
29368669.523810
28046935.238095
27873667.619048
27765833.809524
25768321.904762
28560118.095238
27400446.190476
26342972.857143
28010673.333333
27242128.095238
26783693.333333
26822059.047619
27027975.238095
27756503.809524
28101762.857143
26770358.571429
26263459.047619
27072500.000000
28047689.523810
27378534.761905
25509901.904762
26675848.571429
27059137.142857
28473907.142857
25335778.095238
27099535.714286
25618952.857143
29258090.952381
27831397.619048
28528914.285714
28450097.619048
24971542.857143
27141027.142857
26839223.809524
25780195.238095
28453372.380952
25910081.904762
27821526.666667
27771216.190476
27929780.952381
28086870.476190
28186061.904762
26894668.571429
26652498.095238
26759860.000000
26213502.857143
27876823.809524
28125500.000000
26273869.523810
27809064.761905
26522980.000000
25027269.523810
27761215.238095
26455358.095238
26935858.095238
28234964.761905
25479720.000000
27385387.619048
26270599.047619
26952414.285714
28406705.714286
26916554.285714
26827163.809524
27887351.428571
26095340.000000
29250430.952381
27742538.571429
29251290.476190
28796919.047619
28118100.000000
28725615.238095
25808292.380952
28220942.857143
28143251.428571
26700018.095238
28072885.238095
27683296.666667
26153234.761905
27667004.761905
27783835.238095
26901527.142857
27910773.809524
28196558.571429
28186836.666667
28541055.714286
27555783.333333
25910852.857143
27954041.428571
28442541.428571
27520208.571429
28163178.571429
27727851.904762
28101978.095238
26286775.238095
25732912.380952
28459266.190476
25693071.904762
26647972.380952
26898702.857143
26989397.619048
26391770.000000
32048673.809524
29648994.285714
28696418.095238
28629304.761905
28722619.047619
25964675.238095
25672140.000000
26372796.190476
28677928.571429
28028600.952381
25206417.142857
28164060.952381
25530021.904762
27864409.523810
27613258.095238
28095184.761905
27251591.428571
27938306.666667
27707977.142857
25850994.285714
26779319.047619
26352847.619048
27484698.095238
25706215.238095
27370270.476190
24932724.761905
27044226.666667
26118165.714286
26608002.857143
26675161.428571
25896589.047619
27362245.714286
26606560.952381
27316921.428571
28601816.190476
28960205.238095
28304187.619048
26836875.238095
27269011.428571
27718276.190476
25123819.047619
26319257.142857
25953103.809524
25832303.809524
26340310.476190
25433888.571429
27442077.142857
26736790.476190
29348028.571429
26321588.571429
26145925.714286
28360452.380952
26770992.380952
29028293.809524
