47648713.333333
30567680.000000
34204291.428571
32825728.571429
30745682.857143
28500372.857143
27832727.142857
28941292.857143
28866908.571429
28076702.857143
29237944.285714
29009980.000000
29991494.761905
30510867.619048
32202425.238095
31376506.666667
33346072.380952
33268860.000000
31872506.666667
31954743.809524
31519892.380952
33214427.619048
33522707.142857
31753473.333333
33242878.095238
31780434.761905
30508758.095238
30476922.380952
30522849.523810
33676073.809524
31822829.523810
33063677.142857
32247643.333333
32188213.333333
31420161.904762
32867653.333333
34150248.571429
34400511.428571
31722530.000000
34849740.000000
33486915.238095
32022847.619048
33871791.428571
34137496.190476
31239512.857143
32810842.380952
32638855.238095
32197433.809524
32353449.523810
33844162.857143
31857117.142857
34152532.857143
33399203.809524
30824688.571429
32675806.666667
31604608.571429
34134760.000000
33021487.619048
31910826.666667
34076344.761905
30843533.333333
34046169.523810
34650605.714286
30131043.809524
31142269.523810
33301753.809524
33674520.952381
30794836.190476
33230845.714286
31487875.238095
33065301.904762
32950251.428571
32781249.523810
31072403.809524
32348595.238095
31508492.857143
32317092.380952
30841275.238095
31396743.809524
33287419.047619
32214723.809524
33108812.380952
33495965.714286
31767953.333333
31179890.476190
31476319.523810
31453300.000000
33768233.333333
32233583.809524
32868718.095238
33560278.095238
31345157.619048
31170250.476190
31020468.571429
31901769.523810
31708168.571429
33950353.333333
33553786.666667
32321360.000000
33272876.190476
34281796.190476
33750400.000000
32802994.285714
31030307.619048
31880907.619048
30782722.857143
32348267.619048
31801087.619048
32142520.000000
31825866.666667
33308636.190476
32932199.047619
32242438.095238
31955400.952381
32075469.523810
34129746.666667
31621465.714286
31248754.285714
33000742.857143
34161875.238095
32152789.523810
32237005.714286
31729221.904762
31740289.523810
33462370.476190
31138048.571429
31335963.809524
33077108.571429
32725183.809524
31531917.142857
31742482.857143
31384168.571429
33159607.619048
33519801.904762
33147800.000000
30900676.190476
30908993.333333
30292440.952381
31499144.761905
32097548.571429
31915134.285714
32003501.428571
31894632.380952
31792132.857143
31492097.142857
31159888.571429
34495976.666667
33261107.619048
31459353.333333
33543415.238095
31202893.333333
32396156.190476
32002750.476190
31827505.714286
32574579.047619
31866171.428571
33456273.333333
32308200.952381
33684279.047619
33646091.428571
31827228.571429
33324379.047619
33198153.333333
31534949.523810
32119614.285714
34888121.904762
32305710.000000
31614296.190476
31363148.571429
32491749.047619
31362413.333333
31455788.571429
32347163.809524
31797392.380952
29640290.952381
33831780.000000
33214196.190476
30971396.190476
32102420.476190
31965000.952381
31080901.904762
31438318.095238
32388008.571429
32655341.904762
31569313.333333
31375985.714286
31272857.142857
31258016.190476
33024828.571429
32192127.619048
31300415.238095
36089278.095238
34864067.619048
32120103.809524
31252732.380952
31603310.952381
32890715.238095
32732137.142857
32288293.333333
31832659.523810
31163789.523810
34227020.000000
31396749.047619
31195720.000000
32535701.904762
32506014.285714
32663378.095238
32531764.761905
35118501.904762
30195917.142857
31229740.000000
33181167.619048
31942327.619048
31421378.095238
31802963.809524
31480651.428571
33324473.333333
32959720.952381
33237606.190476
31389096.666667
31418633.333333
31599406.666667
31349424.285714
30972218.571429
34581868.571429
32569278.095238
33050022.380952
33503919.523810
32296931.904762
30476298.095238
33326256.666667
33712742.857143
30588540.000000
31486665.238095
31398906.190476
30533048.095238
31029247.142857
33804604.285714
30594791.904762
31180759.523810
31995659.047619
31169320.000000
32332329.523810
31607236.666667
33068046.190476
31774893.809524
32089600.476190
32851571.428571
30981698.095238
32265180.000000
32700216.190476
30279331.904762
32808292.857143
33159310.476190
31957613.809524
31239065.714286
31970295.714286
32536986.666667
31990850.000000
31395273.809524
33480486.190476
31158359.523810
31702515.714286
33779878.095238
32484931.428571
32531025.238095
31383007.619048
29557817.142857
31611570.952381
38222693.809524
35702536.666667
33284790.476190
33701370.952381
32750486.666667
32615617.142857
32666361.904762
32180616.190476
32467005.714286
32320384.761905
33188664.285714
34206966.666667
32183241.904762
31397987.619048
34025470.476190
31945409.523810
31419173.333333
32046828.571429
31769719.047619
31856506.666667
33190757.142857
33940464.761905
34456427.619048
30773459.047619
32798420.000000
33165682.380952
31508540.000000
34142156.190476
32400569.523810
31315898.095238
31603427.142857
33241505.714286
31380131.428571
32920357.142857
31837194.285714
32221182.857143
31391933.333333
31855528.095238
32720120.000000
31270923.809524
33451892.380952
31994265.714286
32330954.285714
31473352.380952
32273747.142857
31150248.571429
30870856.190476
31684141.904762
32758090.476190
30233291.428571
33432093.333333
31632122.380952
30077243.809524
32025157.142857
31804822.380952
34198636.190476
31059236.666667
31599696.190476
31332467.619048
31526244.761905
31927024.285714
31535606.666667
32449300.952381
33474774.285714
30082980.476190
31013842.857143
32194529.047619
31369427.142857
31811891.428571
31313944.285714
33136806.190476
32211571.428571
31343087.142857
31581190.000000
32099194.285714
33281956.190476
30626891.428571
32066856.666667
31411471.428571
33171249.047619
33599181.904762
32292006.666667
31362220.952381
34331881.428571
31751952.857143
31412833.333333
31167255.714286
31741370.000000
33633789.523810
33335869.523810
31584452.380952
33054378.095238
31117932.857143
33660023.333333
31792207.619048
30722446.666667
33130013.809524
32736172.380952
31400363.333333
32007520.000000
31934790.000000
32867435.714286
33599759.047619
29368684.761905
30932797.619048
31532085.238095
31054618.571429
30195449.523810
30515873.809524
31291786.190476
32836548.095238
32247336.666667
32078012.380952
31580022.857143
30233461.428571
32988704.761905
34058833.333333
30295999.523810
31875861.904762
31907028.095238
31742318.095238
32346166.666667
34364920.000000
31969783.809524
31954584.285714
32261944.761905
32155374.285714
31418345.238095
31562673.809524
33830206.666667
32253603.809524
31644769.047619
33858392.380952
31340394.285714
34318353.333333
31210978.571429
32973619.523810
31800342.857143
32095281.428571
32557808.571429
31670764.761905
31805822.857143
33147377.619048
33825664.761905
31118306.666667
33097568.571429
31614724.761905
31681672.857143
32535595.714286
31699357.142857
31540116.666667
33132783.333333
32402277.142857
32502750.952381
31596430.952381
34005669.523810
32231003.809524
31799786.666667
33043271.904762
31970504.285714
33115037.142857
31571889.523810
31820431.904762
34199159.047619
31957671.428571
31619223.333333
32619018.571429
32616046.666667
31949116.666667
31914693.333333
33894990.476190
33077349.047619
32349351.428571
32201687.142857
32484647.619048
30676032.380952
36504833.809524
32100254.285714
32468117.142857
31088360.952381
33142294.285714
33737120.952381
32401852.380952
31386563.809524
32838914.285714
31210292.380952
30869584.761905
31675619.047619
31031450.476190
32013216.190476
29970185.714286
34273230.952381
30814488.571429
32841129.523810
31175085.714286
30417698.095238
32162300.952381
32906951.428571
32162091.428571
32299040.000000
31672462.857143
32834239.047619
31630396.190476
32827364.761905
31276374.285714
32533957.142857
30902804.761905
30866724.761905
30220335.238095
31881809.523810
32290164.761905
34144822.857143
31334716.190476
31310771.428571
31333534.761905
31264680.476190
33868660.000000
31840491.428571
30818598.095238
32053775.238095
31164548.571429
31679072.380952
32562840.952381
33320087.619048
30855094.285714
31864794.285714
31691097.142857
30756729.523810
33517232.380952
31350214.285714
32267501.904762
30271122.857143
34267934.285714
32455880.952381
33502953.333333
31359443.809524
32136736.190476
33096396.190476
31942329.523810
31691730.476190
31127742.857143
32809148.571429
34829976.190476
32539624.761905
32674148.571429
31485412.380952
32397373.333333
31816000.000000
31672852.380952
31926264.761905
31345470.476190
30495430.476190
31282120.000000
33083647.619048
32807028.571429
33664561.904762
31504900.000000
31306030.476190
33682385.714286
31794496.190476
32478342.857143
31842670.476190
31332118.095238
31563239.047619
30542491.428571
32674880.952381
32592639.047619
30930929.523810
32198467.142857
28621281.904762
30462290.476190
31342576.190476
32174027.619048
33030151.428571
31089013.333333
33407624.761905
33099469.523810
35337440.952381
31055916.666667
30632400.000000
32813184.761905
32952745.714286
32367211.428571
32051540.952381
30778685.714286
33511033.333333
33807542.857143
31518093.333333
31967577.142857
32570389.523810
32613144.761905
31752263.809524
31067120.000000
31846067.619048
33168280.000000
30630881.904762
30751153.809524
31336290.952381
32223777.142857
33513879.047619
30260836.190476
33850274.285714
32838608.571429
30019764.761905
30751442.857143
32039182.857143
31790874.285714
33560455.238095
31723122.857143
31809722.857143
30830987.619048
34073305.714286
31222624.285714
34091338.571429
30779540.000000
30300897.142857
30829160.000000
30664619.047619
30007607.619048
30965333.333333
33517725.714286
31377888.571429
33644697.142857
31930986.666667
33152711.904762
30991786.190476
33218534.285714
34371652.380952
32289060.952381
33901123.809524
31035795.238095
32816644.761905
31373953.333333
32030634.285714
31741894.761905
32728783.809524
32932056.190476
31214669.523810
30545465.714286
34378865.714286
31002850.952381
32025873.333333
31632585.714286
36280042.857143
32872138.095238
33134632.857143
35038055.714286
33021255.714286
34317101.904762
35110931.428571
34075048.571429
31986912.380952
30063514.761905
31361595.714286
32028445.714286
33809251.904762
32507125.238095
31546943.333333
31553557.619048
30980391.428571
32331408.571429
32820793.333333
32446434.761905
32571591.904762
33845252.380952
31227369.523810
31830564.761905
32489766.666667
31941728.571429
31440766.190476
32738912.857143
33302775.238095
31501975.238095
32137359.047619
31863289.523810
30667341.904762
32304407.619048
33795795.238095
31997934.761905
31361746.666667
31616351.428571
32989792.380952
32170875.714286
30927734.285714
31750485.714286
30815914.285714
30883970.952381
31862085.714286
32158995.238095
31271656.666667
32975184.761905
33217607.619048
30542662.857143
31836468.095238
32675835.238095
32655468.095238
32227825.238095
30387261.904762
31568145.238095
33043651.428571
32439743.333333
33895205.714286
29736408.095238
32980291.428571
31364783.809524
31274634.285714
33379258.095238
30728978.095238
33202129.523810
30112958.095238
30883255.238095
33272930.476190
30235070.476190
32446077.619048
33014996.666667
32206923.333333
30657810.952381
32196866.666667
30095028.095238
30766517.619048
32356411.904762
33081578.095238
31952903.809524
31179311.428571
31258735.238095
31026748.571429
31217493.333333
31001980.952381
30670533.333333
32230948.571429
33489457.619048
30756329.523810
31440653.809524
35528502.857143
33681140.952381
33159245.714286
33302077.619048
31452322.857143
33881737.142857
30950010.952381
32083144.761905
30700178.571429
32069648.095238
32768720.000000
32053482.380952
31299630.000000
32514398.571429
30737664.761905
31306377.142857
31942956.190476
30605206.666667
32208966.666667
32976041.904762
32250528.571429
31557486.666667
28842587.619048
32677388.571429
30641804.761905
31381609.047619
33920366.190476
31442376.190476
33082496.666667
31109213.809524
33000864.285714
33822293.809524
32301765.238095
32835032.857143
32481892.380952
33554104.285714
31539932.380952
31880343.809524
31161771.904762
32629011.904762
31004290.000000
33154959.047619
31114710.000000
30838940.476190
33318453.809524
31119416.190476
32872790.476190
35111913.809524
30897621.428571
31559039.047619
30806598.095238
30132110.952381
32255940.476190
31936266.190476
32227379.047619
30916983.333333
32391167.142857
32647361.428571
30990254.761905
32890955.714286
34028786.190476
31246138.571429
30859432.857143
31432545.238095
31755395.714286
34540299.047619
30864930.000000
31453546.666667
32401774.285714
31129678.571429
30811051.904762
31847374.285714
31738378.095238
31848043.333333
30362094.761905
33507248.095238
30118520.000000
31090942.857143
31457764.761905
33580328.571429
31472902.380952
30625872.857143
31910662.857143
30922921.428571
33604003.809524
32860787.619048
31415235.238095
33030153.809524
31082835.714286
31256848.095238
31690409.047619
31281857.142857
32619243.809524
34134220.952381
31160588.571429
31283212.857143
33562651.904762
30748470.000000
34465709.523810
30686209.047619
32391459.523810
31181939.523810
30670188.571429
31654197.619048
31867277.142857
33300800.000000
30832424.761905
30781019.047619
32348020.476190
32424865.714286
32207539.047619
31866769.523810
31143547.619048
33452846.190476
34491575.238095
31361703.809524
31146853.809524
29731673.333333
31805675.238095
31097258.095238
31246710.952381
31516702.857143
31027527.142857
33869370.476190
31456707.619048
33352666.666667
32495666.666667
31177663.333333
31342783.809524
29355784.761905
31290082.857143
33635156.666667
30662982.380952
31680990.952381
33257338.571429
31166621.904762
30943519.047619
30310556.190476
30965029.523810
30663791.428571
32613486.666667
33919941.904762
30886105.714286
30871000.952381
31351004.761905
31600008.571429
31376504.761905
34095104.761905
31540510.476190
33479726.666667
34455544.761905
31965629.523810
31411045.714286
32839799.523810
32281183.333333
30930295.238095
30902808.571429
32846769.523810
33906039.047619
31776708.571429
33782954.285714
31253316.190476
33797900.952381
31620486.666667
31246646.666667
31992173.333333
32053677.142857
32245883.809524
30888807.619048
32932511.428571
34404714.285714
32314747.619048
43108700.952381
39292060.952381
36423739.523810
