1923
864
1056
624
1246
1079
1009
602
1031
897
573
889
1409
1054
612
1014
977
16583
4234
13586
947068
729
23049
6778
9489
962055
1228
768
20524
2720
10000
949042
1217
650
25862
3381
11138
9931
965656
778
959208
1335
804
722
1002
896
27870
944383
1711
659
1066
617
1005064
1062
1224
1047
1005
616
32063
954397
810
1047
748
1034
983095
1669
985
1035
609
848
982299
889
1030
756
996
618
29959
964295
1621
1050
626
609
37021
954118
1377
776
1208
635
946833
877
1052
1022
730
694
1061142
1571
826
760
1001
626
1056862
1029
1057
725
625
977
1069175
1060
1078
1031
606
1403
30916
1000621
970
1036
610
1010
1083920
1765
1088
747
973
600
1018370
1091
1055
754
1021
1046
31718
1021892
1350
654
967
628
37852
8139
1001198
786
1061
897
1055150
1231
1495
1263
799
590
1034000
1051
1097
630
1004
616
1052926
1382
1223
768
591
1010
1045410
1753
1010
1189
628
976
1042431
1751
1138
1203
1012
607
28001
13947
1006276
775
1053
601
31899
1028088
950
731
1027
623
31832
1007784
1245
755
992
620
1044093
1736
817
711
1008
890
28127
1000052
1701
780
1026
1004
1038743
894
962
1034
1025
616
30103
1014969
1045
1034
770
1024
1046161
1744
1083
1268
659
853
1037027
1117
1151
754
1030
596
29170
1001126
1702
1077
647
696
30307
1036987
1282
758
1024
630
1002825
881
1945
1054
613
1374
1082304
1093
786
763
1013
625
1022831
1090
1039
620
804
1052
1080385
931
748
1028
602
1383
32204
1028527
805
1044
603
1098
1012816
1758
1161
636
895
571
1018570
1104
1042
769
1029
983
30668
980163
1388
659
868
1179
30429
12311
1000342
792
1056
1041
1079246
1006
1103
900
855
575
1044512
1250
1117
651
1354
597
1084198
1959
1107
754
612
1270
1035537
1763
1125
1061
648
1014
1029226
1695
1128
1048
1027
621
27172
12089
1016237
813
1063
769
35205
1055509
942
619
1025
632
31702
1001799
1236
749
1016
608
1043395
1121
796
758
1033
1276
28996
1013798
1754
663
1038
751
1015021
1098
1043
1059
1056
618
27765
1017383
802
1041
625
1186
1036030
1698
1067
1063
623
857
1052781
1351
1084
728
1024
717
33737
1047126
1269
1041
622
695
31657
1003500
1342
761
1026
616
1084352
1251
1079
1047
725
707
1063723
1774
831
733
1001
616
1028264
1084
1095
755
613
1267
1013983
872
819
1060
617
1007
33023
1006866
1064
1039
753
1022
1030836
1733
1110
655
988
616
1047322
1098
1117
773
1242
1034
31841
981619
2450
685
1502
622
36045
8005
1009559
796
1050
1044
1032307
990
1170
910
606
713
1037771
925
1325
755
1004
743
1067569
2009
1088
753
613
956
1034430
1280
776
1041
626
873
1009416
1784
1071
1018
899
580
30308
10451
1042401
790
1054
743
34360
1047737
1341
790
1034
618
34816
1008502
1229
757
1016
643
1057877
1795
829
728
1032
899
32221
1025043
1221
651
1165
746
1044852
1094
1072
1098
1025
615
32581
1010386
1013
1046
611
1092
1044137
1779
1043
1061
628
859
1027940
1240
1166
743
997
1168
30744
1000563
1339
1061
638
825
34193
992769
1712
787
1027
617
1042022
1086
1834
1046
820
748
1041379
1199
1215
714
1003
1051
1037771
1099
1033
760
726
1284
1021003
879
1047
1051
731
1004
34008
1052291
1187
1042
1219
1029
1027052
1782
1155
623
961
1152
1045411
1054
1096
621
1672
1011
32875
1047452
1258
646
1273
741
32043
8351
1013071
954
1070
927
1049535
1268
1453
940
721
595
1086951
970
1122
756
999
602
1029586
1761
1166
628
1018
993
1040532
1274
779
1021
971
912
1012963
1729
1056
1047
902
572
32256
8857
987150
801
1047
618
32419
1052871
1273
738
1012
732
34908
1033522
1477
770
1006
625
1025214
1372
783
723
1370
1060
32679
997793
1685
801
1007
974
1034508
978
746
1047
882
998
29696
1047527
940
1037
623
1118
1019540
1653
1245
1280
653
846
1072144
1117
1096
777
1956
766
35099
990785
1489
1055
619
702
36784
1036760
1726
791
1014
620
1048978
1099
1103
1039
849
699
1028623
1219
885
717
1042
735
1033223
1230
1072
743
606
1002
1057210
1098
978
1021
753
984
31560
975954
1063
1088
610
850
1037228
1260
1041
632
983
1209
1033929
1250
1060
615
1047
907
30205
994217
1741
659
1046
994
34488
8369
996910
773
1029
914
1028195
967
1207
1255
628
573
1045181
966
1062
630
1008
726
1022825
1750
957
1186
599
1036
1078336
1257
639
1044
764
1004
1062400
1444
675
1095
1029
608
33438
10146
988852
782
1051
624
33756
994015
972
619
1045
633
35171
1037876
1219
772
1025
611
1043398
1731
1139
752
1085
891
32039
966920
1244
637
998
630
996200
1028
892
986
1028
606
34673
981380
1037
1035
622
1134
1034451
1768
1011
1041
656
860
1038447
913
1373
732
987
712
35084
993644
1957
1079
631
687
32772
1002386
1704
803
1006
1052
1026954
1257
1074
905
1202
699
1041593
1282
782
717
1019
622
1018722
973
1369
764
711
1013
1075149
1085
1080
1049
734
991
33351
984891
980
1040
769
1034
1074887
1389
1065
632
982
611
1082190
993
1082
748
1065
1000
31244
986503
1624
654
1421
744
34993
7563
1019712
791
1048
1028
1023166
967
1164
895
913
621
1041625
986
1250
763
1025
623
1019468
1973
1098
753
722
1002
1045631
1334
650
1014
756
999
1023327
1756
1105
1042
914
575
32829
7988
1088987
788
1048
616
35990
1028634
933
735
1057
610
34147
1033592
1834
804
1034
612
1070022
1649
832
764
1061
880
32605
1051800
1756
661
1028
643
1075449
878
1318
1054
1013
613
32401
1075450
1180
1099
632
1058
1050894
1652
1103
1373
677
995
1047944
933
1363
746
1043
591
34440
1022488
1519
1049
621
707
32314
1012031
1311
759
1011
608
1063406
1010
1143
1017
735
725
1030678
1732
810
601
967
743
1056238
1099
1173
763
611
1034
1048819
951
805
1102
609
1014
33553
1004170
816
1036
625
1114
1046859
1720
1113
632
1389
558
1029126
1099
1069
723
991
1027
31550
998173
1240
644
1337
750
35122
7405
1008700
793
1058
898
1061527
972
1150
907
598
563
1056981
1386
1120
735
1002
618
1100533
2297
1095
620
599
871
1125096
1755
1016
1183
803
981
1065032
1643
1048
964
1088
568
31551
9721
1014163
753
1070
623
35394
1027566
1093
740
1030
612
36777
1030224
1412
768
1013
624
1051919
1403
806
709
1034
888
33449
1032965
1239
634
866
1023
1061064
1011
745
1033
920
943
31584
998224
827
1030
619
1200
1056089
1804
1251
1062
638
850
1030254
1027
1090
747
1164
615
32633
988763
1736
1057
623
922
32990
1004529
1250
771
1004
620
1041736
1241
1069
906
1007
703
1035321
1849
826
717
1000
617
1054010
975
1610
637
720
891
1074972
817
1026
1127
625
1029
33902
1003970
821
1565
1014
1038
1038287
1329
1503
646
988
614
1041404
1092
1100
613
1033
1032
31756
1004603
1415
642
1005
731
35274
8913
1034479
796
1064
1030
1053078
915
1334
1047
723
599
1040739
855
1497
785
1052
615
1080763
1660
993
570
676
974
1038861
1641
789
1031
744
1013
1083492
1387
1078
1073
1014
623
34321
9551
989375
789
1058
621
34557
1002100
1295
782
1027
639
33994
1014653
1451
773
1037
612
1039540
1276
791
727
1022
879
33607
1015397
1316
642
1011
633
1039562
1108
1059
1095
1157
749
32047
1006070
859
1030
610
1025
1072441
1713
1123
1049
638
843
1033650
1130
1375
961
1037
607
34822
994453
1681
1077
636
1028
33278
1006120
1256
776
1012
618
1036677
979
1053
1008
606
859
1058191
1286
787
712
1396
647
1043710
1228
1146
879
730
997
1063167
1060
1005
1079
734
1003
31886
1007071
804
1051
611
1382
1033117
1742
1086
639
963
608
1028596
894
1465
636
1027
902
37576
1025413
1422
645
988
748
33752
8094
993403
785
1064
894
1087924
1361
1137
929
706
600
1064412
1090
1055
769
1008
783
1051388
1277
1042
631
677
1020
1039254
1292
772
1025
630
980
1027151
1718
922
1049
1018
606
32266
8190
1006636
952
1077
617
35637
1047565
1439
773
1053
742
32728
993369
1478
777
1196
628
1052980
1139
804
751
1035
1009
31163
998540
1471
673
973
743
1028329
983
1044
1081
1024
620
35149
1010433
829
1037
610
1162
1025684
1417
1354
1085
647
850
1023582
939
1354
760
1223
645
35008
999912
1313
1059
620
691
33593
983025
2506
1031
1070
628
1056420
1093
1086
1017
743
717
1066797
1145
787
611
1026
730
1032293
938
1142
752
596
1284
1037027
1054
1084
1061
738
1000
35631
1003486
991
1041
613
1333
1092363
1300
1059
635
894
575
1024591
894
1493
757
999
1328
33982
1005362
1241
775
1030
759
31621
8510
996341
791
1070
1016
1040839
908
1283
1000
737
600
1039669
1104
1049
769
1021
607
1039458
1968
1073
631
680
1046
1029631
1766
1050
1036
623
858
1058287
1761
1094
1041
1235
637
31908
8012
1006450
804
1069
627
35748
1002429
1032
753
1956
776
35720
1017030
1234
766
992
617
1055133
1687
1116
757
1245
912
32757
1012047
1540
658
1039
630
1029916
988
1590
1074
1047
619
31356
998121
989
1052
622
1116
1027874
1654
1145
1051
621
882
1075025
1294
1109
754
1018
703
35289
1001388
1434
1054
658
727
35288
1021393
1781
798
1058
624
1036151
899
1907
927
1141
918
1036913
1660
1033
949
1042
621
1026619
822
1089
745
705
1043
1042533
1208
800
1227
648
1305
32898
1007808
812
1056
749
1011
1053108
1787
1102
651
968
602
1025890
911
1770
732
999
1427
31900
1005531
1927
662
1729
634
32601
8212
1025327
944
1036
1020
1050334
1017
1094
925
714
600
1059655
896
1961
663
1013
614
1068008
1814
1095
735
603
1367
1036225
1623
1102
1043
672
1005
1026443
1809
1077
1045
1020
603
32947
9397
1000061
779
1025
620
37350
997850
1023
753
1045
623
37804
1065006
1249
761
1003
625
1037815
1080
1234
707
1002
1238
31098
1033680
1278
662
845
1199
1041690
1009
1148
1101
1034
753
34971
1018616
792
1100
629
1031
1041447
1300
768
1025
618
978
1014461
1436
1420
752
1011
620
36106
996160
1399
1038
707
690
35620
1009252
2076
772
1016
639
1039344
853
1449
1049
612
1099
1038848
1258
801
729
1279
621
1033384
951
1210
1087
730
1024
1053401
966
935
1249
723
1017
38570
987360
832
1070
612
1014
1036968
1577
1073
640
1018
615
1052136
818
1516
767
1021
1308
32405
1041752
1477
650
851
924
33387
7618
1011893
767
1059
894
1038872
907
1315
960
753
597
1053849
832
1109
763
984
997
1014145
1778
1201
753
617
960
1041937
1485
802
1035
715
990
1059821
1500
797
998
1018
625
33177
9299
983086
969
1060
619
39564
1002059
939
634
1053
631
36017
1008338
1275
787
1132
601
1063905
1444
1130
825
1034
1015
33099
1008729
1425
667
1020
761
1030183
890
1062
1065
1040
737
32105
988929
810
1038
627
1135
1029962
1738
1016
1471
758
991
1037620
1072
1089
629
1052
608
35378
999829
1711
1074
650
705
37202
1012077
1789
791
1008
1004
1039219
1106
1081
901
880
720
1040633
1210
821
730
1000
728
1033307
817
1522
788
711
988
1065190
1004
1558
1092
767
976
32768
990930
1076
1034
626
1026
1035288
1271
1037
628
970
607
1033443
1212
1042
728
1025
1008
30724
1016906
1920
678
1457
802
38120
8224
1014813
807
1060
1025
1043177
917
1291
905
994
571
1030518
1095
1510
768
1214
610
1030272
1488
1059
622
973
1497
1056651
1268
775
1018
611
1188
1046036
1685
956
1059
1061
972
31754
9063
987454
926
1054
628
33875
1006654
1194
737
1023
753
36004
1018947
1264
758
1005
608
1049559
1385
834
759
1037
1018
32775
1017024
1218
636
1233
742
1032651
886
994
1050
1005
747
32695
985414
993
1047
604
1149
1016484
1782
1045
1209
614
847
1056161
1012
1294
777
1039
728
34070
998417
1776
1081
652
694
37179
1008950
2038
765
1015
623
1039923
883
1421
1022
608
675
1037494
1075
877
593
1048
818
1083590
794
1027
603
735
995
1028196
1219
744
1016
611
886
32932
1040131
1144
1107
755
1011
1031258
1413
1057
825
989
617
1046204
1093
1261
962
1031
1013
31601
1007765
1241
637
1163
748
32915
8491
1000549
779
1021
1018
1062675
985
1117
908
701
644
1054584
798
1065
760
1017
612
1020730
1709
1124
622
968
876
1050123
1261
769
1025
770
848
1009772
1716
1100
1016
1007
623
32644
9973
977887
789
1065
624
36224
1029903
1263
783
1010
745
34796
1007256
1624
775
1096
615
1044137
1272
807
777
1001
1011
32159
1005263
1760
815
1050
742
1033110
926
1122
1268
1043
610
32982
1002452
812
1041
963
1065
1040294
1803
1040
1209
622
842
1031750
911
1597
827
1053
597
34789
999047
1718
1078
627
922
35628
999583
1709
798
1011
621
1072971
1092
1236
1012
740
690
1023971
1662
1034
638
1608
777
1032139
1024
1242
760
697
1013
1033358
1039
781
1074
622
1009
30955
986915
1067
1034
614
1037
1026434
1707
1252
628
974
604
1039122
1147
1068
764
1019
1006
31861
991773
1699
683
1712
762
33896
8705
1011492
782
1077
899
1035326
1321
1110
989
721
597
1077841
1068
1119
767
1041
617
1038901
1421
1086
736
741
994
1052165
2008
938
1367
632
977
1036336
1737
803
1211
1021
607
31732
7981
1008286
776
1065
612
35430
1031868
1286
759
1025
743
33117
1010686
1780
788
1028
603
1025701
1082
1207
733
1009
900
30251
997000
1284
653
848
961
1022403
Xput: 5750
