121638565.714286
159389786.190476
155290707.619048
156103722.380952
138225102.380952
106524400.952381
118475874.285714
133518535.238095
139528481.904762
145890976.190476
102697681.904762
111470550.952381
116685790.000000
130936741.428571
158700082.857143
117548933.809524
115501394.761905
104667072.857143
146779420.000000
132548565.238095
105026232.857143
133814162.380952
134833694.285714
156363636.190476
115942342.857143
139381574.285714
156472409.047619
133220507.619048
142820307.619048
102418329.523810
171372616.190476
123057783.809524
164327050.000000
155767805.714286
163426308.095238
178782737.142857
108206623.333333
197720020.476190
205968401.428571
184793197.142857
179839801.428571
184610789.523810
195868112.380952
170157998.095238
178369689.523810
176847864.761905
181533676.666667
160991110.952381
165597557.619048
163914503.333333
181802825.238095
148747490.000000
154105568.095238
168848560.952381
180550413.333333
128643890.476190
133777320.476190
93371451.428571
136552571.428571
137950351.428571
141515164.285714
161915336.666667
174319243.809524
169488910.000000
125542143.333333
136064349.523810
150213035.714286
172756521.428571
216464780.952381
114346576.666667
136005326.666667
147298190.000000
142197400.000000
133433897.142857
111585859.047619
150012016.666667
131411739.523810
101632780.476190
118962243.333333
153805201.428571
172116481.904762
100269767.619048
132026338.571429
141149881.428571
130454116.190476
138200975.238095
108790752.380952
143739299.047619
127037741.428571
108965272.857143
120438445.238095
123002818.095238
141647753.809524
115714595.714286
114808779.523810
123182287.619048
143159859.523810
124161159.523810
108821795.238095
176496273.809524
126837963.809524
101782084.761905
100425731.904762
154594049.523810
102282936.190476
83605275.238095
128125130.952381
134330994.761905
131627742.857143
120998826.190476
122451557.142857
143818722.857143
121203155.238095
107668153.809524
164524068.095238
164188346.190476
145299044.761905
152192089.523810
192617342.857143
196517610.000000
178792538.095238
174594302.857143
132549950.476190
129748895.238095
155129029.523810
142914203.809524
123812402.380952
140261339.523810
126441528.571429
107377514.761905
147006537.142857
151602030.952381
137887829.523810
134221014.761905
129216871.428571
151350196.666667
108281391.428571
98617021.428571
140418742.380952
141858966.666667
148827467.619048
146343092.380952
118637344.761905
146182050.476190
104519431.904762
103529352.380952
108716071.904762
132967755.714286
176016862.857143
123993433.809524
127434815.714286
128661010.000000
132247042.380952
139438768.571429
100733911.904762
155394825.238095
153609336.666667
142422039.047619
152296128.095238
124183875.714286
147197198.095238
122557765.238095
147173982.380952
109495497.619048
91789678.095238
144658187.619048
162537784.761905
139679259.047619
153315935.714286
144998438.095238
155725330.000000
146176326.190476
139641528.571429
129037672.857143
147497221.428571
106908041.428571
82962778.571429
135622254.285714
145707032.380952
142853273.333333
142059618.571429
135004515.238095
139589584.761905
108454591.904762
109475460.476190
133730948.095238
138187387.142857
120759341.904762
106798829.523810
130430614.761905
139584203.333333
138258116.666667
122260757.142857
110507790.476190
145873253.333333
110562826.190476
134674570.952381
137330509.523810
156616980.476190
147713745.238095
139609720.952381
117934887.142857
127349074.761905
98449414.285714
128096421.904762
114631622.380952
125571317.619048
153439841.428571
145441390.476190
148969198.571429
118922932.380952
134297389.047619
145190222.380952
114423487.142857
119610519.047619
114083025.714286
123229778.571429
152679064.761905
157624199.523810
148166944.285714
138045427.619048
180607214.761905
170094898.571429
102544498.571429
182297002.380952
118674709.047619
101229920.476190
106225668.095238
175226866.190476
127406154.285714
139611801.904762
127239490.000000
151409992.857143
111732943.809524
128425960.952381
134692537.619048
142008188.095238
128069223.333333
84979938.571429
137474820.952381
148453183.809524
131835421.428571
135661574.285714
190137141.428571
191595379.523810
152624980.952381
148954106.666667
189545785.238095
172357086.190476
133390264.761905
157748004.285714
131520604.761905
128430120.476190
97361100.476190
153974862.857143
93318830.952381
86219060.476190
144461660.952381
169841799.523810
100912340.000000
107080965.238095
145058860.000000
141840695.238095
116278423.809524
108538272.380952
146951097.142857
149328230.952381
101652139.047619
111655784.761905
152219944.761905
148312535.238095
145727346.666667
131771432.857143
142809092.857143
162913919.047619
163557872.380952
175002277.142857
93748100.000000
161309575.238095
110990725.714286
116079478.095238
133576461.428571
148302617.619048
173964081.428571
109909479.047619
160812509.047619
163345887.619048
147962116.666667
146761021.428571
141065461.428571
150615411.904762
116028693.333333
158251332.857143
115161735.238095
100816200.000000
98950428.571429
151653972.380952
105758708.571429
89412289.523810
140252737.619048
137865820.476190
173411840.000000
145293354.285714
186204562.857143
182649501.904762
147197923.809524
140817147.142857
165875552.857143
160107830.476190
199699910.952381
198983780.000000
155348120.476190
182748946.666667
179584220.000000
176097950.952381
101074440.476190
135202045.714286
115118495.714286
108408345.714286
127633009.523810
138394940.952381
148378023.809524
108251562.857143
123694088.571429
132028947.619048
107392374.285714
183100431.904762
95926984.285714
98252740.476190
100216700.952381
152907872.380952
109470676.190476
82899342.380952
152473588.571429
159566742.380952
149895670.000000
152157048.095238
147028977.142857
161597210.476190
134002216.190476
141428611.428571
115319631.904762
155295745.714286
111239737.142857
137569111.428571
130773800.476190
141249447.142857
109305604.761905
98067115.238095
139534442.380952
146188391.428571
158282308.095238
150540479.047619
142507886.666667
154412080.952381
138281329.047619
125126897.619048
141493538.095238
144019807.619048
137770811.904762
132074781.428571
134942041.904762
198338530.476190
110435780.952381
115086611.904762
125760358.095238
123721200.000000
160151775.714286
121918782.380952
128717037.619048
119361566.666667
244463234.285714
138787256.666667
105283503.809524
106272698.095238
145841691.904762
108622264.285714
105704602.857143
131352324.285714
133983470.952381
154893589.523810
109566081.904762
158309428.095238
170602049.047619
144508917.619048
150235138.571429
148696556.190476
148881022.857143
146951439.523810
156416641.428571
143399098.571429
150122868.571429
168051812.380952
170981823.809524
158829117.619048
151927053.809524
161446696.666667
162828435.714286
140585588.095238
151595400.000000
181050738.571429
190444014.285714
164261238.095238
169247084.761905
146190889.523810
161066036.190476
125276739.523810
122689422.857143
87723251.428571
159202802.380952
97003632.380952
83858399.523810
178454040.476190
185795325.714286
144460859.523810
168567863.809524
123272639.047619
121905458.095238
105211768.095238
109444740.000000
91106512.380952
118226780.476190
152955609.047619
154384198.571429
178508877.619048
96990204.285714
164200727.619048
162877168.095238
115639865.238095
164658213.809524
103004834.285714
104037949.523810
101149468.571429
161706249.523810
87420860.000000
119420834.761905
128553819.047619
145715309.523810
193029228.571429
121302831.428571
126578038.095238
119059048.095238
147641464.285714
118401261.904762
128075069.047619
136272437.142857
150143192.380952
181616006.666667
114686714.761905
119578445.238095
120083624.761905
102792251.904762
101688549.523810
109710917.142857
120904595.238095
119544099.047619
106391857.142857
123998477.142857
142703313.809524
150270099.523810
161291766.666667
107230901.904762
140941203.333333
155448211.904762
96587993.333333
112508271.904762
109602540.476190
114002198.095238
129252941.428571
132753150.000000
97844290.000000
111806899.523810
133957721.428571
136210428.571429
175657175.714286
97575366.666667
120266795.238095
132522566.666667
108185669.523810
180121493.809524
109713301.428571
133185445.238095
138035474.761905
130542422.857143
140347023.809524
95302238.095238
125192103.333333
135265171.428571
156059072.380952
143179092.857143
159050346.190476
157174805.714286
107324223.809524
174002635.714286
88249034.285714
111879935.714286
131685482.380952
143097632.857143
161749385.238095
96117186.666667
149281096.666667
133981927.619048
121433688.095238
172999973.333333
117295902.857143
130035107.142857
120062865.238095
148542523.333333
94108813.809524
97528168.571429
118747860.952381
140939651.904762
152475245.714286
89902389.047619
162063304.285714
164092788.571429
147297510.000000
146366898.095238
148671091.428571
157977292.380952
144430748.571429
154155300.952381
176727356.666667
180246397.142857
160299769.047619
158764539.047619
155070252.380952
167943534.285714
148057237.142857
157037108.095238
170204244.761905
169877809.047619
146635140.000000
151258783.809524
185431746.190476
194182871.428571
144382771.428571
157656364.761905
140942392.857143
142353304.285714
102819790.000000
163123842.857143
97708045.238095
121424042.380952
131068231.904762
144750233.333333
147869293.333333
120978731.428571
124390271.428571
120559801.428571
137285507.142857
140357030.952381
106393278.095238
126509236.190476
124836744.285714
169004100.952381
108017822.380952
121617357.142857
129689229.523810
119212982.380952
216337401.428571
129470021.904762
136040218.571429
140440647.142857
112622124.761905
108016236.190476
105215402.380952
128744448.571429
153640141.428571
172043245.714286
119809320.000000
163952879.523810
175641307.142857
186279020.952381
184586305.714286
174995157.142857
175535069.047619
149533862.380952
164268310.952381
133700929.523810
131589412.857143
87515613.333333
149814970.476190
108155200.952381
114240713.809524
120690254.761905
113089830.952381
106767420.952381
106776209.523810
137210108.095238
149202997.619048
144970559.523810
136551219.523810
131814679.523810
135833744.761905
103685796.666667
132363455.238095
117433481.428571
130198389.523810
146981238.571429
144256404.761905
92045680.000000
105276973.809524
122443233.333333
131629871.904762
115670618.095238
94103530.476190
143710517.619048
163063432.380952
157928459.047619
138146058.095238
180311672.380952
179411341.428571
173777457.142857
162082541.428571
139908464.285714
162708342.857143
115820502.857143
122855192.380952
105953378.095238
146464170.952381
145748084.285714
93629864.761905
151191805.238095
142919600.000000
134095774.285714
144458130.000000
147469647.142857
146611087.619048
128813425.238095
96010604.285714
123459925.714286
103426819.047619
161665179.523810
170638831.904762
143278327.619048
141238481.428571
141043771.428571
158710080.000000
118899364.285714
80598278.095238
114487851.428571
135067991.904762
154460218.095238
148059743.333333
197530516.190476
129914489.523810
138106493.809524
130552087.619048
102287688.571429
96196842.380952
93009669.047619
111204740.952381
118161743.809524
115200460.952381
94263675.238095
153431935.238095
167957898.095238
157727792.380952
154026702.857143
143485121.428571
136745388.095238
137331300.000000
121237560.952381
140511578.095238
149401556.666667
134927572.380952
146367137.619048
116282392.380952
145529814.761905
125480697.142857
135296316.190476
89706278.095238
97530508.571429
109730420.952381
136872537.142857
166055499.047619
161329468.571429
175234330.476190
122407544.285714
177883506.190476
182585261.428571
115294895.238095
173937766.666667
157129340.952381
185306188.095238
185198967.142857
175535888.571429
106254904.285714
134939503.333333
138428123.333333
146747863.333333
174394144.285714
123694015.238095
129494090.952381
136074676.190476
129160020.476190
171356376.666667
123658844.761905
147441882.380952
126256959.523810
149268066.190476
136637618.571429
143353453.809524
142822802.380952
101580952.380952
141449283.333333
111109810.952381
117923227.619048
115501173.809524
119736514.761905
