1741551.428571
1659402.857143
1508348.571429
1828428.095238
2408597.142857
2528457.619048
1636790.000000
2011567.619048
1802333.333333
1396919.047619
2059375.238095
1874495.238095
903249.523810
1620274.285714
1633772.857143
1769889.047619
1716509.523810
1656400.000000
1171895.714286
1734507.619048
1826069.523810
1565906.190476
2126611.428571
2327777.619048
1263374.285714
1766400.000000
1950972.380952
802979.047619
1603443.809524
1649009.523810
869264.761905
1429716.190476
1253529.523810
820910.476190
1078671.428571
1121870.476190
1201523.333333
1841270.476190
1678981.904762
1001249.523810
1998493.333333
1982989.523810
1011897.619048
1529765.714286
1706132.380952
762305.714286
1569021.904762
1625687.619048
835542.857143
1104828.571429
1062950.476190
950524.761905
1332758.095238
1503021.904762
987740.952381
1650158.095238
1679049.523810
1056374.285714
1577066.190476
1463395.238095
1077115.238095
1367415.238095
1189457.142857
1097699.047619
1438594.761905
1376172.857143
1222076.190476
1691874.285714
1864608.095238
1214310.476190
2006339.047619
2137984.761905
931632.380952
1270656.190476
1173834.285714
1067440.476190
1378012.380952
1418181.904762
787041.904762
1159371.428571
1303000.000000
833308.571429
1549002.857143
1492525.714286
1379426.666667
1849436.190476
1811126.190476
1586120.000000
1714181.904762
2046389.523810
1961696.666667
2541710.000000
2350015.238095
1528281.428571
2112939.047619
2098893.333333
1338093.333333
1865691.428571
1828068.571429
1075296.190476
1646805.714286
1518868.571429
1087139.047619
1616412.857143
1451324.761905
924163.809524
1481457.619048
1586607.142857
791480.000000
929057.619048
918914.285714
1129190.476190
1517876.190476
1545634.285714
1250247.619048
1588681.428571
1198811.428571
1396337.142857
1787304.761905
1375908.571429
1081467.619048
1290457.142857
951024.761905
1126058.095238
1410748.571429
1169925.238095
1448047.619048
1664085.714286
1387153.333333
1404120.952381
1526317.619048
1300291.428571
1061692.380952
1627161.904762
1655760.000000
1238831.428571
1645282.380952
1771808.571429
985261.904762
1430579.047619
1634085.714286
933723.809524
765626.666667
733438.095238
1213460.000000
1085925.714286
818885.714286
1991103.809524
1975947.619048
1168081.904762
1808422.857143
2189330.000000
2048224.761905
1448236.190476
1685051.904762
1786748.571429
1399626.666667
1491760.000000
1646083.809524
1871420.952381
1971138.571429
1439580.952381
1549287.619048
1991260.952381
2076744.761905
1213929.523810
1641253.333333
1738194.285714
1222085.714286
1632135.238095
1789558.095238
997512.380952
1273335.238095
1351135.238095
948834.761905
1396516.190476
1556384.761905
872533.333333
944611.428571
889110.476190
937603.809524
995651.428571
698508.571429
957020.952381
1441452.380952
1445134.285714
752676.190476
1428923.809524
1483843.809524
876567.142857
767715.238095
740049.523810
818567.619048
945387.619048
798213.809524
807657.142857
999668.571429
717129.523810
768158.095238
857977.142857
786203.809524
777960.000000
777895.238095
740718.095238
761998.095238
780828.571429
780713.809524
978570.476190
815059.047619
751457.142857
841282.380952
704660.952381
1054424.285714
1042260.952381
827832.380952
1544947.619048
1725996.190476
778344.761905
1069594.285714
1104078.095238
697222.857143
1012817.142857
840573.333333
748464.761905
762756.190476
701089.523810
859034.285714
832172.380952
749678.095238
660683.809524
951761.428571
741861.904762
841120.476190
820780.952381
741478.095238
727779.047619
1202986.666667
1163373.333333
817786.666667
973281.904762
726620.952381
816544.285714
1393352.857143
1416672.380952
607702.857143
1373569.523810
1378546.666667
619971.428571
888933.333333
928676.190476
558941.904762
764778.095238
1077998.095238
585665.714286
991274.285714
788230.476190
588811.428571
1095173.333333
1179110.476190
591340.952381
1280491.428571
1429391.904762
1206043.809524
1487325.714286
1465390.476190
1667973.333333
1489348.571429
1696831.428571
1787495.238095
869443.809524
1101897.142857
924323.809524
1266744.761905
1608262.857143
1563040.000000
1343535.238095
1452320.000000
1254457.142857
1280820.000000
1499293.333333
1619411.428571
1190818.095238
1303790.476190
839706.666667
1350380.000000
1429771.428571
1079925.714286
1566744.761905
1729068.571429
1766939.047619
958215.238095
787093.333333
782217.142857
624118.095238
1194697.142857
1200693.333333
798757.142857
630142.380952
540581.904762
858809.523810
804621.904762
584621.904762
1031655.714286
1105840.000000
623240.000000
684293.333333
1043409.523810
1106249.523810
830643.809524
1048089.523810
648971.904762
1338796.190476
1418508.571429
1247345.714286
1236514.285714
1474135.238095
1539403.809524
1199180.952381
1381211.428571
1237775.238095
1403358.095238
1558982.857143
1530173.333333
1064321.904762
1378314.285714
1404895.238095
783072.380952
1077365.714286
1051120.000000
597312.380952
920556.190476
986063.809524
746233.809524
645794.285714
675289.523810
546225.714286
1051640.000000
1144428.571429
657684.761905
694017.142857
695870.476190
745491.428571
1061200.000000
1153220.952381
631034.285714
1155549.523810
1237273.809524
726477.619048
806543.809524
844389.523810
849649.047619
1168280.000000
1204078.095238
698459.047619
600424.761905
616121.904762
661027.619048
737729.523810
591194.285714
685698.095238
596233.333333
621681.904762
628487.619048
718540.000000
628455.238095
718555.238095
1117723.809524
1172429.523810
774478.571429
754407.619048
707690.000000
608758.095238
1034897.619048
1034809.523810
640720.000000
737866.666667
778891.428571
1511232.857143
1617188.571429
1305683.809524
785610.476190
1176254.761905
1119702.857143
906749.047619
1234118.095238
1116280.000000
665266.666667
1011219.523810
1071296.190476
918902.857143
987238.095238
648465.714286
1141243.809524
1256200.000000
962447.619048
703173.333333
1138592.380952
1326767.619048
808683.809524
1303548.571429
1060693.333333
764413.333333
994881.904762
804038.095238
738552.380952
1009417.142857
891301.904762
609023.809524
1181094.285714
1299394.285714
628942.380952
871457.142857
869567.142857
665060.952381
647022.857143
653310.476190
749666.190476
892683.333333
899459.047619
702224.761905
610140.000000
755499.047619
600163.809524
638129.523810
718221.428571
988240.000000
1152504.761905
756966.666667
960652.857143
1388943.333333
1301685.714286
595895.238095
638683.809524
631186.666667
679331.428571
881822.857143
911116.666667
567394.285714
868685.714286
876708.571429
606234.285714
729034.285714
577125.714286
526398.095238
657695.238095
565460.952381
709070.952381
653447.619048
573280.000000
585718.095238
711124.285714
671887.619048
596520.000000
617378.095238
706018.095238
511634.285714
687811.428571
589778.095238
560106.666667
675590.476190
599668.571429
541678.571429
1049504.761905
1204676.190476
559365.714286
650243.809524
615409.523810
630245.714286
676254.761905
643266.190476
638960.000000
842463.333333
768167.142857
663548.571429
709707.619048
582560.000000
662365.714286
842930.476190
918424.285714
765637.619048
629298.095238
687040.952381
558868.571429
734068.571429
609207.619048
581332.380952
980847.142857
947008.571429
604776.190476
1020762.380952
1070632.380952
656510.000000
723920.000000
583967.619048
625500.000000
672458.571429
595649.523810
711345.238095
603920.000000
594196.190476
593177.142857
747670.476190
870495.238095
627834.285714
831058.095238
969135.238095
588641.428571
521254.285714
608516.190476
655990.476190
667255.238095
563007.619048
676156.190476
568809.523810
597853.333333
649190.476190
534991.428571
575483.809524
602707.619048
592225.714286
647920.000000
604710.476190
955732.380952
1036024.761905
640813.333333
745630.476190
800276.190476
600316.190476
1016094.285714
1100184.285714
580809.047619
676438.095238
656221.904762
587739.047619
679331.428571
646068.571429
580228.571429
591497.142857
754721.904762
730387.619048
610883.809524
580379.047619
611009.523810
638028.571429
774508.571429
608213.333333
683316.190476
632836.190476
565005.714286
629199.047619
666725.714286
605774.285714
618424.761905
576628.095238
675040.000000
757285.238095
661127.142857
671295.238095
1157274.285714
1372570.952381
853064.761905
650220.000000
1119415.238095
1074388.571429
633782.857143
801851.904762
