1797747891
338675
3083
2935
8268
4837
11003
8466
5651
2477
2010
2037
1992
2481
2911
2791
2029
4877
1551
1323
112198
2484
2629
1992
3000
2522
4830
2197
3656
21784
33872
32533
27911
27533
19200
13076
2898
9980
9735
10735
378751
2469
2801
2827
2181
2381
2715
2996
2347
3288
4393
3242
3164
3427
2627
1823
2715
2169
2605
3397
334745
2308
1769
2532
4445
2967
2493
6717
1891
27675
2107
1229
1317
1308
4058
1288
3864
1403
963
803
279475
2644
2324
2042
1825
2702
3634
3530
9434
3674
3595
3584
3443
4506
2476
3735
2558
5159
2364
1115
319059
2627
2392
3143
2109
2841
1923
2769
5800
2151
2004
2275
4481
3076
2363
3613
3632
3570
3659
2207
288511
2374
2645
2397
2105
2000
2356
3712
4217
2431
3603
3607
3417
3497
3054
2629
4251
2526
3042
1914
296220
2161
3552
3393
5281
4953
2448
3512
3048
3576
3514
4070
3408
2660
3490
4234
3466
2548
3825
2207
281463
2196
2768
4240
3267
2614
4241
3725
2593
3358
3452
3554
3403
3534
3283
3355
3104
3679
3689
2239
2044428167
293803
5575
2713
2044
4543
9000
2237
2593
4392
2334
5278
2262
2388
2076
1965
2253
1974
1868
2294
11288
79106
1780
1557
365396
1353
4366
1327
1103
1193
34492
1409
999
861
789
859
3495
900
4040
1125
1854
103452
1443
1443
2091
1010
1318
1392
1350
1115
1273
1347
1347
1271
1880
1515
1261
1415
1356
886
20051
382753
1700
1323
1251
1288
1100
1231
1433
975
4016
1348
1289
1293
1083
1210
1263
1189
12321
1424
1029
369341
4350
1384
3360
1423
1267
1590
1514
3868
4530
1229
1214
1393
1112
1341
4265
1199
6014
6163
957
317421
3038
1345
1123
2773
1146
2225
3080
2057
2965
2115
1878
3053
2009
3066
1865
2319
2480
2986
4565
310011
3135
1229
831
4522
2164
3812
2832
949
3345
2373
2093
3418
2927
3621
2447
2407
1598
2445
2063
354651
1914
18198
1251
1231
13783
1843
957
14842
1341
880
15341
1334
1041
15604
954
3660
5232
2401
2124
330084
2634
5527
1252
2665
1132
1446
5067
4588
1363
2329
1161
2161
3878
4447
2398
949
3306
2207
993
559529
14966
1897
1783
1817
1549
1810
1775
1647
1995
1722
1941
1844
4152
1553
1486
1467
1559
1256
1513
98219
1928
2029
265297
15136
15057
5434
4269
1484
1933
1744
2130
2735
2969
2102
1529
1365
1311
1269
1843
60409
2088
1902
1663
1838
2255
1834
5196
4995
1934
1644
1862
1891
1410
1543
1568
2521
4030
18881
13462
312190
2175
2082
1559
1532
1222
5719
2727
2865
2944
2743
1928
3420
2889
3560
3079
2879
3813
2611
6829
312572
2065
1928
2876
1912
5474
3174
2917
5337
6068
2513
2652
4673
4776
2091
2171
2569
2394
1805
1560
383396
1861
2394
1905
1904
1857
1024
2603
1279
3920
2114
1391
1121
1233
1096
1872
1863
1977
1195
1158
342490
2276
2030
1401
1812
1678
2111
1959
1644
1735
1429
3920
3474
1589
3746
1509
3235
3491
3290
1585
324694
1847
1889
3417
1834
3481
1910
2024
1710
2068
1810
1862
1894
1678
2546
1606
2310
1905
2244
3829
378115
3380
2127
2082
2811
1883
1880
2165
2594
2644
2091
2446
2543
1808
2219
1960
2146
1994
1440
1552
614900
3974
1963
1936
2103
1362
1703
1849
4949
2179
1742
2046
1640
1534
3325
3309
3494
2104
3287
2933
71459
3767
1715
264664
6949
2093
2353
2103
1806
2762
2224
4511
2266
1869
2137
2293
2157
1910
1734
1994
77799
2402
1858
1889
2048
1870
4576
2136
2737
2536
1492
2123
2313
1998
2120
2506
3013
2115
2237
1768
317790
10981
2054
1539
1960
1636
1673
1753
1383
1605
1279
1799
3760
3037
2032
3543
3452
2054
3404
2979
311442
2258
1955
1375
2028
1927
9058
1964
1013
1152
1314
1510
1065
1137
12304
1069
993
989
807
14800
319491
1431
1063
1240
1218
2646
1531
1273
1172
13662
1092
1248
1273
918
1165
1243
950
922
10975
3256
302766
3044
1147
852
4087
4004
1323
2477
3791
3817
2634
3325
3794
2581
3141
3636
2587
3529
3237
3719
312872
3164
1366
2845
1014
3761
3833
2945
847
3694
4346
1120
2042
1256
3814
1755
1347
3015
840
3313
309999
3018
1171
894
4006
2709
932
2970
3402
3679
1290
2707
1367
2628
917
3128
3239
3106
3041
2442
578768
1495
1253
965
1390
12825
1474
1166
1032
978
1621
1142
12236
1154
1544
907
963
1430
2976
2308
59142
1666
960
277640
2113
1195
1226
1032
1446
975
1237
5789
1593
957
1366
12761
1288
967
928
904
76873
1612
1079
1334
1253
12071
2241
1794
993
1235
1049
1213
1825
1085
1304
963
1688
3750
927
12821
316537
3629
1573
995
2029
4761
1087
1517
3464
3317
1118
2916
2818
3257
3443
3508
3244
4785
2504
3462
293849
3425
1287
2953
1066
4222
3264
1108
2280
3271
1042
1237
2826
902
1953
981
950
3921
2727
936
324392
3158
1168
885
1876
1034
2638
1936
1108
1292
3668
1197
1380
814
1221
2786
1955
1213
2899
929
318448
3501
1225
3087
1355
4401
2025
1575
3341
2912
1176
3250
2911
832
3923
2743
3718
2656
3375
3678
298887
3634
1283
1181
3510
3706
1316
2957
846
3827
4159
1238
1401
2826
949
3931
3412
1330
2791
2747
308577
3742
1164
904
3241
6345
1608
1813
2482
1128
1575
1729
1677
1451
1700
2686
1247
3399
975
911
572676
9981
1204
1153
2090
1392
1106
1289
929
2875
1556
2986
939
4364
2809
825
3494
3266
3444
4951
55033
3144
1073
251096
12871
1611
1447
1110
1148
1244
1094
1254
1145
1155
1083
1446
12749
1740
983
939
84044
1357
2376
1614
1017
1139
1047
3059
1042
901
14119
1824
1232
2062
1189
1243
1070
999
828
909
303082
3747
1175
1249
3470
860
4278
3042
2303
3604
2846
2551
3795
2613
3711
2403
3765
3808
2743
3141
292706
3098
1093
3051
2947
2361
1120
1282
4580
1066
1913
1101
1257
2831
1179
3026
2951
1140
2332
4161
321617
3227
1105
2258
2521
1048
1025
1915
1045
1731
1098
907
1862
1933
2773
871
936
5403
1540
929
318626
1899
1273
1294
1664
2385
1243
1705
910
2060
834
14599
1574
1272
1247
895
1295
1865
1897
965
299047
4361
1629
1558
1046
5487
3446
3260
2826
943
3333
3024
2733
823
3399
3070
3473
1316
2849
968
294286
3505
1142
867
5734
3247
1701
1199
3715
1160
1020
3017
2960
941
1896
876
1548
2746
1100
2899
567913
3918
1455
992
3128
1455
3106
1197
3626
3501
1086
942
4364
2846
1094
837
4312
3134
3499
5177
56838
3847
1065
251429
13327
1452
1075
1261
900
2028
1415
987
1515
917
1547
1062
11750
1257
946
911
90375
2034
2252
1128
1199
899
1607
1123
12910
1055
1698
1931
1217
1220
1550
906
1151
1667
1864
3717
299441
3865
1302
856
3923
3680
1161
1773
3543
4011
3275
3357
2724
892
4862
3025
3457
4060
2590
3621
287101
3090
1137
3144
3162
2824
1071
1268
4475
1378
961
1065
2175
1133
945
1712
3647
2638
1658
966
315925
12885
1486
2127
1752
1327
1074
1317
981
1132
974
1122
1031
2165
1055
2114
1222
1117
833
917
318985
1670
2188
1504
1083
2055
1283
1011
1297
2799
3254
2604
1244
3246
3678
1063
991
3993
3080
3399
290161
4386
1635
1050
969
6475
3177
2998
1197
3707
1279
3817
1162
835
4997
3290
2987
2867
826
3498
289320
4306
1275
1803
1379
4080
1421
3831
1236
2635
847
5185
3508
1101
1568
1007
1022
1483
2622
1084
563326
3778
1503
1510
1304
4683
1217
1265
4992
999
1658
929
5427
1305
924
4588
3433
3164
3597
1894
55623
4136
1015
254178
13512
1408
1044
1294
900
2117
1333
988
1385
970
2739
1068
1273
1045
1440
11631
83513
1375
1410
1016
1345
1118
12650
1830
1576
1384
895
1381
1094
1145
1070
1470
1258
12282
1205
1532
298146
1507
1396
1171
1102
1123
1183
13648
1791
1861
1488
1113
1244
966
939
1357
1023
1469
4097
3298
290464
13788
1600
1206
1805
1039
1276
1277
957
1682
1007
1359
1210
954
981
804
977
12670
1212
1000
306895
4401
1411
1184
1011
1566
1281
12609
1777
1147
1045
1212
1241
937
942
1348
1018
952
802
894
309147
2050
2423
1914
1372
1119
1162
1342
945
2257
3721
1685
12991
1782
1424
882
1484
977
1010
909
301608
1845
1322
898
1383
1067
1255
894
2946
12482
1713
1191
1270
925
1451
2082
1751
1210
876
904
310567
4119
1253
1416
3105
1216
4160
1170
2360
2707
820
4019
2818
1164
2882
3308
2781
1246
3401
2519
550486
3909
1488
1014
2906
1383
4530
1266
1170
5046
924
1909
969
5149
1135
862
4024
3107
3378
5230
56369
3105
978
254548
14069
1877
1240
1012
1186
1475
1013
978
1346
875
1370
2054
1113
1172
12171
1408
75569
1925
1485
1741
1561
3460
1310
12609
1754
1589
1044
1427
1103
1124
1071
1227
1237
1189
3634
4493
316505
3855
1391
1044
992
5531
1193
930
4821
4176
1360
3452
2715
870
4111
3488
2962
4204
2613
3747
293921
3367
1131
895
4499
3048
2670
1409
1068
1642
2508
1123
1045
864
4875
2845
973
2358
893
3435
312596
3574
1629
994
2014
911
2005
1492
2325
1040
1860
3559
1163
1133
3103
2199
1026
1687
1450
963
311494
1993
1249
990
1357
958
1399
2176
1034
1691
3985
4270
1553
1036
1037
13005
1983
1065
926
1242
303759
1733
1240
1043
1715
886
990
1366
15115
1749
1184
1037
2195
955
2839
1887
1340
1150
882
900
299207
1992
1266
1198
1155
1351
1097
4493
1061
2233
1059
1469
3270
1183
3298
2779
972
3734
3563
1005
547093
4073
1253
888
3688
2798
1308
3640
1232
3202
3546
1362
3500
2648
1028
3567
3267
3394
5038
3071
53461
3210
983
242758
12967
1772
1182
932
1186
995
1875
1405
1082
1406
1816
2904
1160
1207
12935
1426
79392
1570
1182
863
1508
12823
1696
1302
1074
1337
1158
1105
2440
966
1393
2982
925
3627
2474
9690
310241
3088
1222
865
3808
3932
1213
931
3525
3823
3073
2478
3196
3375
4100
2939
3171
2897
3053
2622
298709
3454
1839
998
2132
4387
1251
1227
1010
1247
3025
1238
1673
922
7017
984
2078
1161
2598
942
315303
3569
1792
1046
2000
3075
1180
869
1785
2858
1070
1092
1786
976
1221
3143
3279
1710
1033
2912
297965
3880
1219
3194
1272
4241
1828
1336
3596
1564
3052
1236
2982
2912
2910
3500
1339
3173
3481
1054
302902
4222
1725
1133
3539
3003
2777
898
3648
3525
1203
3088
915
3511
3111
2661
943
3356
2600
2822
297720
4238
1148
1190
3160
1232
4097
2053
1434
2811
856
4032
2827
1144
2898
3238
2516
1343
3225
2658
557591
13072
1781
1298
1001
1241
1530
1284
1939
1120
1239
994
1422
12502
1911
1275
937
2402
2385
1937
62781
1256
1419
243651
1592
1001
1975
1496
1307
1077
2600
1000
2209
1225
12387
1698
1604
1025
861
1254
75117
2202
1272
1138
913
1510
12997
1818
1242
1076
1424
1050
1359
875
1356
959
1306
4836
1158
1407
302720
4383
1828
1153
3035
1515
3287
948
3668
3138
3427
4365
3281
3523
2702
864
3939
3248
3397
3697
288590
3071
1651
2853
940
3983
3223
1204
1349
1198
965
1725
1724
896
4541
2526
932
3739
2731
1030
308296
1911
1225
1156
3191
895
1273
3379
1019
1836
1013
1768
1751
1060
2578
1660
1041
1519
2987
1344
296473
3878
1135
922
4144
3041
927
3244
3824
3970
3310
3332
2774
912
3885
4829
6152
3087
3536
3424
297160
3334
1190
2737
969
4008
3380
4271
1033
1494
2729
924
3637
2851
3409
2641
998
3494
3090
2817
299504
3630
1151
1175
3194
3044
1459
4405
911
2236
4311
1975
1340
2846
909
3554
3517
1240
2904
993
563548
3142
1222
2806
1288
4165
1132
1204
3254
3499
1064
921
4344
2697
944
3555
4090
3375
3258
3792
53839
2820
1410
257421
12534
1834
1759
1489
1852
1358
913
1353
1605
1012
936
1153
12470
1749
1033
913
76188
1631
1899
1221
993
1240
13559
1781
1831
964
1125
1875
1147
1232
1044
1466
965
2228
879
18326
290172
1946
1086
984
1194
1532
1208
2028
1431
1366
1513
10104
1552
1394
981
2472
1389
2698
3160
3589
293734
3166
1404
2887
3084
2786
1093
1428
2758
1859
1168
1682
1197
2976
1166
836
4478
1489
1489
2047
320765
1986
1344
1888
2638
1394
1261
1681
1148
1038
1596
1279
2103
986
1201
1244
1091
10010
1225
976
303444
1883
1308
1121
1146
1049
1299
1786
1195
3426
3142
2947
2642
3184
3256
4850
2503
3723
3580
2762
302713
3186
1383
3311
1019
3452
3757
4334
1708
1588
1350
3160
1231
3034
2837
1167
3115
2537
872
3466
299731
3810
1179
937
3914
4166
1116
1530
3860
1288
2989
1246
3891
1175
2852
963
3579
3978
1798
967
552431
3629
1203
1076
3687
1270
4238
1897
1139
3333
983
1307
4101
2807
1024
3415
3930
2647
3662
3846
55399
3498
1485
265251
12677
1628
1313
1902
1249
1265
852
1368
1651
991
920
1156
4229
1133
847
12163
81060
4052
1263
1231
1746
1110
922
2287
1177
935
1246
3517
1715
2398
1248
2943
4110
1436
1167
3052
302663
3059
1709
1318
3361
1306
2968
919
4692
4328
1239
4430
1441
831
3410
3740
2626
3557
3566
2795
295062
3215
1435
3409
1009
3912
2895
1425
1356
1319
981
3038
2341
1179
2431
1237
4980
1722
993
1283
323154
3279
3244
1045
1224
1017
3421
1083
1137
3436
1645
2085
1326
844
1313
1241
2786
1027
1705
1287
304166
3659
1800
1083
904
4022
3707
1481
3169
3488
1207
3370
3535
1571
3157
3316
1293
2788
3364
3634
307299
3248
1513
3018
3088
2628
2359
1577
986
2162
1179
1578
1279
788
1968
1122
3249
3213
947
2053
304405
1502
1794
1180
1115
1101
2136
12638
1631
1169
1164
1047
1733
990
1097
944
946
1537
1872
1869
527869
1882
2150
1282
1013
1284
1257
1256
938
2127
816
4127
3251
2838
2883
1196
2970
3118
3951
2281
53012
3847
1508
274356
3207
1008
1559
3747
2545
3971
1388
3158
1341
2880
981
3065
3235
3785
2551
1421
61880
3211
3321
3279
1278
2741
943
3884
2686
1225
4195
3961
2439
1062
888
2928
3443
3613
1451
2850
300167
4182
1785
1206
3333
865
3633
2377
3654
4261
3257
3512
2627
910
4045
3270
2616
3874
2880
2787
291179
3136
1339
2738
2438
4654
1341
1211
1038
1103
1368
3191
1110
939
1289
3469
2842
4189
1665
955
316838
1340
1780
1464
3678
968
1791
1051
1165
2510
1649
1253
3003
1278
3820
1002
1024
1974
916
1273
310204
3605
1799
1000
926
3950
3543
1446
3053
3544
1165
3071
3288
3278
3277
2555
1037
3940
2992
3837
302626
10859
1092
1207
1551
1672
1219
1315
1161
3133
835
3659
4075
1027
1963
816
3751
2841
1112
2654
299589
3129
1068
895
12848
1660
1117
1643
1063
962
2482
1406
1069
1111
3923
1213
13298
1709
973
910
521268
1593
1312
950
1379
1129
1819
1349
12972
1697
981
2128
1333
956
1257
978
1705
2442
992
1005
47031
10351
1367
266363
1129
1950
1038
1548
894
2008
1148
2984
2732
1172
4099
1792
1370
2808
1950
2635
48818
3127
1534
4492
1517
3847
1286
4054
1034
2171
3645
1129
1281
3558
2768
826
3313
3026
2542
8497
303712
2970
1698
1155
2927
2682
1276
3941
1050
1296
3509
3685
2986
2663
3586
2567
3432
3260
3356
3844
295004
3048
1602
2765
945
3623
3573
3010
2561
1251
4314
1907
2830
1156
4029
1017
1561
3674
1178
2697
309836
3004
1727
1215
3267
1146
13253
1374
1220
1455
1201
1139
1617
1073
1118
1373
12183
1823
1008
909
293316
1910
1390
960
2483
1386
1518
1980
2447
1155
2916
4060
3190
3360
2691
936
4019
3545
2637
3520
296641
3411
1756
1147
4954
1762
1260
1206
1035
1249
3091
1176
1208
3837
4254
1179
4093
1174
857
1284
315318
1847
1723
1105
1738
1609
1217
2812
1171
4254
1044
1607
3240
1004
1270
2861
1077
1647
1052
2912
1074589
1702
1207
1070
1059
938
1369
1687
1069
1021
1265
998
1597
847
1077
12559
1284
1392
1649
2185
107359
1338
1423
328503
2051
1604
1266
1470
1125
1032
1949
1280
1216
973
1556
1025
2987
1832
1215
3106
110981
1642
1645
3012
1114
2332
3224
1603
3355
1188
3432
1322
2925
862
3474
2904
3483
1425
2932
1222
330936
12681
2111
1327
1205
945
1320
1603
977
2541
908
1260
1143
1213
13237
1782
1055
1228
841
1386
309443
2805
2064
1828
2192
2189
4718
1977
1850
1981
1582
5394
3800
2347
2250
2405
2137
2253
1996
3453
318929
2589
1868
2006
2213
1827
2041
2022
2056
1784
1875
2000
1873
1644
1939
1685
3021
2414
4246
3868
323800
2325
2090
1664
2007
1755
2042
2005
1859
1770
1776
1925
1811
1786
2008
1746
1849
1901
1785
1951
359927
2307
2926
2165
2113
1774
2203
1957
2136
1875
1834
2007
2316
1651
1703
2086
1774
2149
1688
1906
333582
2435
2088
2229
2171
2278
2169
2118
1640
2727
1863
2032
2638
1898
1822
2199
1772
2277
1657
1752
558576
2584
2172
2100
2120
2019
1979
2282
1590
1822
2319
1850
2192
1624
1731
2146
1811
2145
1705
1979
82271
2015
1476
241396
2475
1438
1902
1542
2173
2032
1662
1963
2362
1660
1745
2076
1739
2177
1726
1929
89742
2611
2077
3660
1968
1973
2083
1962
1725
2390
1681
1753
2229
1579
1861
1855
1877
2338
16125
2070
331683
2586
1662
2020
2249
1880
2254
2171
1448
2020
1792
1735
2457
1623
1886
2149
1822
2157
1697
1938
333067
2580
2402
2172
2420
1696
2186
2105
1963
2172
1742
2060
2172
1766
2347
1631
1761
2189
1736
1926
307094
2587
2337
2225
1688
1879
2158
2187
1998
1904
1715
1945
1960
1747
2332
1653
1725
2197
1681
1908
329221
2551
1856
2017
2117
2519
2100
2241
1704
2003
1624
2084
2348
1636
1864
2126
1792
2201
1608
1538
316347
2455
2056
1949
2332
1763
2099
2349
1826
1902
1716
1927
1675
2033
2355
1622
1793
2187
1691
1928
305005
2590
2114
2437
1641
1970
2105
2095
1972
1915
1948
2058
1856
1744
2331
1633
1816
2186
1746
1890
539866
2541
2251
2033
1985
2008
2031
2056
1974
1942
1649
2311
1835
1619
2189
1633
1798
2157
1679
1894
90820
2049
2174
255247
2402
1667
1804
2006
2022
2288
1633
1769
2269
1592
1749
2065
1833
2138
1752
1844
106207
2400
1959
1781
2156
1565
3504
2004
1680
1986
1674
2068
1849
1798
1777
2221
1776
2311
1612
1530
325347
2577
1819
1620
1781
1850
2330
1984
1877
1759
1932
1849
1816
1833
1860
1659
2049
2187
1653
1749
293339
2820
2940
1694
1862
1761
2649
2513
1762
1875
1768
1819
1835
1584
1946
1850
1856
2317
1500
1708
316824
2202
2206
2036
2211
1777
2408
1844
1658
1663
1929
2028
1954
1732
1870
1803
1885
2191
1658
5579
598763
2463
2647
1839
1931
1316
4939
5868
4744
5953
4169
6475
5695
4351
5300
4215
6884
6881
4172
5609
610134
4523
7655
1755
12426
1861
2103
2099
1861
1799
1858
1864
2344
3855
6128
4951
6296
6673
4548
6792
596542
4778
6617
4701
6667
4590
6604
8172
3492
5598
4247
5912
6679
4163
6060
4430
5971
6706
3901
7651
1096432
2105
2004
1388
2807
1442
1769
1958
1853
2052
1414
1702
1907
1907
1832
1564
1840
2297
1651
1762
129808
5700
6060
527500
2386
1561
2261
1954
1828
1846
1769
2382
1781
1601
2251
1593
1712
2192
1568
1554
143162
2020
2311
3858
6516
1731
6153
5886
4166
6548
4428
6509
6691
4001
6143
4314
5656
6984
4531
6730
599269
3010
2345
1636
6608
1776
13405
2321
1756
2975
3615
3544
4996
4227
6630
4612
6346
6761
4213
5932
593436
2007
1902
3942
6517
1721
13371
2886
1686
2064
2286
4179
3443
4111
7049
4185
6252
6460
4623
6362
601464
1779
1447
13147
2187
1367
1788
1983
1901
2360
1601
13006
2068
2161
1962
1888
1900
2278
1781
1907
599870
1923
2412
3703
6863
4814
6881
5288
4536
6835
3934
6302
6071
4640
6868
4274
5575
6249
4266
6663
584459
4954
5578
4327
6538
4355
6134
6562
4780
6997
4567
6653
6718
3919
6875
4183
6568
6039
4855
6813
589150
1848
2459
4022
15594
2596
1884
2362
2921
3757
1646
6283
5963
4294
6247
4739
5823
6107
4343
5671
1115231
2382
1960
2103
1846
1918
2065
2423
1517
1973
1819
1785
1643
1734
2279
1852
2522
2097
1572
1753
94374
1784
1527
530909
2738
2038
2131
1877
1595
2044
1998
1826
1652
1578
1902
2313
1772
2211
1725
1812
165670
2232
1994
1027
17886
2467
2384
1890
1287
6427
2320
2023
2647
3729
4238
4388
6271
5563
4892
6033
607821
1920
2049
3906
14360
1996
1955
2412
1631
10588
2054
2411
2329
3673
5577
3250
4859
6097
4475
6452
598275
2196
2541
4211
3902
3468
6776
5557
4796
6630
4552
6944
6270
4696
7111
4587
6083
6401
4357
5725
600071
1808
2086
3655
12141
2224
1730
4980
3935
6385
4035
6285
5911
4214
6289
5364
7168
8678
3944
7107
578340
4964
6199
4991
6556
5040
6769
6782
5018
7237
4328
5680
6311
4550
6956
5579
6599
6458
4318
6452
594174
2083
1446
5069
14289
1874
1912
2671
3990
3537
4262
6474
6651
4589
6958
4783
6898
5773
4626
5820
604232
1845
2323
3337
6456
1776
15720
3213
2068
1892
1280
4586
6040
3808
5719
4603
6031
5945
4347
5685
1106396
1993
3645
4085
2174
1740
1756
1867
1903
1699
1543
1682
1658
1556
1875
2125
1737
2102
1668
1966
171089
1801
1501
510818
2743
1587
3276
2426
1473
1932
2044
1976
1874
1677
2323
1627
1818
2342
1523
1706
169147
2091
2825
3765
12586
2135
1831
2370
4069
3889
3548
4743
5729
3881
6388
4206
5964
6621
3856
5576
578639
5418
6348
4199
6823
4753
6753
6920
4608
6470
4362
5748
6280
4598
6848
4414
6569
6473
4521
6150
578524
14383
2841
2178
1966
2108
6821
5823
3885
6421
4427
7129
6537
4386
6844
4290
6849
6144
4216
6727
579017
5638
4903
3723
6493
4739
6969
6181
4251
6168
4792
6986
5400
3918
6894
3453
6637
6410
4597
6624
580616
2400
4284
3212
4900
4395
6782
5827
4663
6194
4433
6772
6757
4668
6807
4328
6906
6545
4437
6817
584282
1806
2486
4388
3573
13964
2148
2064
1901
1908
1827
2351
1957
2005
1793
2179
13879
2540
1890
1986
602868
1964
2552
4756
6524
1798
5193
4297
3739
6734
4406
5937
6002
3872
6252
4269
5675
6539
3920
5949
1113069
2041
1797
1692
2169
2034
1802
1929
1855
2021
1640
1867
1977
1997
1813
2230
1753
2156
1658
1747
132103
5054
5344
501574
4415
1987
1947
1798
1870
2079
1877
1993
1880
1841
1776
2126
1751
2103
1675
2039
172200
2548
2758
1923
1641
1856
5825
6575
4458
6965
4247
7201
7411
4833
6464
4784
8028
6652
4140
6408
587428
2360
2290
4607
4269
3456
15378
2099
1812
2338
2570
1934
5752
4406
7144
5155
8948
5365
4608
6874
588779
1857
2331
3658
4694
17193
2535
2507
1816
1833
1667
2218
5871
4734
6997
4710
6610
6250
4285
5664
595276
1790
1438
4914
4751
4363
4904
5961
4360
6587
4403
5713
6237
4254
5834
4351
5458
6324
3949
5761
585468
1915
1621
4051
5899
1734
11179
1766
1529
5357
1739
6618
5627
4287
6015
4806
6867
6091
4586
6406
591150
1751
1531
3840
5962
3437
6614
2846
1627
1834
4377
6807
6255
4560
6594
4906
6266
6814
4185
5553
578606
15747
2566
1799
2236
1462
4893
4964
4120
5940
4796
5699
5845
4226
5795
4695
5628
5715
4377
5555
1099485
2062
2132
2230
2302
1531
1994
2023
2063
1764
1578
1686
1842
1728
1695
1721
1738
2247
1664
1728
142157
2158
1016
519444
2543
2258
2253
2361
1911
2073
1897
1848
1972
1805
1729
2254
1770
2144
1733
1924
159137
2582
2225
2080
2357
1922
4311
4793
4366
6575
4307
6848
6184
4527
5989
4032
6442
5413
4207
6302
592854
2182
2497
3510
6366
1794
6986
5495
3374
6519
3782
5732
6603
4561
6864
4197
6152
6018
4177
6841
595156
1826
2421
3962
6018
1907
2347
13698
1958
1966
2051
1924
2130
1683
2274
3754
6099
6318
4283
6691
601176
2172
2447
3419
4216
4365
6197
6166
4353
6326
4044
6336
5877
3972
6540
4129
5770
6281
3495
5894
590892
2013
1496
5052
14875
1838
2033
2418
1556
5080
1746
5997
5556
4239
5705
5112
4925
6271
4559
5921
579975
2163
2053
12886
1849
2441
2012
6310
4204
6191
4546
6788
6672
4406
6959
4541
6495
6899
5377
6705
590112
1816
1592
4072
5118
4738
6530
6552
4477
6805
4524
7257
6699
4276
5807
4756
5875
6288
4508
7218
1105565
2337
2233
1740
1928
2060
1824
1661
1595
1906
1924
1745
1645
1775
2209
1673
1719
2216
1671
1896
98939
1693
1578
567983
2200
1876
2093
2216
1904
2225
1890
1807
1654
1548
1916
2310
1758
2210
1729
1752
159772
2630
2740
2083
1961
2015
4225
5816
4222
6047
4394
5834
6935
4856
6034
4404
6281
5774
4360
6846
578798
2226
2510
1774
14704
2695
2060
2269
2091
4005
1629
5481
5248
4273
4506
4595
8330
6714
3926
6439
614481
2534
2205
1684
2168
2023
4049
4931
4184
4094
1914
1973
3301
1759
6325
4818
6138
6246
4382
6405
578724
4976
13582
2470
1788
1551
4439
6316
4185
6173
4232
7224
5835
5551
6768
4269
5612
6985
4627
6719
578450
4763
13707
1930
1926
2061
5441
6595
4919
7149
4287
6303
5520
4338
6736
4534
6654
6742
4623
7393
580714
2074
1708
4659
5092
3958
5837
5245
3866
7087
4351
6684
6857
4525
6806
4323
6731
5624
4678
6156
588370
1833
1013
4875
4676
4852
15252
2143
2088
1921
1580
4215
6158
4319
5548
4692
6153
5668
4825
5943
1105246
2399
2071
1898
1806
2420
1830
2006
1947
1966
1960
1952
2030
1738
2286
1611
1750
2192
1659
1656
134989
1633
20233
505797
2756
2288
2174
2236
2243
1977
2004
2093
1793
1773
2331
1646
1745
2303
1685
1803
166302
2455
2465
2040
1886
2103
4109
5101
4129
6560
4581
6655
6755
4484
6563
4221
6934
5391
3909
6503
590202
1927
2131
3825
4648
5438
4810
7851
4239
7142
4019
6848
6289
4215
6250
4681
6897
6490
4734
6716
578106
6034
4641
4219
6657
4294
5937
6605
4689
6690
4680
7038
6635
4679
6830
4582
7116
6409
4377
5537
593981
1805
2268
3607
7146
1744
5599
6279
4302
6773
3745
6701
5352
3841
7111
3486
6317
5944
3886
6688
584524
1797
2341
3568
16141
1919
2100
2305
1549
4762
1727
5643
5997
4027
6295
4774
6158
5556
4156
6871
588384
1850
1541
5020
13578
1984
1905
2415
2700
4832
4162
7048
6390
5045
6917
4859
7141
5378
4270
6110
585202
1873
1643
4086
6812
1757
17670
1915
2174
1883
2086
4382
6499
4269
6612
4185
6742
6343
4017
6425
1097737
2102
2047
2152
2248
1627
1970
2165
1824
1821
1909
1805
2288
1616
1757
2087
1728
2183
1656
1779
116338
2129
4660
512989
2101
1998
2161
2207
1763
3504
2012
2154
1919
1771
2266
1627
1811
2353
1496
1720
154226
2599
2660
2075
1966
1964
4002
4702
3984
6670
4757
5950
6280
4984
7102
3457
6298
5918
4317
6902
584663
1830
2443
3712
16111
1809
2016
2481
1644
12610
2233
2021
2267
3850
6375
4363
6454
6545
3385
6875
576294
1787
1591
6561
4860
4452
4729
6572
4223
6439
4545
6094
6722
4755
6752
4219
5657
6808
3728
6142
587958
1793
1080
4665
15062
1947
1957
2367
1693
5222
4240
5468
6101
4392
5751
4590
6008
6602
4468
5245
589504
1805
2630
3613
14203
1798
2031
2432
1568
5459
1758
6242
4542
4291
5371
4795
6946
6781
4390
6253
595159
1814
2366
3337
5743
3546
3490
4741
2083
2025
1958
3794
5987
4638
6435
4876
6801
6343
4868
6348
584371
2343
1988
4919
6223
4645
6472
5805
4630
5819
4471
6340
5914
4471
6399
4990
7727
6134
3489
5817
1134443
2851
2219
2062
1985
2094
2069
1974
2080
1761
1659
1981
1877
1641
2246
1624
1750
2263
1653
1916
148506
1858
1492
239085
2584
1963
3071
1968
2791
2447
2012
1953
2591
1565
2671
2535
2441
2320
1518
1809
55723
2867
2181
2182
2148
2110
2160
2413
1910
1776
1809
2269
4937
1749
2037
1750
2391
1682
1771
2413
314346
2531
2770
1778
2166
1923
2201
1603
1922
2130
1602
1875
2294
1807
1892
1836
2274
1872
1718
2155
295391
2598
2156
2300
2665
2144
2431
2202
1805
3974
1863
3937
1861
1641
1996
1599
2263
1901
1626
1926
290115
2594
2185
2398
1648
1998
2145
2371
2009
1969
1629
1898
1932
1766
1759
2231
1781
2178
1706
1906
298504
2568
2132
2327
2086
2681
2304
2536
1762
3058
1638
2055
1911
1624
2014
1628
2239
1809
1716
2229
311097
2705
2119
2189
2637
2127
2032
2091
2166
1684
1778
2020
2340
1696
1750
2119
1774
2190
1756
1823
294260
