19568915.714286
19775612.380952
19291456.190476
19110942.857143
19761772.857143
18448177.142857
18485910.952381
19970053.809524
19369794.285714
19308601.428571
18997920.000000
18185067.142857
19584660.952381
19197565.714286
22535187.142857
22451154.761905
22488765.714286
22080226.666667
21909929.047619
21553976.666667
21662274.761905
21403100.952381
21254499.047619
21895961.428571
22394356.190476
23420730.000000
22948470.000000
21928969.047619
21877263.809524
22762271.428571
21731864.761905
21768451.428571
21351577.142857
21323043.809524
21951464.761905
21585262.857143
23196226.190476
23062746.666667
22580270.476190
22228674.285714
22139206.666667
22419580.000000
21469104.761905
21299843.809524
21352560.000000
21496453.333333
22149407.619048
21905771.428571
21955428.571429
23126902.380952
22338879.047619
22431740.476190
22693512.857143
22027575.238095
21863222.857143
21767483.809524
22291187.619048
21853344.761905
21962123.809524
22562988.571429
22807499.047619
23603687.142857
22867723.809524
22922544.761905
23503127.142857
23290592.857143
22197603.809524
22199550.952381
21786763.809524
21937718.095238
22376852.857143
22373771.428571
22177371.428571
22762564.761905
22747706.666667
23364983.809524
22880038.095238
22697016.190476
22221308.571429
22722451.904762
22183147.142857
21935209.523810
21911102.857143
22183371.428571
22910139.523810
22695785.238095
22774180.952381
23403643.333333
23022598.095238
23390139.047619
22542912.380952
23118089.523810
22258234.285714
22282186.666667
22173361.904762
22102613.333333
22818978.095238
22409630.476190
22731626.190476
23230996.190476
23121097.619048
23055628.571429
23097278.571429
22879825.714286
22656280.000000
22183375.238095
22089455.238095
22037274.285714
22339672.380952
22822632.380952
22960183.333333
24093981.428571
23912308.571429
23896470.000000
24038939.047619
23358769.523810
23076205.714286
22503645.714286
22754868.571429
22583360.000000
22358809.523810
23180764.285714
23118790.000000
23227073.333333
23734843.809524
23946647.619048
24018912.380952
23125674.285714
22969455.238095
23015973.333333
22760464.761905
22429521.904762
22339062.857143
22603367.619048
23071723.809524
23415398.571429
23789365.714286
23833939.047619
24255971.428571
23912546.666667
23351605.238095
22875139.047619
22833062.857143
22269923.809524
22257508.571429
22205664.761905
22518582.857143
22870523.809524
23275251.904762
24048654.285714
23883455.238095
24162525.238095
23031099.047619
22991853.333333
22901607.619048
22502857.142857
22353304.761905
22403573.333333
22703769.523810
25389640.000000
24420887.619048
25509761.904762
25357104.761905
25834206.666667
25550940.952381
24526266.666667
24222984.761905
26640587.142857
23893722.380952
23657361.904762
24191990.952381
24252375.238095
24800692.380952
25184082.857143
25516078.095238
25463708.571429
25390925.714286
24572177.142857
24333099.047619
24216588.571429
23590817.142857
23449739.047619
23268975.238095
23445040.000000
23811984.761905
24480517.142857
25156971.428571
25287968.571429
25096529.523810
25181732.857143
24016891.428571
23959830.476190
23601015.238095
23530400.000000
23400956.190476
23233066.666667
24002487.619048
23699371.428571
24593068.571429
25240670.952381
25026428.571429
24714497.142857
23946220.952381
24068504.761905
24228815.238095
23518432.380952
23365074.285714
23326900.952381
23735910.476190
24217845.714286
24676806.666667
25387697.142857
25387464.761905
25091904.761905
25063824.761905
24458782.857143
23879171.428571
23347902.857143
23327438.095238
23406304.761905
23266727.619048
23852396.190476
24101187.142857
24150899.047619
24583539.047619
24613118.095238
24659099.047619
23724102.857143
23739443.809524
23651634.285714
23271499.047619
23753944.285714
23213514.285714
23219925.714286
23373512.380952
23394200.000000
24314009.523810
24514239.047619
24768378.095238
24082973.333333
23960443.809524
27103744.761905
26949419.047619
25766127.142857
24906798.095238
24535085.714286
25159609.523810
24841756.190476
25299699.047619
25934649.523810
25666251.428571
25845236.190476
25050994.285714
25074518.095238
24792281.428571
24224718.571429
24109316.190476
23618548.571429
23876032.380952
24759625.714286
24149478.095238
25258834.285714
24779251.428571
24663430.476190
20326404.285714
21635778.571429
22066688.571429
21834441.904762
21851191.904762
21570280.952381
20363478.571429
20293501.904762
20603725.714286
20985005.714286
20641655.714286
21512297.619048
22211271.428571
21597953.809524
25214633.333333
24590973.333333
24174053.333333
24247649.523810
23757539.047619
23268426.666667
23454782.857143
23657036.190476
24181396.190476
24308460.952381
25739268.571429
25565424.761905
25540617.142857
25825039.047619
24216240.000000
24425380.000000
23815091.428571
23727156.190476
23180323.809524
23449055.238095
24380253.333333
24007815.238095
24020350.476190
25296678.095238
24893287.619048
25114958.095238
24194440.000000
24097573.333333
24014514.285714
23528392.380952
23089318.095238
23599805.714286
23754051.428571
23922506.666667
23784754.285714
25071121.904762
25354970.476190
25153464.761905
25126234.285714
24529544.761905
24350299.047619
24422209.523810
23725548.571429
23915026.666667
23715272.380952
24458312.380952
24044518.095238
23979411.428571
25357811.428571
25407024.761905
25666648.571429
24290712.380952
23959916.190476
23953935.238095
23592413.333333
23359388.571429
23550847.619048
23741668.571429
23980432.380952
23818860.952381
25532228.095238
24739285.714286
24443432.380952
24429055.238095
23801760.000000
23872253.333333
23565428.571429
23238401.904762
22992112.380952
23085782.857143
23956556.190476
24307144.761905
23985969.523810
24700182.857143
24435186.666667
24582613.333333
23930984.761905
23756739.047619
23804678.095238
23198742.857143
22912059.047619
23141032.380952
23528558.095238
23675784.761905
23559228.571429
24751630.476190
25472255.238095
24888064.761905
25207561.904762
24049685.714286
23813306.666667
23668918.095238
23328194.285714
23059706.666667
23675755.714286
24035807.619048
23707630.476190
23669500.952381
25287449.523810
25219456.666667
24810116.190476
25058918.095238
24147396.190476
23872674.285714
23238148.571429
23129306.666667
26122904.761905
23451617.142857
23760739.047619
23939777.142857
24880344.761905
24611331.428571
26417821.904762
26104667.619048
23729059.047619
23917173.333333
23483300.952381
23442182.857143
23295097.142857
23285689.523810
24169062.857143
23784504.761905
23800213.333333
24997137.142857
26635330.476190
26389587.619048
24006325.714286
23610668.571429
23552152.380952
23096742.857143
23025590.476190
22956681.904762
23623845.238095
23404180.952381
23442601.904762
25095607.619048
25784558.095238
27451645.238095
26938468.571429
23764354.285714
24128386.666667
23915015.714286
23352714.285714
23256554.285714
23033160.000000
23882175.238095
23986335.714286
23450988.571429
25022257.142857
26366064.285714
26256910.000000
23569472.380952
23582146.666667
23470240.000000
23179942.857143
23079750.952381
22848973.333333
23335733.333333
23368472.380952
23290960.000000
24399407.619048
24740680.000000
24897794.285714
24835575.238095
23774803.809524
24294192.380952
23413135.238095
23397230.476190
23202140.952381
23425089.523810
24319849.523810
24126346.666667
23942459.047619
24898249.523810
26928096.190476
25633513.809524
23929937.142857
23814163.809524
23915923.809524
23356655.238095
23185108.571429
26660465.238095
23531131.428571
23647259.047619
23529931.428571
24800093.333333
24612836.190476
24641796.190476
24636853.333333
23525828.571429
23606836.190476
23530935.238095
23322790.476190
22961460.952381
23311252.380952
23860118.095238
23633300.952381
23726436.190476
24546969.523810
24625304.761905
24740241.904762
23826611.428571
23537535.238095
23449937.142857
23345348.571429
23167026.666667
23129428.571429
23459106.666667
23531998.095238
23497240.000000
25000619.047619
25718066.666667
26194952.380952
26147200.000000
23887489.523810
23918380.952381
23722733.333333
23459001.904762
23231276.190476
23293727.619048
24031807.619048
23592040.000000
23437748.571429
25427274.285714
26517533.333333
26616891.428571
24300623.809524
23623375.238095
23537670.476190
23295165.714286
22842110.476190
23102339.047619
23315325.714286
23564620.952381
23932269.523810
24930020.952381
25577984.761905
25550220.952381
25918118.095238
23762881.904762
23763523.809524
23403611.428571
23342836.190476
23032931.428571
23059588.571429
23826580.952381
23590491.428571
23776960.000000
25264432.380952
26346521.904762
25807754.285714
24114525.714286
23765409.523810
23867825.714286
23145095.238095
22936009.523810
23013499.047619
23842893.809524
23600702.857143
23503546.666667
24926902.857143
24399687.619048
24996480.000000
24419691.428571
24045246.190476
23626238.095238
23390864.761905
23203937.142857
22988876.190476
23000201.904762
24390224.285714
23468038.095238
23564733.333333
24738980.000000
26346395.714286
24712731.428571
24130988.571429
23777175.238095
23812845.714286
23520481.904762
23006188.571429
23228552.380952
23648476.190476
23890069.523810
23737024.761905
25335289.523810
26426696.190476
27013659.523810
25851086.666667
23954215.238095
24086015.238095
23747601.904762
23540398.095238
23182624.761905
23252249.523810
24352070.952381
23866104.761905
23837796.190476
27567973.809524
28288311.428571
26894723.809524
26264369.523810
25669956.190476
25410748.571429
25043285.714286
24490268.571429
25053037.142857
25019563.809524
25892450.476190
25148466.190476
26732600.000000
27222510.952381
27632780.000000
27341989.523810
25014754.285714
24877398.095238
24418638.095238
24103104.761905
23795493.333333
27818300.952381
28587880.000000
28161716.190476
27259727.619048
28436620.952381
28024708.571429
28577617.142857
26597420.952381
26068643.809524
25713180.952381
25013649.523810
24341493.333333
24540506.666667
25056104.761905
21992202.857143
23621286.190476
23522608.571429
23036314.285714
21282894.761905
22959854.761905
24551062.857143
24901460.000000
22267032.857143
22333529.047619
21864478.571429
22299633.809524
21276916.190476
20580201.428571
20836132.857143
22190267.619048
21665978.571429
21657451.428571
22723685.714286
23332152.857143
24786180.952381
21789638.571429
20891992.857143
20797812.857143
21006117.142857
21396015.238095
20656532.857143
21874785.714286
21164760.952381
21945171.904762
21898991.428571
23812592.857143
24471234.761905
23927183.809524
20694872.857143
21270582.857143
20945694.285714
21662036.666667
20516249.523810
24151923.809524
24910620.952381
24797973.333333
24823723.809524
26303782.857143
26403820.952381
27076814.285714
25471382.857143
24923249.523810
24019643.809524
24080630.476190
23709998.095238
23931632.380952
23912822.857143
24495142.857143
24783624.761905
26188331.428571
26670895.238095
26371213.333333
26769377.142857
24288066.666667
24434213.333333
24550638.095238
23819411.428571
24179904.761905
24058731.428571
24812714.285714
24756735.238095
24744123.809524
26055647.619048
27205563.809524
27266377.142857
24812460.952381
24832518.095238
23981055.238095
23967767.619048
24086731.904762
23977672.380952
23955856.190476
24170773.333333
24209476.190476
26256339.523810
26657382.857143
25988188.571429
27083540.952381
24185380.952381
24459664.761905
24476240.000000
23745992.380952
23655996.190476
23688563.809524
24286289.523810
24176845.714286
24404066.666667
25774025.714286
27222100.000000
27015381.904762
24902026.666667
24792055.238095
23969624.761905
24032508.571429
23578708.571429
23909468.571429
23904979.523810
24351380.952381
24467280.000000
26040318.095238
26577914.285714
27854255.238095
26824498.095238
24579449.523810
24432790.476190
24299209.523810
23734038.095238
23838937.142857
24493517.142857
24736466.666667
24648118.095238
24350190.476190
28844959.523810
27839421.428571
27310280.000000
24721506.666667
24917440.000000
24103373.333333
24132198.095238
23497032.380952
24117047.619048
23904152.380952
24526510.476190
24728778.095238
25729213.333333
26944956.190476
26830933.809524
27010556.666667
24805777.142857
24752992.380952
24755817.142857
23688083.809524
23974011.428571
23861782.857143
24510062.857143
24479750.476190
24669045.238095
26149325.714286
26878903.809524
27103892.857143
24758417.142857
24776373.333333
24442790.952381
24554206.190476
23472586.666667
23803026.666667
23735300.952381
24349333.333333
24394996.190476
26490513.333333
26743992.380952
27143992.857143
27320358.571429
24416466.666667
24536660.952381
24553083.809524
23669001.904762
23811209.523810
23723904.761905
24495243.809524
24440470.476190
24430918.095238
26160085.714286
27097139.523810
27096065.238095
24698318.095238
24747220.952381
23956942.857143
24069575.238095
23561529.523810
23779186.666667
23732451.428571
24522152.380952
24448584.761905
25996057.142857
27358319.047619
26607197.619048
27256164.285714
24251813.333333
24183363.809524
24509310.476190
23728093.333333
24011672.380952
24079055.238095
24822358.095238
24741396.190476
24682580.952381
26156674.285714
27195933.333333
27326826.190476
24910542.857143
24737102.857143
23972761.904762
23911171.428571
23640807.619048
24135577.142857
23963249.523810
24404137.142857
24296916.190476
25770106.666667
26807846.190476
26664862.857143
27083949.047619
24249201.904762
24583441.904762
24498278.095238
23609714.285714
23801718.095238
23712550.476190
24427480.000000
24450337.142857
24344144.761905
25974384.761905
27331115.714286
26866596.666667
24528828.571429
24654659.047619
24059786.666667
24179617.142857
23733838.095238
25645250.000000
23976173.333333
24321400.000000
24411805.714286
26765419.047619
25421895.238095
26624161.428571
25401645.714286
24188761.904762
24296798.095238
24109769.523810
23500468.571429
23689918.095238
23762281.904762
24495725.714286
24687269.523810
24552611.428571
25492165.714286
25552083.809524
25802185.238095
24572299.047619
24615304.761905
23856691.428571
23882849.523810
23726175.238095
23915354.285714
23810893.333333
23949295.238095
24031360.000000
25754556.190476
25110320.000000
25115937.142857
25322340.952381
24462773.333333
