65319888.095238
66042718.571429
39972656.190476
42985384.285714
36741434.285714
40138091.428571
36424080.000000
39153218.571429
35799751.428571
38353731.428571
37894360.000000
36244797.619048
41492509.523810
43545565.714286
37458475.238095
41544433.333333
38502583.809524
39229821.428571
37484121.428571
38955713.333333
38931396.666667
38087112.857143
38081330.000000
37950010.952381
36519864.285714
39088357.142857
37500438.571429
36887246.190476
35373986.190476
35631433.809524
35691231.428571
34682504.761905
33426630.952381
33486733.333333
35784912.380952
42094653.333333
34271060.952381
33112012.380952
34927992.380952
33981196.190476
76507951.428571
100363516.190476
64394431.428571
50269414.761905
47787108.571429
43489137.142857
41274768.571429
42008271.428571
42370046.666667
42354237.142857
40106245.238095
44017614.285714
39036776.190476
37154530.476190
39088149.047619
41646674.285714
37729403.809524
41632530.000000
38712313.809524
38762062.857143
38597519.047619
40617325.714286
37293681.428571
36341553.809524
38372881.904762
37410975.714286
36418388.571429
35162197.142857
37242127.142857
35406553.333333
40262517.142857
42609366.666667
42073064.761905
39271249.047619
37022337.142857
36370783.333333
36153596.666667
33837464.285714
36744755.714286
34828928.571429
36533092.857143
37428113.809524
35525560.000000
33871507.142857
35097340.000000
33514164.761905
38305200.000000
40333386.666667
38595131.904762
36615593.333333
39304946.666667
36179352.380952
35594106.666667
34620521.904762
36043269.523810
34066364.285714
33859456.190476
32606357.142857
34193754.761905
35302739.047619
36545496.190476
32502863.809524
33558117.619048
33248528.095238
34018024.761905
31915076.666667
38143777.619048
40144890.952381
36944726.666667
34596242.857143
35337361.904762
32253713.809524
33683899.047619
33364810.952381
34084987.619048
31399279.047619
34286800.952381
31929446.190476
34158562.380952
34223899.523810
34251492.380952
31909319.047619
32640190.000000
31131222.857143
33261153.333333
31176387.619048
34044673.333333
30682110.952381
33839066.666667
33297259.047619
36569732.380952
32545455.238095
34398359.047619
33254654.285714
33130417.142857
31034965.714286
34019473.333333
31320636.666667
33765366.190476
33547961.904762
33740400.952381
31527154.285714
34679916.666667
35011217.619048
35105023.333333
34369657.619048
35713600.952381
33466255.238095
33927140.000000
31341266.190476
33599347.619048
30553382.857143
32306855.238095
31182851.904762
32532870.952381
31086726.190476
35259678.095238
32948696.190476
34060651.428571
34590633.809524
35833296.666667
34425040.000000
32774119.523810
31388826.666667
35286409.047619
32657384.761905
32705390.476190
31696616.190476
33399670.476190
31694820.000000
33032420.476190
32880686.190476
32582727.619048
30352983.809524
33499806.190476
35314440.000000
33111188.571429
32193575.238095
34148374.285714
34777271.904762
36101904.285714
33512636.190476
34639390.000000
37700130.952381
35628447.619048
33135627.142857
34122369.523810
33863646.190476
35716991.904762
34543456.190476
34992969.047619
36216816.190476
34599788.095238
32850420.952381
33634138.571429
31516539.047619
33315458.095238
31900313.333333
35228572.857143
33847354.761905
32858325.238095
33706673.333333
34564193.333333
30712312.857143
32429656.666667
31654654.285714
31690932.857143
30733625.714286
33516397.619048
32777973.333333
32110963.809524
33953199.523810
34453350.000000
32164767.619048
34192802.380952
33082629.523810
34443980.952381
33210022.857143
33593320.952381
31011947.619048
33127607.619048
33935526.666667
33671200.000000
31601895.238095
34954417.619048
33891207.142857
33758613.333333
32835460.476190
33029062.380952
31162065.714286
32473075.714286
33671366.190476
32989917.142857
31419209.047619
34185228.571429
32945543.809524
31255521.428571
29453389.523810
32984178.571429
32999582.857143
32055817.142857
29912972.380952
30295961.428571
29954896.190476
30696176.666667
30608837.142857
31012824.761905
29365974.285714
30650455.238095
31609311.428571
30988172.380952
29608565.714286
30861240.952381
30146766.666667
30736758.095238
30261059.047619
30712246.190476
29457561.904762
30821918.571429
31864422.380952
30780432.380952
29688008.095238
31239010.476190
30894162.380952
31627284.761905
30672393.809524
32942605.238095
31559360.000000
30917734.285714
30726795.238095
30418952.380952
28921867.619048
31056214.285714
30367306.666667
31355338.095238
31197261.904762
29978442.857143
29272150.476190
29729236.190476
30587769.523810
29840222.857143
28815144.761905
30270287.619048
29779708.571429
31121222.857143
31252748.571429
30609793.333333
29548128.571429
31106909.047619
30919765.714286
30615931.428571
29711944.285714
31396096.666667
30478734.285714
29906082.857143
29191100.000000
29961364.285714
29085026.666667
30475487.142857
29292954.285714
31601798.571429
32848517.142857
31962581.904762
30558602.857143
30464012.857143
29964413.809524
29271492.380952
29959373.333333
29954634.285714
28636881.904762
30852708.571429
31868952.857143
30809907.619048
29447844.761905
30148504.761905
31130243.333333
31569896.190476
33730834.761905
31612494.285714
31498314.285714
31374603.809524
29593422.857143
29952150.476190
28834161.904762
29414317.142857
31530580.952381
31153539.523810
29270930.000000
30601828.571429
30328388.571429
31851008.095238
29698812.380952
28498009.047619
31400939.047619
30835255.238095
31188114.285714
30363443.809524
29335354.285714
30118464.761905
30911467.619048
31031082.857143
35583948.571429
29681371.428571
29047546.666667
30445191.428571
29946749.523810
29963283.809524
29523672.380952
29901047.619048
28985909.523810
30855364.285714
32313554.285714
31858835.238095
30675666.666667
31283917.142857
30714563.809524
30676029.523810
29670063.809524
30426184.761905
29083370.000000
30761454.285714
32397045.714286
30995089.523810
29826744.285714
30356782.857143
28051826.190476
30277365.714286
29169238.571429
30915913.809524
29400344.761905
31603777.142857
32976183.809524
30529834.761905
29108891.428571
30747812.380952
30518579.523810
31198135.238095
31463790.476190
31887416.666667
31501988.095238
31946702.857143
30646813.333333
32212400.476190
34625794.285714
30824290.476190
30751360.952381
30632339.047619
30049888.571429
31961529.523810
30454726.190476
30522137.142857
30264293.333333
30647341.428571
28903602.857143
30146979.523810
28942831.428571
30163022.857143
30426500.952381
31427382.857143
31458131.428571
31078358.095238
29645043.809524
29896956.190476
29922055.238095
30829393.333333
29978311.428571
30073758.095238
28645542.380952
31251552.380952
31283685.714286
31707017.619048
30390210.476190
30193848.095238
30235303.809524
30106822.857143
30691007.619048
30336154.285714
30221205.714286
30336973.333333
28665185.238095
30547049.523810
30596393.333333
30472174.285714
28193980.952381
29804758.095238
30164622.857143
30273278.095238
29317367.142857
30800275.714286
29647404.285714
30480778.095238
30469400.000000
30501392.857143
29818824.285714
30446851.428571
30915686.666667
30867111.428571
29587937.619048
30626083.809524
28501059.047619
30415476.190476
30530402.857143
31027300.000000
29150383.333333
30837848.095238
29661077.619048
29825167.619048
29175127.142857
31041019.047619
32312131.904762
31526102.857143
30710378.571429
30830391.428571
30413685.714286
30210078.095238
29347496.666667
30249635.714286
28651668.571429
30316994.285714
30327202.380952
31375089.523810
29834592.380952
29656760.952381
29854887.619048
30294400.952381
30009540.000000
30554911.904762
29664376.190476
31934700.952381
30890870.476190
32700571.428571
33323751.428571
31215023.809524
29613960.952381
30047543.809524
29849665.714286
30130379.047619
29234761.904762
30904706.666667
29377150.476190
30728977.619048
31458226.190476
30469203.809524
29229487.619048
31722605.238095
30850984.285714
30635521.904762
29183672.380952
31618770.000000
29380599.047619
30628188.571429
30408260.952381
32564968.571429
29722090.476190
29665026.666667
30414880.000000
30373630.476190
29177466.666667
30297203.809524
28984901.904762
30579286.666667
31661339.047619
30972887.619048
29701363.809524
30410549.047619
31087004.285714
30272711.904762
29407833.809524
30738880.476190
29014306.666667
31384792.380952
32996294.285714
31421453.333333
29946340.952381
30606828.571429
29559820.952381
30631271.428571
29437657.142857
30699066.666667
29358668.095238
31602129.523810
32833758.571429
30945009.523810
29335001.904762
31197526.666667
30812857.142857
30637003.809524
30158325.714286
31002738.095238
30078049.523810
31293878.095238
32063196.190476
30237445.714286
28788651.428571
30281794.285714
30033076.190476
30324255.238095
29175426.666667
31079421.904762
29477057.142857
31173668.571429
33057706.190476
31263891.428571
29885373.333333
31489955.238095
30647676.666667
30110080.952381
28568414.285714
30743043.809524
29675864.761905
31455539.047619
33134760.952381
31181398.095238
30019943.333333
30740184.761905
30059847.142857
29919276.190476
29274944.761905
30394841.904762
29462611.428571
30903680.952381
32068134.761905
31114952.857143
28965055.714286
31415878.571429
29961496.666667
30872810.476190
30848236.190476
31458596.190476
31090955.238095
31489779.047619
32432494.761905
31138674.285714
30609709.047619
30457929.523810
29167182.857143
31223451.428571
30342257.142857
31722306.666667
31125514.285714
30071815.238095
28277980.952381
30463369.523810
30811857.619048
30772531.428571
29529070.476190
29516361.904762
29675868.571429
30298756.666667
28607988.571429
30521220.952381
30913293.333333
30601400.000000
31188622.857143
30760185.238095
29652979.523810
30104262.380952
30298822.857143
42954158.095238
42854354.285714
31423384.761905
30733972.857143
30203771.428571
30688238.095238
30489005.714286
29307289.523810
30309378.095238
29568906.190476
31274660.000000
31442638.571429
33063656.666667
32542522.857143
30691394.285714
31013327.619048
30500491.904762
29245289.523810
31335896.666667
30057972.380952
31408636.666667
32525703.333333
30717438.095238
29833171.428571
30968205.714286
30366493.333333
34764535.238095
31436137.142857
33920126.666667
32963159.047619
32523447.619048
32713414.285714
33091085.714286
32529946.666667
30618903.809524
30193805.714286
30898195.238095
31439158.095238
30486110.476190
29825133.333333
30184859.047619
29613834.285714
30844252.380952
30194083.809524
30614072.380952
30382318.095238
30675442.857143
30026758.095238
31011804.761905
30250740.000000
30949506.666667
31284144.761905
31672049.047619
32011842.857143
30587208.095238
31378829.047619
30726981.904762
29662611.904762
31280318.095238
30971497.619048
31041880.000000
30695223.809524
30313351.904762
29955270.476190
30592188.571429
30266893.333333
32124072.380952
30934511.428571
31526956.190476
29937809.047619
30243535.238095
30141550.476190
30218420.952381
29163144.761905
30335864.761905
30395384.285714
31075616.190476
32125030.000000
31279720.000000
30279766.190476
30818064.761905
29831100.476190
31311087.619048
30039558.571429
31368911.904762
30931956.666667
30221462.857143
31173469.047619
30965941.428571
29786199.047619
32283570.952381
31861515.714286
29362284.761905
30093995.238095
31499944.761905
30736048.571429
31718041.904762
32023017.142857
30414589.523810
29464020.952381
31760672.380952
31044580.952381
30579775.238095
29693129.523810
30862575.238095
30943400.952381
29540582.857143
32730400.476190
30388983.809524
29701506.666667
30369533.333333
30264026.666667
30764605.714286
29866862.380952
30814805.714286
30581245.238095
30776544.761905
32136938.095238
30196522.857143
29677546.666667
31920026.666667
31787952.857143
31051176.190476
30142710.000000
30584685.714286
30535123.333333
30884323.809524
31476228.571429
31243144.761905
29908441.904762
31442331.428571
30694524.761905
31212024.761905
30613352.380952
31547658.571429
30158909.047619
29969403.809524
32676536.666667
30666959.047619
29938517.619048
31803287.619048
28945040.000000
31244553.333333
31473983.809524
31638523.809524
33066830.476190
33308060.952381
33833291.428571
33169172.380952
31209748.571429
32774146.666667
31431935.238095
31088500.952381
29639709.523810
31865915.238095
31922828.571429
30633903.809524
31512868.095238
30809586.666667
29321777.619048
31091853.333333
30149170.476190
30638884.761905
29492577.142857
31068579.047619
31533299.047619
30153716.190476
31481798.095238
31129401.904762
30262452.857143
33082088.571429
35155353.333333
30798058.571429
30777100.952381
32183150.000000
31872773.333333
31704633.333333
30241125.714286
30110350.476190
29434979.047619
30707987.619048
30526171.428571
31698165.714286
30782939.047619
33659416.666667
36842908.095238
30874522.857143
33841956.666667
31271250.952381
31584609.047619
31408758.095238
31265627.142857
31833169.523810
30875902.380952
30622360.000000
31005221.428571
30164754.285714
29486617.142857
30641554.285714
29664855.238095
30448401.904762
30504928.095238
32151571.428571
31189472.380952
31143453.333333
31235060.952381
30481320.952381
29687906.666667
33106240.476190
30248972.380952
29673358.095238
30352465.238095
31906953.333333
31660641.428571
30485760.000000
31318484.285714
29715580.952381
30357012.857143
31995678.571429
30711871.428571
31811209.047619
32041622.380952
31219989.047619
31641944.761905
30641803.333333
31172882.857143
30160888.095238
32666250.476190
31685226.190476
30906208.571429
32099903.333333
31690481.428571
31307697.619048
31315883.333333
30539393.333333
30386611.428571
30652795.238095
30391705.714286
32751721.428571
29812073.333333
30952550.476190
31084672.380952
30535716.190476
30457469.523810
29487877.142857
30332683.333333
30852834.285714
30587383.333333
32103093.333333
32472668.571429
31550390.476190
30971680.000000
31260769.047619
30696670.952381
30515786.666667
31548660.952381
30368949.523810
33429763.809524
30849057.142857
29665570.476190
31368238.095238
31196534.285714
30999038.095238
30246487.619048
31649265.714286
31722851.904762
30236495.238095
32909309.047619
31787760.000000
28780065.238095
30762680.476190
30879083.809524
31155859.523810
29934174.761905
31203749.047619
31421839.523810
32468430.476190
34102582.857143
32412748.571429
29439390.476190
30513786.666667
31178972.380952
30987653.333333
30440548.571429
31464778.095238
31574712.380952
30593302.380952
32151653.333333
32116328.095238
31056190.476190
30936997.619048
31089943.333333
30480647.619048
29529401.904762
31664550.476190
32469933.333333
30423336.190476
32423763.333333
31303489.047619
29840632.380952
30521241.904762
30356413.333333
31425073.809524
30219474.285714
30685753.809524
30487417.142857
29886512.380952
34120592.380952
30797851.428571
29791049.047619
32062723.333333
28984125.714286
31454249.523810
30218459.047619
30802955.714286
30193573.333333
30489032.380952
30856069.523810
30944444.285714
30282961.428571
31631250.476190
31812782.380952
31378305.714286
31823192.380952
30410223.333333
30801066.666667
29672980.952381
29306727.619048
31075390.000000
29845844.761905
30280979.047619
29981342.857143
32692563.809524
33982129.523810
30450349.047619
30588734.761905
30891180.952381
29781935.714286
31062165.714286
30183126.666667
30155619.047619
30144714.285714
29530300.952381
29351686.666667
30268641.904762
30413421.904762
30447043.809524
29677984.761905
30355226.190476
29795438.095238
30627954.285714
31105366.190476
31856476.190476
29739215.238095
31026561.904762
31565310.476190
30532916.190476
29386652.857143
29611826.666667
29396670.000000
29904272.380952
29643308.571429
31520514.285714
29705378.571429
31267066.666667
31495308.571429
30029832.380952
28806120.000000
30311408.095238
30348205.238095
30475421.428571
30840340.952381
32565693.809524
31227193.333333
29904695.238095
30755213.333333
31385990.952381
30209556.190476
31905803.809524
31328162.380952
30261270.952381
30265905.714286
32480797.619048
30044100.476190
30800119.047619
31262172.380952
30502679.047619
29419940.000000
30656073.333333
30117576.666667
29625333.333333
29531704.285714
31978177.619048
31043152.380952
31517668.571429
31840591.904762
30778341.904762
29607274.761905
32132337.619048
35286179.047619
30915657.142857
28670494.285714
31039716.190476
29437106.666667
30654795.714286
30159782.857143
31216099.523810
30837175.238095
30139860.952381
28792293.333333
30336065.714286
29687849.523810
31022055.238095
29777991.428571
31870445.714286
30994053.333333
32195040.952381
32174185.714286
30139755.238095
30162306.666667
30126700.952381
30081193.333333
31276775.238095
30818089.523810
31236045.714286
31165729.523810
31501778.571429
29244865.714286
30725873.333333
29341787.619048
31512142.380952
30388162.380952
31477032.380952
29224080.000000
33195805.714286
34562733.809524
31335070.476190
31177128.571429
30290330.000000
29174145.714286
30484428.571429
30552318.095238
30739610.476190
29615192.380952
30963905.714286
31307021.428571
30981930.476190
29726720.000000
30627441.904762
29928645.714286
29251385.238095
29579125.714286
31378477.142857
30868880.000000
30527483.809524
31085678.095238
32080456.666667
29873868.095238
30579635.238095
29901226.666667
30619818.095238
30491270.476190
31131753.333333
29153747.619048
30809752.380952
30115931.428571
30819255.238095
29989235.238095
30427870.476190
29605926.190476
30714526.666667
30610609.523810
30148888.571429
29814333.333333
29517260.952381
30011507.619048
29658181.904762
29250062.857143
31897934.285714
30276277.142857
30778851.904762
29780122.857143
31781525.714286
31248877.619048
31524266.666667
31216405.714286
31619266.666667
31664122.857143
30815401.904762
29496518.095238
31938146.666667
29415779.047619
31642354.285714
30813229.047619
29382175.714286
30305484.285714
33052883.809524
36940110.476190
31940400.000000
32138740.952381
33847806.666667
32213388.095238
33529256.666667
32518984.285714
29877228.095238
30369207.619048
30445893.333333
30759288.571429
30317198.095238
29351403.809524
31529154.285714
31192385.714286
31434392.380952
28742788.571429
32354379.047619
29862154.285714
34613871.904762
33204179.523810
33472613.333333
31675944.761905
33489878.095238
30328684.761905
32910178.095238
32750225.238095
30895079.523810
29457449.523810
30788664.761905
29622802.380952
30016089.523810
29669889.047619
30132219.047619
31388279.047619
32815007.619048
31939261.904762
32278435.238095
32755931.428571
31514590.000000
30449186.666667
31565539.523810
30329418.095238
31272610.476190
29269097.142857
29919055.714286
29234533.333333
31526920.000000
32415897.142857
30644318.095238
29456615.238095
31393736.666667
29177994.285714
30172053.809524
28714011.428571
31244653.809524
29518937.142857
31548006.666667
32661486.666667
31510080.476190
30562995.238095
32433171.428571
28600256.666667
31893267.619048
29861372.380952
30297760.952381
29651804.285714
31368149.047619
31853024.761905
30686805.714286
29449409.047619
31709958.095238
30071170.000000
31431798.095238
29740579.523810
31320180.952381
29728950.476190
31994893.333333
32271857.142857
31565608.571429
30025183.333333
31701895.714286
29987646.190476
31489142.857143
29852104.761905
32849019.523810
31063892.380952
31156856.190476
31601610.476190
31106969.047619
29720428.571429
31277536.666667
28957924.761905
31355710.476190
29876222.857143
30187510.476190
29911708.571429
31070811.428571
31657914.285714
31896627.142857
31172303.809524
32679952.380952
29762964.285714
32459929.047619
29708815.238095
33199229.047619
31031929.523810
31747952.380952
32876571.428571
31868883.333333
30204062.857143
32488472.380952
29168102.857143
32369047.142857
29961253.333333
32169493.333333
30318878.095238
32612190.476190
32173252.380952
31451165.714286
30357464.761905
32406834.285714
29833480.000000
32648146.190476
30614600.000000
32406182.380952
30618937.142857
32641767.619048
32399547.619048
31548853.809524
30302316.190476
31925954.285714
29993679.047619
32270410.952381
30737681.904762
33218765.714286
30795428.571429
31724561.428571
31792213.809524
32008768.571429
30947250.952381
31702110.476190
29085723.809524
31160994.285714
29552566.190476
32366435.238095
30120297.142857
31505309.523810
31737837.142857
31296739.047619
29918551.428571
31418409.523810
31395139.047619
32540373.809524
30555448.095238
31959810.000000
29893592.380952
31974387.619048
31802133.809524
30776889.047619
29626543.809524
30028036.190476
29557129.523810
31310639.047619
30117481.904762
31948757.142857
29794114.285714
31723540.952381
31863694.285714
32529849.523810
30409807.619048
30951925.714286
31185641.428571
32303475.238095
30847651.428571
32566398.095238
30818933.333333
31348512.380952
31869533.809524
30442339.047619
29057148.571429
30745987.619048
31627137.142857
32362640.000000
30181645.714286
32310092.857143
30243906.666667
31267343.809524
32378175.238095
30167881.904762
29182769.523810
30828512.380952
30152439.047619
32219577.142857
30840377.142857
32388132.380952
32501810.476190
31943280.952381
31920750.000000
31396970.952381
30160445.714286
31022114.285714
31501752.380952
31493562.857143
30710947.619048
32321618.095238
36167027.619048
31081239.047619
31077429.523810
30552022.857143
29690620.000000
31029921.428571
31196693.809524
31253608.095238
29995052.380952
31578373.333333
28791893.333333
31384855.238095
31518935.238095
30460066.666667
29595155.238095
30901630.952381
30153167.619048
30386506.666667
30134955.238095
32153427.619048
30377677.619048
30895925.714286
31498291.428571
30696563.809524
29553089.523810
31009443.809524
30417910.952381
30528101.428571
31573135.714286
32478007.619048
31444222.857143
32267201.904762
31132248.095238
30722685.714286
30559839.523810
31255760.000000
29820662.857143
31047148.571429
30105474.285714
31619522.857143
30253945.714286
31124940.952381
29606360.000000
31707878.095238
30970823.809524
32423772.380952
29860025.714286
30848765.714286
29406036.190476
30676022.857143
31482188.571429
31401409.523810
30470801.904762
30664161.904762
30655951.904762
30666066.190476
29705622.857143
31075661.428571
29489880.000000
30564158.095238
31601712.380952
30660809.523810
30969449.523810
30696407.619048
30158437.619048
31250502.857143
29711569.523810
30598795.238095
29046296.190476
30692140.000000
31684218.095238
31163700.952381
30455155.238095
30601206.190476
30090125.714286
31050533.333333
29414226.666667
30511382.380952
30178484.761905
31077522.380952
32089060.952381
30943960.000000
29512238.095238
30346683.809524
29726509.523810
30148708.571429
29241498.571429
30372698.095238
29997562.380952
31964993.333333
32911009.523810
31351819.047619
29514738.095238
30550281.904762
30297862.380952
30553537.142857
29553116.190476
30766906.666667
30997952.380952
33247726.190476
30509974.285714
31002672.857143
28871617.619048
30753982.857143
30632222.380952
31997928.571429
30062232.380952
31852607.619048
29025878.571429
30864905.714286
31890580.952381
31166134.285714
31197729.047619
30464170.476190
30564002.380952
32479775.714286
31471473.333333
31301634.285714
29397102.857143
31825660.952381
30164192.380952
31320340.952381
30432238.095238
30752427.142857
30324177.619048
31854611.428571
31521740.000000
31683196.190476
30061095.238095
31492862.857143
32631125.714286
32241438.095238
28664554.285714
30438152.380952
29581832.380952
32295183.333333
30294701.904762
30536816.190476
33196058.095238
31568137.142857
30048441.428571
31020278.571429
31094583.333333
30668550.476190
29511201.904762
31705523.809524
30093627.619048
30734668.571429
29831830.952381
30765140.952381
29216413.333333
30364840.000000
30903254.285714
30162723.333333
29184550.476190
34019552.857143
33467755.238095
30004600.476190
29593100.952381
30804051.904762
29086117.142857
30498133.809524
31168711.428571
30932518.095238
29922260.952381
30645129.523810
28563866.666667
30003998.095238
29592449.523810
30126683.809524
29172301.428571
30242906.666667
31097346.666667
31323519.047619
30198390.000000
30168695.238095
28218278.095238
30321680.952381
33015923.809524
32885824.761905
31807047.619048
33512233.333333
35050960.952381
32861621.904762
31593552.380952
31834196.190476
34235907.619048
31556181.904762
29057644.285714
31387885.714286
32159615.238095
31416121.904762
30411420.476190
30556512.380952
29965184.761905
30981152.857143
30063068.571429
30243480.952381
28596395.238095
31962188.571429
30633137.142857
31211209.523810
29592527.619048
30903589.047619
30240851.428571
30635683.809524
29409188.095238
39584394.761905
39065121.428571
34688054.285714
32113522.380952
32243614.285714
32441659.047619
32077516.190476
30365096.190476
31093052.380952
30307792.380952
30241327.142857
31563548.095238
30291488.095238
29714774.285714
30992486.666667
29760847.142857
