1280
600
666
467
474
615
629
454
452
934
605
640
448
637
455
622
533
192033
224692
168954
230161
145824
165494
201389
230146
192988
158386
173226
160894
223004
163033
219094
158856
227402
120863
222139
158448
196639
225489
162216
178263
162508
223557
165226
219453
159033
188769
184171
191976
159882
257680
163141
226463
122022
230746
175037
234181
168232
204523
234843
151792
218197
220389
245067
214008
178865
198644
183615
223975
159737
228094
218078
167994
139935
212820
188762
156445
216779
157682
171747
155835
216736
155902
217424
154726
214681
111866
184841
216344
156247
215392
159263
227094
159359
217471
157074
182154
216600
188156
117520
217857
157197
217285
158925
217114
111847
215338
156781
182641
209993
183774
155532
139836
215356
181471
155284
210894
153063
167645
155396
211020
181381
149432
182920
209601
142941
154549
211035
155907
214125
159077
169699
165415
232212
175465
249615
168178
203946
183273
167452
235810
170093
233694
169750
188938
172177
205906
230107
202265
174878
233080
120518
230225
169471
237269
174362
240080
123450
205227
230119
199032
169956
204728
229562
157793
169139
230633
169041
227871
172407
184097
199740
163609
199184
231435
204489
170038
188275
171100
234304
166730
231220
167578
186600
172271
232928
174816
197535
235406
168923
186625
173568
232045
174355
233115
169887
155573
237181
196277
193570
233308
180262
240456
128386
240249
167141
240772
171875
196412
189488
202669
171330
242195
239837
189076
156331
166930
157156
218728
156036
214175
185157
119009
191349
217652
185383
158624
211733
161435
181323
163355
228640
164201
227745
209109
185522
167841
198361
227082
166545
227950
171065
179609
163073
230152
172018
192385
220332
144932
162505
222138
161492
225116
169058
223835
123953
225482
167661
189295
230397
207949
125180
204074
235640
211021
172494
231157
170427
187344
168236
238072
190825
157422
192738
182470
189952
157682
222646
157342
228093
164906
177774
167647
285303
167713
232505
168492
151110
221372
167077
225810
169131
230016
164949
182234
167748
201419
230185
197357
163418
180227
165401
232513
171964
231864
168431
230296
117321
201453
229279
192551
166449
197595
177367
189303
161543
218047
166912
227533
160603
179893
194729
161817
196092
226719
199055
118107
225337
174725
238701
172977
233006
177999
193405
177900
229977
177245
202430
226976
121544
235194
176152
230937
176467
232557
178350
150770
230816
207048
203928
245933
190665
185955
171617
229689
171999
229636
175857
197813
187618
204595
165832
205356
231897
205877
123672
235770
172063
238997
176280
226226
205134
126411
223036
253888
197951
165123
238244
123012
224507
161599
227272
152812
220924
159691
178075
158697
193591
223909
156951
221495
118176
222863
161505
228808
164949
191564
223987
149032
158380
221239
162441
224208
159401
178502
160233
224664
162768
199597
223761
194070
122990
195322
223467
194877
158553
224646
116643
223646
161331
228838
194839
170017
230073
176012
194934
163702
233908
169893
229858
113275
217097
172228
229281
163292
223969
178036
178302
232534
166219
232043
163966
221424
122024
224989
164386
189768
224843
199917
169318
179977
167460
225418
171154
225849
162701
178205
168328
191266
226893
200294
167474
196944
181844
193125
161885
225009
163923
227755
117396
222909
193357
169024
194739
223781
195170
116904
228716
167111
226600
171181
237452
118430
231386
169338
228532
166936
191331
231916
122400
228605
170046
233295
170338
224203
120552
201445
230805
194441
169267
229694
163955
155446
149822
204210
159070
232271
175339
153312
235721
197509
167377
205225
232829
204598
124098
231115
172456
228038
172131
227208
152095
170651
201682
239061
198598
170192
236284
117873
236293
170845
234418
171159
233020
124301
227439
171533
206161
226170
159180
234791
124024
232759
175199
233567
169087
201557
178527
198602
168874
237351
174153
213446
156053
170287
155505
211756
154465
187336
209629
141777
154387
178013
209525
185073
154944
205640
111140
218736
157971
212504
180618
154876
143030
212090
181399
153025
209096
155884
205512
113301
213507
152345
212573
148778
212066
111086
182126
218488
153800
216919
159052
208119
109772
210061
154377
183969
217463
193432
113127
224136
166672
226993
164953
220453
158686
177384
172362
205136
233874
207803
196065
185353
229794
207027
164010
229953
165521
225900
124307
227726
197279
165796
196274
218327
152193
164043
232555
180194
228350
170034
238766
122916
230547
176855
239163
169183
198468
185276
170698
240274
173171
235060
173410
236562
127413
198467
232441
200207
174439
233529
120552
234405
173501
234855
172996
233378
168672
158930
233957
205304
176199
206135
227798
157873
176182
231796
169132
228490
174101
238985
156608
169822
200230
229248
212343
172331
183001
175284
234501
173483
225719
170557
233166
125401
233715
173168
203590
233601
178824
189070
157760
208623
150513
201162
148429
179885
167624
179529
149858
208731
151917
209462
109909
208126
152958
207338
151541
179667
204894
138849
151432
178224
199737
182053
152460
167597
153059
211318
156023
209866
183497
153051
137389
209249
182262
151163
211694
162472
173156
155725
216862
154921
215007
159796
211977
109760
181528
214524
154441
213872
155680
170559
154140
213882
154810
182543
213011
184950
122774
219795
163178
234381
162234
226805
115701
229620
168592
186393
214860
185001
159567
146488
208447
208857
163248
270163
166368
185271
169982
229343
200301
168275
200685
233917
150364
173347
230080
173610
240698
170715
190414
174730
235124
178759
237470
170365
209784
187244
172413
227499
170076
240196
173850
182818
163769
194713
233313
200660
166238
235544
124190
227231
172805
226117
168982
230249
119943
193839
232754
193415
169993
196856
238012
161825
171573
227512
163056
234015
169847
189125
207341
164972
200994
238668
201963
170629
186419
184136
234162
172575
240032
170618
188516
172773
237749
168026
201840
230348
174485
186600
174310
236208
167150
231154
167494
153847
232087
199450
170508
236845
169291
233908
120024
230754
170735
258753
175566
196398
188555
191913
166593
199302
219883
192238
163492
180033
163098
222054
162783
219133
197254
116873
190506
228679
193311
159941
220184
166796
193211
195228
223834
167859
226380
170319
178896
171472
204581
231794
176560
236650
169454
188978
176275
234407
173232
205329
236289
152534
173791
233190
231772
242166
170326
221208
116141
222824
161401
191617
233863
197244
116177
202812
234624
202295
173854
234672
167382
193424
179891
236139
204179
208888
209401
197046
224087
168257
235145
173911
243554
176786
184183
170359
242979
171036
236594
178318
155100
237014
170088
236583
179551
243214
174130
173791
168301
200180
230744
204583
170818
186931
171498
240538
182071
224268
158569
213192
111482
184766
228657
200188
173056
208961
185297
203038
182041
237838
185930
262895
166623
185157
198349
160647
179394
259821
186770
113152
219679
154900
219451
159112
212489
154345
173108
154779
214594
156390
184882
216936
111680
214906
156825
210270
156944
212582
157634
145283
214911
186360
154531
212521
154596
168115
164551
220696
160640
231897
168778
200650
183456
202818
173750
197864
234539
202458
126272
233323
171439
229988
174216
227041
194020
120618
202319
230806
204308
166798
236660
127628
232156
174857
234343
168202
236378
168852
188053
169811
204897
237694
175831
238760
124792
237242
174394
234015
164251
200395
230936
163487
174004
231206
169956
240334
182226
189733
168901
239230
175771
205900
243294
207143
125225
205686
238750
197648
170142
230946
121022
244363
172883
232713
198896
169977
213220
186250
199128
172278
228795
173947
271758
124333
235503
173294
232268
172368
233892
172443
153170
234721
176802
234636
172007
239513
127802
242376
174346
201151
236907
203051
177964
189401
174234
230788
172464
418704
205890
210435
198408
231258
251961
225026
193664
220464
210136
222852
189675
246526
191972
247176
137811
245370
208953
186593
214005
240844
214845
131873
242338
184409
241319
179222
244814
131817
236005
174791
232711
175843
203270
228843
129223
223779
172012
226818
174151
226239
123629
202930
232724
204065
171228
227621
172543
177279
175178
218545
178351
249049
156618
140798
211083
181420
159183
184328
217990
184145
112090
211680
154950
216917
159562
210344
143511
160863
185677
217015
187486
158099
213653
117031
208587
159049
216953
160278
217047
115562
215631
164666
187306
218422
156349
215806
115019
214983
159967
236096
157324
186185
168263
187134
154666
211762
155982
217497
160453
167024
154676
214604
156180
183474
211399
140079
157818
185574
212910
187721
151021
215119
105920
209345
160606
211326
181055
158017
143503
213962
186987
158868
211066
156969
209201
112886
208961
155789
213401
153583
210463
117796
185278
210754
164748
236319
184728
238917
126687
234979
177637
207621
226179
205027
123589
230440
166855
225141
155476
222077
173308
193055
176187
197982
239955
214285
170646
139034
210705
179576
153840
209645
153824
212238
111808
212373
181797
154943
187095
206288
136056
157788
208632
155358
210417
148881
211534
112703
208337
156537
213660
150502
174182
164821
152189
214090
154047
214091
154655
209158
111360
181770
217985
180025
152138
219348
110392
219716
159549
213706
156261
218685
155516
138724
215116
184923
159303
184793
214211
141904
158725
208585
155171
210241
157261
209813
140284
155146
182953
213345
186468
153432
172144
153593
212239
158251
211758
154126
205597
110063
215258
154935
181359
212377
157738
187598
185080
254719
185984
241570
179829
208933
195666
220313
180204
244942
193094
243598
116565
240494
180434
244220
173076
201992
239290
154908
173272
203283
238028
217343
176730
187320
170137
244672
195894
275470
201884
170802
162707
241936
211161
178124
249384
179341
210941
162815
225724
158216
216377
163612
227845
118256
197655
234650
167208
229103
176353
182080
162059
228335
158504
198241
233269
203741
119234
240091
176488
247525
178206
237674
127036
239885
176019
207108
243918
211555
175662
152783
239728
208814
176771
238121
176981
192566
176439
244106
215207
217323
203957
241973
163303
179298
242405
178318
244723
164821
184134
177441
229658
171825
232808
173203
212804
185549
174290
241867
178642
237473
177026
192302
180275
201027
238757
212288
177787
242427
128398
243615
172696
236955
178618
245164
129072
206432
231644
204957
179958
204695
234530
159039
180333
243824
180473
243371
176749
191073
204567
168594
208877
241228
200410
177350
198905
182304
239569
180653
248488
176443
197959
173774
247020
180206
208796
244854
178756
185465
171598
240609
180545
249035
235547
162172
242445
208492
174938
237409
174576
309209
126923
247877
179763
248336
173164
206460
184885
203001
183761
234654
236906
215687
177683
185880
180803
250249
212256
258212
207489
122463
213315
243322
208781
174225
245286
172373
192181
178286
241040
177916
238866
177168
195625
170374
208896
244652
180220
239452
171757
182374
177120
243275
176026
204946
236317
159840
173861
246026
175576
240126
169670
273643
117313
219297
159228
189985
225654
188694
115306
191102
224465
191525
159242
217843
155860
173380
160807
221844
196357
155346
191609
182902
197358
162372
224041
161641
219808
158251
172437
160015
222456
166346
225400
178998
160793
277719
178673
234978
174941
235503
168804
175307
160581
186532
216186
186346
157930
174180
156533
215441
155426
216989
160747
220198
117321
188080
213306
188194
163329
186093
171428
185789
158233
215104
154963
218073
157739
172917
186113
158964
188431
217036
188862
111130
211050
157270
217555
161140
215806
156658
172119
157156
214133
157839
188904
212601
112362
219639
159532
237540
177996
237313
175155
159650
239033
208662
181053
241552
173221
193724
175791
243064
177367
240170
168936
207717
184011
204229
172284
208752
241468
210189
122887
239658
176107
237270
178393
233476
198946
114373
196461
236039
206313
174119
234896
120447
223788
160124
223118
159972
228020
174569
182545
160196
201049
215432
149373
224673
118950
228843
167180
224762
171225
197018
236604
150164
166529
227079
161888
234819
168675
182138
171840
229554
161655
197004
233375
197291
117004
196919
226498
204182
162951
234678
123413
232083
161936
224430
195152
169049
202200
183778
192715
161690
232796
164339
232428
109890
220856
171285
229370
164694
232514
168786
151981
223957
172254
223880
161209
226665
117829
228816
166172
199619
250883
193152
164129
177698
164940
227067
159005
228002
156394
178136
160904
192792
235926
197333
163791
190450
183622
196903
170101
230296
166147
236776
124616
224203
204870
165309
192731
230069
198918
115955
223105
162577
231644
165583
223897
118193
240548
171060
228344
166084
199378
232970
120113
227920
165488
224847
170050
219000
118957
201165
228477
205491
169590
226215
163044
191205
172719
226548
168477
230723
169886
146677
226071
199421
163767
216255
241093
205679
123052
235019
173763
242742
177898
239671
156606
175907
209030
235054
198412
157173
217591
113330
217593
154412
216080
157442
227334
128873
234041
168664
203789
230182
173711
243611
127983
260153
185015
272125
165716
201339
185801
208780
169952
236750
172608
232747
166471
186986
179152
230912
171069
192398
220476
142357
152192
178456
207900
175612
146826
221836
117112
227653
174389
237016
200282
169777
149946
234783
198182
176294
237526
169246
235197
126950
234875
175068
240883
172522
233311
126332
202255
230338
174513
252448
188563
263863
127099
272188
185205
209960
241678
210155
130327
239054
186614
247281
175987
242952
179814
195147
182243
210958
236954
204535
173448
161198
238424
203632
175661
238068
179218
245816
131486
240784
212303
177602
210556
303654
155706
173802
240828
174016
242568
174097
242116
128410
235335
176291
229643
171092
191946
172033
157198
215332
167254
243728
178360
229953
128544
203012
228130
206884
173910
233123
124801
241646
176950
237073
173841
236280
177500
160178
234071
203813
174735
197381
219184
150496
155983
216650
159654
215295
159522
219822
149201
158965
190681
220207
193625
159793
171794
156884
224143
157189
225144
174501
240171
126329
228627
183360
221710
230402
168981
192153
171732
245682
174216
230996
172336
206031
228299
207057
178783
238076
170298
236764
125112
231500
174787
239522
173113
234690
258475
160547
172998
201271
239351
205333
172085
218348
178712
237552
176556
234979
203602
175134
155834
236091
234066
182937
247076
170751
191622
181165
237300
173137
242348
182813
243759
127153
214413
246502
181611
244049
174066
187807
163795
217868
161855
191776
221960
194578
118094
216354
162667
222506
156586
222284
121791
230553
173544
196815
230689
207856
183974
181160
240298
211436
174335
246041
176978
191464
179211
239432
206825
173633
212244
242267
158535
179806
234820
168655
232813
172284
191599
179286
235421
173535
243016
174666
213375
190630
177728
240570
177917
235074
178791
190721
171116
200621
231496
214787
180637
Xput: 5248
