18168367.142857
17785863.333333
18552372.857143
18795651.428571
18848291.904762
18281056.190476
17666507.142857
17856871.428571
18278850.000000
16960415.714286
17325947.142857
18161722.380952
20231041.428571
19444095.238095
19010459.047619
18991489.523810
18940980.952381
19478893.333333
19654215.238095
19339329.047619
19393173.333333
19156045.714286
18969196.190476
19439355.714286
18862379.047619
19229028.571429
19578487.619048
19427660.952381
19481141.428571
19550644.761905
18960150.476190
19039800.000000
19027142.857143
19020672.380952
19547541.428571
19800443.809524
19186401.904762
19460342.857143
19177624.761905
19101508.571429
19598041.904762
19340246.190476
19011916.190476
19251375.238095
19353327.619048
19843575.714286
19485055.238095
19362565.714286
19560820.952381
19997401.904762
19475889.523810
19281523.809524
19482074.285714
19228272.380952
19804395.238095
19171550.476190
19402230.476190
19414260.952381
19604112.380952
19561436.190476
19480988.571429
19256369.523810
19507872.380952
19394784.761905
19837829.523810
19711902.380952
19466840.000000
19505512.380952
20034459.047619
19380704.761905
19734342.857143
19666517.142857
19835562.380952
19429600.000000
19444843.809524
19433862.857143
19668238.095238
19435598.095238
19371860.952381
19303563.809524
19238011.428571
19184125.714286
19330771.428571
19313870.476190
19689361.904762
19597826.666667
20199152.380952
19784662.857143
19573760.000000
19597220.952381
19435573.333333
19363876.190476
19641794.285714
19694600.000000
19470744.761905
19601971.428571
19582078.095238
19684830.476190
19716674.285714
22450756.190476
20757085.714286
20476464.761905
20203561.904762
20107459.047619
20192440.000000
20223106.666667
20124026.666667
20941790.476190
20407826.666667
20620580.952381
20418908.571429
20473057.142857
20416057.142857
20498032.380952
20385280.000000
20359238.095238
20099034.285714
20472118.095238
20434293.333333
20433116.190476
20182415.238095
20095217.142857
20181480.000000
20693339.523810
20281259.047619
20413091.428571
20333653.333333
20321114.285714
20100752.380952
20043857.142857
19992464.761905
19890956.190476
19919640.000000
20202291.428571
20401687.619048
20364607.619048
20218327.619048
20151657.142857
20151489.523810
20020864.761905
20050542.857143
19806634.285714
20281786.666667
20434201.904762
20258815.238095
20062499.047619
20171028.571429
20061400.000000
20392230.476190
20202739.047619
20244740.952381
20147550.476190
20248899.047619
19975358.095238
19996257.142857
19900668.571429
20036144.761905
20040859.047619
20370304.761905
20604276.190476
20563872.380952
20278817.142857
20107333.333333
20159895.238095
20193415.238095
20170550.476190
19948870.476190
20313739.047619
20376049.523810
20704997.142857
20040552.380952
20013422.857143
20002066.666667
20185017.142857
20355899.047619
20495270.476190
20396780.952381
20977794.285714
20104859.047619
20092335.238095
19785676.190476
19963278.095238
20049346.666667
20280820.952381
20334820.952381
20506836.190476
20134580.952381
20366518.095238
19977883.809524
20166135.238095
20086380.952381
19916647.619048
20132287.619048
20474188.571429
20357470.476190
20134022.857143
20254979.047619
20140127.619048
20416699.047619
20357563.809524
22425380.952381
21153390.476190
20969740.952381
20471152.380952
20367114.285714
20272647.619048
20284773.333333
20618853.333333
20723455.238095
20749121.904762
20761683.809524
20408222.857143
20602005.714286
20643558.095238
20792937.142857
20643384.761905
20534340.952381
20871426.666667
21045560.000000
20826278.095238
20697782.857143
20423222.857143
20588986.666667
20743194.285714
20854971.428571
20709445.714286
20840276.190476
20866384.761905
20449984.761905
20406175.238095
20110019.047619
20133201.904762
20392013.333333
20591725.714286
20881506.666667
20765607.619048
20644163.809524
20896276.190476
20649558.095238
20580975.238095
20566876.190476
20434102.857143
20666457.142857
20978070.476190
20572601.904762
20559693.333333
20479224.761905
20575540.952381
20800510.476190
20888535.238095
20407980.952381
20529468.571429
20475493.333333
20300160.000000
20229761.904762
20277300.952381
20294403.809524
20575329.523810
20661382.857143
20791502.857143
20561763.809524
20530489.523810
20420480.000000
20413590.476190
20336699.047619
20573712.380952
20376462.857143
20635390.476190
20634177.142857
20498160.000000
20328573.333333
20248081.904762
20279310.476190
20444238.095238
20547335.238095
20515885.714286
20668990.476190
20489809.523810
20313489.523810
20184660.952381
20125464.761905
20035116.190476
20295845.714286
20443337.142857
20750937.142857
20663121.904762
20562339.047619
20677188.571429
20498470.476190
20485081.904762
20469876.190476
20199967.619048
20709499.047619
18879430.000000
19036241.904762
17704255.714286
18019400.476190
19003050.476190
18290747.142857
17821215.714286
17260368.095238
17038896.190476
18058907.142857
18623681.904762
20469169.523810
20286293.333333
20313946.666667
20497413.333333
20273060.952381
20163899.047619
20026462.857143
20639026.666667
20505302.857143
20377036.190476
20322316.190476
20494335.238095
20489000.000000
20572921.904762
20288769.523810
20159297.142857
20540540.952381
20368580.952381
20215824.761905
20142664.761905
20084060.952381
20408819.047619
20673672.380952
20410586.666667
20562838.095238
20347537.142857
20480312.380952
20566281.904762
20398830.476190
20470120.000000
20257398.095238
20588089.523810
20679988.571429
20435432.380952
20393118.095238
20435415.238095
20522156.190476
20724670.476190
20600116.190476
20704295.238095
20778769.523810
20665346.666667
20345847.619048
20240859.047619
20195401.904762
20126603.809524
20172561.904762
20506520.000000
20598615.238095
20601965.714286
20564790.476190
20601415.238095
20417283.809524
20361680.000000
20454615.238095
20115266.666667
20476685.714286
20582754.285714
20449843.809524
20188304.761905
20355160.000000
20382470.476190
20578194.285714
20460382.857143
20517201.904762
20378918.095238
20455078.095238
20276659.047619
20248333.333333
20059841.904762
20198556.190476
20363891.428571
20513927.619048
22666274.285714
20733891.428571
20472986.666667
20469899.047619
20459026.666667
20529443.809524
20515544.761905
20431573.333333
20650805.714286
20740468.571429
20489807.619048
20242222.857143
20378158.095238
20269213.333333
20584156.190476
20471043.809524
20620601.904762
20542022.857143
20484266.666667
20327000.000000
20267655.238095
20156630.476190
20280116.190476
20197331.428571
20651977.142857
20777283.809524
20777043.809524
20498765.714286
20724815.238095
20439411.428571
20548146.666667
20429080.000000
20226689.523810
20449521.904762
20655681.904762
20476209.523810
20394087.619048
20481809.523810
20390180.952381
20486754.285714
20552182.857143
20510276.190476
20326125.714286
20365297.142857
20097268.571429
20270824.761905
20090041.904762
20067499.047619
20304680.000000
20477451.428571
21060970.000000
20810321.904762
20348055.238095
20424881.904762
20319358.095238
20467579.047619
20357076.190476
20255169.523810
20379918.095238
20548302.857143
20309988.571429
20132676.190476
20046920.000000
20177986.666667
20381144.761905
20362571.428571
20409152.380952
20477457.142857
20300468.571429
20116580.952381
20097569.523810
20131377.142857
19948276.190476
20094840.000000
20250030.476190
20416897.142857
20348240.000000
20258360.000000
20413556.190476
20392914.285714
20390148.571429
20209017.142857
20123539.047619
20155228.571429
20441603.809524
20326958.095238
20430609.523810
20401274.285714
20563977.142857
20532794.285714
20504095.238095
20317739.047619
20759528.571429
20266011.428571
20287478.095238
20182091.428571
20228154.285714
20159624.761905
20400281.904762
20624335.238095
20770908.571429
20704632.380952
20473140.952381
20424552.380952
20427346.666667
20545906.666667
20524125.714286
20420824.761905
20650527.619048
20727161.904762
20392091.428571
20222773.333333
20169392.380952
20211278.095238
20530657.142857
20420531.428571
20372350.476190
20574748.571429
20627643.809524
20429796.190476
20311354.285714
20184017.142857
20060483.809524
20120188.571429
20480017.142857
20596217.142857
20560308.571429
20401603.809524
20409361.904762
20508405.714286
20339495.238095
20396403.809524
20097102.857143
20442906.666667
20698108.571429
20630480.000000
20402643.809524
20422672.380952
20401020.952381
20696967.619048
20574241.904762
20545634.285714
20527379.047619
20316622.857143
20229434.285714
20289552.380952
20135834.285714
20206885.714286
20281946.666667
20596979.047619
20623245.714286
20758413.333333
20395350.476190
20271569.523810
20465148.571429
20357697.142857
20433697.142857
20283567.619048
20758914.285714
20872474.285714
20558371.428571
20299049.523810
20348377.142857
20294137.142857
20613318.095238
20513794.285714
20674266.666667
20544420.952381
20659521.904762
20236150.476190
20372038.095238
20273321.904762
20306546.666667
20196457.142857
20605078.095238
20798177.142857
20939293.333333
20611072.380952
20807100.952381
20464885.714286
20617274.285714
20495228.571429
20345958.095238
20437598.095238
20779487.619048
20453756.190476
20262638.095238
20418028.571429
20464144.761905
20754150.476190
20652207.619048
20590908.571429
20374760.000000
20424657.142857
20095592.380952
20305969.523810
20119620.952381
20327994.285714
20426072.380952
20611862.857143
20624367.619048
20771788.571429
23023526.190476
20481453.333333
20304047.619048
20488746.666667
20299093.333333
20469251.428571
20482619.047619
20886666.666667
20605245.714286
20439746.666667
20289171.428571
20457392.380952
20552247.619048
20667601.904762
20599502.857143
20859257.142857
20711171.428571
20437365.714286
20436428.571429
20240337.142857
20274238.095238
20278156.190476
20561950.476190
20925872.380952
20893788.571429
20897706.666667
20860975.238095
20544560.000000
20715289.523810
20602889.523810
23291432.380952
23000148.571429
22279506.666667
21699285.714286
21465567.619048
21384843.809524
21355339.047619
21467889.523810
21586388.571429
21194487.619048
21211396.190476
20981007.619048
20768826.666667
20874590.476190
20732260.952381
20770853.333333
20953215.238095
21117102.857143
21667007.619048
21536354.285714
21229815.238095
20945577.142857
21020851.428571
20980792.380952
20990870.476190
20868891.428571
21263683.809524
21455643.809524
21025213.333333
20808718.095238
20846398.095238
20899300.952381
21148516.190476
21192510.476190
21032451.428571
21235906.666667
21204558.095238
20891281.904762
20867455.238095
20659097.142857
20574013.333333
20758883.809524
21049807.619048
21192264.761905
21241977.142857
20924407.619048
21052691.428571
20843756.190476
20806462.857143
20959910.476190
20608824.761905
21107150.476190
21217161.904762
20921935.238095
20772975.238095
20786407.619048
20804620.952381
21032914.285714
21032081.904762
20987973.333333
21115180.952381
20924015.238095
20698655.238095
20594003.809524
20567121.904762
20600350.476190
20724369.523810
21084224.761905
21039344.761905
21082203.809524
20828360.000000
20629900.952381
18258361.428571
19478902.380952
20374831.428571
19236671.428571
19037750.000000
17731520.000000
17835707.142857
17858061.428571
17999910.000000
17777060.000000
18016171.904762
18375901.428571
17937227.142857
21592718.095238
21278184.761905
21219626.666667
20611942.857143
20593634.285714
20580100.952381
20580116.190476
20745520.000000
20519028.571429
21044908.571429
21297872.380952
20972857.142857
20938420.952381
20566708.571429
20630721.904762
20712645.714286
20536942.857143
20944830.476190
20851855.238095
21229992.380952
24441156.190476
22280003.809524
21588011.428571
21147158.095238
21166960.000000
20996704.761905
21406104.761905
21361571.428571
21300961.904762
21610579.047619
21735426.666667
21197363.809524
21054264.761905
20964003.809524
23364758.095238
21081960.000000
21354963.809524
21375070.476190
21334125.714286
21322973.333333
21045093.333333
20964620.952381
20849786.666667
20641986.666667
20797809.523810
20968373.333333
21344049.523810
21464857.142857
21243068.571429
21185558.095238
20981840.000000
20892807.619048
21267411.428571
20822662.857143
23715422.857143
21261998.095238
21078855.238095
20866302.857143
20941571.428571
20952887.619048
21113131.428571
21075262.857143
20874899.047619
21071186.666667
21078251.428571
20854318.095238
20702800.000000
20709091.428571
20709373.333333
20859388.571429
21174169.523810
21220847.619048
21325931.428571
21105954.285714
20995619.047619
21010994.285714
20770977.142857
20963660.952381
20769986.666667
21125411.428571
21163009.523810
21040394.285714
20716293.333333
20814158.095238
20560718.095238
20862142.857143
20796580.952381
20889923.809524
20830287.619048
20951457.142857
20575918.095238
20705586.666667
20407506.666667
20477028.571429
20403272.380952
20865771.428571
20887403.809524
21066598.095238
20934961.904762
21015222.857143
20753537.142857
20805171.428571
20990809.523810
20675845.714286
20943167.619048
21240754.285714
20789620.952381
20662521.904762
20754563.809524
20722988.571429
21002200.000000
20953954.285714
20941520.000000
20950118.095238
21216222.857143
20467832.380952
20486754.285714
20375394.285714
20492984.761905
20594718.095238
20897097.142857
20837403.809524
21024093.333333
20661377.142857
20736487.619048
20526200.000000
20681775.238095
20641672.380952
20529419.047619
24706068.095238
21568750.476190
20730910.476190
20592344.761905
20468017.142857
20520333.333333
20676131.428571
20750647.619048
20829986.666667
20695051.428571
20925940.952381
20653438.095238
20535017.142857
20406455.238095
20419375.238095
20686760.000000
20706045.714286
20959040.000000
20993420.952381
21014537.142857
21244878.095238
20842704.761905
20929198.095238
20779942.857143
20814790.476190
20980215.238095
21270523.809524
20912373.333333
20750278.095238
20741801.904762
26024092.380952
20965678.095238
21044662.857143
20979419.047619
21079499.047619
20999483.809524
20720211.428571
20589533.333333
20676321.904762
20577140.952381
20765990.476190
20942072.380952
21119386.666667
21083095.238095
20954449.523810
20794670.476190
20814350.476190
20575872.380952
20706961.904762
20673885.714286
21179209.523810
21115213.333333
20873407.619048
20685430.476190
20571129.523810
20671619.047619
20854234.285714
20760872.380952
20903643.809524
20956394.285714
20982241.904762
20539638.095238
20518598.095238
20509899.047619
20499965.714286
20644954.285714
20666514.285714
24806233.809524
20946087.619048
20882714.285714
20788192.380952
20791180.952381
20599984.761905
20765295.238095
20452942.857143
20786653.333333
21055588.571429
20880354.285714
20601923.809524
20761453.333333
20568451.428571
20775615.238095
20762487.619048
20629222.857143
20725472.380952
20626518.095238
20639160.000000
20512685.714286
20548533.333333
20446047.619048
20489209.523810
21003845.714286
20797500.952381
20855649.523810
20821104.761905
20653481.904762
20601142.857143
20613807.619048
20718620.952381
20524939.047619
20722683.809524
20968973.333333
20729251.428571
20690944.761905
20613659.047619
20470375.238095
20708885.714286
20742820.952381
20851384.761905
20818453.333333
20818051.428571
20588687.619048
20598569.523810
20391179.047619
20452179.047619
20399356.190476
20871379.047619
20923773.333333
21229588.571429
20900455.238095
20946302.857143
20760680.000000
20698398.095238
20781276.190476
20632310.476190
20778220.952381
21103946.666667
20831588.571429
20638384.761905
20831620.952381
20635487.619048
20891125.714286
20802156.190476
20779209.523810
20675990.476190
20713748.571429
20404624.761905
20791937.142857
20401125.714286
20476114.285714
20605097.142857
20927493.333333
21024173.333333
21023043.809524
20726441.904762
20701596.190476
20630302.857143
20468502.857143
20552502.857143
