71621817.142857
69976092.857143
42332591.428571
40830693.809524
38791731.904762
37799454.761905
34367452.857143
32133652.857143
31976260.000000
31418240.000000
30379094.285714
31188727.142857
29931841.428571
29212474.285714
30908905.714286
30490202.857143
29409044.285714
31415678.571429
32519919.523810
32298235.714286
32908327.142857
33574226.666667
31723074.285714
32000154.285714
33895291.904762
34478116.190476
35388341.428571
35013992.380952
32343319.523810
34379989.523810
32903007.619048
34454853.809524
33151791.428571
33184328.571429
31792781.904762
32054401.904762
30500440.000000
31643508.571429
31766160.000000
30626244.285714
31649660.000000
30969144.761905
31897225.238095
31122234.761905
31509217.142857
32494173.809524
31060757.142857
30910857.142857
30760624.761905
31017845.714286
32135013.333333
30733577.619048
32316093.333333
32818230.476190
32038758.095238
32530369.523810
38022594.285714
35361121.904762
36961145.714286
34565915.238095
37101263.333333
35375636.190476
34562091.904762
37649049.523810
31561979.047619
32919460.952381
30795786.666667
32027813.333333
31299826.666667
31377013.333333
32113666.190476
32315457.142857
35019858.571429
36479297.142857
31438923.809524
33482293.333333
32181505.714286
32514890.476190
30683053.333333
30362340.952381
33587177.142857
34963533.333333
32601645.714286
31999449.047619
31954841.904762
31758554.761905
31500161.904762
33453066.666667
31521102.380952
30978099.047619
31719320.476190
31440538.571429
32200315.238095
30971059.523810
30690737.142857
32359628.571429
30271118.571429
32304078.095238
30730106.666667
29899491.428571
31309792.380952
32802022.857143
31880760.000000
31614380.952381
31287903.809524
31198470.476190
31322611.904762
30976135.238095
31319569.523810
30699240.000000
31684076.190476
33411622.857143
31233144.761905
31382325.714286
31196038.095238
31845579.047619
30886291.428571
30874950.476190
30192264.761905
29950281.904762
32368743.809524
33944100.000000
32987374.285714
32081892.380952
30319942.857143
32051091.904762
32416779.523810
30629824.761905
31184230.476190
30621219.047619
32427295.714286
31777754.761905
31594230.952381
31315690.000000
31866476.190476
32854861.428571
30187128.571429
31988263.809524
30976036.190476
31205236.190476
31394426.666667
31515175.238095
31349561.904762
30941196.190476
31104767.619048
32648880.952381
31454008.571429
32724224.761905
30940046.666667
29918940.952381
31678016.666667
32900970.476190
31344144.761905
30946343.333333
31085010.476190
32631571.428571
31139074.285714
31664870.476190
30873050.000000
30571878.095238
31578637.142857
32286165.714286
31348615.714286
31317383.333333
30758045.714286
32223935.714286
30887803.809524
31239163.333333
31214819.047619
30977808.571429
31552038.095238
31645971.904762
30965643.809524
30764790.952381
30426090.952381
32340874.285714
30096663.809524
32645380.952381
29947142.857143
30172834.285714
31260518.095238
30428339.523810
31212508.095238
30928158.095238
30992924.285714
32271045.714286
31428031.428571
33778276.666667
32496246.190476
37211226.190476
30996574.285714
32355834.285714
31334699.047619
31211238.095238
30671946.666667
31793013.333333
30847194.285714
32374693.809524
31133462.857143
30751131.428571
31159086.190476
33114004.285714
31044285.714286
31106663.809524
30877171.428571
32740771.428571
30143848.571429
31845370.476190
31124303.809524
30645707.619048
31207609.523810
31561186.190476
30622345.714286
30412196.190476
31529590.952381
33431525.714286
31873405.714286
34398299.047619
31203650.000000
30548584.761905
31443901.428571
32712593.809524
31875791.904762
31582689.523810
30674844.285714
31541868.571429
30297763.809524
32251772.380952
31209781.904762
33028472.380952
31673019.047619
35186024.761905
34800382.857143
37377765.714286
31059174.285714
31217340.000000
30130390.476190
31732664.761905
30295606.666667
30466036.190476
31717798.095238
30963828.571429
32495539.047619
32087190.000000
31053630.476190
32210081.428571
30340256.190476
32149760.952381
29928636.190476
30398291.428571
32130733.809524
33483720.952381
32747717.142857
31812210.476190
31109503.809524
33658904.761905
30314243.809524
32418764.761905
29725520.952381
30180972.380952
32403278.095238
31797720.000000
31438404.285714
31793493.333333
30847262.857143
32139653.333333
29904118.095238
32598981.904762
30907998.095238
30102120.000000
31902261.428571
32442996.190476
31710169.523810
31478222.857143
31381236.190476
31349684.285714
30492308.571429
32643209.047619
31594339.047619
31477288.095238
32319841.904762
32286992.380952
31415781.428571
31030520.000000
30406965.714286
32440718.095238
30638891.428571
32350336.666667
30901900.952381
29700419.047619
31488091.428571
30513316.190476
31479514.285714
31068361.904762
31082556.190476
34168572.857143
30436800.952381
33005330.952381
31406078.095238
30990431.428571
31402038.095238
31215931.428571
32696457.142857
32619608.095238
30482373.333333
34323300.000000
30393537.142857
31289222.857143
30127596.190476
30031030.476190
31713274.285714
31797135.238095
31810510.476190
31061314.285714
31487655.238095
30404440.952381
30201163.809524
31802718.571429
30399631.428571
30648895.238095
31478837.142857
30947259.047619
30903377.142857
30795953.333333
30049761.904762
30512798.571429
30430178.095238
32748087.619048
30804250.476190
30265605.714286
30992266.666667
31144590.476190
32869202.857143
32655537.142857
31537190.476190
33964736.190476
30339571.904762
31615737.142857
30327520.000000
29807580.476190
31701276.190476
31228809.047619
31011914.285714
31026659.047619
31124698.095238
32742670.476190
30328062.857143
31861051.428571
30537253.333333
29935154.285714
30536716.190476
30635718.571429
31437579.047619
31257521.428571
31327494.285714
31990122.857143
30291811.428571
32915647.619048
30636476.666667
30408246.190476
31107060.952381
32523992.380952
31323939.047619
31031043.809524
31685828.571429
33177151.428571
30728125.238095
30123487.619048
30766122.857143
29956523.809524
31577678.571429
33262408.095238
31457118.095238
31203173.333333
31421416.666667
31580589.523810
30664068.571429
31651394.761905
30413257.142857
30623647.619048
31735546.666667
31499904.761905
31104255.238095
30825056.190476
30897198.095238
31243946.666667
30769460.952381
30181683.809524
30297596.190476
32467411.428571
30339958.571429
29934889.523810
31998023.333333
35991777.142857
31357598.095238
30452420.952381
30863789.047619
30294417.142857
30306286.190476
33270564.285714
30517228.095238
29886904.761905
30854586.666667
30551300.000000
30909405.714286
30513153.809524
30751135.238095
29946106.666667
31350203.809524
32384691.428571
30897015.714286
30135678.095238
31148596.190476
30491041.904762
31016777.619048
31009620.476190
30731099.047619
30241046.190476
31368338.095238
32343161.904762
29740409.523810
31341188.571429
30152321.904762
29601881.904762
30325278.095238
30303201.904762
30777402.380952
30423151.904762
30535299.523810
31835672.380952
30214860.952381
29988998.095238
31214311.428571
31044107.619048
