47319614.285714
30640282.857143
32259908.571429
28797670.952381
26943992.857143
27669170.000000
27106844.761905
27842491.428571
27107334.285714
27435142.857143
26207832.857143
27573008.571429
29353539.047619
27547153.333333
28669204.761905
27598604.761905
28632635.238095
28411872.380952
28355746.666667
28319177.142857
28099231.428571
27486684.761905
27718628.571429
26976090.476190
29080200.952381
26712696.190476
27268556.190476
28444992.380952
26853159.047619
27400811.428571
28639140.952381
28414620.952381
27792572.380952
27532960.000000
31799186.190476
25871976.666667
27392042.857143
27485396.190476
26824861.904762
29211734.285714
27286631.428571
27499790.476190
26437379.047619
27766891.428571
27469371.428571
27856016.190476
29304591.428571
29233357.142857
27397999.047619
29276051.904762
27561017.619048
26925120.000000
27640846.666667
30080711.428571
29098699.523810
28130302.380952
27560451.428571
29407488.571429
27111440.952381
28827746.666667
26690202.857143
27104730.000000
27527086.190476
27815553.333333
27579326.666667
29679529.523810
31425026.190476
28692937.619048
28532502.857143
27400948.571429
28164675.714286
27609620.000000
27755936.666667
29348421.904762
27492922.857143
27375668.571429
27587040.476190
27660107.142857
27363460.952381
28960578.095238
27507285.238095
27424319.047619
29426267.142857
28169771.428571
27696609.523810
27463554.285714
27767605.238095
28770143.333333
27643560.952381
29947868.571429
28450537.142857
27451343.333333
29444843.333333
26501881.904762
28050175.238095
27404525.714286
27171961.428571
27691071.904762
29200389.523810
27887029.523810
27947167.619048
27332928.095238
26766031.904762
27651257.142857
27431376.190476
28546068.571429
27183424.285714
28331443.333333
27238643.809524
27071711.428571
28559827.619048
27637594.761905
28991667.142857
29219348.571429
27807289.523810
27001184.761905
27337852.857143
27580164.285714
27359441.904762
27525772.380952
28121091.428571
29041282.380952
27170855.714286
27686619.047619
29942943.809524
26956500.952381
29173638.571429
27173918.571429
28845681.904762
27053819.047619
29933801.904762
27790739.523810
27371358.571429
28160202.857143
27626582.857143
28365696.190476
27402681.428571
29354713.809524
26884420.952381
29163841.904762
29151700.952381
29123147.142857
26891457.619048
28800096.190476
27654800.000000
27426049.523810
27348618.571429
26675455.714286
27415542.857143
27162878.095238
26754445.714286
29222410.952381
27811480.476190
27040939.047619
27668998.095238
28946631.428571
26883263.809524
30087619.047619
26950582.857143
29173845.714286
26942578.095238
27268723.809524
27167920.000000
27765025.714286
29388660.000000
26597866.666667
27192638.095238
28987008.571429
27735639.047619
27302639.047619
27363089.523810
26696032.380952
29070749.523810
27976059.047619
27171152.380952
27577172.380952
27747483.809524
27473611.428571
27421738.095238
27702725.714286
28484337.142857
28691936.190476
26979679.047619
27221059.047619
27196084.761905
27616244.761905
27488408.571429
28841281.904762
26965789.523810
26954481.904762
27185577.142857
29004045.714286
26787973.809524
27451785.238095
32825183.333333
35421764.761905
30811274.285714
32583204.285714
31413533.333333
32948310.000000
30937736.190476
28351323.333333
29782105.238095
28129440.952381
29753740.476190
29202362.857143
30668277.142857
27947020.952381
29217315.238095
30654610.476190
28287021.904762
28167319.047619
28168968.571429
28154178.571429
28054864.761905
27786317.142857
28047487.142857
27847888.095238
27448548.571429
28063725.714286
29047928.571429
27819228.571429
29501018.095238
28095224.761905
27977209.523810
28115663.809524
27970279.523810
27677271.904762
28462185.714286
27564134.761905
29391393.809524
27620023.809524
28961991.904762
30110723.809524
27929864.285714
28979608.571429
27061968.571429
30729153.809524
27743053.333333
27895475.714286
27001607.619048
27783144.761905
27063996.666667
29391890.476190
27430035.714286
30226240.952381
27575140.952381
27598462.380952
28631891.428571
30600190.476190
26909289.523810
27139114.285714
28624547.142857
28532674.285714
30081295.714286
28299201.904762
27730502.857143
28579231.428571
27598300.952381
29909092.380952
28692456.190476
27024510.476190
27872361.904762
27575500.000000
27522931.428571
29222850.476190
27661329.523810
27644352.380952
28544857.142857
27213854.285714
28796690.476190
28577987.619048
27469519.047619
27747941.904762
27249906.190476
27158352.857143
28169441.904762
27343510.476190
29112300.000000
27287426.666667
27256917.142857
27457547.619048
27662721.904762
30192236.190476
32954532.380952
27370771.428571
26714307.619048
28523637.142857
27256903.809524
27476301.428571
27051980.476190
26265835.714286
26647997.142857
25741715.714286
26606891.428571
26186391.428571
25613814.761905
26321697.142857
25262372.857143
26230810.000000
25203865.714286
26356578.571429
26215734.285714
25863501.904762
26847393.809524
29089559.523810
28417822.380952
27505369.047619
27449140.952381
26793800.952381
28278220.952381
27116120.952381
28390076.190476
27702072.380952
26914419.047619
27719140.952381
28129240.952381
27630551.428571
30047852.380952
27595031.428571
28398398.095238
27381086.666667
27756151.428571
27808771.428571
30074746.666667
26840586.666667
26834478.095238
27729442.857143
27491743.809524
26553656.666667
27257352.857143
28298525.238095
27768830.000000
28647475.238095
27647199.523810
29690410.000000
28638222.857143
27747381.904762
27858164.761905
26663435.714286
28365439.523810
28422657.142857
27588758.095238
27401110.476190
28055590.952381
27415540.476190
28260118.095238
28523924.761905
26914354.285714
30045809.047619
26988197.619048
28535636.666667
29384050.952381
28610257.142857
27154901.428571
27380322.380952
29321593.809524
27031333.809524
27965061.428571
30186520.952381
27886895.714286
28410237.142857
27540652.380952
27852237.619048
27595657.142857
30030669.047619
27838985.714286
27655669.523810
28292911.904762
27688961.904762
28560358.571429
27575260.000000
28425935.238095
26754231.904762
29387641.904762
27322121.428571
28616475.238095
28500869.523810
28652356.666667
27555360.952381
29391798.571429
27394697.142857
27594884.761905
27759301.428571
28274772.380952
28493589.047619
28353936.190476
27438655.238095
27527838.571429
27180750.476190
30151921.428571
27314937.619048
28617890.952381
28340644.285714
27789290.000000
28412135.238095
27340497.142857
27153724.761905
27139160.000000
27442192.380952
27454136.190476
28551254.285714
27602582.857143
28469144.761905
27569588.095238
30154904.285714
28305265.714286
27272755.238095
27377518.571429
27450148.571429
29615657.619048
27427087.619048
29043895.238095
27662924.285714
28618799.047619
30023116.666667
27473554.285714
27572955.238095
27857511.904762
27260847.619048
27023285.238095
29904940.000000
26979148.571429
26666086.666667
28230084.285714
29091542.380952
28545296.190476
28586744.761905
27279022.380952
26813902.857143
27987430.952381
27297517.619048
27565490.000000
27868940.952381
29985379.523810
28228499.523810
29958565.714286
28501880.476190
29071920.952381
27467681.904762
27566723.333333
29235589.047619
27470691.428571
28139324.761905
26893560.952381
26627093.809524
27047441.428571
26939640.000000
28882600.952381
27141716.190476
27802834.761905
29861753.809524
26790903.809524
27750826.666667
27686635.238095
27075542.380952
26888158.571429
28342440.476190
27423166.666667
27585039.523810
27712754.761905
28055171.904762
27258079.523810
27732510.476190
27166906.666667
27210366.666667
29997796.190476
26818618.095238
28391180.000000
27840130.476190
28925100.952381
28198773.333333
26900892.380952
28153659.047619
26873472.380952
26797787.619048
27229859.047619
30010837.142857
27082327.619048
27760368.571429
27310933.333333
29016825.714286
27473103.809524
27006686.666667
27146629.523810
27437788.571429
29898996.666667
28139649.523810
27172767.619048
28835139.047619
27322332.857143
29165498.571429
27133863.809524
27595259.047619
27518226.666667
26879398.571429
27190750.000000
28889837.142857
26753403.809524
26706342.857143
26463073.809524
27369392.857143
27664131.428571
28304645.714286
29742422.857143
29805468.095238
27232237.619048
29228487.619048
26975413.333333
27978404.761905
27730475.714286
26662534.761905
26947849.523810
27566684.761905
27383671.428571
27082133.809524
27566759.523810
27619651.428571
27365263.809524
27579123.809524
26717900.476190
29228622.380952
27082720.952381
27450847.619048
27362314.285714
27769689.047619
27215512.857143
30050221.428571
26695929.523810
30025941.904762
27438379.523810
28346630.476190
27541780.476190
28885736.190476
26764376.190476
27367659.047619
27503244.285714
29279150.952381
28798828.571429
32602741.904762
26763308.571429
25146160.952381
27585020.952381
29494193.809524
26928792.857143
25895700.000000
25487862.857143
25912871.428571
25200980.000000
28763317.142857
25938472.380952
27796073.333333
27749491.428571
25973863.809524
25895433.333333
25620251.904762
26939684.285714
27973478.571429
26164110.952381
27416056.190476
27435840.000000
27242991.428571
27235878.095238
28987902.857143
27007902.857143
28911640.952381
27710653.333333
26986724.761905
27205423.809524
27282902.857143
28426582.857143
27078925.714286
26540974.285714
27147971.428571
27487030.476190
27134851.428571
27471962.857143
27095951.428571
29855780.952381
27443980.000000
28490539.047619
27029706.666667
27457918.095238
25149900.952381
30212271.428571
27375182.857143
30177841.904762
26627264.761905
27933421.904762
27312038.095238
27467528.571429
27053277.142857
28968939.047619
27577711.428571
27430290.476190
27538168.571429
28329474.285714
29192180.952381
27513691.428571
27710320.000000
27199608.571429
29454140.952381
27205561.904762
26764413.333333
27585031.428571
27687255.238095
27412239.047619
26884846.666667
28696106.666667
26754684.761905
27412426.666667
29778542.857143
26978522.857143
27799167.619048
27059703.809524
27239038.095238
28859869.523810
29275976.190476
26796498.095238
27650757.142857
27103449.523810
27312039.047619
27561482.857143
27508568.571429
29085058.095238
26684701.904762
27482518.095238
27035738.095238
28229338.095238
26886834.285714
29026521.904762
26724633.333333
28120968.571429
27353619.047619
27634069.523810
27203253.333333
28115741.904762
26195302.857143
27875680.000000
28042863.809524
27917685.714286
25953670.476190
27194971.428571
27032194.285714
28336367.619048
27229172.380952
27561930.476190
27039716.190476
27296913.333333
28157744.761905
27483424.761905
29416405.714286
27332913.333333
26407975.238095
29436865.714286
27410962.857143
27411332.380952
27180046.666667
26914200.952381
28207766.666667
27532736.190476
27647453.333333
32257261.904762
31221977.619048
30613454.761905
30103706.190476
28307043.809524
28454100.476190
28103433.333333
30733389.523810
28173943.809524
30189478.571429
28085156.666667
28394112.857143
28325887.619048
28142535.238095
27956458.095238
28021833.809524
26750300.476190
28220596.666667
29669756.666667
26461531.904762
25316645.238095
26896145.714286
28686691.904762
28352098.571429
26508805.714286
26022877.142857
26224644.285714
27160840.000000
27067692.857143
26773184.285714
27541205.714286
26454874.761905
26666595.714286
26514410.000000
27937863.333333
28355997.142857
28102016.666667
29761440.476190
28155796.666667
27681284.285714
27285100.952381
27750115.714286
27359560.000000
28692743.809524
29199594.761905
27719959.047619
27704284.761905
29037201.904762
31758376.190476
28551730.476190
30557357.142857
30519680.952381
28903815.238095
28722868.571429
29032558.095238
27226227.619048
27632935.238095
29009795.238095
29039917.142857
28377728.571429
27875267.619048
27463984.761905
30428707.619048
27786407.619048
28682409.523810
27412806.190476
27783910.952381
27701842.857143
30437727.619048
27701306.666667
27635523.809524
27348519.047619
30313291.428571
26958664.761905
30205182.857143
27693849.523810
27226080.000000
28105066.666667
27495023.809524
27365946.666667
27529229.523810
27465595.238095
30514560.000000
27402263.809524
28638597.142857
27392402.857143
27684604.761905
27838497.142857
27012684.761905
28010689.523810
27330792.380952
28519518.095238
27547868.571429
27567362.857143
28594865.714286
29447604.761905
26912380.952381
30156451.428571
27005364.761905
29184305.714286
26974050.476190
28194540.952381
27645800.952381
28999614.285714
27035541.904762
26864456.190476
29144926.666667
27251763.809524
28710546.666667
27205996.190476
29135603.809524
28843595.238095
27681903.809524
27209619.047619
27279892.380952
27622576.190476
27188890.476190
29538409.523810
27612388.571429
29200754.285714
27376057.142857
27021110.476190
27181400.952381
27215248.571429
27656406.190476
29321873.809524
28849181.904762
27406760.000000
27552833.333333
27329250.476190
26185254.285714
27302057.142857
28736580.000000
26617764.761905
28520237.142857
26876628.571429
28871474.285714
28299183.333333
27110258.571429
27695307.619048
27271247.619048
28257377.142857
27409544.761905
28344957.142857
29413989.523810
27254412.380952
27233071.428571
27796222.857143
27278587.619048
27859950.476190
28539263.809524
27674734.285714
27259874.285714
26607331.428571
27701198.095238
26351606.666667
29264685.714286
27056747.619048
28094406.666667
28206424.761905
27794537.142857
27941403.809524
27767038.095238
26862738.095238
29886143.809524
27193044.761905
27496539.047619
28249280.000000
27470487.619048
27478188.571429
27273620.952381
28875755.238095
27484674.285714
28325957.142857
27151452.380952
28907300.000000
26996329.523810
27487288.571429
28502941.904762
28514647.619048
27597435.238095
27345013.333333
27433761.904762
28375402.857143
28071501.904762
29059544.761905
27487621.904762
27473320.000000
27584172.380952
27177819.047619
26963569.523810
28181399.047619
27377864.761905
27283103.809524
27671128.571429
27462616.190476
28844102.857143
29074209.523810
28127960.000000
28939987.619048
30022138.095238
27489295.238095
27990797.142857
27120556.190476
29070291.428571
29356472.380952
27466149.523810
27727863.809524
27406628.571429
28463341.904762
27328050.476190
29753491.428571
27028942.857143
28865574.285714
28322527.619048
28582575.238095
28111648.571429
29138707.619048
28479428.571429
29177373.333333
30746597.142857
27343100.952381
27130172.380952
26872773.333333
27585228.571429
27231682.857143
27653749.523810
27940517.142857
27255725.714286
28456856.190476
28730555.238095
29535479.047619
29094261.904762
26980923.809524
28225890.476190
28229645.714286
27127408.571429
29201478.095238
27136391.428571
27325021.904762
28368101.904762
27399260.952381
27642148.571429
28948152.380952
26933217.142857
27661321.904762
27360400.000000
26742890.476190
27182561.904762
27701916.190476
27801430.476190
27754801.904762
27859705.714286
27519626.666667
29191290.476190
27712275.238095
29087752.380952
27283136.190476
29108385.714286
27350191.428571
28301858.095238
27114694.285714
29286021.904762
27183372.380952
26704746.666667
29793007.619048
27558510.476190
28184640.000000
27782570.476190
28582216.190476
27634095.238095
27397492.380952
27291886.666667
29547615.238095
29278601.904762
27062270.000000
28040506.190476
27262782.857143
27056312.857143
29031470.952381
27471797.142857
27135429.523810
29145178.095238
27428160.000000
27872618.095238
27346781.904762
28923801.904762
27497253.333333
29213739.047619
27960624.761905
27895810.476190
28702071.428571
27561846.666667
27751715.238095
27033180.000000
27085973.809524
26565460.476190
28945259.047619
26525020.952381
29173485.714286
27348416.190476
27293489.523810
27427054.285714
26619824.761905
29927692.380952
26999360.952381
26982338.095238
29168057.142857
26450234.285714
27814065.714286
