3989020.000000
3398025.714286
3914890.952381
5064177.619048
4997093.809524
4752727.142857
5651401.904762
5101340.000000
4238832.380952
2751091.428571
4477049.523810
6033789.047619
2872363.809524
3422126.190476
3591941.904762
3338029.523810
2677794.285714
2230372.380952
5308770.952381
2097505.714286
3102084.285714
2350400.000000
2376278.571429
3161106.666667
4727308.095238
3404577.619048
3192400.000000
3053064.761905
2641666.666667
2706770.476190
4899150.476190
3613822.380952
3356743.809524
2201260.000000
2627440.952381
2276483.333333
2659373.333333
2465836.190476
2543861.904762
3111063.809524
2908623.809524
3251247.619048
2771842.380952
3423584.761905
2961932.380952
2807756.666667
3176042.380952
2945438.095238
4750932.380952
2785881.904762
2571956.666667
3111713.333333
2841643.809524
2849823.809524
3798676.666667
3272982.857143
2611223.809524
2750120.000000
2772227.619048
2564610.000000
2495779.047619
1915059.047619
2636239.523810
3207098.571429
3830473.809524
3509030.952381
4865026.190476
2842066.190476
1974066.666667
2364400.000000
3738314.761905
3826598.095238
3865234.285714
3823849.523810
2641697.142857
4201915.714286
2143095.238095
2338481.904762
2945944.761905
2815188.571429
2969635.714286
2828554.285714
3056769.047619
2318930.952381
3133845.714286
4809200.000000
2202882.380952
2705956.190476
2767311.428571
3465525.714286
4209605.238095
2873289.523810
3113819.523810
4489788.571429
2943381.904762
3154249.047619
3769030.000000
4130989.523810
3011765.714286
3362010.952381
3030070.000000
2699741.428571
3931273.809524
2666026.666667
3777307.619048
3192560.000000
3191460.000000
3886907.619048
2485994.285714
3044254.285714
3190489.523810
5023263.809524
1932333.333333
2159545.714286
2717507.619048
3186323.809524
15237575.238095
16063465.714286
16692245.714286
16547921.904762
17583994.761905
16679702.857143
6702652.857143
2630427.142857
2044598.095238
2391740.000000
2952601.904762
3098700.000000
1822403.809524
2632314.761905
2954507.619048
3567293.809524
3516223.809524
3485151.428571
4328048.571429
2792610.000000
2354015.238095
3674299.047619
3547896.666667
3979668.095238
3062973.809524
3368719.523810
3485914.285714
2679760.000000
3057626.666667
3209160.000000
3043032.380952
4569475.238095
3909601.428571
2075718.095238
3291061.904762
3285115.714286
3463585.714286
3948950.476190
4171448.095238
3190199.047619
2813594.285714
2337361.904762
2793830.000000
4432017.142857
2311366.190476
2095118.571429
3242394.285714
3276097.619048
3924427.142857
4375115.714286
3517549.523810
3689643.809524
2248488.571429
2578830.476190
3633674.285714
4560205.714286
2445612.380952
3294571.904762
2612543.809524
2673580.000000
4278329.523810
2419158.095238
3790140.000000
4058360.952381
3129209.523810
4551963.809524
3094618.095238
4590080.952381
2288765.238095
2884514.285714
3289422.857143
3057780.952381
2969799.523810
2675690.952381
4319972.380952
1952224.761905
2384059.047619
2629325.714286
2991704.761905
3024856.666667
3300276.190476
4168818.571429
2373928.571429
2254720.000000
2827701.904762
2865153.809524
2157811.428571
1996107.619048
2458736.190476
2377029.523810
3403476.190476
4849367.619048
2750221.904762
2895258.095238
2899998.095238
3209009.523810
3637840.000000
4924715.714286
3384441.428571
2658196.190476
2917781.428571
3264143.333333
3625607.619048
5183560.000000
3873631.428571
2672116.190476
2358742.857143
2413460.952381
2655425.238095
3512641.904762
2255558.095238
2326942.380952
2758617.619048
3508508.095238
3746660.000000
3517580.476190
3766883.333333
3176855.238095
4163101.428571
3319832.380952
3112078.095238
2257607.619048
4539089.047619
2874820.952381
2300336.190476
2308900.952381
2315716.190476
3399790.476190
3974712.380952
3506098.095238
2495937.142857
2486998.095238
2406489.523810
3143039.047619
3411226.666667
2800079.047619
2053818.095238
3190133.333333
3119451.428571
2610390.476190
2438425.238095
3765000.476190
4135672.380952
2393077.142857
3438329.047619
3172926.190476
3279807.142857
2620824.761905
2452668.095238
2615072.380952
3101073.809524
2674366.666667
2496753.333333
2753041.904762
2857782.857143
2612527.619048
3362891.428571
2309622.857143
2257729.523810
2592733.333333
3285103.333333
2928094.285714
3506980.952381
2508711.428571
2617760.000000
2785942.857143
2125488.095238
2419550.952381
2104713.333333
2924060.000000
2624112.857143
2796314.285714
2599632.380952
2770545.238095
3005435.238095
2711518.095238
2972219.047619
2289451.428571
3215937.619048
3078350.000000
2089005.238095
2157998.095238
2621818.095238
2813795.714286
2157612.380952
2473530.000000
3547241.904762
2566640.000000
2445613.809524
2663763.809524
3521553.809524
2443895.714286
2060868.095238
2355521.904762
2502574.285714
2791498.095238
3059626.666667
2793981.904762
2639150.476190
2343678.095238
2683954.285714
3167614.285714
3720487.619048
3177647.619048
3109571.428571
2895257.142857
3063542.857143
3425922.380952
2916089.523810
3372409.523810
3633331.428571
2672930.476190
2821819.523810
2630958.095238
2936127.142857
2314424.285714
2883320.000000
2430503.809524
3133479.523810
3589987.142857
3013284.285714
2827790.000000
2545128.095238
3727734.285714
2163091.904762
2395074.285714
2539946.666667
3012876.190476
3182440.000000
2821592.380952
3055810.476190
2922260.952381
3099792.857143
2910372.380952
2119466.666667
2690398.095238
2276032.857143
2352309.047619
2221996.190476
2830774.285714
2354441.428571
2076160.000000
2622017.142857
2614331.428571
2926200.000000
2302941.428571
2679679.523810
3223097.142857
2861186.666667
3145796.666667
4146249.523810
2896838.095238
2840233.333333
2338022.857143
2897237.142857
2882329.047619
2890701.904762
2400336.190476
2137108.095238
2961401.904762
3015226.190476
3278171.904762
2885135.714286
2667665.714286
2539588.095238
2298451.904762
2695756.190476
3078111.904762
2576364.285714
2288510.000000
3358661.904762
3036151.428571
2401100.000000
2343080.000000
2118864.285714
2214272.380952
2737723.333333
2381549.523810
3899217.142857
2170321.904762
2375767.619048
2481904.761905
2927592.380952
3107457.142857
3464457.142857
3273750.952381
3412195.238095
3281556.666667
1999774.285714
2686007.619048
2403739.523810
2181043.809524
2957491.904762
3075401.904762
3306450.952381
3534086.190476
2817598.095238
2500296.666667
2319190.000000
2439806.190476
2696908.095238
3027171.428571
2952336.190476
2368028.095238
3035524.761905
3166263.809524
3222581.904762
3702438.571429
3027417.619048
3585998.095238
2031399.523810
2138070.000000
2485759.047619
2462245.714286
2136053.809524
1762976.190476
2209115.714286
2664308.095238
2433276.190476
2532645.714286
2619616.190476
2277146.666667
2013369.523810
2107980.476190
2150610.000000
2966689.523810
1846918.095238
2440662.857143
2448575.238095
2904546.666667
2972855.238095
2197728.571429
2834070.476190
2744784.761905
2304656.190476
2000973.809524
1986633.809524
2654386.666667
2756339.047619
2644548.571429
2276978.095238
2718258.095238
2524535.238095
2742354.285714
2596223.809524
2581106.190476
2139152.380952
1725988.095238
2581505.714286
2074998.095238
2724140.000000
2448906.190476
2647720.000000
1954693.809524
2611980.952381
2737898.095238
1968512.857143
2984786.666667
2539961.904762
3149055.238095
2727646.190476
3132714.285714
3441070.476190
2506156.190476
3244841.904762
3080245.714286
2475353.809524
2676243.333333
2610293.809524
2743511.428571
3431291.428571
2948313.809524
2484931.904762
2137811.904762
2346258.095238
2504454.285714
3036691.904762
3056891.428571
2282228.095238
2190931.904762
2295222.857143
2382228.095238
3096845.238095
2067586.666667
2328516.190476
2276988.571429
2579249.523810
3105097.142857
2700548.571429
2677240.476190
2455416.666667
2535820.952381
2636236.190476
2958184.761905
3108888.095238
2461617.142857
2031605.714286
2238600.000000
2801507.142857
3058773.809524
2573181.904762
2758544.761905
2903176.190476
2851498.571429
2638915.238095
3399322.857143
1951383.809524
3948405.714286
3384709.047619
3285647.619048
2746920.952381
2770648.095238
3093683.809524
2268179.047619
3118648.095238
3002110.000000
2420165.714286
3038835.714286
2990896.666667
3180502.380952
2891972.380952
2658785.714286
2681613.809524
2536645.714286
2584508.571429
2578490.000000
2605777.142857
2462203.809524
2579018.095238
2368249.523810
3464521.904762
2526203.809524
2377283.809524
2445541.904762
2631612.380952
3552083.333333
2765700.952381
2069633.809524
3347261.904762
2511179.047619
2172104.285714
3363570.952381
2018708.095238
1763325.714286
2110702.857143
2126656.666667
2940278.095238
2455459.047619
2296055.238095
2716874.285714
1765140.952381
2200464.761905
2252211.428571
2262628.571429
2596420.000000
2538641.904762
2389466.190476
1960592.380952
1999596.190476
2168994.761905
2159508.571429
3717491.904762
2016590.000000
2319790.000000
2117948.571429
2488423.809524
2826273.809524
2343563.809524
2228876.190476
2888424.761905
3144315.238095
3280677.142857
2962876.190476
2506665.714286
3216349.523810
1957885.714286
2526255.238095
2282818.095238
2360441.904762
1892129.523810
2879958.095238
2877973.809524
2775431.904762
2956636.666667
2793205.714286
2586116.190476
2154515.714286
1805860.000000
2791585.714286
2854825.238095
2231148.095238
2262432.380952
2743120.000000
2717449.523810
3008010.952381
2720134.285714
1963016.190476
2394118.095238
2409551.904762
2386540.000000
2962151.904762
2151828.095238
2644038.095238
3261648.095238
2435853.809524
2499111.904762
1814550.000000
2811071.904762
2414380.000000
1547303.809524
2640570.000000
2736458.095238
3088253.809524
2505218.095238
2065464.285714
1933110.000000
2551250.000000
2520530.000000
2514610.000000
2367103.809524
2233381.904762
2128238.095238
2179580.000000
2308196.190476
2425690.000000
2848024.285714
2245755.714286
1876212.380952
1736055.238095
1635939.047619
3008410.476190
2307513.809524
2448461.904762
2378661.904762
2677159.523810
2495396.666667
2808786.190476
2354584.285714
1812241.904762
1612402.380952
1715594.285714
2060100.000000
3369586.190476
2615658.095238
2158055.714286
1863226.190476
1978295.714286
2456391.904762
2357311.904762
3302180.000000
2199755.714286
2550853.809524
2096131.904762
2359941.904762
3250100.952381
3056213.333333
2496935.714286
2120944.285714
2229347.619048
2346847.142857
1901558.095238
2170164.761905
3071356.190476
2952570.476190
3057331.904762
3068576.190476
2107475.714286
3086356.190476
2308478.095238
2615563.809524
2291652.380952
2781886.190476
2673173.809524
3019117.619048
2374154.285714
2290291.904762
2109760.000000
2370321.904762
2274336.190476
2489638.095238
2187010.000000
2779071.904762
2408593.809524
2362803.809524
2778546.190476
1730403.333333
2525538.095238
2161753.333333
2240808.095238
2400440.000000
2275706.666667
2872610.000000
2504535.714286
2571586.190476
2601890.000000
2138493.809524
2292593.333333
2385452.380952
2634865.238095
3284658.095238
2225717.619048
2567567.619048
2542761.428571
2799408.095238
2916504.285714
2845768.095238
2470373.809524
2992573.809524
2330310.000000
1785661.904762
4113685.714286
2491278.095238
2562192.380952
3639392.380952
2340415.714286
2420122.380952
2160810.000000
3607990.000000
3168012.380952
2411110.000000
2575078.095238
2638568.095238
2995866.190476
2987698.095238
2882583.809524
3003841.904762
2752348.095238
2713093.809524
2949873.809524
2843938.095238
2667125.714286
2449296.190476
2543373.809524
2506110.000000
2407360.000000
3008595.714286
2908214.285714
2397790.000000
2592180.000000
2952231.904762
2439656.190476
2990709.047619
2211856.666667
2500881.904762
2691598.095238
2769596.190476
2396998.095238
2978643.333333
2542926.190476
2030870.000000
4407942.380952
2069271.904762
2215760.000000
3143950.000000
2420356.666667
2743748.095238
2223041.904762
2635123.809524
2923880.000000
2814478.095238
1722640.000000
2246782.380952
2442676.190476
2566685.714286
2758980.000000
2735270.000000
2219446.666667
2427131.904762
2906113.809524
2954614.761905
2846573.333333
2067238.095238
3115883.809524
3427038.095238
2350970.000000
2274477.619048
2225913.809524
2748015.238095
2765073.809524
2253916.190476
2596095.238095
1689228.095238
1877684.285714
2036645.714286
3691155.238095
2537643.809524
2422766.666667
2272346.190476
2514926.190476
2454152.380952
2475544.761905
3275942.857143
2880339.047619
2577492.380952
2640295.714286
2896777.619048
3469150.476190
3136059.523810
2170264.285714
2216500.000000
2618595.714286
2800050.000000
3147615.714286
2934748.571429
2709640.000000
2838320.000000
2677755.714286
2689153.809524
2703452.857143
2767964.761905
3169453.809524
2079804.285714
2686677.619048
2618338.095238
2890927.142857
2469743.809524
2772870.000000
2169764.285714
2111610.000000
2392762.857143
3633116.190476
2534708.571429
3261261.428571
3741295.714286
3196971.904762
2950146.666667
2739902.380952
2484912.380952
2678057.142857
3022521.904762
3005636.190476
3577658.095238
3508985.238095
3299146.666667
2763553.333333
2416478.095238
2388612.380952
2602847.619048
2336640.476190
2847749.523810
3076493.809524
2652800.000000
3260243.333333
2811280.000000
2266859.523810
2986934.285714
1955540.000000
2544706.190476
2318383.809524
3070913.809524
2709634.285714
2982311.904762
2970719.523810
2302843.809524
2575868.095238
1619693.809524
3346142.380952
2628977.619048
2189860.000000
2115514.761905
2966659.523810
3089488.095238
2361500.000000
2187050.000000
2422520.000000
2476544.285714
2268164.285714
2417940.000000
2248768.095238
2298976.190476
2156405.714286
2922240.000000
1986215.714286
2133247.619048
2490864.761905
2256971.428571
2473504.285714
2418669.047619
2535007.619048
2708053.333333
2892746.666667
2052573.333333
2458866.666667
2340314.285714
2468280.000000
2906468.095238
2968030.000000
2541246.190476
2410840.000000
2528213.333333
3111680.000000
2806470.000000
2270230.000000
2011338.571429
2602591.904762
2186430.952381
2686165.714286
2361912.380952
2242044.285714
3659838.095238
2660836.190476
2607289.523810
2390464.761905
2133950.476190
3027139.523810
2405726.190476
2042963.809524
2368125.238095
1988020.000000
2486014.285714
3146748.095238
2705955.714286
2039470.000000
2068085.714286
2047256.190476
2119481.428571
2782316.190476
3178276.190476
3036095.238095
2776649.523810
2955413.333333
2817833.809524
2792604.285714
2792845.714286
2894628.571429
3056696.190476
2951032.380952
3289565.714286
3393017.619048
2852068.095238
1936203.809524
2389428.571429
2132293.333333
2358180.952381
3898539.047619
2118063.809524
1894273.809524
2126494.285714
2438975.238095
2765108.095238
2254250.000000
2681034.285714
2885303.809524
2602711.904762
2568521.904762
2787800.000000
2984469.523810
2527606.190476
2616418.095238
2898747.619048
2589821.904762
2764498.095238
2264880.000000
2778411.428571
2393076.190476
2347414.285714
2816951.904762
3015430.000000
2441664.761905
3059013.809524
2143946.666667
3143511.904762
2601215.714286
2411663.809524
2161040.000000
2063373.809524
2539868.571429
4139553.809524
2723301.904762
2582193.809524
2829641.904762
2813105.714286
2592889.523810
2846739.047619
2522987.619048
2368194.285714
2528465.238095
2875061.904762
3062000.000000
2654369.047619
2603386.666667
2730742.857143
2615632.380952
2176518.095238
2402573.333333
2649068.571429
2531336.190476
2751826.666667
2490201.904762
3063832.857143
2591687.619048
2424036.190476
2847474.285714
2377898.095238
2873012.857143
3097784.761905
2785851.428571
2792978.095238
2215843.809524
1963965.714286
3572561.904762
2811463.809524
2069577.142857
2201575.238095
2528181.428571
3113783.333333
2153830.000000
2965914.285714
3091740.952381
3157182.857143
3096102.380952
3043192.380952
2360530.476190
3041994.285714
2750130.952381
2257488.571429
2752520.476190
3160514.285714
2280611.428571
3214860.000000
2474727.619048
2567480.000000
2391198.095238
2593680.000000
2364265.714286
2490558.095238
3469220.952381
3588465.714286
2519606.190476
2784161.904762
3163380.000000
3512100.000000
2897788.095238
3223207.619048
3089955.238095
2854237.142857
3086760.000000
3313710.000000
2208428.571429
2946743.809524
3277813.333333
3614860.952381
3366905.714286
3484670.476190
3149961.904762
2814353.809524
2415410.000000
3052871.428571
2805059.523810
2547676.190476
2519505.714286
1935573.809524
1870628.095238
2226790.476190
2261253.809524
2138088.095238
2286980.000000
2116687.619048
2186192.380952
2749952.380952
2291321.904762
2942426.190476
2252933.809524
2452558.571429
2979470.000000
2261617.142857
2648819.047619
2902923.809524
1780410.952381
2325638.095238
2755382.857143
2664303.809524
2825447.619048
2631645.714286
2439153.333333
2666485.238095
2875004.761905
3099818.095238
3494860.000000
2225462.857143
2942341.904762
2089337.142857
2172480.952381
2619863.809524
2691417.619048
4135135.238095
3276823.333333
2902799.523810
2548645.238095
2687994.285714
2805493.333333
2792571.904762
2426754.285714
2328236.190476
2403023.809524
2730123.809524
2259688.095238
2811980.952381
3537200.000000
2030268.571429
2773500.000000
3011452.380952
2848380.000000
3399760.000000
2565350.000000
2667140.000000
2012748.095238
2146210.000000
2263893.809524
2705655.714286
2266483.809524
2296592.380952
2325983.809524
2598651.904762
3051607.142857
2168202.857143
2539946.666667
2460577.142857
2448693.333333
2529062.857143
2363045.714286
2574297.142857
2767460.476190
2351567.619048
2591961.904762
2024159.523810
2101737.142857
1965162.380952
2588982.380952
1970625.714286
2167913.809524
2110195.714286
2392354.285714
2853052.380952
3268302.380952
2256947.619048
2946407.619048
2537094.285714
2753356.190476
3554078.095238
3121810.000000
2607367.619048
3180840.000000
2358660.952381
2603923.809524
3132986.666667
2889818.095238
2374790.476190
2683228.571429
3771014.285714
2195080.000000
2484566.190476
3499820.000000
2120731.904762
2740935.714286
2818521.904762
3317080.000000
3336220.000000
1899491.904762
2417495.714286
2642006.666667
2554249.047619
3024257.142857
2932327.619048
2978151.428571
2881390.476190
2852739.523810
2753550.476190
2474877.619048
2679022.380952
2533535.714286
2426158.095238
3017755.714286
2956097.619048
2113690.000000
2522378.095238
2630350.000000
2701221.904762
2369494.285714
2407630.000000
2263973.809524
2561738.095238
2358338.095238
2681368.095238
2384210.000000
2181911.904762
2076475.714286
3665162.380952
2936138.095238
2717734.285714
3148663.809524
2913368.095238
2821096.190476
3435201.904762
2360936.190476
2401728.095238
3076308.095238
2498544.285714
2693743.809524
3059274.285714
3110566.190476
2425413.809524
2317127.619048
2301572.380952
2469018.095238
2651508.095238
2687950.000000
2794410.000000
2988930.000000
2775531.904762
2935188.095238
3443759.523810
3752226.666667
2000197.142857
2428847.619048
3097392.857143
3012710.476190
2894226.666667
2347582.857143
2643001.904762
2831887.619048
2828245.238095
2988623.333333
3244989.523810
2574938.095238
2741159.047619
3281481.904762
2436150.000000
2499538.095238
3331011.428571
2312841.428571
2552473.809524
2667778.095238
2456495.714286
2593410.000000
2731858.095238
2577827.619048
2016490.000000
2267505.714286
2588183.809524
2715488.095238
3407533.809524
2735147.619048
2586055.714286
2475750.000000
2487180.000000
2830310.000000
3392215.714286
2503583.809524
2353952.380952
2591903.809524
2592118.095238
2795111.904762
2817010.000000
2523701.904762
2463555.714286
2359697.142857
3055022.857143
2761560.000000
2694083.809524
2524780.000000
2654618.095238
2299331.428571
2393891.428571
2426499.047619
2578898.095238
2496243.809524
2136618.095238
2546891.428571
2204588.571429
2809228.571429
2653500.000000
2539618.095238
1928671.904762
2404565.714286
2363457.142857
2297257.142857
2642468.095238
2503920.000000
2440005.238095
2303057.142857
2709843.809524
2963558.095238
2372400.000000
2374633.809524
2442093.809524
2136314.285714
2393492.857143
2337064.285714
3102332.380952
2204038.095238
2278421.904762
2542060.000000
2835174.285714
3073051.904762
2395406.190476
2512518.095238
2581385.714286
2678351.904762
1951012.380952
2487395.714286
2650880.000000
2633093.333333
2220435.714286
2384778.095238
2151487.619048
2433693.333333
2541779.523810
2077422.857143
2044264.285714
2213070.476190
2081350.476190
2393533.333333
2661945.238095
2376089.523810
2189337.142857
2399805.714286
2389945.238095
2232733.809524
2512207.619048
2537700.000000
2602838.571429
2358341.904762
2398534.285714
2807799.523810
2077728.095238
2791173.333333
3121657.619048
2238771.428571
1855708.571429
2233460.000000
2329126.190476
2997324.285714
2798895.238095
2410422.857143
2199123.809524
2789110.000000
3088742.857143
3528630.000000
2560696.190476
2731013.333333
2129028.095238
2245795.714286
2234089.523810
3144083.809524
2677478.095238
2331291.428571
2416163.809524
2393824.761905
2954017.142857
3025585.714286
2827973.333333
2500531.428571
2518619.523810
2394535.238095
2407632.380952
2753794.285714
2378902.857143
2395108.571429
2401097.142857
2491716.190476
2624928.095238
2763022.857143
2559497.619048
2553840.000000
2141661.904762
2678409.523810
2926517.619048
2857380.952381
2290720.000000
2601668.095238
2635456.190476
2200580.952381
2377640.000000
3098047.619048
2599447.619048
2046440.000000
2794460.952381
2661746.666667
2853744.761905
1836664.761905
1996453.333333
2980641.904762
2455015.238095
2531904.761905
2258998.095238
2536818.095238
2590553.809524
2339904.761905
2107000.000000
2362113.809524
2091342.857143
1731761.904762
2270790.000000
2352218.095238
2799262.380952
2431152.380952
2659198.095238
2855818.095238
2623654.285714
3290777.142857
2775380.000000
2905815.238095
3835689.523810
2640387.619048
2345737.142857
2542784.761905
2489747.619048
2961555.714286
2277469.523810
2943225.714286
2625615.714286
2584676.190476
2476854.285714
3001329.047619
2874790.952381
2054356.666667
2642833.333333
3106140.000000
3136374.761905
2585026.190476
2487616.190476
3095002.380952
2453407.619048
2518866.666667
2882257.142857
2539810.000000
2449859.047619
3223938.095238
2527223.333333
2542418.095238
3017051.904762
2586217.142857
3021095.714286
2918540.952381
2216441.904762
2184043.809524
2320594.285714
2629276.190476
2538546.666667
2578135.238095
2534727.619048
2060577.142857
2666735.238095
2238819.047619
2064589.047619
2679406.190476
2928363.809524
2351228.571429
1798887.619048
1918064.285714
2274311.904762
2133730.000000
1864320.000000
3131244.285714
2652167.619048
3084228.095238
2735367.619048
3057925.238095
2821365.714286
2770192.380952
2527333.333333
1715148.571429
1919154.285714
3303154.761905
2593116.666667
2783700.000000
3025490.000000
2457878.095238
2214515.238095
2000005.714286
2033337.142857
2263456.190476
3005351.904762
2880870.000000
3157456.666667
2995441.428571
2909431.904762
3372188.095238
3213490.952381
1927040.000000
2125395.238095
2735145.238095
2944797.619048
3185822.857143
2661215.714286
3494329.523810
3639460.000000
2540777.142857
2624731.904762
3333260.952381
2434221.904762
3123865.714286
3165920.000000
3018730.952381
3406560.000000
3023446.190476
3370967.619048
2136324.285714
3098994.285714
2981930.000000
3156838.095238
2714501.904762
2808787.619048
2998633.809524
2765218.095238
2622247.619048
2508046.190476
3523633.809524
2806145.714286
2503363.809524
3113561.428571
2478953.809524
2565488.095238
2279734.285714
3133244.285714
2245459.047619
2592690.952381
3154414.285714
3049000.000000
2992998.095238
2985622.857143
3190149.047619
2385681.904762
2867172.857143
2758664.761905
2770369.523810
2782004.285714
2758141.428571
2647814.285714
2270432.380952
2528913.333333
2801018.095238
2386730.000000
2091748.571429
2749681.904762
2369220.952381
2113041.904762
3173333.333333
3058841.904762
1820230.952381
1635910.952381
2085135.238095
2410260.000000
2439730.000000
2055957.142857
2403951.904762
2482738.095238
2458762.380952
2355488.095238
2155302.380952
1822378.095238
3103976.190476
1986601.904762
1995981.904762
1838450.000000
2845715.714286
2123011.904762
2207615.714286
2237655.714286
2446924.285714
2765593.809524
2047156.190476
2453465.714286
2324628.095238
2087170.000000
1970445.714286
1712006.190476
1946913.809524
2528950.000000
1990093.809524
2312300.000000
2258210.000000
2079123.809524
2328161.904762
2853838.095238
1508964.285714
1859453.809524
1944628.095238
2425651.904762
2359308.095238
2338028.095238
3343762.380952
2017493.809524
1813430.000000
2186912.380952
2362627.142857
3240872.380952
2602839.523810
2603736.190476
3164948.571429
2582103.809524
2680779.047619
3059037.619048
3033910.000000
2673167.142857
1815311.428571
2652825.238095
2658281.904762
1550674.285714
2621327.142857
3249996.190476
2903615.714286
2957267.619048
2737581.904762
2228739.523810
2283837.142857
3437500.000000
2787457.619048
2732080.000000
2533363.809524
2692531.428571
2924710.476190
2871833.809524
1966740.000000
2226956.190476
2478880.000000
2468328.095238
2557708.095238
1843816.190476
3006245.714286
2630591.904762
1658774.761905
2729711.428571
2811101.904762
2991911.904762
2085515.714286
1871411.904762
2048129.523810
2340051.904762
2488101.904762
1812460.000000
2303741.904762
2421210.952381
2656365.714286
3408926.190476
3275089.047619
3186408.095238
2489055.238095
2532635.238095
3081300.000000
3284801.904762
2721775.238095
2318131.428571
2088257.142857
2894400.000000
3178965.714286
2572312.380952
2320459.047619
2417773.809524
2428656.190476
2090811.428571
2224256.190476
3296504.285714
2465112.380952
2332098.095238
2123316.190476
2706351.904762
2850047.619048
2664490.476190
2207078.095238
3067581.904762
2707746.190476
2431054.285714
2282472.380952
2044921.904762
2627591.904762
2427878.095238
2225641.904762
2384563.809524
2685796.190476
2802193.809524
2327540.000000
3064084.285714
2680746.190476
1579488.095238
1923078.095238
2297853.809524
2447673.809524
3039800.000000
2390596.190476
2316898.095238
2781490.000000
2537926.190476
2415153.809524
2909667.142857
3212041.428571
2173842.857143
2378234.285714
2510830.476190
2698714.285714
2900811.428571
2172938.095238
2465386.666667
1843339.047619
1984984.761905
2120696.666667
3060066.666667
2447580.952381
2332384.761905
2317079.523810
2947690.000000
3286899.047619
2477737.142857
2829536.190476
2652864.761905
2197666.666667
2348830.476190
2613608.095238
2980931.904762
2488698.571429
2815796.190476
2928270.952381
2882820.952381
2382179.047619
2472830.476190
2478309.523810
2831751.428571
2941174.285714
2586779.047619
2393988.095238
3112469.047619
2678348.095238
2508813.809524
2631584.761905
2497352.380952
1963866.666667
1821174.285714
1937274.285714
3288088.095238
2401183.809524
2488518.571429
2445761.904762
2398393.809524
2391528.095238
2312221.904762
2679001.904762
2302885.714286
2084714.285714
2321860.000000
2553531.904762
2514651.904762
2742996.190476
2662075.714286
2331350.000000
2123326.190476
2098050.000000
2203883.809524
2569688.095238
2215445.714286
2465323.809524
2358789.523810
2569861.904762
3159472.380952
2497087.619048
2309428.571429
2199567.619048
3237629.047619
2701725.714286
2851280.476190
2781692.380952
2371830.000000
2374015.238095
2512418.095238
2386201.904762
2551440.000000
2620650.476190
2520054.285714
2982779.523810
2394143.809524
2860478.095238
2920941.904762
2122323.809524
2334560.000000
2121996.190476
2052231.904762
2173137.619048
2942953.809524
1701001.904762
2482502.857143
2412870.476190
2227318.095238
2662892.380952
2119931.904762
2135335.714286
1652742.857143
2201367.619048
2335495.238095
2559788.095238
2020761.904762
2443308.095238
2779725.714286
2156649.523810
2236499.047619
2311100.000000
2630216.190476
2442393.809524
1965558.095238
2265990.000000
2638464.761905
3259218.095238
3118858.095238
2887274.285714
2604281.904762
2339775.238095
3540015.238095
2300396.190476
2833400.000000
2589388.095238
2438328.095238
1884440.000000
2084148.095238
2451333.809524
1849282.380952
1719902.380952
2263062.857143
3016151.904762
2759744.285714
2031946.666667
2187937.142857
2216032.380952
2536352.380952
2446950.476190
2903824.761905
2578175.238095
2028150.476190
2017270.476190
2362819.047619
2405280.000000
2132446.190476
2197965.714286
2686299.047619
3009240.000000
3088561.904762
2827247.619048
2006670.476190
3041250.000000
2215304.761905
2467723.809524
2604595.714286
3077849.523810
2498007.619048
2830870.000000
2719224.761905
2547478.095238
2007164.285714
2595410.000000
2243147.619048
2761975.714286
2757348.571429
2518186.666667
3102923.809524
3132200.000000
2870195.714286
2079887.619048
2279643.809524
2434246.190476
2713236.190476
3126048.571429
3023883.809524
2223691.428571
2032373.809524
3040019.047619
2962258.095238
2620167.619048
2724948.095238
2491550.000000
2739729.523810
2856211.904762
2755665.714286
2749381.904762
1649930.476190
2967003.809524
3083893.809524
1884846.666667
1881838.095238
2482398.095238
2403181.904762
2918016.190476
2406551.904762
3138513.809524
3086324.285714
2946575.714286
3189468.571429
2265120.000000
2392673.809524
2418312.380952
2846904.285714
2932301.904762
3260706.190476
2180600.000000
1920970.000000
2392011.904762
2524350.000000
2429936.190476
3698351.428571
2506034.285714
2733798.095238
2919190.000000
3415130.000000
2479748.095238
3754198.095238
2990477.619048
2323796.190476
2211768.095238
2821251.428571
3219228.095238
2863480.000000
2662287.619048
2579593.333333
2446577.142857
2559304.761905
2693723.809524
2728339.047619
1938280.000000
2217822.380952
2739137.619048
2667441.904762
3317227.619048
2973270.000000
2488444.285714
2151395.714286
2238347.619048
2388230.000000
2582881.904762
2814734.285714
2599631.904762
2763102.380952
2317297.619048
2662118.095238
3787576.190476
1917035.714286
1777802.380952
2354941.904762
2457851.904762
2703173.809524
3268885.714286
2259263.809524
2537863.809524
3028870.000000
2763243.809524
2661213.809524
2287838.095238
2906347.619048
2221920.000000
2320662.380952
2587682.380952
2569140.952381
2474597.142857
2937592.380952
2610687.619048
2105517.619048
2495337.619048
2435575.238095
2710316.190476
2513144.761905
2755140.000000
2503059.047619
2609374.285714
2561031.904762
2705761.428571
2306850.952381
2370583.809524
2898151.904762
2448156.190476
2374206.190476
2885235.714286
2598406.190476
2494196.190476
2324436.190476
2952364.285714
2297875.714286
2515228.095238
3319744.285714
3390275.238095
2938315.714286
3439306.190476
3844535.714286
3399548.095238
2677288.095238
2950378.095238
3138310.952381
2794811.428571
2838135.238095
3539082.380952
2624118.095238
2871564.285714
2914500.000000
3216438.095238
3132944.285714
2852260.952381
3154329.523810
3089880.000000
2969958.095238
1918392.380952
2621716.190476
3433740.952381
2703761.904762
2804600.000000
3397133.809524
3085768.095238
2818200.952381
3167417.142857
3057464.761905
2035824.761905
2264249.523810
2333106.666667
2222367.619048
3021346.190476
3544350.952381
3540308.095238
3564978.571429
3128831.904762
3001128.571429
3424590.952381
2884755.238095
2981666.666667
2796161.904762
3181752.380952
3095628.095238
2245017.142857
2660929.523810
2688464.285714
2822725.714286
2057120.000000
2400940.000000
2420182.857143
2349718.095238
2708996.190476
2314494.285714
2343064.761905
2859720.000000
2609998.571429
2783810.000000
2684688.095238
2224950.000000
2618881.904762
2801574.285714
2950952.380952
2908057.142857
2649628.571429
2401661.904762
2860334.761905
2332908.571429
2668203.809524
2717168.095238
2250960.000000
3654662.380952
2929532.380952
3519828.095238
4000631.904762
2692758.095238
3062121.904762
2805684.285714
2053265.238095
2019700.000000
2358506.190476
2587687.619048
3091696.190476
3000890.476190
2663596.190476
2128308.095238
2242796.190476
2250059.523810
2195784.761905
2329582.857143
2507951.904762
2212830.476190
2377316.190476
2757946.666667
3052720.000000
2581896.190476
3614539.047619
3660979.047619
3274991.904762
4272975.238095
2941806.190476
2769270.476190
3424297.619048
3086051.904762
2840409.523810
2508043.809524
2429595.714286
3137411.428571
2727127.619048
2534383.809524
2619838.095238
2654220.952381
2888928.095238
2390560.000000
3089794.285714
2898580.952381
3121110.000000
3599108.571429
3464651.904762
3115076.190476
2749128.095238
3515824.285714
3472832.380952
2142955.714286
2408542.380952
2264267.619048
2880156.190476
2329013.809524
3350880.000000
3520401.904762
3089098.095238
3024723.809524
2900060.000000
3566319.047619
2922248.095238
3182757.142857
2831885.714286
3146778.095238
3210093.809524
2832478.095238
3263896.190476
2463430.000000
3069564.285714
2274571.904762
2425311.904762
2651032.857143
3352775.238095
1936558.095238
2413071.904762
2816041.904762
3388091.904762
3414430.476190
2804393.809524
3133530.952381
2433551.904762
2890637.619048
2819251.904762
2858128.095238
2629510.000000
3166333.809524
2317418.095238
2448943.809524
2410820.000000
2786360.000000
2546080.000000
2563350.000000
3350848.095238
3154301.904762
2911570.000000
2792966.190476
2933108.095238
2460380.000000
2907336.190476
2433140.000000
2176126.190476
2651321.904762
2537475.238095
2296628.095238
2464548.095238
2062488.095238
2456487.619048
2388982.857143
2151624.761905
3355596.190476
2780488.571429
2346125.714286
2734736.666667
2449232.857143
2721371.428571
3423578.095238
2604314.285714
2418334.285714
2173920.000000
2394499.047619
2632253.809524
3018598.095238
3152367.619048
2347558.095238
2344463.809524
2832205.714286
2735391.904762
2862750.476190
2612931.428571
2260918.095238
1984851.904762
2711881.904762
2692008.095238
2157263.809524
3005779.523810
2636976.666667
2539558.095238
1932010.000000
2377296.190476
2709706.190476
2917362.380952
2330077.142857
2094599.047619
2147441.904762
2036356.190476
2092196.190476
2800825.714286
2254927.619048
1916733.333333
2104346.190476
1893699.047619
2216548.095238
2521834.285714
2530011.904762
2732189.047619
2561056.666667
2408354.761905
2693043.333333
2202041.904762
2617770.000000
2605780.000000
2128621.904762
2841830.000000
2688841.904762
3234257.619048
2666923.809524
2353490.952381
3146189.523810
2715718.571429
2837691.428571
2764998.095238
2768666.190476
3738236.190476
3633779.523810
2744243.333333
2221649.523810
2494433.809524
2909363.809524
3341990.476190
2450351.904762
3324045.714286
3491005.714286
2836563.809524
3008968.095238
2156881.904762
2097043.809524
2822053.809524
2526815.238095
2578218.095238
2767190.476190
2709223.809524
2653257.142857
2768468.095238
3002382.857143
2798850.000000
2507281.904762
2319832.380952
2789716.190476
2332528.095238
2513204.761905
3697503.809524
3065017.619048
2691077.619048
2474970.000000
2291440.000000
2254971.904762
2368370.952381
2197253.809524
2308659.047619
2196740.952381
2266255.714286
2364311.904762
2789533.333333
2424903.333333
2702552.380952
2585062.857143
2392770.000000
2734160.000000
3241598.095238
2676941.428571
2220700.000000
1951986.190476
2034804.285714
2400653.809524
3140610.000000
2111880.000000
2111531.904762
1969758.095238
1864456.190476
2035566.190476
2922334.285714
2852710.476190
2562009.523810
2506571.428571
2750845.714286
2621900.952381
2969699.047619
2394020.952381
2841440.000000
2320632.380952
2887811.904762
2848168.095238
2342986.666667
2854760.000000
2976876.190476
2973072.380952
2738748.571429
2948744.761905
3078022.857143
2395704.761905
2425422.857143
2302336.666667
2566857.142857
2465569.523810
2434077.619048
2109961.904762
2588115.714286
2273256.190476
2112301.904762
2148746.190476
2101791.904762
2042994.285714
2330581.904762
3079505.714286
2095556.190476
1648206.190476
2108440.000000
1992986.190476
2948908.095238
2564308.095238
2112621.904762
1913538.095238
1976582.380952
1967245.714286
2367890.000000
2387258.571429
2589774.285714
2397476.190476
2699493.809524
2503680.000000
2753116.666667
1994386.666667
2018697.142857
2229531.428571
2257066.666667
2432390.952381
3182742.857143
3003792.380952
2545140.000000
2576097.142857
2524775.238095
2426944.761905
3091786.666667
2236782.857143
2116613.333333
2295491.428571
2695405.714286
2697491.428571
2763897.142857
2953921.904762
2566343.333333
2151470.476190
2016182.857143
2033971.904762
3097531.428571
2532417.619048
2141683.809524
2115272.380952
2143642.857143
2046230.000000
2230761.904762
2853004.285714
2259500.000000
2291250.000000
2837894.285714
2895791.904762
2703846.190476
1880410.000000
2571801.904762
2844910.000000
2090203.809524
2678158.095238
2679702.380952
2937226.190476
2407851.904762
1734753.809524
1762445.714286
2665710.000000
2340228.095238
3113256.190476
2569662.380952
2524515.714286
2771650.000000
2813630.000000
2755033.809524
2560991.904762
2001296.190476
2081080.000000
2435796.190476
3153875.238095
2369633.809524
2915968.571429
2416040.952381
2852938.571429
2908383.809524
2928771.904762
2843378.095238
2510938.095238
2261816.190476
2300363.809524
2339720.000000
2493010.952381
2424656.190476
2736687.619048
2339750.476190
2467003.809524
2623423.333333
2879670.476190
2489714.285714
3571910.476190
3401960.000000
3631059.047619
3368076.190476
3649647.619048
3870541.428571
2491018.095238
2596788.095238
2991491.428571
2890083.809524
3156440.000000
1891265.714286
2272451.428571
2181640.000000
2629921.904762
2951432.380952
2235009.523810
3039601.904762
3346540.000000
2523489.523810
2902218.095238
1999969.523810
2649116.190476
2282419.047619
2721032.380952
2519678.095238
2705147.619048
2776638.095238
2761345.238095
3033666.666667
2709771.428571
2061340.952381
2329106.190476
2326668.095238
2486637.619048
2590834.761905
2515046.190476
1782868.095238
2561304.285714
2645866.666667
2608211.904762
2663179.047619
2299359.523810
2675108.571429
2439251.428571
2616265.714286
2591320.000000
3172558.571429
2318159.047619
1815243.809524
2609776.190476
2955100.000000
3271915.714286
3305896.190476
3253694.285714
2834456.190476
2319150.000000
2262794.285714
2500579.047619
3274520.952381
2499340.000000
3037445.714286
2413222.380952
2211657.142857
2685320.000000
3037790.476190
2484944.761905
2435108.571429
2346285.714286
2657942.857143
2648043.809524
3525664.761905
2843369.523810
3123925.714286
2846944.761905
2805104.761905
3072145.238095
2640520.000000
2339300.000000
2785240.000000
2332003.809524
2367819.047619
3071604.285714
2415125.714286
2265257.142857
2418341.904762
1877782.857143
2451883.809524
2477925.714286
2789661.904762
3435727.619048
3360710.000000
2452862.380952
2450771.428571
2453514.285714
2331663.809524
2766463.809524
2658605.714286
2414626.190476
2430238.095238
2789541.904762
2718678.095238
2194538.095238
2454128.571429
2197628.095238
2236615.714286
2004617.619048
2542814.285714
2664685.714286
2677809.523810
2042683.809524
1971068.095238
2206230.000000
2150331.904762
2271514.285714
2297681.904762
2365324.285714
2388061.904762
2487738.095238
2562438.095238
3351370.000000
2132233.809524
2088507.142857
2173750.000000
2213410.000000
2562060.000000
3000062.857143
2496070.000000
2118060.952381
1753900.000000
2079068.095238
2388774.761905
3240912.857143
3345316.190476
3350718.095238
3267210.000000
3997473.333333
3178899.523810
2677385.714286
3027793.333333
2013287.619048
2478028.095238
3079445.714286
2846588.095238
1968611.904762
2711843.333333
2909050.000000
2242847.142857
2215763.809524
2683128.095238
2698998.095238
2370573.809524
2461173.333333
2442197.619048
2197313.809524
2983231.428571
2063422.857143
2700244.285714
2071571.428571
2251401.904762
2423388.571429
2815773.333333
2340011.428571
2636409.523810
2196099.047619
2362110.476190
2314302.857143
2575370.000000
3247112.380952
2358877.619048
2581169.523810
2505761.904762
2526857.142857
2841460.000000
2695260.000000
2200620.000000
3220979.047619
2694632.380952
2193619.047619
3691856.190476
2480809.523810
2819450.000000
3222441.904762
3059090.476190
3117777.142857
2829838.095238
2134095.714286
2798987.619048
2611076.190476
3398062.857143
2759440.000000
2895562.380952
2901815.238095
3327329.523810
2975762.380952
3438655.714286
3485821.904762
3422088.571429
2222326.666667
2757136.190476
2683565.238095
3088330.000000
2539978.095238
3027091.904762
2538750.000000
2990000.000000
2704346.190476
2644216.190476
2540226.190476
2331253.809524
2586524.285714
2356493.809524
2563096.190476
3657254.285714
2569614.285714
1829770.000000
2132993.809524
2136327.619048
2256054.761905
2710763.809524
2919048.571429
2144466.666667
2079609.523810
2369429.047619
2054874.285714
2731260.000000
1968628.095238
2043147.619048
1756702.857143
1880660.952381
2679476.190476
2577624.761905
2088697.142857
2778556.666667
2101805.714286
2138630.476190
2036567.619048
2553090.476190
2248264.761905
2664971.428571
2472661.428571
2696285.238095
2981190.476190
2264895.238095
2655598.095238
2957191.904762
2074240.000000
1954911.904762
2302270.476190
2345059.047619
2033494.285714
3160604.285714
2125407.619048
2320450.000000
2476073.809524
2373133.809524
3083459.047619
2868247.619048
2569044.285714
2101362.857143
2662693.333333
2824982.857143
2780984.761905
2504828.095238
2521539.047619
2575161.904762
2374933.333333
2743067.619048
2123268.095238
2803473.809524
2865689.523810
2740268.095238
3038596.190476
3149748.095238
2766648.095238
3504719.523810
2036515.714286
2334544.761905
2890907.619048
2794331.428571
2955607.619048
2559942.857143
2206624.761905
2543900.000000
2298008.095238
2408103.809524
2876346.666667
2120813.333333
2502154.761905
2871401.904762
3011255.714286
3270077.619048
2798106.666667
2185891.428571
3007880.000000
1958299.047619
2317021.428571
2329790.952381
2649499.047619
2417531.428571
2217320.000000
2744438.095238
2599820.952381
2516095.238095
3506219.047619
2483060.952381
2470020.952381
2678220.952381
2283365.714286
2497880.000000
2610954.285714
2658971.428571
3022758.095238
3600894.285714
3357363.809524
3899925.714286
2163066.666667
2841485.714286
2531087.619048
1744043.809524
2185129.523810
2813346.666667
3045557.619048
2856363.809524
2169253.809524
2846849.523810
2806346.666667
2213480.000000
1946179.047619
2072246.190476
1959380.000000
2508070.476190
2002975.238095
1801857.142857
2106472.380952
2554581.904762
3058073.809524
2838729.523810
2550125.714286
2667540.952381
2311037.619048
1947776.190476
2385358.095238
2404680.000000
2255367.619048
2288007.142857
2428512.380952
2642560.000000
2864940.952381
1946341.904762
2643348.571429
2560308.571429
2038358.095238
2464631.904762
2742001.904762
2695139.523810
3108898.095238
2293615.238095
2765577.142857
3009014.285714
2995016.190476
3349176.190476
2566274.285714
3312839.047619
3611676.190476
1994061.904762
1921468.571429
3142465.714286
1726471.904762
2288231.904762
2609173.809524
2872098.095238
2582551.904762
2639554.285714
2454408.095238
2355373.809524
1955106.190476
2640728.095238
2772805.714286
2338455.714286
2871281.904762
2792270.000000
2768448.095238
2252183.809524
2749463.809524
2393568.095238
3452620.000000
2444165.714286
2525310.000000
2225511.904762
2263141.904762
1770231.904762
1799165.714286
3096016.190476
1813918.095238
1935701.904762
2746010.000000
2840913.809524
2884661.428571
2381643.809524
2405660.952381
2587085.714286
2437086.666667
2509229.523810
2390266.666667
2912302.857143
1851314.285714
2054041.904762
2120535.238095
2339390.476190
2436727.619048
2478569.523810
2758415.238095
2862721.904762
2871411.428571
2680645.714286
3335386.666667
2223722.857143
2280659.047619
2549444.285714
2705748.571429
2594780.000000
2269460.952381
2870558.095238
1969041.904762
2687784.285714
2843666.666667
2755035.238095
2851165.714286
3370579.047619
2999529.523810
2890648.571429
3089316.190476
2399862.857143
2733792.380952
2242118.095238
2538089.523810
2573752.380952
2778089.523810
2993996.666667
2029515.238095
2168228.095238
2669681.904762
2691986.666667
2245083.809524
3033361.904762
3361413.809524
2435644.285714
3615643.809524
2186538.095238
2123875.714286
2748912.857143
2776270.000000
2511960.000000
2657791.904762
2526088.095238
3429411.428571
2158603.809524
2512827.619048
2542676.190476
2537660.952381
2291099.047619
2409024.285714
2728253.809524
2321600.000000
2683480.000000
2501367.619048
3016363.809524
2494718.095238
2306770.000000
2432342.857143
2491283.333333
2288748.571429
2745256.190476
3081473.809524
2041661.904762
2270689.523810
2238121.904762
2377333.809524
2407214.761905
3127656.190476
3357097.142857
2905040.000000
2732919.047619
3181971.428571
3233983.809524
1631375.238095
1757948.095238
2177270.000000
2268952.380952
3156941.428571
2670126.666667
3154144.761905
3568687.619048
2749798.571429
2850216.190476
2066074.285714
2698320.476190
2145643.809524
2127740.952381
2710586.666667
2687433.809524
3021096.190476
2819742.857143
2646800.000000
3236660.000000
2268620.952381
2476860.952381
2485664.285714
2488860.000000
2589691.428571
2566520.000000
2518415.238095
2325631.904762
2408430.476190
2512567.619048
2855991.904762
2546470.476190
2057480.952381
1847233.809524
2103356.190476
2624935.238095
3486612.380952
2777670.952381
2536986.190476
3348170.000000
2956841.904762
2971626.190476
3795356.190476
2895592.380952
2294260.952381
2574380.952381
2850330.952381
2757299.047619
3605808.571429
2721571.904762
2637687.619048
2769548.571429
2502511.904762
2622346.190476
3300910.476190
2525865.238095
2817939.523810
2613809.523810
3068880.000000
3213528.095238
3394636.666667
3182960.000000
2592760.000000
2792701.904762
3000238.095238
2599316.190476
3307116.190476
2382935.238095
2251211.904762
2132653.809524
2414355.714286
2509889.047619
3897978.095238
2375330.000000
2734666.666667
1875824.285714
2331276.190476
2318693.333333
3054365.714286
3203526.190476
3029700.952381
2979045.714286
3096042.380952
3810179.047619
3619015.238095
2878149.047619
2877549.523810
3332780.476190
3167365.238095
3798637.142857
6032082.380952
5689362.857143
5753680.000000
2209137.619048
3791493.333333
3902786.666667
3553133.333333
4306024.761905
3967793.809524
3233189.523810
2893011.428571
2988806.666667
4052416.190476
3105309.523810
3209775.238095
3634436.190476
3060870.000000
3153238.095238
3824177.142857
3200779.047619
2408763.809524
3097944.761905
3288697.142857
3775638.095238
4301851.428571
4011087.619048
3996007.619048
3088739.047619
3408850.000000
3939418.095238
2309583.809524
3819428.095238
3990974.761905
3202481.904762
2847613.809524
3376472.380952
3197556.666667
2839010.952381
2504936.666667
3264351.428571
2159711.904762
3100507.619048
2816495.238095
3278911.904762
3232193.809524
3325465.238095
2154920.000000
2543691.904762
2845593.809524
2840540.000000
3518112.380952
2661526.190476
2790341.904762
3069811.904762
3612575.238095
3591280.000000
2686982.857143
2578380.000000
2157200.000000
2196291.428571
3348359.047619
3396780.000000
2095337.142857
2530192.380952
2804616.190476
2685818.095238
3457017.142857
3686521.904762
4354238.095238
3775123.809524
3407937.142857
3250626.666667
3521500.952381
2512786.666667
2757148.571429
2889177.142857
3282855.238095
3051441.904762
3782987.619048
1992222.857143
2856923.809524
3025238.571429
3130422.857143
3458481.904762
2994944.761905
3041205.714286
3861952.380952
2993636.190476
2255859.047619
2996571.428571
3242524.285714
4384160.476190
3303817.142857
2446758.095238
2665489.523810
3134222.857143
3475017.142857
3067579.523810
2848426.666667
3432864.761905
3094328.095238
2929197.619048
3374057.142857
2404756.190476
2776735.714286
3256323.809524
3326850.952381
2424224.285714
2935513.809524
3333830.000000
2769886.190476
2240432.857143
3382919.047619
3271291.904762
2220041.904762
2748988.095238
2689067.619048
3667744.761905
2327432.380952
2660730.000000
2440060.000000
2299863.333333
2945814.285714
3912467.619048
2740584.285714
3582121.904762
2282916.190476
2380691.904762
2357206.190476
3677734.285714
2965712.380952
2395621.904762
2801142.380952
3613550.000000
2772716.190476
3766632.857143
2447664.761905
2600601.904762
3263433.809524
3102913.809524
3381870.476190
3256390.000000
3411491.428571
3798424.761905
2969240.000000
3265393.809524
2781179.047619
3521466.190476
2416460.952381
2324844.285714
3300449.047619
2704963.333333
2799106.666667
2951976.190476
2614727.619048
2660230.000000
2799480.000000
2966264.285714
2827088.095238
3782716.190476
3185286.666667
2641847.619048
2792990.000000
2539700.952381
2842098.095238
1960728.095238
2775394.285714
2959924.285714
2094292.857143
2831005.714286
2518236.190476
3356603.809524
3309669.523810
3032263.809524
2721578.095238
3306912.857143
3246451.904762
2688062.380952
2621421.904762
2693673.809524
3492895.714286
2632154.285714
2664461.904762
2843814.285714
2510758.095238
3032046.190476
2845496.190476
3267015.714286
2822418.571429
3249354.285714
2879630.000000
3704928.095238
3730481.904762
3036674.285714
2901139.047619
2557201.904762
2526398.095238
2901120.000000
3074718.095238
2554874.285714
2493872.857143
2570912.380952
2938045.714286
2938938.571429
3688967.619048
3670544.285714
2487350.476190
3082312.857143
2904901.428571
2810298.571429
2367099.047619
2994906.666667
2096209.523810
2530201.904762
2564872.380952
3212329.523810
3739392.380952
2972346.666667
3119984.761905
2703074.285714
2219700.952381
2012241.904762
3574081.904762
2696864.761905
3678874.285714
2604281.904762
2500773.333333
2764680.000000
2334961.904762
3446939.047619
2221847.619048
2704910.952381
2260988.571429
2547175.714286
2874321.428571
2658074.285714
2809146.190476
2209564.285714
2129697.142857
2429940.000000
2372125.714286
1823601.904762
3113970.000000
2129404.285714
3118768.095238
2070919.523810
2059004.761905
2643381.904762
2376206.666667
1889610.000000
2432607.619048
2462038.095238
3119840.000000
3121381.904762
2830058.095238
2842083.809524
2243048.095238
2631704.761905
2404526.190476
2282371.904762
2794832.380952
2865681.904762
2794838.095238
2878574.761905
2719687.619048
2554672.857143
3115594.285714
2545659.523810
3453346.666667
2904801.904762
2754803.809524
3253430.476190
1838121.904762
3018756.190476
2654105.238095
1794050.000000
2739408.095238
2598053.333333
2706887.619048
2247822.857143
2679490.000000
2675781.904762
1958447.619048
2279018.095238
2493112.380952
3073359.047619
3016320.000000
1882746.666667
2407297.142857
2316318.095238
2271644.285714
2385525.714286
3400733.333333
2892452.380952
1966651.904762
2643817.619048
2629637.619048
3037996.666667
2809213.333333
2547056.190476
2284518.095238
2107415.714286
2994533.333333
2835699.047619
2412043.809524
4163171.428571
2307498.095238
2451738.095238
2999197.619048
2176902.857143
2602503.809524
2718485.714286
2753360.000000
2647054.285714
2293392.380952
2910519.523810
2507824.285714
2350232.857143
2331876.190476
2245684.761905
2021123.809524
2415123.809524
2018560.000000
2033645.714286
2118620.000000
2332332.857143
2523310.476190
2457089.523810
2477121.904762
2532051.428571
2304998.095238
2724356.190476
3384903.333333
3136334.761905
3130529.523810
2833149.523810
2765014.761905
2484283.809524
3080289.523810
3007009.523810
3370316.190476
3732354.285714
3905980.952381
3933746.666667
1771744.761905
4414309.047619
3288383.333333
2061809.523810
2557938.571429
3437014.285714
3332150.000000
3138243.809524
2465548.571429
3385638.095238
2388537.619048
2696188.095238
2420881.904762
2684840.000000
2362554.285714
2892144.761905
2743652.380952
2541085.714286
3094965.714286
2042270.476190
2466253.333333
2836544.761905
2857142.857143
2538880.000000
2657925.238095
2387760.000000
2744230.476190
2454678.095238
2243323.809524
2795980.952381
3218060.476190
2833480.000000
2081342.857143
2662718.095238
3327539.047619
3408939.047619
1993664.761905
2455788.571429
2615830.476190
1926177.142857
2914706.666667
3355460.952381
2340582.857143
2124263.809524
2060238.571429
2575622.857143
1801066.666667
1649057.142857
2252182.857143
2412542.857143
2277971.428571
2722247.619048
2109910.952381
2227133.333333
1787697.619048
2057951.428571
2065825.238095
3130710.476190
2334898.095238
2339811.428571
2260192.380952
2278366.190476
2431670.000000
2708102.857143
2269518.571429
2214605.714286
2186217.142857
2239354.285714
2480081.904762
3240689.523810
3092556.190476
2053342.857143
2059980.952381
2327891.428571
2697104.761905
2793020.952381
3135491.428571
1978376.190476
2218969.523810
2211240.000000
2292704.761905
2356398.095238
3224121.904762
3312386.666667
2363264.761905
2655742.857143
2410274.285714
3071727.619048
1725078.095238
2069211.428571
2301649.523810
2429666.666667
2731133.333333
2418824.285714
2934310.476190
2595045.714286
2030032.380952
2059868.095238
1960276.190476
2292546.190476
2986672.380952
2463582.857143
2565408.095238
1978118.095238
2006306.666667
2556345.714286
3506990.952381
2828016.190476
2856560.952381
2537507.619048
2139860.952381
2081428.095238
3136285.714286
2216191.428571
2288915.238095
2154407.619048
2238655.238095
2624097.142857
2826666.666667
2282828.095238
3240028.095238
2494802.857143
2476260.952381
3082490.000000
2462271.904762
2818380.000000
2966707.619048
2822047.619048
2614581.428571
3072333.809524
3374698.095238
2366926.190476
3038866.190476
2799203.809524
2946144.761905
2369019.047619
2657071.428571
3092817.142857
3013047.619048
2660927.619048
3529851.428571
2760569.523810
2748952.380952
3131434.285714
2585998.571429
3496088.571429
2458247.142857
3150970.000000
2623140.000000
2920654.761905
3073841.428571
2337021.904762
2995464.761905
2854516.190476
3498685.238095
2781569.523810
3504483.333333
2865287.619048
2506102.857143
1893255.238095
2555653.333333
2485640.000000
2601697.142857
2647365.714286
2035845.714286
2199360.000000
2623396.190476
2476544.761905
2622531.428571
1968300.952381
2647299.047619
3269386.666667
3637470.476190
2038184.761905
2210958.095238
2540240.000000
2584592.380952
2179509.523810
2441434.285714
3095003.809524
2390607.619048
2330706.666667
2408219.047619
2733310.476190
2649100.952381
2061433.809524
2055488.095238
2194912.380952
2252390.476190
2754681.904762
2825665.238095
1784348.571429
2270110.476190
1966274.285714
2075577.142857
1899283.809524
2453935.714286
2523754.285714
2399807.619048
1948135.238095
2381395.714286
2281097.142857
2554783.809524
1668828.095238
1971894.761905
2103164.285714
2241473.333333
2838846.190476
3490598.095238
2128991.904762
2447768.095238
3045146.190476
2317525.714286
2571764.285714
2748328.095238
2453494.285714
1906288.095238
2042780.000000
2819318.095238
3073186.190476
2433483.809524
2893304.285714
3224288.095238
3023823.809524
2680440.000000
3005198.095238
1534550.000000
2792948.571429
2957058.095238
2765990.000000
2245100.000000
2251043.809524
1978876.190476
2975852.380952
2813066.190476
1948850.000000
2014649.523810
2483365.714286
2634630.476190
2501860.952381
3044984.761905
2691234.761905
2546424.761905
2613767.619048
2672999.523810
3072851.428571
2161028.571429
2246251.428571
2301563.809524
2805234.285714
2902746.666667
3031916.190476
2203754.285714
2257497.142857
2538965.714286
2361832.380952
2815155.714286
2685207.142857
2572765.714286
2505984.761905
2811998.095238
2431365.714286
2406641.904762
2743268.571429
2681916.190476
2430464.761905
2448354.285714
2427689.047619
2723120.000000
2637192.380952
2594531.904762
2787850.952381
2415249.523810
2705918.095238
2898136.190476
2670851.904762
2325060.000000
2040878.095238
2764230.476190
2291571.428571
3200944.761905
2184870.476190
2402810.952381
2093495.238095
2408413.333333
2652373.333333
2005087.619048
3290373.333333
2133655.238095
2379198.095238
2203746.666667
3339463.333333
3087482.857143
1723413.333333
2514097.142857
3029766.190476
2963877.142857
3389702.857143
3041946.190476
2555651.904762
2239810.000000
2781132.857143
2995569.047619
3051778.571429
2767019.047619
2842899.047619
3206793.809524
3043855.238095
2878060.476190
2426566.666667
2895897.142857
2953523.809524
2455608.095238
2725652.380952
2814841.904762
2681211.904762
3054457.142857
2851512.380952
2480206.190476
3123009.047619
3248454.285714
3658540.000000
2963342.857143
2465493.809524
2833970.000000
2756883.809524
3087308.571429
2946924.285714
3744511.904762
2943467.619048
1958831.904762
2560562.857143
2164263.809524
2431691.428571
3027696.190476
2679513.809524
2084690.000000
2564307.142857
2810843.809524
2815718.095238
3144040.000000
2521751.904762
2710658.095238
2256144.761905
2528787.619048
2834230.476190
2145623.809524
2495360.000000
2837088.095238
3770684.285714
3142231.904762
2966827.619048
2564813.809524
3457066.190476
2339888.095238
3453278.095238
3800360.000000
3616713.809524
3521701.904762
2018781.904762
2389941.904762
2469146.190476
3082005.238095
2814072.380952
1952404.761905
2166083.809524
2272465.238095
2835540.952381
2256571.428571
2568249.523810
2890433.333333
3439922.857143
3874382.380952
3234461.904762
3843908.095238
2994948.571429
2547790.476190
2531774.761905
3398168.571429
2347145.714286
2825187.619048
2478227.619048
2396356.190476
3434660.952381
2417339.047619
2983752.380952
2432582.857143
2487864.761905
3418670.476190
2400041.904762
1790594.285714
2898203.809524
2744436.190476
2330550.476190
2082015.238095
2372680.000000
2560331.428571
2363623.809524
2042525.714286
2126928.095238
1972900.000000
1972093.809524
2624602.380952
2421754.761905
1936520.000000
2221419.047619
2366609.523810
2726270.476190
2191386.666667
2267422.857143
2633969.523810
2255434.285714
2573424.761905
2624507.142857
2179182.857143
2791811.904762
2387778.571429
2131341.904762
2573610.000000
2159186.666667
2905648.095238
2380753.809524
2945242.380952
2537097.142857
2334702.857143
2500554.285714
2680046.190476
3014270.000000
2690044.285714
2743752.857143
1892021.904762
2345253.809524
2846690.000000
3186082.380952
2531129.523810
2434000.000000
2608447.619048
2023868.095238
2197152.380952
2831757.142857
2036386.666667
2944504.761905
2280872.380952
2541693.333333
2638219.047619
2492234.285714
2747104.761905
2428060.000000
3525440.952381
3363496.190476
2943259.047619
2489801.904762
1889610.000000
3011543.809524
2878185.714286
2490350.000000
2779334.285714
2899216.190476
3013600.000000
1763990.000000
3406284.285714
2634115.714286
2303201.904762
2607840.000000
2787834.761905
2832041.904762
2854428.571429
3116020.952381
2606176.190476
2256931.904762
2227154.285714
2371893.809524
3002729.523810
1942503.809524
2044533.809524
2962450.476190
2080761.904762
2322785.714286
2095151.428571
2645694.285714
2081614.285714
2583212.380952
2282828.095238
