1.000000
0.998000
0.784000
0.804000
0.392000
0.386000
0.078000
0.098000
0.100000
0.100000
0.764000
0.812000
0.756000
0.886000
0.416000
0.452000
0.060000
0.050000
0.020000
0.012000
0.846000
0.918000
0.816000
0.868000
0.426000
0.420000
0.010000
0.070000
0.046000
0.102000
0.804000
0.838000
0.772000
0.860000
0.474000
0.522000
0.006000
0.012000
0.066000
0.042000
0.840000
0.896000
0.796000
0.846000
0.418000
0.434000
0.058000
0.054000
0.088000
0.114000
0.774000
0.810000
0.738000
0.850000
0.450000
0.494000
0.060000
0.058000
0.054000
0.018000
0.778000
0.858000
0.828000
0.900000
0.412000
0.432000
0.008000
0.014000
0.070000
0.112000
0.788000
0.868000
0.742000
0.822000
0.424000
0.436000
0.104000
0.080000
0.086000
0.058000
0.784000
0.820000
0.754000
0.896000
0.424000
0.464000
0.086000
0.036000
0.056000
0.022000
0.822000
0.890000
0.794000
0.868000
0.422000
0.416000
0.032000
0.076000
0.060000
0.062000
0.788000
0.848000
0.768000
0.804000
0.496000
0.500000
0.084000
0.072000
0.070000
0.028000
0.740000
0.868000
0.756000
0.862000
0.434000
0.454000
0.048000
0.020000
0.108000
0.078000
0.778000
0.876000
0.784000
0.834000
0.414000
0.480000
0.032000
0.028000
0.092000
0.084000
0.780000
0.836000
0.810000
0.860000
0.438000
0.478000
0.074000
0.042000
0.058000
0.084000
0.826000
0.774000
0.844000
0.818000
0.442000
0.510000
0.008000
0.070000
0.008000
0.084000
0.812000
0.788000
0.880000
0.836000
0.434000
0.444000
0.042000
0.072000
0.038000
0.144000
0.822000
0.780000
0.808000
0.800000
0.424000
0.442000
0.072000
0.128000
0.038000
0.076000
0.822000
0.788000
0.842000
0.860000
0.422000
0.440000
0.010000
0.080000
0.018000
0.078000
0.872000
0.844000
0.822000
0.778000
0.428000
0.436000
0.026000
0.140000
0.080000
0.040000
0.852000
0.782000
0.830000
0.864000
0.416000
0.454000
0.018000
0.084000
0.014000
0.040000
0.886000
0.890000
0.824000
0.786000
0.444000
0.456000
0.014000
0.132000
0.028000
0.062000
0.832000
0.812000
0.810000
0.768000
0.484000
0.534000
0.012000
0.048000
0.100000
0.078000
0.748000
0.890000
0.780000
0.838000
0.430000
0.444000
0.044000
0.028000
0.116000
0.114000
0.834000
0.784000
0.830000
0.800000
0.420000
0.536000
0.012000
0.072000
0.014000
0.090000
0.798000
0.758000
0.882000
0.848000
0.432000
0.424000
0.060000
0.088000
0.008000
0.124000
0.810000
0.766000
0.832000
0.818000
0.400000
0.412000
0.080000
0.156000
0.022000
0.064000
0.860000
0.806000
0.806000
0.838000
0.406000
0.422000
0.024000
0.120000
0.008000
0.066000
0.874000
0.860000
0.806000
0.760000
0.462000
0.454000
0.026000
0.128000
0.042000
0.084000
0.826000
0.800000
0.832000
0.818000
0.422000
0.482000
0.014000
0.064000
0.054000
0.098000
0.870000
0.858000
0.812000
0.758000
0.408000
0.458000
0.022000
0.124000
0.044000
0.102000
0.812000
0.766000
0.842000
0.804000
0.468000
0.508000
0.022000
0.060000
0.014000
0.100000
0.814000
0.798000
0.850000
0.804000
0.402000
0.442000
0.046000
0.096000
0.056000
0.126000
0.822000
0.808000
0.800000
0.790000
0.418000
0.452000
0.056000
0.112000
0.026000
0.086000
0.816000
0.780000
0.840000
0.836000
0.440000
0.448000
0.014000
0.072000
0.022000
0.112000
0.858000
0.814000
0.836000
0.786000
0.414000
0.436000
0.048000
0.150000
0.016000
0.074000
0.820000
0.784000
0.804000
0.820000
0.460000
0.504000
0.026000
0.082000
0.024000
0.080000
0.842000
0.854000
0.840000
0.780000
0.424000
0.428000
0.014000
0.104000
0.128000
0.090000
0.748000
0.834000
0.814000
0.878000
0.458000
0.464000
0.040000
0.024000
0.040000
0.110000
0.764000
0.828000
0.220000
0.160000
0.588000
0.654000
0.708000
0.574000
0.486000
0.570000
0.064000
0.032000
0.166000
0.388000
0.722000
0.752000
0.714000
0.544000
0.444000
0.544000
0.064000
0.042000
0.192000
0.382000
0.702000
0.756000
0.688000
0.580000
0.454000
0.512000
0.082000
0.072000
0.186000
0.384000
0.700000
0.766000
0.652000
0.532000
0.488000
0.528000
0.092000
0.072000
0.194000
0.356000
0.718000
0.796000
0.656000
0.556000
0.462000
0.526000
0.052000
0.052000
0.220000
0.352000
