3039444.285714
2074661.428571
1976390.000000
1896618.095238
1840634.285714
2013398.095238
2092515.714286
1906004.285714
1870798.095238
1973169.523810
2016891.904762
1744313.809524
1898917.619048
1958327.619048
2023674.285714
1971372.380952
2028770.000000
1891213.809524
1899071.904762
1816680.000000
1975331.904762
1970596.190476
1795245.714286
1699040.000000
1771302.857143
1955206.190476
1783758.095238
2475037.619048
1905877.142857
1897792.380952
1898194.285714
1685768.095238
1590111.904762
1655900.476190
1778124.285714
1559372.857143
1512592.857143
1532251.428571
1638226.666667
1656232.380952
1659790.476190
1714939.047619
1912131.428571
1551603.809524
1496893.333333
1562112.380952
1668838.095238
1646392.380952
1674226.666667
1847276.190476
1451194.285714
1566462.857143
1546348.571429
1541270.476190
1661453.333333
1667828.571429
1663577.142857
1664929.523810
1525356.190476
1674769.523810
1501689.523810
1617396.190476
1691691.428571
1605405.714286
1665752.380952
1672600.000000
1598653.333333
1618914.285714
1623931.428571
1634034.285714
1689312.380952
1682014.285714
2013310.476190
1695376.666667
1733601.904762
1699046.666667
1648783.333333
1633836.190476
1613531.428571
1585567.619048
1662500.952381
1690255.238095
1669005.714286
1677990.476190
1612285.714286
1582308.571429
1605929.523810
1630603.809524
1664462.857143
1644160.000000
1709173.333333
1695499.047619
1681499.047619
1565988.571429
1575133.333333
1558769.523810
1726457.142857
1744579.047619
1560417.142857
1722937.142857
1595600.000000
1561899.047619
1566986.666667
1639318.095238
1726165.714286
1683731.428571
1701072.380952
1678331.428571
1542796.190476
1559497.142857
1520910.476190
1594180.000000
1576852.380952
1671274.285714
1596302.857143
1629497.142857
1730194.285714
1654148.571429
1668512.380952
1698504.761905
1700388.571429
1601329.523810
1676619.047619
1601780.952381
1616645.714286
1591590.476190
1601093.333333
1705996.190476
1659546.666667
1661495.238095
1780109.523810
1657615.238095
1687434.285714
1578068.571429
1744992.380952
1820249.523810
1700348.571429
1629064.761905
1759542.857143
1482476.190476
1551099.047619
1731777.142857
1702415.238095
1663539.047619
1764748.571429
1577403.809524
1609931.428571
1694830.476190
1728102.857143
1653215.238095
1814660.952381
1835213.333333
1792714.285714
1737672.380952
1686933.333333
1678598.095238
1669180.952381
1706613.333333
1564554.285714
1693811.428571
1741379.047619
1755354.285714
1919040.000000
1861580.000000
1887011.904762
1809690.000000
1773480.000000
1806554.285714
1788196.190476
1737306.666667
1718177.142857
1549396.190476
1704425.714286
1624858.095238
1524120.000000
1733778.095238
1663256.190476
1634809.523810
1774631.428571
1819418.095238
1558560.476190
1620986.190476
1780049.523810
1631880.000000
1765861.904762
1691359.047619
1712249.523810
1572529.523810
1752520.000000
1600685.714286
1794431.428571
1775160.952381
1553668.571429
1633430.476190
1607072.380952
1699866.666667
1706448.095238
1792371.904762
1605256.190476
1714741.904762
1449110.476190
1614678.095238
1636733.333333
1723977.142857
1709878.095238
1754565.714286
1722548.571429
1725834.285714
1595664.761905
1747407.142857
1786758.095238
1766931.904762
1672432.380952
1688115.714286
1707266.190476
1677328.095238
1630260.000000
1452236.190476
1651712.380952
1573401.904762
1711803.809524
1733615.238095
1789121.904762
1702180.000000
1762224.285714
1766424.285714
1743820.000000
1458255.714286
1628026.666667
1641192.380952
1734493.333333
1741683.809524
1804898.095238
1843632.380952
1725480.000000
1652935.238095
1548176.190476
1642888.571429
1554563.809524
1739820.952381
1737007.619048
1802900.476190
1704221.904762
1674528.095238
1504804.285714
1616178.095238
1528582.857143
1706142.857143
1707758.095238
1530712.380952
1624040.000000
1521295.238095
1599960.000000
1647706.666667
1559032.380952
1713211.428571
1599118.095238
1706778.095238
1630026.190476
1433170.000000
1675936.190476
1702351.904762
1762979.523810
1768535.238095
1755881.904762
1548492.380952
1634846.190476
1699550.000000
1628440.000000
1610580.476190
1442575.238095
1622539.047619
1510579.047619
1686428.571429
1719118.095238
1699575.238095
1663920.000000
1429775.238095
1621525.714286
1616914.285714
1730819.523810
1751108.095238
1759724.285714
1795041.904762
1703131.428571
1590087.619048
1565804.285714
1653586.190476
1586270.000000
1752974.285714
1772193.333333
1739609.523810
1623986.666667
1586933.333333
1503934.761905
1635845.714286
1550968.095238
1729425.714286
1700480.952381
1533933.333333
1629045.714286
1446950.476190
1591558.095238
1639953.333333
1460975.238095
1662713.333333
1462650.000000
1695040.000000
1774380.000000
1764430.476190
1692470.476190
1732426.666667
1779859.047619
1791211.904762
1609536.190476
1716704.285714
1634735.238095
1640434.285714
1611055.238095
1705401.904762
1749175.238095
1775688.095238
1803801.904762
1758221.904762
1768446.190476
1760000.000000
1697621.904762
1864861.904762
1804405.714286
1780420.952381
1927733.333333
1601369.047619
1821847.619048
1775258.095238
1668557.619048
1823881.904762
1809201.904762
1832700.000000
1773373.809524
1683609.047619
1759973.333333
1780049.523810
1690021.904762
1911706.190476
1862525.714286
1960103.809524
1715678.095238
1665075.714286
1738830.000000
1741705.238095
1740441.904762
1690491.428571
1695518.095238
1769406.190476
1934070.000000
1833635.714286
1862764.285714
1722691.904762
1855591.904762
1833050.000000
1816290.000000
1756125.714286
1683843.809524
1764163.809524
1738697.142857
1661190.476190
1647914.285714
1573200.952381
1728004.285714
1887628.095238
1815006.190476
1820950.000000
1680730.000000
1725691.904762
1813347.619048
1641532.380952
1788474.285714
1681518.095238
1713835.714286
1707686.190476
1406150.000000
1397010.000000
1464858.571429
1418125.714286
1448548.571429
1372558.095238
1317047.619048
1361186.666667
1439988.571429
1418464.761905
1464980.952381
1487221.428571
1382068.095238
1317354.285714
1377992.380952
1381640.000000
1433222.857143
1458356.190476
1422188.571429
1382839.047619
1460661.904762
1410824.761905
1422219.047619
1384119.047619
1320383.809524
1382960.000000
1348087.619048
1361849.523810
1507455.238095
1692455.238095
1525045.714286
1709268.571429
1829328.095238
1855684.285714
1786711.904762
1761291.904762
1661418.095238
1805270.000000
1782270.000000
1728226.190476
1711900.000000
1726006.190476
1700495.714286
1605444.285714
1671716.190476
1830310.000000
1764356.190476
1699958.571429
1663146.666667
1522960.000000
1716926.666667
1774441.904762
1829230.000000
1800847.619048
1798423.809524
1672108.095238
1744718.095238
1627518.095238
1741116.666667
1707478.095238
1769361.904762
1645708.571429
1745854.285714
1705135.714286
1737843.809524
1710160.000000
1685361.904762
1810640.000000
1852632.380952
1734180.000000
1747915.714286
1665540.000000
1684446.190476
1488108.571429
1371249.523810
1181744.761905
1460653.333333
1329969.523810
1360426.666667
1321026.666667
1333832.380952
1288659.047619
1371179.047619
1230868.571429
1355984.761905
1330356.190476
1495466.666667
1491036.190476
1452537.142857
1341283.809524
1376654.285714
1378844.761905
1358929.523810
1459331.428571
1503150.476190
1445321.904762
1456344.761905
1293853.333333
1341769.523810
1359100.952381
1389806.666667
1423301.904762
1475725.714286
1479109.047619
1372448.095238
1419709.523810
1746348.571429
1568426.666667
1722243.809524
1869578.095238
1838470.000000
1708213.809524
1694969.047619
1560190.952381
1657256.666667
1675927.619048
1650265.714286
1694863.809524
1571291.904762
1716550.000000
1665296.190476
1772911.904762
1728140.000000
1801633.809524
1803774.285714
1782771.904762
1729471.904762
1729622.857143
1598921.904762
1664548.571429
1742116.190476
1810742.380952
1792716.190476
1784936.190476
1743771.428571
1690822.857143
1564279.047619
1720818.095238
1711316.190476
1820023.809524
1793938.095238
1819332.380952
1793006.190476
1705670.000000
1548142.380952
1688228.095238
1694710.000000
1848517.619048
1809294.285714
1762496.190476
1641505.714286
1703210.000000
1566464.285714
1668744.761905
1790049.523810
1862885.238095
1821806.190476
1901732.380952
1836676.190476
1791740.000000
1822650.000000
1641304.285714
1813210.000000
1629350.000000
1711533.809524
1724065.714286
1749246.190476
1914842.380952
1817375.714286
1872625.714286
1794645.714286
1926643.809524
1845191.904762
1856617.619048
1749511.904762
1727071.904762
1820086.190476
1719758.095238
1740498.095238
1790858.095238
1734796.190476
1762670.000000
1888314.285714
1934765.714286
1896608.095238
1903318.095238
1841426.190476
1870326.190476
1829964.285714
1543734.285714
1708016.190476
1643574.285714
1783591.904762
2004519.523810
1891973.809524
1781158.095238
1818673.809524
1645851.904762
1595720.000000
1630325.714286
1726165.714286
1702326.666667
1706230.000000
1666436.190476
1862545.238095
1679815.238095
1607300.952381
1714520.000000
1630802.857143
1893166.190476
1885056.190476
1811718.095238
1711073.809524
1954470.952381
2235036.190476
2225687.619048
1914058.571429
1897582.857143
1672058.571429
1773854.761905
1736054.285714
1731781.904762
1717711.904762
1880103.809524
1834741.904762
1825033.809524
1931736.190476
1904124.285714
1829016.190476
1834190.000000
1810064.285714
1823661.904762
1631991.904762
1789201.904762
1757291.904762
1847647.619048
1901000.000000
1776201.904762
1761236.190476
1803570.000000
1687640.000000
1710898.095238
1807327.619048
1786513.809524
1828978.095238
1918411.904762
1879693.809524
1710921.904762
1711109.047619
1588415.238095
1789259.047619
1875816.190476
1777820.000000
1774150.000000
1714674.285714
1749146.190476
1671781.904762
1800394.285714
1823348.095238
1793608.095238
1892071.904762
1853614.285714
1884760.000000
1748800.000000
1755151.904762
1762425.714286
1645820.000000
1819378.095238
1715528.095238
1831831.904762
1739528.095238
1740913.809524
1697726.190476
1714216.190476
1908680.000000
1704747.619048
1752838.095238
1787550.000000
1806508.095238
1805693.809524
1543338.571429
1743320.476190
1762155.238095
1719958.095238
1670528.095238
1850390.000000
1877030.000000
1927427.619048
1947325.714286
1838498.095238
1839575.714286
1776900.000000
1779700.000000
1911650.000000
1957483.809524
1895840.000000
1893694.285714
1860334.285714
1795076.190476
1601818.095238
1849950.000000
1875320.000000
1874378.095238
1650888.095238
1901260.000000
1774981.904762
1735852.380952
1717175.714286
1694533.809524
1765946.190476
1844234.285714
1793785.714286
1878290.000000
1841366.190476
1882272.380952
1958770.000000
1843132.380952
1911536.190476
1814290.000000
1930078.095238
1788344.285714
1765956.190476
1687830.476190
1586833.333333
1769021.904762
1832345.714286
1755166.190476
1889667.619048
1633249.523810
1751268.571429
1701204.761905
1790711.904762
1830860.000000
1901850.000000
1812328.095238
1857005.714286
1836680.000000
1704731.904762
1729160.000000
1653653.809524
1808651.904762
1910674.285714
1834948.095238
1898538.095238
1801310.000000
1672186.190476
1777288.095238
1890421.904762
1941244.285714
1803896.190476
1883090.000000
1947886.190476
1710896.190476
1720646.190476
1861584.285714
1785818.095238
1804670.000000
1842998.095238
1784758.095238
1942220.000000
1803951.904762
1886080.000000
1834257.619048
1951568.095238
2212654.285714
2241278.095238
2414884.285714
1826257.142857
1769770.952381
1759116.190476
1837663.333333
1782417.619048
1700740.000000
1717545.714286
1801898.095238
1737088.095238
1817108.095238
2019444.285714
1850531.904762
1854273.809524
1898240.952381
1915344.761905
1801137.142857
1770314.761905
1783048.095238
1779596.190476
1893686.190476
1941844.285714
1905846.190476
1923071.904762
1876291.904762
1790588.095238
1785055.714286
1826510.000000
1817903.809524
1893554.285714
1922245.714286
1703451.904762
1829148.095238
1525328.095238
1841461.904762
1853086.190476
1905480.000000
1853671.904762
1808590.000000
1704210.000000
1914131.904762
1819164.285714
1775701.904762
1739116.190476
1725548.095238
1778032.380952
1817321.904762
1830131.904762
1786945.714286
1825851.904762
1944108.095238
1828051.904762
1913488.095238
1995333.809524
1881456.190476
1923784.285714
1814601.904762
1999561.904762
1785164.285714
1640705.714286
1737838.095238
1906916.190476
1705226.190476
1852358.095238
1826010.000000
1885420.000000
1822580.000000
1799826.190476
1745223.809524
1850993.809524
1754388.095238
1855913.809524
1801710.476190
1702779.047619
1708339.047619
1719792.380952
1626490.000000
1888355.714286
1780868.095238
1830075.714286
1959438.095238
1708981.904762
1800273.809524
1788886.190476
1730675.714286
1958591.904762
1866300.000000
1936650.000000
1959700.000000
1761491.904762
1788827.619048
1809308.095238
1759704.285714
1832261.904762
1887743.809524
1858695.714286
1819503.809524
1791638.095238
1697040.000000
1560621.904762
1723206.190476
1727464.285714
1691996.190476
1740762.857143
1720365.714286
1769240.000000
1855288.095238
1673041.904762
1801796.190476
1770104.761905
1602126.666667
1709860.000000
1892361.428571
1892033.809524
1825150.000000
1935751.904762
1686001.904762
1767542.857143
1506841.904762
1838219.523810
1762542.380952
1779486.190476
1919201.904762
1911781.904762
1772295.714286
1807366.190476
1701958.095238
1774806.190476
1831650.000000
1829517.619048
1892407.619048
1688714.285714
1515893.333333
1810277.142857
1773341.904762
1781853.809524
1724493.809524
1701511.904762
1779013.809524
1823634.285714
1750715.714286
1886607.619048
1835208.095238
1859363.809524
1806975.714286
1912767.619048
1617503.809524
1728360.000000
1642252.857143
1756712.857143
1848296.666667
1767996.190476
1858244.761905
1981195.714286
1783624.285714
1800767.619048
1729010.000000
1849448.095238
1905906.190476
1909034.285714
1920343.809524
1867330.000000
1730734.285714
1694876.190476
1797302.380952
1900300.000000
1639668.095238
1916528.095238
1776710.000000
1757550.000000
1741120.000000
1738668.095238
1728014.285714
1880816.190476
1847688.095238
1817926.190476
1823650.000000
1956228.095238
1801345.714286
1734694.285714
1737450.000000
1785633.809524
1803250.000000
1564683.809524
1762330.000000
1860031.904762
1908480.000000
1945342.380952
1919410.000000
1773101.904762
1848651.904762
1834028.095238
1811933.809524
1616815.714286
1747766.190476
1696058.571429
1805947.619048
1636219.523810
1750690.000000
1660603.809524
1682581.904762
1796406.190476
1769110.000000
1758232.380952
1755330.952381
1757120.000000
1569339.047619
1651606.666667
1533345.714286
1721129.523810
1758833.333333
1759447.619048
1833365.714286
1569238.095238
1848860.000000
1644378.095238
1573756.190476
1711786.190476
1628400.000000
1711841.904762
1646186.190476
1723620.000000
1752723.809524
1586216.190476
1523937.142857
1689967.619048
1593181.428571
1827591.904762
1665960.000000
1615720.000000
1783164.285714
1829135.238095
1672788.571429
1771485.714286
1710992.857143
1497873.809524
1595647.619048
1702367.142857
1636648.095238
1675168.095238
1691806.190476
1614976.666667
1513358.095238
1736093.333333
1842065.238095
1752341.904762
1735004.285714
1824866.666667
1610601.904762
1562259.047619
1659851.428571
1616520.000000
1577866.666667
1635194.285714
1730940.952381
1633483.333333
1722953.809524
1857401.904762
1581311.904762
1583183.333333
1595065.714286
1535980.000000
1715297.142857
1717152.380952
1733278.571429
1523664.285714
1639133.333333
1598466.666667
1573561.904762
1650996.190476
1705279.523810
1789768.095238
1841400.000000
1634760.000000
1693956.190476
1650306.190476
1673160.000000
1768857.142857
1627940.952381
1709255.238095
1631811.428571
1638857.142857
1634516.190476
1675066.666667
1624696.190476
1586913.809524
1678760.000000
1665513.809524
1735118.571429
1570527.619048
1689580.952381
1614076.666667
1702558.095238
1547406.190476
1674410.000000
1668321.904762
1733722.380952
1781954.285714
1831733.809524
1638870.476190
1598255.238095
1475112.380952
1473491.428571
1711251.428571
1651158.095238
1639963.809524
1638017.142857
1621430.476190
1574464.761905
1451360.000000
1597815.238095
1761226.190476
1794156.666667
1749958.095238
1539973.333333
1744971.428571
1745731.904762
1685820.000000
1738247.619048
1775233.809524
1756312.380952
1841580.000000
1863924.285714
1733178.095238
1714175.714286
1603880.000000
1722778.095238
1652859.047619
1584091.428571
1671691.428571
1732590.476190
1840742.857143
1710154.285714
1826214.285714
1732470.000000
1844761.904762
1641938.095238
1775017.619048
1763974.285714
1604933.333333
1604169.523810
1745171.428571
1777272.857143
1769603.809524
1779291.904762
1864870.000000
1767435.714286
1721801.904762
1758890.000000
1737438.095238
1704025.714286
1755298.095238
1855780.000000
1779655.714286
1698081.904762
1725435.238095
1680536.190476
1782348.095238
1809017.619048
1767058.095238
1679017.619048
1686979.047619
1672927.619048
2003470.476190
2018463.809524
2264273.333333
2327884.285714
2253986.666667
2157162.380952
2290118.571429
1773228.571429
1661729.523810
1745245.714286
1764310.952381
1793582.380952
1533121.904762
1785685.714286
1811790.000000
1783655.714286
1907713.809524
1771646.190476
1942096.190476
1903260.000000
1893258.095238
1805246.190476
1780883.809524
1657713.809524
1793034.285714
1722167.619048
1572301.904762
1787526.190476
1700327.142857
1695573.333333
1885306.666667
1896789.523810
1907638.095238
1807801.904762
1910156.190476
1892003.809524
1834371.904762
1762755.714286
1717045.714286
1787860.000000
1618261.904762
1905104.285714
1764200.000000
1758196.190476
2159212.380952
2027882.857143
2027522.857143
1642584.285714
1592254.285714
1684270.476190
1660813.333333
2095945.238095
1843911.428571
1506716.190476
1571152.380952
1564015.238095
1574238.095238
1483340.952381
1527693.333333
1600506.666667
1537569.523810
1613982.857143
1549683.809524
1609554.285714
1507398.095238
1522047.619048
1508998.095238
1496033.809524
1522474.761905
1496064.285714
1496269.047619
1554518.095238
1611617.142857
1620085.714286
1536181.428571
1563635.714286
1592331.428571
1519377.142857
1590645.714286
1527184.761905
1483770.000000
1507531.904762
1531673.809524
1628910.000000
1537541.904762
1681921.904762
1548487.619048
1510074.285714
1541529.523810
1432341.428571
1477681.428571
1526394.285714
1592965.714286
1487094.761905
1557948.571429
1358817.619048
1498927.619048
1377270.476190
1440982.857143
1419118.095238
1507112.380952
1592480.000000
1474348.095238
1434143.333333
1322453.333333
1426251.428571
1462407.619048
1528786.666667
1564398.095238
1523329.523810
1540337.142857
1392245.714286
1459817.142857
1368400.000000
1571672.380952
1616451.428571
1506112.380952
1516677.619048
1430023.333333
1517718.095238
1379132.857143
1446585.238095
1458083.809524
1456276.190476
1387064.761905
1511228.571429
1502092.857143
1513667.142857
1579767.619048
1447005.714286
1481992.380952
1511451.428571
1422558.095238
1531630.476190
1508838.095238
1487657.142857
1558158.095238
1528918.095238
1570102.857143
1414255.238095
1460670.476190
1526415.238095
1515091.428571
1466057.142857
1584664.761905
1370720.000000
1455689.523810
1351215.238095
1564030.476190
1572249.523810
1559567.619048
1581630.476190
1523483.809524
1495731.428571
1255152.380952
1424270.476190
1581342.857143
1498660.952381
1443060.952381
1432460.952381
1587835.714286
1557206.190476
1521779.047619
1575085.714286
1512237.142857
1597431.428571
1980453.809524
1947185.238095
1790592.857143
1708181.428571
1673788.571429
1636588.571429
1610259.047619
1848011.904762
1632553.809524
1831044.285714
1599431.904762
1648254.285714
1696456.190476
1810613.809524
1818328.095238
1741875.714286
1623396.190476
1607841.904762
1705240.000000
1727529.523810
1671345.714286
1666888.095238
2030244.285714
2038166.190476
2105877.619048
1878100.000000
2002652.857143
1696044.761905
1616377.142857
1851095.238095
1823160.000000
1770043.809524
1843111.904762
1744820.000000
1712397.619048
1751276.190476
1789660.000000
1693427.619048
1715088.095238
1693926.190476
1749515.714286
1841188.095238
1781920.000000
1847245.714286
1854201.904762
1832510.000000
1911496.190476
1835890.000000
1791383.809524
1705133.809524
1758521.904762
1782278.095238
1784708.095238
1925080.000000
1712173.809524
1782241.904762
1816407.619048
1798510.000000
1889210.000000
1685102.380952
1911821.904762
1738270.000000
1717751.904762
1870194.761905
1701007.619048
1653800.000000
1782782.380952
1908933.809524
1843285.714286
1802283.809524
1804761.904762
1791491.904762
1700263.809524
1746133.333333
1717862.857143
1823814.285714
1882035.714286
1843057.619048
1787170.000000
1719840.000000
1727952.380952
1701654.285714
1751775.714286
1847733.333333
1629297.142857
1876236.190476
1916803.333333
1878580.000000
1869180.000000
1797994.285714
1935833.809524
1730271.904762
1763244.285714
1722826.190476
1737263.809524
1654485.714286
1748484.285714
1801638.095238
1928390.000000
1802050.000000
1922790.000000
1868755.714286
1808043.809524
1835093.809524
1885432.380952
1847046.190476
1672050.000000
1600428.095238
1683575.714286
1822135.714286
1790513.809524
1865064.285714
1809678.095238
1815857.142857
1731737.142857
1690935.238095
1741074.285714
1713526.190476
1732253.809524
2254454.761905
2347021.904762
2174393.809524
1769201.428571
1807649.523810
1769243.809524
2025979.047619
1821971.904762
1806064.285714
1871433.809524
1721596.190476
1906420.000000
1830051.904762
1852591.904762
1908105.714286
1927081.904762
1900134.285714
1847370.000000
1791830.000000
1716951.904762
1692431.904762
1865796.190476
1762788.095238
1780426.666667
1731536.666667
1836378.095238
1821573.809524
1729901.904762
1801633.809524
1798398.095238
1704923.809524
1708578.095238
1663356.190476
1856787.619048
1801475.238095
1820561.904762
1868575.238095
1740588.571429
1560958.095238
1812915.714286
1763542.380952
1697958.095238
1810786.190476
1827124.285714
1857733.809524
1804983.333333
1665179.047619
1747040.000000
1720836.190476
1849229.523810
1876091.904762
1844695.714286
1581662.380952
1671870.000000
1729190.000000
1667184.285714
1745084.285714
1707855.238095
1754643.809524
1888215.238095
1566751.904762
1743868.095238
1580005.714286
1649681.904762
1799278.095238
1677314.285714
1690763.809524
1844446.666667
1802247.619048
1782638.095238
1717350.476190
1832960.000000
1764006.190476
1829290.000000
1845158.095238
1789998.095238
1730241.904762
1662828.095238
1720044.285714
1840450.000000
1814014.285714
1827176.190476
1898750.000000
1723100.000000
1786466.190476
1678280.476190
1698805.714286
1672425.714286
1817554.761905
1877208.095238
1808822.380952
1764750.000000
1715640.000000
1675648.095238
1745348.095238
1622760.000000
1591860.000000
1664915.714286
1567155.714286
1537691.904762
1540786.190476
1457718.095238
1580382.857143
1553053.333333
1611116.190476
1549038.095238
1453443.809524
1505603.809524
1472104.761905
1511992.380952
1524000.000000
1501631.428571
1419288.571429
1555424.761905
1560967.619048
1524660.952381
1532794.285714
1563849.523810
1555384.761905
1727796.190476
1600409.523810
1589373.333333
1566632.380952
1700638.571429
1595831.904762
1426904.285714
1534308.095238
1608748.571429
1463481.904762
1754262.857143
1799342.380952
1852278.095238
1741973.809524
1886851.904762
1859537.619048
1848045.714286
1687883.809524
1714760.000000
1780430.000000
1683996.190476
1787281.904762
1657516.190476
1864056.190476
1784786.190476
1630778.095238
1670621.904762
1701594.285714
1666283.809524
1774379.047619
1652140.952381
1816018.095238
1834258.095238
1635994.285714
1669248.095238
1671524.285714
1699361.904762
1865894.761905
1759573.333333
1740257.142857
1612693.809524
1770330.000000
1884078.095238
1744970.000000
1698564.285714
1721343.809524
1676480.000000
1704743.333333
1641349.523810
1533819.047619
1685457.142857
1837268.571429
1807991.904762
1758348.095238
1696711.904762
1767943.809524
1830463.809524
1777189.047619
1741260.952381
1646870.476190
1631668.571429
1723293.333333
1463213.333333
1701744.761905
1619577.142857
1832738.095238
1739578.095238
1859223.809524
1756458.095238
1795544.285714
1704678.095238
1751893.809524
1828366.190476
1747393.809524
1846661.904762
1763298.095238
1729018.095238
1685260.952381
1662251.428571
1735478.095238
1754788.571429
1568378.571429
1826920.000000
1715242.380952
1705954.761905
1698197.142857
1729238.095238
1731150.476190
1813561.904762
1665128.095238
1770938.095238
1730246.190476
1637208.095238
1810920.000000
1726373.809524
1877086.190476
1814392.380952
1754546.666667
1744300.952381
1708920.000000
1660286.190476
1754798.095238
1781212.380952
1657491.904762
1766200.000000
1703980.000000
1811031.904762
1911180.000000
1913360.000000
1896208.095238
1770695.714286
1825408.095238
1730157.619048
1750813.809524
1873650.000000
1810896.190476
1910285.714286
1930826.190476
1705456.190476
1808414.285714
1596388.095238
1845646.190476
1925153.809524
1789504.285714
1817760.000000
1809406.190476
1725404.285714
1808428.095238
1729518.095238
1785348.095238
1893130.000000
1787465.714286
1807557.619048
1735281.904762
1815228.571429
1672548.571429
1779949.047619
1555625.714286
1684508.095238
1563503.809524
1744374.285714
1821980.952381
1720358.095238
1773238.095238
1838012.380952
1695130.000000
1740708.095238
1695997.619048
1799361.904762
1705233.809524
1737574.285714
1808385.714286
1797140.000000
1924290.000000
1804250.000000
1918844.285714
1784398.095238
1707960.000000
1746306.190476
1611420.000000
1895880.000000
1882714.285714
1725500.000000
1934313.809524
1674608.095238
1686040.000000
1709500.000000
1803158.095238
1826620.000000
1997628.095238
1947534.285714
1906268.095238
1803847.619048
1823701.904762
1779788.095238
1791194.285714
1840903.809524
1821963.809524
1816806.190476
1620925.714286
1704298.095238
1669243.809524
1721270.476190
1651443.809524
1768583.809524
1788348.095238
1805008.095238
1855090.000000
1898938.095238
1860311.904762
1789872.380952
1834406.190476
1769144.285714
1822740.000000
1793030.000000
1691606.190476
1724708.095238
1571837.142857
1535552.380952
1523518.095238
1478217.142857
1523845.714286
1601329.523810
1599186.666667
1579026.666667
1611704.761905
1633432.380952
1663045.714286
1630445.714286
1651895.238095
1543601.904762
1504184.761905
1661369.523810
1873569.523810
1803785.714286
1738950.000000
1883865.714286
1794301.904762
1693193.809524
1689654.285714
1708364.285714
1670090.952381
1725109.523810
1739816.190476
1793433.809524
1763193.809524
1711603.809524
1653286.666667
1677765.238095
1698822.857143
1861633.333333
1847778.095238
1836506.190476
1870238.095238
1766090.000000
1785983.809524
1785816.190476
1743245.714286
1679011.904762
1735713.809524
1632771.904762
1654561.904762
1700948.571429
1642133.333333
1729287.619048
1884607.619048
1839900.000000
1814350.000000
1994536.190476
1754995.238095
1810765.714286
1629672.380952
1811320.000000
1686523.809524
1682133.809524
1704175.714286
1770976.190476
1804012.380952
1827276.190476
1869320.000000
1835708.095238
1717586.190476
1705366.190476
1815013.809524
1848886.190476
1793101.904762
1827260.000000
1716796.190476
1672021.904762
1777970.000000
1711946.190476
1840702.380952
1817733.809524
1830090.000000
1831155.714286
1740531.904762
1651871.904762
1629183.809524
1561787.142857
1653298.095238
1736172.380952
1710645.714286
1773894.285714
1733205.714286
1601406.190476
1744943.809524
1755460.000000
1788336.190476
1790510.000000
1964970.000000
1669930.000000
1707678.095238
1725398.095238
1669362.380952
1734456.190476
1557880.000000
1731044.285714
1583460.476190
1691531.428571
1685737.142857
1863300.952381
1799175.714286
1888824.285714
1746280.000000
1716373.809524
1811234.285714
1916873.809524
1811897.619048
1811601.904762
1804522.380952
1793704.285714
1699351.904762
1656478.095238
1756058.095238
1873575.714286
1813185.714286
1893903.809524
1846556.190476
1648568.095238
1732787.619048
1761621.904762
1749993.809524
1782448.095238
1781380.000000
1801414.285714
1856696.190476
1774508.095238
1893968.095238
1768258.095238
1745175.714286
1680842.857143
1697754.285714
1673104.761905
1567504.761905
1701877.619048
1866061.904762
1770833.809524
1798416.190476
1757514.761905
1769803.809524
1733668.571429
1580853.333333
1674061.428571
1970852.380952
1955481.428571
2104102.857143
2187721.904762
1763129.523810
1740748.571429
1659521.904762
1738291.904762
1732241.904762
1844123.809524
1809540.000000
1864288.095238
1828425.714286
1764263.809524
1564608.095238
1709086.190476
1587618.571429
1788081.904762
1806388.571429
1934597.142857
1778734.285714
1727643.809524
1900731.904762
1712954.285714
1768568.095238
1721378.095238
1809160.000000
1829484.285714
1759456.190476
1697034.285714
1715852.380952
1755712.380952
1806227.619048
1833590.000000
1736113.809524
1714161.904762
1741885.714286
1806720.000000
1866032.380952
2016228.095238
1787921.904762
1701591.904762
1773767.619048
1818191.904762
1754258.095238
1735490.000000
1713265.714286
1769393.809524
1730113.809524
1800125.714286
1630602.380952
1768318.095238
1829518.095238
1824163.809524
1821610.000000
1886305.714286
1807025.714286
1790811.904762
1819140.952381
1825544.761905
1763100.952381
1918812.380952
1714158.095238
1780021.904762
1643781.904762
1790016.190476
1702638.095238
1695394.285714
1697565.714286
1740852.380952
1798971.904762
1858090.000000
1785183.809524
1820773.809524
1702461.904762
1690365.714286
1732581.904762
1793375.238095
1754718.095238
1776230.000000
1785128.095238
1823156.190476
1627380.000000
1995910.000000
1834507.619048
1803754.285714
1735288.095238
1740712.380952
1692736.190476
1675567.619048
1758424.761905
1501882.857143
1729590.000000
1696824.285714
1829584.285714
1810490.000000
1901894.285714
1759964.285714
2165963.333333
2213705.714286
2120418.571429
1768760.952381
1754906.666667
1762914.285714
1668171.428571
1859784.285714
1831445.714286
1811873.809524
1820640.000000
1677003.809524
1784668.095238
1767213.809524
1667364.285714
1772618.095238
1806828.095238
1895717.619048
1804560.000000
1682805.714286
1699990.000000
1735017.619048
1672946.190476
1808726.190476
1755741.904762
1744824.285714
1764478.095238
1744155.714286
1689608.095238
1720578.095238
1778321.904762
1809712.380952
1873362.380952
1664958.095238
1726326.190476
1929260.000000
1765526.190476
1807536.190476
1872350.000000
1815125.714286
1836450.000000
2005501.904762
1709473.809524
1663658.095238
1684330.000000
1775890.000000
1698291.428571
1473880.000000
1625586.666667
1750028.095238
1753956.190476
1817863.809524
1845568.095238
1755808.095238
1726563.809524
1624406.190476
1729738.095238
1679680.000000
1823680.000000
1793130.000000
1854277.619048
1737171.904762
1697751.904762
1693653.809524
1609658.095238
1784080.000000
1680015.238095
1746979.047619
1802874.285714
1669661.904762
1681594.285714
1570859.047619
1607805.714286
1720413.333333
1671986.666667
1833070.476190
1618264.761905
1656556.190476
1682389.047619
1609658.095238
1702490.000000
1901836.190476
1675495.714286
1688714.285714
1742198.095238
1790468.095238
1730444.285714
1661657.619048
1760132.857143
1724552.380952
1814921.904762
1823707.619048
1597564.285714
1709558.095238
1606676.190476
1596205.714286
1867864.761905
1653485.714286
1779393.333333
1582101.904762
1596823.809524
2143643.333333
2191378.095238
1865252.380952
1674112.380952
1897165.714286
1766168.571429
1727419.047619
1701923.809524
1747884.285714
1724466.190476
1765663.809524
1833315.714286
1764301.904762
1679070.476190
1641173.809524
1710794.285714
1818327.619048
1743405.714286
1764328.095238
1917323.809524
1795118.095238
1806557.619048
1538780.000000
1716648.571429
1694815.238095
1645203.809524
1655849.523810
1617826.190476
1690171.904762
1618283.809524
1716414.285714
1796533.809524
1933858.095238
1767090.000000
1799380.000000
1834983.809524
1804251.904762
1772740.000000
1674626.666667
1760093.333333
1762760.952381
1860998.095238
1680228.095238
1618607.619048
1630176.190476
1800963.809524
1642716.190476
1824438.095238
1879908.095238
1836335.714286
1815316.190476
1850077.619048
1803358.095238
2266008.095238
2189845.714286
2303410.000000
1646539.047619
1823180.952381
1751266.666667
1752106.666667
1679979.047619
1735066.666667
1581360.476190
1737083.809524
1576555.714286
1852332.380952
1726295.238095
1816910.476190
1628582.857143
1645001.904762
1555531.428571
1803989.523810
1548873.333333
1769422.857143
1728529.523810
1758104.761905
1771626.666667
1740371.428571
1707590.476190
1714320.000000
1624658.095238
1780157.619048
1758082.380952
1919610.000000
1691426.190476
1663918.095238
1651200.000000
1405988.571429
1554377.142857
1519580.952381
1403293.333333
1410272.380952
1703880.000000
1551466.666667
1673297.142857
1263996.190476
1460005.714286
1649125.714286
1673150.476190
1733363.809524
1461786.666667
1757550.000000
1717400.000000
1827932.380952
1646781.904762
1728558.095238
1753610.000000
1744254.285714
1794751.904762
1838688.095238
1776264.285714
1612771.904762
1972931.428571
1705590.000000
2096354.285714
1865263.333333
1890609.523810
1703066.666667
1737699.047619
1708593.809524
1757948.095238
1809840.000000
2079763.333333
1977770.476190
2106194.761905
1617134.761905
1944498.571429
1961471.428571
2002266.666667
1869426.190476
1773828.571429
1849761.904762
1804878.571429
