21160161.428571
21281782.380952
20458001.428571
20596415.714286
21151515.238095
20929895.714286
21021921.904762
20801095.714286
19142050.000000
17792681.428571
17628584.285714
17348391.904762
18258980.000000
18603846.190476
17270281.428571
17068750.476190
17072834.285714
20585352.380952
20189914.285714
20205307.619048
19850758.095238
19990620.952381
19923040.000000
20203636.666667
20070966.190476
20224335.238095
20536163.809524
20449146.666667
20622235.714286
20620456.666667
19909346.666667
19892565.714286
20000603.809524
19925550.476190
19984432.380952
20453769.523810
19980883.809524
20480855.238095
20274541.428571
20317835.238095
20125120.000000
19895241.904762
19983150.476190
20219462.857143
20331756.190476
20475041.904762
22709674.285714
21784238.095238
21901074.285714
21111727.619048
20941386.666667
20566860.952381
21012135.238095
21665821.428571
20644636.190476
20277565.714286
20539638.095238
20645870.476190
20844794.285714
20812617.142857
20778390.476190
20420390.476190
20581140.952381
20494988.571429
20607908.571429
20553544.761905
20371529.523810
20630272.380952
20756038.095238
20471038.095238
20347276.190476
20130714.285714
20864230.000000
20445765.714286
20579573.333333
20584899.047619
20682120.000000
20569944.761905
20356887.619048
20246106.666667
20164133.333333
20159247.619048
20217099.047619
20388828.571429
20840403.809524
20746441.904762
20798064.761905
20746939.047619
20597857.142857
20558510.476190
20444740.952381
20294569.523810
20741647.619048
20829958.095238
20492238.095238
20514624.761905
20463881.904762
20679500.952381
20586070.476190
20860270.476190
20409649.523810
20520504.761905
20351285.714286
20397548.571429
20297295.238095
20485013.333333
20403784.761905
20643127.619048
20737026.666667
20847424.761905
21134172.857143
20832704.761905
20803881.904762
20866579.047619
20595988.571429
20714859.047619
20495440.000000
20714508.571429
20820718.095238
20812415.238095
20514819.047619
22675544.761905
21089771.428571
20768885.714286
20597902.857143
20733474.285714
20852335.238095
21065786.666667
20571860.952381
20412192.380952
20389946.666667
20464380.476190
20430956.190476
20612485.714286
23257422.857143
20753666.666667
20554758.095238
20570080.000000
20676213.333333
20476912.380952
20481584.761905
20206809.523810
20655933.333333
21264417.619048
20963767.142857
20417371.428571
20567584.761905
20509457.142857
21227047.142857
20565121.904762
20540982.857143
20680859.047619
20691931.428571
20446392.380952
20410893.333333
20330398.095238
20439800.000000
20446173.333333
20814740.952381
20860939.047619
20928647.619048
20662660.952381
20506180.952381
20560893.333333
20558483.809524
20628304.761905
20396729.523810
20714102.857143
20778664.761905
20632236.190476
20453523.809524
20497485.714286
20412967.619048
20718489.523810
20733455.238095
20868716.190476
20773299.047619
20802028.571429
20532108.571429
20498497.142857
20192537.142857
20412619.047619
20434798.095238
20652382.857143
20770036.190476
20897373.333333
20573300.952381
20807270.476190
20507735.238095
20539588.571429
20459160.000000
20407424.761905
20566314.285714
20906419.047619
20686780.952381
20415129.523810
20560163.809524
20524219.047619
20941428.571429
20749445.714286
20624895.238095
20578514.285714
20639872.380952
20495083.809524
20382403.809524
20334287.619048
20435091.428571
20624887.619048
20610531.428571
20673373.333333
20737649.523810
21032127.619048
20740329.523810
20777219.047619
20960611.428571
20805299.047619
20720935.238095
20941165.714286
21093788.571429
20975078.095238
20899131.428571
20631565.714286
20894952.380952
20867880.000000
20959373.333333
20688540.952381
21039495.238095
20960080.000000
20602565.714286
20589891.428571
20410015.238095
20440744.761905
20703392.380952
20785062.857143
20953575.238095
20783729.523810
20785266.666667
21013158.095238
20924053.333333
20886257.142857
20829937.142857
20745624.761905
20843335.238095
21206929.523810
20827160.000000
20791093.333333
20698849.523810
20736845.714286
20987731.428571
21094104.761905
20628228.571429
20934135.238095
20784327.619048
20505026.666667
20512283.809524
20665746.666667
20599899.047619
20788579.047619
20841733.333333
21027234.285714
20689173.333333
20888333.333333
20691148.571429
20709700.952381
20652232.380952
20793937.142857
20703365.714286
20943274.285714
20785900.952381
20678499.047619
20556466.666667
20566036.190476
20655843.809524
20717754.285714
21380662.857143
20686051.428571
20887203.809524
20811605.714286
20604720.000000
20489946.666667
20436232.380952
20391445.714286
20596426.666667
20745939.047619
21065259.047619
20818360.000000
20850849.523810
20988293.333333
18065711.428571
19264428.095238
20543230.000000
19646823.809524
18986815.238095
18094299.047619
18120632.380952
18187327.142857
18217482.857143
18126145.714286
18726721.428571
20614335.238095
20559695.238095
21233388.571429
20966788.571429
20839209.523810
20410984.761905
20527697.142857
20449280.000000
20494379.047619
20380866.666667
20392232.380952
20623396.190476
21024154.285714
20862051.428571
20903822.857143
20323200.000000
20548925.714286
20454222.857143
20533392.380952
20578765.714286
20604200.000000
20680131.428571
21011331.428571
20841375.238095
20807803.809524
20572878.095238
20561512.380952
20509611.428571
20936196.190476
20765550.476190
20877472.380952
20929003.809524
20969807.619048
20625470.476190
20614238.095238
20570689.523810
20654321.904762
20866927.619048
20919963.809524
21287140.952381
21237259.047619
20863542.857143
20984600.000000
20774106.666667
20917274.285714
20585866.666667
20687579.047619
20748881.904762
20964676.190476
20962072.380952
25820601.904762
22188908.571429
21750013.333333
21493923.809524
21670064.761905
21273222.857143
21640897.142857
21910213.333333
21610786.666667
21320026.666667
21139278.095238
21221889.523810
21586893.333333
21525091.428571
21442626.666667
21427872.380952
21372449.523810
21485348.571429
20935135.238095
21238927.619048
20853548.571429
21413407.619048
21835588.571429
21476845.714286
21872053.333333
21427137.142857
21963163.809524
21982053.333333
21508554.285714
21500497.142857
21649563.809524
21864843.809524
22314600.000000
22384061.904762
21295346.666667
21333862.857143
21130980.952381
21533843.809524
21326333.333333
21727131.428571
21690840.000000
21578580.952381
21247100.952381
21190535.238095
21194118.095238
20946510.476190
21310215.238095
21435371.428571
22111784.761905
21837459.047619
21559798.095238
21612832.380952
21297689.523810
21410100.952381
21284020.952381
21619938.571429
21431815.238095
22189396.666667
21466742.857143
21210070.476190
21193137.142857
21164219.047619
22150525.714286
22068748.571429
21812137.142857
21725207.619048
21834796.190476
20982857.142857
21057921.904762
20973954.285714
21132443.333333
21108407.619048
21489841.904762
21505672.380952
21657592.380952
21380632.380952
21368540.952381
21416426.666667
21148916.190476
21136739.047619
20960607.619048
21289285.714286
21578384.761905
21414923.809524
20882289.523810
21103048.095238
20839584.761905
21222567.619048
21163714.285714
21245950.476190
21219390.476190
21316057.142857
20988931.428571
20953600.000000
20900440.000000
20803247.619048
20770333.333333
24158969.523810
22516645.714286
22171853.333333
21766699.047619
21711588.571429
21240340.952381
21498043.809524
21381468.571429
21269460.952381
21397108.571429
21854836.190476
21377784.761905
21380285.714286
21128546.666667
21499059.047619
21613293.333333
21860118.095238
21748386.666667
21538598.095238
21595542.857143
21070146.666667
21102780.952381
20885123.809524
20927670.476190
21463539.047619
21544125.714286
21776314.285714
21900144.761905
21507015.238095
21567622.857143
21290832.380952
21179382.857143
21296862.857143
21210390.476190
21502975.238095
21893963.809524
21591003.809524
21130984.761905
21159255.238095
21318005.714286
21316289.523810
21414504.761905
21649586.666667
21435619.047619
21574173.333333
21107093.333333
21057344.761905
21341241.904762
20990893.333333
21379265.238095
21341720.000000
21689076.190476
21673121.904762
21361167.619048
21293400.000000
21121554.285714
21167653.333333
21095257.142857
21177140.952381
21494321.904762
21699838.095238
21340179.047619
21181942.857143
21106544.761905
21411083.809524
21510716.190476
21708287.619048
21364440.000000
21982877.142857
21541940.952381
21099373.333333
20999788.571429
21045161.904762
20822344.761905
21211411.428571
21484761.904762
21669062.857143
21683217.142857
21829763.333333
21369868.571429
21251259.047619
21184177.142857
21358009.523810
20925356.190476
21532782.857143
21504259.047619
21375184.761905
21042457.142857
21202809.523810
21040636.190476
21488748.571429
21472586.666667
21585171.428571
21471360.000000
21536582.857143
21123653.333333
20979499.047619
21383807.619048
20887807.619048
21194299.047619
21307120.000000
21757836.190476
21681337.142857
21553720.000000
21485466.666667
21618680.000000
21404502.857143
21580325.714286
21139020.952381
21521565.714286
21878310.476190
21537607.619048
21054761.904762
21247737.142857
21117678.095238
21483005.714286
21263636.190476
21428874.285714
22098963.809524
25134635.714286
21166011.428571
21149060.952381
21166306.666667
21400152.857143
21207001.904762
21581386.666667
21544740.952381
21741247.619048
21476240.000000
21403769.523810
21231504.761905
21347118.095238
21431794.285714
21133337.142857
21467278.095238
21636116.190476
21552714.285714
20902868.571429
20978548.571429
21083958.095238
21419883.809524
21364289.523810
21576813.333333
21442409.523810
21594822.857143
21288062.857143
21262615.238095
21218129.523810
21048302.857143
21252963.809524
21540240.000000
21726401.904762
21765523.809524
21370659.047619
21613923.809524
21243761.904762
21437144.761905
21285211.428571
21159579.047619
21494584.761905
21811144.761905
21569601.904762
21483365.714286
21219064.761905
21336318.095238
21586401.904762
21508156.190476
21505961.904762
21442744.761905
21646241.904762
21010971.428571
21043567.619048
20806219.047619
20782718.095238
22259678.095238
21809314.285714
21750965.714286
21707784.761905
21501363.809524
21827699.047619
21296480.000000
21357853.333333
21052883.809524
21042889.523810
21387687.619048
21700700.952381
21362144.761905
21041066.666667
21024801.904762
21050150.476190
21057794.285714
21301152.380952
21410836.190476
21364194.285714
21516464.761905
21211918.095238
21181224.761905
20936295.238095
20910617.142857
21016954.285714
21178611.428571
21485817.142857
21460411.428571
21348388.571429
21185630.476190
21009784.761905
21081914.285714
21015523.809524
20993205.714286
21148398.095238
21314923.809524
21114350.476190
21247413.333333
21030716.190476
21030175.238095
21112447.619048
21244588.571429
21092891.428571
21217232.380952
21100954.285714
17823402.857143
21007806.666667
20179008.571429
19235330.000000
17931635.714286
18435991.428571
17604984.285714
19336270.000000
17674987.619048
18112868.571429
18530973.333333
17962984.285714
18548628.571429
18522816.666667
17720115.238095
20911299.047619
20871803.809524
20850994.285714
21013702.857143
21129510.476190
21422904.761905
21385019.047619
21161866.666667
20804611.428571
20770740.952381
20787699.047619
20964057.142857
21027590.476190
21343622.857143
21265828.571429
21440645.714286
21115887.619048
20923691.428571
20876266.666667
20949769.523810
21092070.476190
21249259.047619
21360217.142857
21215840.000000
21123420.952381
20889251.428571
21056240.000000
20921855.238095
21094268.571429
21137055.238095
21551805.714286
21503361.904762
21584788.571429
21321940.952381
21343689.523810
21095300.952381
21154432.380952
21047348.571429
21345620.952381
21138502.857143
21303468.571429
21077422.857143
21408392.380952
21311992.380952
23908965.714286
23287558.095238
22621013.333333
22191011.428571
22002921.904762
21472956.190476
21826388.571429
21909586.666667
21632820.952381
21695095.238095
21617396.190476
21975929.523810
21832967.619048
21698329.523810
21234335.238095
21662937.142857
21285992.380952
21561792.380952
21439022.857143
21882203.809524
21491005.714286
21566314.285714
21189384.761905
21745664.761905
21665630.476190
21402036.190476
21536721.904762
21603554.285714
21560670.476190
21548047.619048
21265424.761905
21389546.666667
21585320.000000
21243476.190476
21612525.714286
21517977.142857
21926649.523810
21833440.000000
21708504.761905
21392548.571429
21627687.619048
21251737.142857
21453628.571429
21474819.047619
21683299.047619
21331649.523810
21441641.904762
21171535.238095
21441925.714286
21528731.428571
21325664.761905
21418466.666667
21493175.238095
21668868.571429
21413358.095238
21189820.952381
21185156.190476
21480390.476190
21106569.523810
21265659.047619
21446963.809524
21640302.857143
21394859.047619
21353862.857143
21020089.523810
21348756.190476
21043611.428571
21124773.333333
21139201.904762
21363948.571429
21210956.190476
21204805.714286
21048660.952381
21182360.000000
21354687.619048
21111329.523810
21346535.238095
21391057.142857
21610605.714286
21614401.904762
21171201.904762
21081321.904762
21397754.285714
21042390.476190
21269321.904762
21349676.190476
21665462.857143
21683786.666667
21486950.476190
21193459.047619
21404586.666667
21042323.809524
20877900.952381
21185253.333333
21229830.476190
21248965.714286
21055060.952381
20896497.142857
21131592.380952
21277613.333333
21026697.142857
21083076.190476
21168638.095238
21294609.523810
21195198.095238
20958613.333333
20935841.904762
21019280.000000
22998843.809524
22634600.000000
22130453.333333
22329954.285714
21998914.285714
21831710.476190
21325603.809524
21495579.047619
21252110.476190
21240316.190476
21327531.428571
21544561.904762
21399019.047619
21502607.619048
21257062.857143
21439500.952381
21450824.761905
21199280.000000
21401129.523810
21865537.142857
21755638.095238
21694596.190476
21344592.380952
21440881.904762
21478200.000000
21398165.714286
21455605.714286
21600872.380952
22011352.380952
21997563.809524
21678512.380952
21379664.761905
21579521.904762
21388493.333333
21474123.809524
21556958.095238
21716615.238095
21672232.380952
21623340.952381
21367921.904762
21580935.238095
21640384.761905
21302819.047619
21339483.809524
21575735.238095
21561558.095238
21622474.285714
21213807.619048
21318184.761905
21431139.047619
21350891.428571
21305594.285714
21597272.380952
21810156.190476
21790468.571429
21572314.285714
21258426.666667
21352167.619048
21297512.380952
21270283.809524
21444426.666667
21636575.238095
21465619.047619
21433605.714286
21120270.476190
21367325.714286
21240956.190476
21337718.095238
21227655.238095
21495013.333333
21392769.523810
21499434.285714
20907965.714286
21181373.333333
21257529.523810
21333929.523810
21152996.190476
21381984.761905
21675548.571429
21664451.428571
21341640.000000
21319586.666667
21341457.142857
21118554.285714
21089390.476190
21213306.666667
21438687.619048
21142388.571429
21253664.761905
20954902.857143
21233382.857143
21219125.714286
21357758.095238
21200005.714286
21429350.476190
21319620.952381
21507800.000000
20937068.571429
21077935.238095
21212786.666667
21111264.761905
21199727.619048
21361112.380952
21763177.142857
21569285.714286
21304394.285714
21167874.285714
21162956.190476
21175765.714286
21209489.523810
21242906.666667
21495708.571429
21333445.714286
21397148.571429
21199634.285714
21429872.380952
21177106.666667
21184274.285714
21209540.952381
21365996.190476
