42630774.285714
35518878.571429
32450521.428571
33622340.000000
30198128.571429
29872804.285714
29713638.571429
29699605.714286
27744015.714286
28705628.571429
27332444.285714
29084576.190476
29876932.380952
27837962.857143
28010534.761905
28670277.619048
28639790.476190
27041977.142857
28121226.666667
26269742.857143
28737060.000000
27630682.380952
28367440.952381
26404163.809524
26111069.523810
26644330.476190
25969606.666667
27189721.904762
25948733.333333
25814081.904762
26526290.476190
26756635.238095
28137733.809524
28892438.571429
25366214.285714
25974676.190476
27303760.476190
27599313.809524
25251038.571429
27045770.476190
26859286.666667
25571037.142857
26090662.857143
25314053.333333
26028260.952381
26363272.380952
26265606.666667
25622594.285714
26374821.904762
25809113.333333
27572518.095238
26284086.666667
28666749.523810
27533076.666667
25869177.142857
25779869.523810
27924245.714286
26650365.714286
27935023.809524
25528818.095238
25071366.666667
26238198.095238
26424074.285714
26169445.238095
26812223.809524
26855720.000000
26902266.666667
25246763.809524
25639157.142857
26866337.142857
25327805.714286
26084742.857143
25409955.238095
24967430.476190
25013344.761905
26054921.904762
26779593.809524
27231038.571429
25684283.809524
25601302.857143
25526098.095238
26298167.619048
25001220.476190
26191606.666667
25136423.333333
26025141.904762
24466273.333333
25207139.047619
25605725.714286
24545322.857143
24885919.047619
26308604.761905
26628189.523810
26944425.714286
25949526.666667
25027694.285714
25777004.761905
26751899.047619
25623079.047619
25332299.047619
27604631.428571
25633979.047619
29032709.523810
26233002.857143
27658331.428571
26411230.476190
25866986.666667
26064791.428571
28000689.523810
27382540.000000
25850332.380952
25572482.857143
25704171.428571
25813808.095238
26299418.095238
27766939.047619
24984313.333333
28000311.904762
25714684.761905
26965070.952381
26782160.952381
26135913.333333
24861860.476190
26170243.809524
25854437.142857
28010709.047619
26568427.619048
26801879.047619
28079329.523810
27139341.904762
26660964.761905
27066506.666667
25828486.666667
27250257.142857
26039597.142857
25924198.095238
25922080.952381
24210475.238095
24652565.714286
26439591.904762
26682835.238095
26148962.857143
24634170.476190
24865970.000000
24100661.904762
24519161.904762
24166539.047619
24786167.619048
25930936.190476
25843300.000000
27033420.000000
27053018.095238
27541564.761905
26728453.333333
27312087.619048
26510660.952381
27720013.333333
28086892.380952
28417133.333333
26509656.666667
25747844.761905
27302019.047619
25278151.428571
26341001.904762
27678763.809524
27020394.285714
26833587.619048
26466404.761905
25104916.190476
26287000.952381
27881931.428571
26365132.857143
25904297.142857
27450928.571429
26186800.952381
28627588.095238
26686161.904762
26854987.619048
27620496.190476
27535527.619048
26378394.285714
30005849.523810
28682871.428571
27200101.904762
25733226.666667
26053232.380952
26330088.571429
26291053.809524
25938139.523810
26682895.714286
25382148.095238
25829196.190476
26612669.523810
25592574.285714
28821500.000000
25357430.476190
25797195.238095
26099040.476190
26857104.285714
26927312.380952
27240778.095238
28087209.047619
26313900.476190
27237907.619048
25888290.000000
26177605.238095
28081529.523810
27025231.428571
26993369.523810
30695752.857143
26331604.761905
26277834.285714
27633008.571429
26449730.476190
27137380.952381
26371847.142857
25463038.095238
26365242.857143
25906472.380952
27139060.952381
25322414.285714
25669824.761905
27264193.333333
26185424.761905
27399800.952381
26833952.380952
28481780.952381
27100845.714286
27370907.142857
26270643.333333
26949472.380952
28801516.190476
28059987.619048
25897493.333333
27497059.047619
27229906.666667
25942143.809524
26097210.476190
25773508.095238
27139088.571429
24889018.095238
26528747.619048
27995149.523810
27201855.238095
25679389.523810
26180660.000000
27542750.476190
26595191.428571
27611885.714286
27082095.238095
27102065.714286
26350472.380952
26577012.380952
27748060.000000
26763389.523810
26312984.761905
27279069.523810
26860849.523810
27337458.095238
26568560.952381
27850628.095238
26852377.142857
26590895.714286
27069579.523810
27200846.190476
26139002.857143
28925413.809524
28575097.619048
27006407.142857
26650993.333333
26708842.380952
26491081.904762
29040417.142857
26107746.666667
26171096.190476
27849884.761905
27156259.047619
27585794.285714
28406910.476190
28303883.809524
26384177.142857
31007492.380952
29643212.380952
29070963.809524
31239691.428571
28134815.238095
29644047.142857
28024495.714286
28168220.000000
27889502.857143
27146570.000000
26357672.857143
28738790.000000
27073411.428571
26342948.571429
25762260.000000
26799942.380952
27588092.857143
26161225.714286
27098497.142857
27485231.904762
27796003.333333
27700490.000000
27803038.571429
28779851.428571
28426946.666667
27613644.285714
26983874.285714
26484190.476190
28651917.142857
26881294.761905
27709970.476190
25836902.857143
26473816.190476
26917529.523810
27177724.761905
25259615.238095
26794824.285714
25801314.761905
25915048.571429
27956470.476190
27239476.190476
25270037.619048
27766749.523810
26540245.238095
26500266.190476
25203455.238095
25800435.238095
26696586.666667
28279030.476190
26094364.285714
26530498.571429
27439060.952381
27481937.142857
28823975.714286
27843726.666667
25915159.523810
27107110.000000
28363501.904762
25390795.238095
27162788.571429
26790716.190476
25690655.238095
24628418.095238
26965580.000000
26620438.095238
25833904.761905
28422520.952381
27697997.142857
27150606.666667
26337784.761905
25973329.047619
26657645.714286
27151308.095238
27634101.428571
27742132.857143
27488730.000000
26303154.285714
28011589.047619
28194562.857143
27859436.666667
27274155.714286
24952072.380952
24867420.952381
25398406.190476
23757098.095238
24265023.809524
26023884.285714
26992178.095238
26000005.714286
26683670.952381
25194751.904762
26130335.238095
25310462.857143
25047506.666667
26413098.095238
26963532.380952
27385866.666667
29123843.809524
27350333.333333
27088148.571429
28320967.619048
26647809.047619
26287323.333333
29033305.714286
25614804.761905
24817598.095238
25289238.095238
25401420.952381
26080110.476190
27917055.238095
26100462.857143
25743641.428571
25648190.952381
27599500.952381
24920044.285714
27253191.904762
26610670.476190
25700638.095238
25066042.857143
25921551.428571
25410880.000000
27243430.476190
27634700.952381
27036575.238095
27762262.857143
27645451.428571
27486666.190476
25469045.714286
28046133.333333
25878741.904762
28496463.333333
27781373.333333
25518928.571429
25410749.523810
27014614.285714
27559051.428571
26059786.666667
28575232.380952
25289218.095238
26547462.857143
25739772.380952
25953953.333333
25219370.476190
28684387.619048
26347310.476190
25514803.809524
26109140.952381
27484339.047619
26709514.761905
28210132.380952
27150390.952381
26803143.333333
26434310.952381
27598770.000000
26030891.904762
27860365.714286
26364528.571429
26793140.476190
26269508.571429
27802472.857143
26169419.047619
25911765.714286
25862585.714286
26506014.285714
26412863.809524
25973043.333333
26457638.095238
24655315.238095
26545503.333333
25417072.380952
25534876.666667
26060407.142857
26305412.857143
27355746.666667
27243723.809524
27908676.190476
26523061.904762
27366852.857143
27792974.285714
26930123.809524
27013672.380952
26565843.333333
26670647.619048
26138036.190476
25846861.904762
26457768.571429
26267281.904762
27157549.047619
26275178.095238
27613065.238095
25631462.857143
27331445.238095
26301221.904762
25883921.904762
26046452.380952
25597609.523810
25815433.333333
27744919.047619
27352118.095238
27966968.571429
26362961.428571
27825458.571429
27875535.238095
27529487.142857
26730750.476190
27230987.619048
25422268.571429
28073355.238095
27031629.047619
24837300.952381
25893000.000000
28758152.380952
25254596.190476
25745408.571429
25676650.476190
25717292.857143
26991766.666667
26451066.666667
25753952.380952
25723604.761905
25544985.714286
27776904.761905
27293616.666667
28100942.380952
26356546.666667
27692119.047619
26778067.619048
27877655.714286
27754726.666667
26203303.809524
27932916.190476
25760519.047619
27859018.095238
25477676.190476
25503151.428571
25175133.333333
25684950.952381
25270704.285714
26369720.000000
25534126.666667
26008450.476190
27590490.952381
25847277.142857
27798083.809524
25647682.380952
25341539.523810
26228931.428571
27113778.095238
26904602.857143
28371487.619048
27273742.857143
27667864.761905
25777112.380952
28002865.714286
27701124.761905
26135137.142857
26373364.761905
25928341.904762
25926427.619048
28022643.809524
27814332.380952
25855246.666667
25955071.428571
25539563.809524
26222114.285714
26736732.380952
27277178.095238
25978816.190476
26341983.809524
25658904.761905
26988241.904762
27428083.809524
26714478.095238
26731256.190476
26673092.380952
27969529.523810
26745915.238095
26241234.285714
27032438.095238
27876772.380952
25101327.619048
25850657.142857
26356260.000000
25189145.714286
26428521.904762
25803207.619048
25598838.571429
25473913.333333
25904289.523810
25893910.476190
26167991.428571
25834955.238095
25977713.333333
25785694.285714
25512374.285714
26040829.047619
26196746.190476
27685100.000000
28031128.571429
27751969.523810
27945040.000000
26149139.047619
28082986.666667
26851954.285714
27902440.952381
26684937.142857
28412321.904762
26443444.761905
26404054.285714
26596941.904762
27207683.809524
26334919.047619
26668429.523810
26172561.428571
25374464.285714
26829392.380952
25992348.571429
25612713.333333
25156580.000000
25711757.142857
26852701.904762
26162311.428571
27499604.761905
27262060.952381
26824712.380952
27157261.904762
26405467.619048
25606136.190476
28309922.857143
27117301.904762
26349781.904762
26068254.285714
26016197.142857
26496924.761905
26268450.952381
26155292.380952
25955099.047619
27662738.095238
25861761.904762
27333165.714286
26545726.666667
25895784.761905
25932037.142857
27821538.095238
27654914.285714
26235301.904762
26319228.571429
28334638.571429
28271736.190476
29024064.285714
26890190.952381
27004763.333333
26472459.047619
27679433.809524
27826510.000000
26243767.619048
25653640.952381
24264453.333333
26194639.047619
27735596.666667
27934138.095238
25663784.761905
26844765.714286
25472007.619048
27753256.190476
24191016.666667
25280760.000000
27599523.809524
24902320.476190
26950689.047619
26235044.761905
26266137.142857
27291502.380952
27087317.619048
26482871.428571
26870919.047619
25237446.666667
25472655.238095
25743314.285714
25162054.285714
23893073.333333
25383243.809524
23472264.761905
25981551.904762
24024007.142857
24942696.190476
23979807.619048
24266142.380952
25001670.952381
25496129.047619
24835556.190476
24700610.000000
25963545.714286
25156454.761905
24910632.857143
25778577.619048
25730876.666667
26048162.380952
25103788.571429
26331270.952381
26200000.952381
26877151.428571
27858324.761905
27066622.380952
25268240.952381
25540347.619048
26257449.523810
24862565.238095
27051437.142857
25960587.619048
27143022.857143
25554462.857143
26133269.523810
25055880.000000
26246940.952381
27091764.285714
25606168.095238
25595284.761905
26236699.047619
25478577.619048
27201591.904762
25683910.476190
26322294.285714
26200659.047619
26902334.285714
27535553.333333
28546264.761905
26740034.285714
26461865.714286
28501626.666667
26501080.952381
26919462.380952
25075916.190476
25688333.809524
26523592.380952
24818520.000000
25564009.523810
27816941.904762
26299390.952381
24924427.142857
26068076.190476
25066896.190476
26340344.285714
25372679.047619
27719681.428571
25752397.619048
27889873.809524
27252993.809524
26902131.904762
28110420.952381
26605764.761905
26511602.857143
25878623.809524
28419398.095238
28621190.952381
24878947.619048
27075207.142857
25922081.428571
25435805.238095
26806750.476190
26640409.523810
24658372.380952
25395080.000000
25023621.904762
26071344.761905
27938332.857143
26390700.000000
25463277.142857
24101987.619048
25859524.761905
27407847.142857
26048640.476190
26458607.142857
26333673.333333
26097771.904762
27894600.476190
28480903.333333
25359458.571429
25548889.523810
25622042.380952
25758996.190476
25220121.428571
24820581.904762
24791453.333333
24783915.238095
26340154.761905
25213408.095238
26082992.380952
25439082.857143
25958854.285714
24327900.000000
25922459.047619
26191995.238095
25366969.047619
26017039.523810
26810912.380952
26519772.380952
26803880.000000
26608600.000000
26948009.523810
27124556.190476
27969558.095238
27240735.714286
26624801.428571
26997574.761905
25500930.952381
24768201.904762
27359222.857143
26199048.571429
27629067.619048
24975472.380952
25295231.428571
25056761.904762
25472515.714286
26024414.285714
26096098.571429
26599747.619048
27730849.523810
58280904.285714
34795989.047619
33149378.571429
33993606.666667
34300461.428571
32693606.190476
33752744.285714
33909642.380952
32996709.523810
30163038.095238
30829230.476190
29780401.428571
28918915.238095
29069294.761905
28281953.333333
27306749.523810
28088381.904762
28786132.857143
28258504.285714
29556646.190476
28205366.190476
28494903.809524
27111427.142857
29360836.666667
30021880.952381
31998431.904762
30066305.714286
28115414.761905
27498502.857143
28235930.476190
29808663.333333
28742320.952381
30575200.476190
28474172.857143
27629455.714286
28531760.952381
27179821.904762
26976200.476190
28763639.523810
26694111.428571
26087471.904762
26804651.428571
26527520.000000
27113108.571429
27636738.571429
27316767.142857
27108424.761905
27415260.000000
29894895.238095
30779997.142857
29083972.380952
31078299.047619
30468805.714286
30163065.238095
34388814.285714
30058959.047619
30034589.523810
29975822.857143
31482526.666667
28700619.047619
30830186.666667
30391138.095238
29354299.047619
26922466.666667
27457810.476190
30072107.619048
27016918.095238
26892780.000000
26689989.523810
26547149.523810
24863691.428571
26771452.380952
25862207.619048
25126019.047619
27220313.333333
25539361.904762
25683163.809524
25234591.428571
26822505.714286
26828080.000000
28536573.333333
28649130.476190
27692723.809524
28476235.238095
29073376.190476
27703536.190476
24986785.714286
25939396.190476
26867288.571429
26108579.047619
25781222.857143
26491072.380952
26097171.428571
25551182.857143
30928947.619048
25803725.714286
26088700.476190
25931989.523810
25033590.476190
25973421.428571
26703098.095238
26208313.333333
27218855.714286
25729373.333333
27126946.666667
27570347.619048
26620330.476190
27076522.857143
26341255.238095
27442878.095238
26705803.809524
26023993.333333
28367001.904762
26962456.666667
26752722.857143
26716380.476190
25271564.285714
25498497.142857
26058564.761905
26716032.857143
26073556.190476
26698692.380952
25843780.000000
25618442.857143
25352249.523810
25492058.095238
25660049.523810
25831305.714286
26592771.904762
27121047.619048
27262600.952381
26353636.190476
27056119.047619
26120047.619048
27499991.428571
27094717.619048
26387500.476190
27625150.000000
26444777.142857
25301902.380952
24905495.714286
27569752.857143
26131308.095238
25784977.142857
27992776.190476
27462048.095238
26457353.333333
26033948.571429
25466287.619048
26120907.619048
26966855.238095
25137587.619048
26566120.952381
27323038.095238
28023522.857143
26257243.333333
27871796.190476
26448383.333333
27009408.571429
26304343.809524
26849103.809524
25990403.809524
26820423.809524
24342780.000000
25134236.190476
26540166.666667
29354566.190476
23817335.714286
29567168.095238
30802614.761905
31116639.047619
34984600.476190
32786649.047619
33059642.857143
31669286.190476
28284846.666667
29852720.000000
30078395.714286
30697584.761905
34245056.190476
29715361.904762
30277065.714286
30908521.904762
27052849.523810
27505550.476190
29298030.476190
28341643.809524
27469920.952381
27811881.428571
27715210.000000
27346301.904762
27635372.380952
28272207.619048
29792389.523810
29885369.523810
27153033.809524
28260967.619048
27297878.095238
27796513.333333
27180191.428571
27451859.523810
28412330.476190
29717585.714286
27302020.952381
27833939.047619
30472541.904762
29960720.000000
28696850.476190
29621090.476190
27056085.714286
32969991.428571
30007066.190476
30151981.428571
31051670.952381
30471871.428571
27625730.476190
29646280.476190
29081170.952381
28632283.809524
28420909.523810
28808527.619048
28365673.333333
27245684.761905
27645056.666667
30884666.666667
27574121.904762
27533972.857143
28265330.000000
28213937.142857
31846600.476190
30351043.809524
30087808.571429
33907338.095238
30537775.238095
32887801.904762
29879523.809524
32379766.666667
28875515.238095
30356745.238095
31293215.714286
31129425.714286
31782706.666667
28900602.857143
28836646.190476
29575524.761905
26834416.190476
28571351.428571
29091050.476190
28459332.380952
29779470.952381
29186409.047619
28863339.047619
28569723.809524
30300537.142857
30062219.047619
28742191.428571
30623818.095238
29038468.095238
29503296.190476
28513588.095238
29695016.190476
28675431.428571
31315775.238095
28581845.714286
27484008.571429
28853679.047619
27163838.571429
28350107.142857
28326649.523810
28740222.857143
27646207.619048
26964968.571429
27563982.857143
27283637.142857
27054235.238095
28189591.904762
27634530.000000
28768504.761905
27264599.047619
29315087.619048
29409609.047619
28462418.571429
27975313.333333
30670442.857143
28045680.476190
28494074.285714
27466895.238095
26596237.142857
28309129.047619
27371096.190476
28234580.000000
27704387.619048
28270647.619048
26850873.333333
26424936.666667
26871140.000000
27421733.809524
27526076.190476
27274746.666667
26085037.619048
27251126.666667
28546101.904762
26726941.904762
28080487.142857
30175957.142857
28184689.047619
28094967.619048
27536957.142857
27667946.666667
29193150.952381
28215812.380952
29294971.428571
28908801.904762
28721778.095238
28085357.142857
28370216.190476
26919731.428571
27306641.904762
27484125.714286
28392404.761905
26716955.714286
29885926.666667
26556199.047619
28842500.000000
28167926.666667
26819303.809524
27071764.285714
26741596.190476
30122214.761905
30371134.285714
28246593.333333
28029299.047619
27857437.142857
27738714.285714
27298440.952381
28636248.095238
27345144.761905
27042415.714286
26972995.238095
27407763.809524
28471781.428571
26984543.809524
29144490.476190
26508087.619048
28774081.428571
29631840.476190
29030341.904762
27613592.380952
29000160.000000
28011407.142857
27088055.238095
28001660.476190
26417460.952381
27408862.857143
26347576.190476
27280690.476190
27200555.238095
29163936.190476
26471712.380952
26761790.476190
27520630.476190
27851708.571429
28396928.571429
27292341.904762
24582164.761905
25206053.333333
24758900.952381
25511398.095238
25448590.476190
24188320.952381
27544818.095238
26438783.809524
27888201.904762
25999595.238095
25371005.714286
27368006.666667
25056194.285714
23964892.380952
27005020.000000
27224943.809524
26403422.857143
28203495.238095
26363758.095238
27031369.523810
26653721.904762
26674899.047619
26661288.571429
26167651.428571
25597618.095238
26271308.571429
25250082.857143
26648328.571429
26336917.142857
25635672.380952
25435721.904762
25536261.904762
26035010.476190
25923780.952381
27073564.761905
25604804.761905
25586168.571429
26532395.238095
27087473.333333
25264195.714286
25429355.238095
25407129.523810
24690675.238095
25963121.904762
25756541.428571
25446128.095238
25162955.714286
25781575.714286
23500212.380952
23920734.285714
23991327.619048
24457492.380952
24550255.238095
23853276.190476
25500690.476190
24061549.523810
25467040.000000
24296861.904762
24150217.142857
23812284.761905
24266968.571429
25067557.142857
24937589.047619
23792990.476190
25510809.523810
24530656.190476
25023292.380952
25972575.238095
24691879.047619
24591342.857143
24868106.666667
25380385.714286
24014057.619048
27119965.238095
25639670.952381
26879898.095238
23924379.047619
27017216.190476
26358920.952381
26010530.476190
26210773.333333
26039219.047619
27147531.428571
25185782.857143
27497998.095238
26007491.428571
27610990.476190
25901361.904762
25034527.619048
26419980.000000
28821980.000000
25691683.809524
26919853.333333
26189699.047619
27171880.000000
26287244.761905
26835430.476190
26967062.857143
28571552.380952
26182845.714286
25232516.190476
25552720.952381
25139539.047619
25942909.523810
25805121.904762
25998183.809524
27716968.095238
27761069.047619
25762189.523810
26278229.523810
26196354.761905
26172421.428571
26094680.000000
26289982.857143
27062501.904762
27465534.285714
26546950.000000
26581101.904762
27525320.952381
25786363.809524
25168985.714286
26770482.857143
27021429.523810
28087596.666667
26009101.904762
27134740.000000
25474273.333333
23669646.666667
27737034.285714
25022215.238095
25591431.428571
25849332.380952
26398981.904762
26688349.523810
26158709.523810
25323103.809524
26260443.809524
26276842.857143
26954703.809524
25519886.666667
26888102.857143
26976389.523810
28159159.047619
27818152.380952
29156207.142857
27314865.238095
29035463.809524
27068702.857143
25583292.380952
26027835.238095
35499744.285714
27052643.333333
25034612.380952
25334889.523810
24155221.904762
26659016.190476
25015115.714286
26465326.190476
24945542.857143
27302332.380952
25592300.952381
26746150.476190
26308719.047619
25352250.476190
26222842.857143
27421537.142857
27235528.095238
27888180.000000
26934038.095238
26173187.619048
27923826.666667
26907750.476190
26274227.142857
27135452.857143
26179386.666667
29611798.095238
25930147.619048
26777115.238095
25064386.666667
27776593.333333
26203708.571429
26036755.238095
27919599.047619
26047851.428571
27241527.142857
25834082.380952
25409243.809524
26239138.571429
27367357.619048
26148727.619048
25877712.380952
27814335.714286
26798364.285714
26531702.380952
27203648.095238
27372977.142857
27171860.952381
25710084.761905
27236706.666667
25492597.142857
27233290.476190
23750831.428571
27091883.809524
26541469.523810
27365674.285714
27496184.761905
25983298.095238
27510729.523810
25702321.904762
26855513.333333
25681241.904762
27410154.285714
27859444.761905
25771443.809524
25407967.619048
27322156.190476
27662394.285714
27109984.761905
29031847.619048
26663218.095238
25821215.238095
31815401.904762
27144915.714286
28641378.095238
25903669.523810
25979268.095238
25784671.428571
25486473.333333
26022284.761905
25230226.190476
25710546.190476
25739649.523810
26007712.380952
24897227.619048
26223821.904762
27662497.619048
26807263.333333
24950248.571429
27311087.619048
28103835.238095
27112340.000000
27729132.857143
26784112.857143
26323329.523810
26360052.380952
26989030.476190
26000394.285714
26436244.761905
26620707.619048
26442578.571429
25460370.000000
25717845.714286
25321656.190476
25277699.047619
26073065.714286
26575211.428571
24772402.380952
26783511.904762
25327546.666667
26332469.523810
24701685.714286
26070560.952381
24889553.333333
28451159.047619
25386757.142857
28433403.809524
27281019.047619
27239483.809524
27848620.952381
26140262.857143
27729504.761905
27477972.857143
28489324.285714
25207343.333333
25870853.809524
25247596.190476
25327523.809524
25563666.666667
27785730.000000
25333146.666667
26124770.476190
24657106.666667
26891591.904762
25602193.333333
26506672.380952
25176901.904762
26282985.714286
25453045.714286
26423665.714286
26150816.190476
27960001.904762
27307544.285714
26626590.000000
29872136.666667
24513564.761905
27347586.666667
26632995.238095
26628611.428571
26530410.476190
24910530.476190
25759011.428571
24892107.619048
25967186.190476
26173867.619048
25645083.809524
25839729.523810
25588800.000000
25721420.952381
27033754.285714
29025128.571429
25646286.666667
26010573.333333
27658060.952381
26425757.142857
27530941.428571
28331455.714286
27034961.904762
26843721.904762
26835255.238095
27250770.476190
26361096.190476
26843009.047619
28300704.761905
26234500.952381
25518511.904762
26213478.095238
25848776.190476
26576413.333333
25721966.666667
26901269.523810
25754361.904762
25606115.238095
27037036.190476
27427471.428571
26547780.952381
27161064.761905
24827858.095238
26148250.952381
27250521.428571
26419269.047619
27427892.380952
27262320.000000
27448480.952381
26881055.238095
26483404.285714
26604323.809524
27632228.571429
26573999.523810
26061139.047619
25975779.047619
25530059.047619
25844156.190476
25675135.238095
26321979.047619
25601732.380952
25894350.476190
32248800.000000
27660915.238095
25744362.857143
26392361.904762
25910895.714286
27195397.142857
25804443.333333
26500358.095238
25791386.190476
28909731.428571
28819885.238095
30057070.952381
27385835.238095
28897757.142857
26959736.190476
26938100.000000
28740247.619048
28222991.904762
27752201.428571
27724579.523810
27132251.428571
30025307.619048
30096643.333333
30415700.952381
31917645.714286
30914525.714286
29694605.714286
27135012.380952
29953757.142857
28075973.333333
26534398.571429
28705959.047619
29356319.047619
27287914.285714
30795841.904762
29100665.714286
27538817.619048
29289290.476190
27859592.857143
28705343.809524
30788675.714286
29673626.666667
25812787.142857
24993229.047619
26794820.000000
26744744.761905
28000091.428571
25738586.666667
25834469.523810
26486572.857143
27178538.571429
25885599.523810
26325433.333333
25944673.333333
25228290.952381
25719391.428571
26926555.238095
25308172.380952
27209408.095238
27246034.285714
26389654.285714
28305373.333333
26449868.571429
27667200.952381
25255029.523810
27273628.571429
27098525.714286
25207582.857143
25044619.047619
27098934.285714
24771760.000000
26651007.619048
25126064.761905
26962318.095238
25888159.047619
26907463.809524
26949936.666667
25063007.619048
25177043.333333
27402538.095238
24913413.333333
26355401.904762
27945774.285714
26594443.809524
28401332.380952
26365128.571429
29124789.523810
27471351.428571
25714192.380952
25409733.333333
26226877.142857
28416900.952381
25599014.285714
25314188.571429
25159411.428571
26950868.571429
26768320.000000
26834267.619048
26563467.619048
26360299.047619
27571022.380952
27408914.285714
26190103.809524
26785660.952381
26605339.047619
27719122.857143
26745432.380952
25948987.619048
27795501.904762
26787944.761905
27080338.095238
29483633.333333
27289002.857143
29180610.952381
26473506.190476
27674102.857143
25706649.523810
27313089.523810
28039892.380952
26751673.809524
27614030.000000
26345756.666667
26052765.714286
25745705.714286
25879595.238095
27190620.952381
26076108.095238
26732966.666667
28277801.904762
26508409.523810
26893512.380952
27332259.047619
26370029.523810
27762360.000000
27892568.571429
27810878.095238
27156364.761905
29220254.285714
27417640.952381
28502198.095238
28128933.333333
27295380.000000
26377570.476190
26570519.047619
26015818.095238
27722139.047619
27458723.809524
28253367.619048
27095759.523810
26502612.380952
26477328.571429
26242179.047619
27047152.380952
27497442.857143
26999479.047619
27403485.714286
26360469.523810
26927525.714286
28008988.571429
29691648.571429
27973800.952381
26882925.714286
28817393.333333
27363678.095238
26801701.904762
27887323.809524
28377723.809524
26472079.523810
27474145.238095
26265423.809524
26035286.666667
29223995.714286
27388998.095238
28255524.761905
26552600.952381
26582542.857143
26527023.809524
26838714.761905
26439968.571429
25755820.000000
26216476.190476
25983560.952381
25932523.809524
26302852.380952
30014316.190476
27149506.666667
27535560.000000
27380346.666667
27584005.714286
28762195.238095
27157906.666667
26916626.666667
27264320.000000
28532491.428571
26030360.952381
27079653.333333
26557727.619048
25752396.190476
25229312.857143
25956330.476190
25517156.190476
26902210.000000
25614636.666667
26581595.714286
26212496.666667
26595391.428571
25401560.476190
26295000.000000
26067024.285714
27249012.857143
26840580.000000
27014584.761905
26667829.047619
26366947.619048
26422607.142857
27176091.904762
25632549.047619
25690341.904762
27271441.428571
29640492.857143
28441583.809524
29540926.666667
27152110.952381
28675909.523810
27464759.047619
27471368.571429
27364307.619048
28224503.809524
28492049.047619
29364950.476190
29685130.476190
27556988.571429
28156578.095238
30245616.190476
31290798.095238
27959836.190476
28355520.000000
28138337.142857
28168610.476190
29359276.190476
27475819.047619
28422135.238095
25900669.523810
26156341.904762
25705913.333333
26920487.619048
26264528.571429
26771642.380952
26451900.000000
26478988.095238
27296356.190476
28199659.047619
26225644.761905
26456402.857143
27326557.142857
25448149.523810
29029431.428571
25996601.904762
26275704.761905
27119686.666667
27136778.095238
31278977.142857
27733423.809524
28105616.190476
27022083.809524
28974280.952381
29580002.857143
25565923.809524
25941520.952381
26242392.380952
26013766.666667
27431468.571429
28251200.000000
26033734.285714
26291010.476190
26089009.523810
27878780.000000
26762471.428571
28392865.714286
26662480.000000
28124395.238095
25817566.666667
25774836.190476
24812025.714286
29850293.333333
28770244.761905
27254068.571429
27041933.333333
26618951.428571
26411762.857143
26906004.761905
26359596.190476
26390891.428571
26119537.142857
28089183.809524
27830167.619048
26014653.333333
26855550.476190
25857654.285714
26030820.952381
25838039.047619
25873040.000000
27336847.619048
27962540.952381
25819231.904762
25171255.238095
25908304.761905
25953055.238095
27849350.476190
27220494.285714
27580349.523810
27174019.047619
27511608.095238
27219853.809524
26802530.476190
27090521.904762
27817566.666667
26145733.333333
27959469.523810
26224707.619048
25577474.285714
26264930.476190
26341306.666667
27410147.619048
26741601.904762
26379858.571429
25741820.952381
27456496.190476
27646559.047619
27118306.666667
26586931.904762
25985370.952381
26268015.714286
26541789.523810
29178960.952381
27348873.333333
27926018.095238
26695987.619048
26770200.952381
26684774.285714
28017032.380952
27700462.857143
27409758.095238
26024334.285714
26859015.238095
26248116.190476
26910782.857143
25768306.666667
26016983.809524
26152665.238095
26328220.476190
26299546.666667
27268068.571429
26100291.904762
24278790.476190
24338671.904762
25392581.904762
25819463.809524
25678210.476190
27511040.000000
28135855.238095
27593558.095238
27319754.285714
27313866.666667
26027584.285714
28760167.142857
27359106.666667
26788207.619048
27268687.142857
26314140.952381
25585040.952381
26796114.285714
27910406.190476
26490148.571429
25939786.190476
26856163.809524
26536168.095238
26527312.857143
27336404.761905
27180211.428571
25527236.190476
25858508.571429
26600385.714286
27951220.000000
27765161.904762
27024477.142857
25946673.333333
28867944.761905
25877569.523810
27718643.809524
27369778.095238
26137029.523810
25813548.095238
25366511.428571
25009078.095238
32485341.428571
28775648.095238
29292214.285714
27369534.761905
27218255.238095
27254780.952381
26223121.904762
27421073.333333
26871410.476190
27928708.095238
28034565.238095
26579262.857143
27350058.571429
27078169.523810
29603634.761905
29571394.285714
28121802.857143
28809859.047619
26684360.000000
24927660.952381
26962749.523810
28237947.619048
27209720.000000
26790271.428571
27006420.952381
26822041.904762
27093769.523810
26593679.047619
27003246.666667
26411007.619048
27290488.571429
28059596.190476
26530500.952381
26730407.619048
28256851.428571
26549788.571429
28289342.857143
26423089.523810
27464011.428571
27603233.333333
29108727.619048
27074575.238095
27752488.571429
26535311.428571
29253459.047619
27506020.000000
28537315.238095
28249067.619048
26428198.095238
27564017.142857
26740333.333333
26784018.095238
26033648.571429
27312303.809524
25612128.571429
26302460.952381
26444226.666667
26299052.380952
27149270.476190
26972470.476190
26121585.714286
26629301.904762
26381825.714286
27650956.190476
27720025.714286
27607009.523810
27425519.047619
26893622.857143
27026536.190476
26230844.761905
29439810.476190
26863080.952381
28362269.523810
27903301.904762
26258368.571429
25451249.523810
27974747.619048
28399849.523810
26438213.333333
27443460.952381
27108750.476190
28376801.904762
25441562.857143
26263501.904762
26223021.904762
27334816.190476
26305373.333333
27661308.571429
26809512.380952
28234728.571429
26464378.095238
27577799.047619
28427349.523810
27347377.619048
28898680.952381
29828063.809524
27338453.333333
25957087.619048
26980610.476190
24598552.380952
26778799.047619
25556190.476190
25952600.952381
25190485.714286
26456102.857143
27493443.333333
26482042.857143
26827760.000000
26834268.571429
28053020.952381
26499690.476190
28154529.523810
25425165.714286
27288189.523810
29481991.428571
29259384.761905
27329177.142857
27497214.285714
27656929.523810
26639457.142857
28661205.714286
27220274.285714
28183026.190476
27657072.380952
26902509.523810
27034201.904762
29175660.952381
26982490.476190
26305778.095238
26308274.285714
26562693.333333
27954137.142857
27333700.952381
26047687.619048
28070571.428571
29058528.571429
26618094.285714
28271633.333333
26403136.190476
28629177.142857
27405280.952381
27624833.333333
28244642.857143
28982441.904762
28175422.857143
27650062.857143
26143883.809524
26278722.857143
27205013.333333
27884947.619048
26577942.857143
26344846.666667
26387474.285714
26308075.238095
28606090.476190
27046251.428571
28615676.190476
25895889.523810
26307119.047619
27303875.238095
26664199.047619
25963819.047619
27877938.095238
25564289.523810
26571153.333333
27020574.285714
27104178.095238
27021587.619048
27116505.714286
26221592.380952
27092214.285714
27940410.476190
26392920.000000
26459692.380952
26772804.761905
24414641.904762
27626447.619048
25755764.761905
27126039.047619
26384604.761905
26672691.428571
27579190.000000
26448323.333333
26288654.285714
26457122.857143
26737260.952381
29020468.571429
27252494.285714
26087008.571429
28259553.333333
29280351.428571
27340890.476190
27400350.476190
26894761.904762
27930965.714286
27134946.666667
27470296.190476
26141822.857143
25043325.714286
24974040.000000
25685264.761905
25866755.238095
25598769.523810
27432474.285714
26942047.619048
26526024.761905
26918807.619048
27196811.428571
26940857.142857
26333401.904762
27005870.476190
27618791.428571
26362117.142857
48871866.666667
43811920.952381
41406047.619048
40933248.571429
39410725.714286
36720442.857143
38587743.809524
36455760.952381
35570310.476190
34104227.619048
36783128.571429
36901999.523810
33279320.952381
32992138.095238
32570840.476190
32385830.476190
32785335.714286
31816687.619048
31031040.952381
32747319.523810
33253304.761905
31817260.952381
32146805.714286
30859696.190476
32946544.285714
30844773.333333
30569300.952381
32226569.523810
29883954.285714
30950775.714286
30565177.142857
30798158.571429
30069760.952381
30645550.476190
28208587.619048
28630703.333333
30860128.571429
28423922.380952
28342171.428571
26641678.095238
28325353.333333
28588770.952381
32292854.285714
33905887.619048
34483355.238095
34740960.476190
34948300.476190
31415756.190476
33371473.809524
34043249.523810
32154693.809524
33798764.285714
34941793.809524
34137840.476190
32586475.238095
30897176.666667
34823788.571429
33953659.047619
32857671.904762
31501664.761905
30577011.904762
31877092.380952
30402610.476190
32135027.619048
29159338.571429
29238594.285714
33195691.904762
28931839.047619
29273594.761905
30820862.380952
28999884.285714
28137488.571429
29892462.857143
28572737.142857
31048496.190476
30361516.190476
30916834.285714
28076525.714286
30190292.380952
30834782.857143
28962903.809524
30349152.380952
30847344.761905
28543396.190476
28402473.333333
28750286.666667
28348485.714286
28736124.761905
28687190.476190
30329035.238095
26494002.857143
30584118.095238
29752629.047619
28740494.285714
29229062.380952
29268636.190476
29391448.095238
27669600.952381
29174119.047619
28093952.380952
27431836.190476
30577550.476190
28121632.857143
28650967.619048
28461779.047619
29905736.190476
29508206.666667
28583647.619048
27607341.904762
29541154.761905
27049700.000000
27374108.571429
27004878.095238
28555590.476190
26617081.904762
27048020.952381
27694860.952381
29482842.857143
28964430.476190
27707256.190476
28291140.000000
27676306.666667
32088227.142857
26044274.285714
27984181.428571
27087158.095238
28485545.238095
29866279.047619
28631108.095238
30076120.476190
27927106.666667
27092747.142857
28446872.857143
26204967.619048
27030259.047619
27912790.476190
29402645.714286
28385060.000000
26458640.476190
26099688.571429
27242278.095238
26896908.095238
28935082.857143
26597706.190476
28180106.666667
27387563.809524
26794477.619048
26469300.952381
27000184.761905
28094073.333333
26481252.380952
29054404.285714
28108037.142857
27591224.761905
28519273.333333
27572125.238095
28815960.952381
27845505.238095
27020478.571429
28736353.809524
27915746.190476
26457931.904762
26049660.476190
26787187.619048
26678404.761905
27015962.380952
26840993.809524
29322551.428571
26187420.952381
27833464.761905
27142997.142857
28956867.142857
26929178.571429
27295848.571429
26701346.666667
27279807.619048
30618676.666667
31204411.428571
28720470.000000
27452502.380952
27191929.523810
27435311.428571
26673005.238095
26564319.523810
27922731.428571
26840649.047619
26163777.142857
26117942.857143
26156981.904762
26569338.095238
26427619.047619
25632482.857143
24696856.666667
25451516.666667
25448519.047619
26998440.952381
24572522.857143
25741444.761905
24908502.857143
25587059.047619
25725007.619048
25446503.809524
26238318.095238
27268233.333333
27617055.238095
26059957.142857
26700380.952381
26255988.571429
26615981.904762
27032947.619048
26450771.428571
27083758.095238
24653672.380952
24814923.809524
25281122.857143
26723178.095238
24888000.952381
25950123.809524
25362866.666667
25062637.142857
24798520.952381
26663505.714286
25142404.761905
26142244.761905
24941041.904762
26666163.809524
27881411.428571
27733102.857143
27555582.857143
25414639.047619
25958544.761905
26303232.380952
27556386.666667
25403837.142857
26293291.428571
26024946.666667
25806242.857143
24780788.571429
29527195.238095
28000416.190476
29662512.380952
30088892.380952
26668056.190476
28259416.190476
29017874.285714
26315639.047619
27983500.952381
29346777.142857
26728586.666667
27053900.952381
27993758.095238
28611997.142857
31077019.047619
28820727.619048
29548953.333333
29737456.190476
27681037.142857
29593806.666667
28647387.619048
26069040.000000
26138165.714286
26027938.095238
25910053.333333
25872879.047619
24871596.190476
29748009.047619
27223675.238095
28016986.666667
24535421.904762
28188423.809524
26612660.000000
25916393.333333
25713648.571429
26333480.952381
28398437.142857
30595548.571429
27319204.761905
26823904.761905
28986703.809524
26963250.476190
24624735.238095
26639213.333333
25137578.571429
27561691.904762
26576497.142857
25687968.571429
30980387.142857
25760929.047619
27717890.476190
24210971.428571
26094216.190476
27296405.714286
26457192.380952
26060123.809524
25989379.047619
25260736.190476
27505379.047619
25733721.904762
25624531.428571
25886804.761905
28087630.476190
26620790.000000
27109489.047619
26185369.047619
27532270.000000
27274774.285714
28130512.857143
27621750.952381
25557874.285714
27484570.952381
25901800.952381
26477767.619048
25560879.047619
25581824.761905
27774480.000000
25677724.761905
26193401.904762
25949018.095238
26159169.523810
25029100.000000
26017137.142857
25868082.857143
26420563.809524
26018810.952381
25675911.428571
25778501.904762
26227034.285714
26826369.523810
26657844.761905
26486207.619048
29064623.809524
26285182.380952
27250538.571429
26729376.190476
27782088.571429
28036836.190476
26213271.428571
25805734.285714
27963423.333333
26055036.190476
25474683.333333
25931361.904762
25615205.714286
25855367.142857
25447898.095238
26487305.714286
27438587.619048
27691870.476190
26082993.333333
26580678.095238
27399885.714286
27530375.714286
26775315.714286
27311183.809524
29941639.047619
26044300.952381
27506731.428571
27549486.190476
29020355.714286
25485315.238095
27012521.904762
26138284.761905
25728799.047619
26501468.571429
27152117.142857
26457202.857143
26416712.380952
27624218.095238
25428614.285714
26683262.857143
25220929.523810
26115194.285714
27450451.428571
28047417.142857
26209925.714286
26127401.904762
27626295.238095
27721763.809524
28060822.380952
27748045.238095
29016042.857143
28367492.380952
27378218.095238
26343320.952381
26896998.095238
27399908.095238
25173495.714286
25785233.809524
24574359.523810
26314541.428571
25551271.428571
24837787.619048
27500205.714286
26840748.095238
24567750.476190
25901566.666667
25118152.857143
25540730.000000
25837748.095238
27994597.142857
25390882.857143
27162122.857143
27249484.285714
26940323.809524
25948584.285714
25355342.857143
27001860.952381
28131408.571429
26877502.857143
25170545.714286
26563800.952381
25979221.904762
28177685.714286
25796686.666667
26751872.380952
28419542.380952
26362892.857143
27232855.238095
27867380.952381
28652281.904762
27917935.238095
24878891.428571
26717027.619048
26854940.952381
26914090.476190
25675111.428571
25495223.809524
26283660.000000
26884365.714286
28784965.714286
26975882.857143
26998423.809524
29844999.047619
26295480.000000
25530635.238095
26939227.619048
27274558.095238
25854744.761905
27745587.619048
24742677.142857
24999706.666667
25287973.333333
27105463.809524
25026721.904762
25898695.238095
24781996.190476
27958199.047619
27270840.952381
26531671.428571
26640024.761905
26828948.571429
26404900.000000
28114389.523810
26019335.238095
26526564.761905
27905963.809524
26929267.619048
27199999.047619
27637820.952381
25577809.523810
26956092.380952
26608730.476190
25786003.809524
27415365.714286
26860558.095238
29646687.142857
27155797.619048
29159071.428571
26649028.571429
25987042.857143
26170831.428571
26156643.333333
25871555.238095
27175024.761905
25941435.238095
26323957.142857
28487491.428571
26977772.380952
26849796.190476
26889426.190476
28770438.095238
29044096.190476
28333772.380952
27165700.476190
26985551.428571
27197780.000000
32978173.333333
28985245.714286
30357384.761905
26905256.190476
27356986.666667
28373883.809524
29404801.904762
28226980.952381
29830515.238095
27017232.380952
29778142.380952
27950062.857143
27809051.428571
28154348.571429
27191177.619048
29574568.095238
28379983.809524
28000490.476190
28216785.238095
28753687.619048
27790775.714286
28795793.809524
28415550.476190
26360270.476190
25841090.476190
26058842.380952
25358683.809524
26869027.619048
26514079.047619
25849003.333333
26434322.857143
25853646.666667
27374122.857143
26534577.142857
25645586.666667
25832201.428571
27456244.761905
26432719.047619
27560732.857143
27305962.857143
27081381.904762
27695848.571429
27239171.428571
27147020.952381
26165853.333333
26178734.285714
30762954.761905
27533997.142857
27432765.714286
26169982.857143
25853625.714286
28009842.857143
26175472.380952
26538471.904762
27234191.904762
27135584.761905
26239494.285714
26516124.761905
27469306.666667
27902052.380952
24649857.142857
24966885.714286
27011735.238095
26365237.619048
27029291.428571
26458423.809524
26074618.571429
26506984.285714
30541612.380952
27663513.809524
25824246.190476
28661795.238095
27404497.142857
27901531.428571
25897720.952381
27670911.428571
26633894.285714
26053305.714286
25456672.380952
27799332.380952
25815695.238095
26154150.476190
26176825.714286
26283480.952381
26611776.190476
26306184.761905
27004131.428571
26587607.619048
25827890.476190
29387303.809524
26981971.428571
27344830.476190
27286021.904762
28679590.476190
26454359.047619
28382815.238095
26948404.761905
28364728.571429
25918448.571429
27288517.142857
27984013.333333
25528007.619048
27483785.714286
26562139.047619
27352116.666667
25788238.095238
26389734.285714
28533393.333333
25240260.952381
26032114.285714
26543157.142857
27568113.333333
27561532.380952
25429903.809524
28166914.285714
28820704.761905
27354237.142857
26517857.142857
26269438.095238
27153734.285714
28155070.476190
27620687.142857
29565766.190476
26190726.666667
27109292.380952
26881623.809524
28061080.952381
25886459.047619
25731320.476190
26470410.476190
25585974.285714
25634511.428571
28167100.476190
27240031.428571
28326589.523810
27156357.142857
25548620.476190
25522634.285714
26009890.476190
28082350.000000
27576009.047619
27482821.904762
25486180.000000
27296214.285714
25333876.190476
27284315.238095
27283888.571429
28243068.571429
25358201.904762
27926928.571429
27179977.142857
25429004.761905
27147962.857143
26397444.761905
27075457.142857
27749854.285714
25926100.952381
26170143.333333
25949080.952381
25830112.857143
26543188.571429
26879746.190476
26919031.428571
25914857.142857
26831525.714286
26822831.428571
29259657.142857
27026038.095238
29569274.761905
26424605.714286
27655067.619048
30061704.761905
27868100.000000
25581947.142857
26639512.380952
25855371.904762
26515939.047619
26507323.809524
29011369.523810
26915100.952381
26181968.571429
26047929.523810
27915026.666667
26397657.142857
25944832.380952
26709826.666667
25758749.523810
27253330.476190
26375482.857143
24297896.666667
28472982.857143
26872605.714286
28943045.238095
27785716.666667
26899219.047619
26925682.380952
29092304.285714
27228063.333333
26771255.238095
26038474.761905
25904224.761905
26677396.666667
26244306.666667
26596841.904762
27417675.238095
26376310.476190
26319932.857143
26032421.428571
25217848.095238
29142336.190476
26346738.095238
27152590.952381
27366861.904762
25715380.000000
27054966.666667
27402784.761905
26553195.238095
27039821.904762
27062943.809524
26404196.190476
26765624.761905
27619814.285714
26710629.523810
25309847.619048
28231124.761905
26286911.428571
26472289.523810
26545574.285714
26029543.809524
25758710.476190
26078808.571429
25869027.619048
25500650.476190
25883574.285714
26050228.571429
27451784.761905
25925472.380952
26259606.666667
27873907.619048
26056868.571429
27443101.904762
26949200.952381
27270973.333333
26682248.571429
26754601.904762
27828031.904762
27414221.428571
27261366.666667
26183404.761905
26768414.285714
25149050.476190
28439728.571429
25669348.571429
25257427.619048
28034227.619048
25094884.761905
28176015.238095
26421838.571429
27093873.809524
25214273.333333
26384676.190476
26239794.761905
27434952.380952
26859036.190476
26009905.714286
26536871.428571
27188270.000000
26898785.238095
27710423.809524
26891969.523810
28530905.714286
28661806.666667
26053708.095238
27312028.571429
26636688.571429
26222796.190476
28552178.095238
27055198.571429
26269277.142857
27525714.761905
26220472.380952
25772705.714286
26695449.047619
28131503.333333
25897874.285714
25358900.476190
28146585.238095
26808247.619048
25152967.619048
25033175.714286
26386695.714286
27352646.666667
26607166.666667
27086137.142857
27833695.238095
25654715.714286
27156586.666667
25785391.428571
26912609.523810
25536063.333333
26296587.619048
27843416.190476
27670510.476190
26780221.904762
28873338.095238
27024846.666667
25774010.952381
26977071.428571
25623394.285714
25368912.380952
25546679.047619
26952152.380952
26828870.952381
28584345.714286
27326723.809524
27792295.238095
28650923.333333
28973606.190476
29056217.142857
27591308.571429
27975655.238095
28947250.952381
26644163.333333
26045020.952381
25378153.333333
25826095.238095
24922702.857143
26908886.666667
25838170.000000
26010770.952381
25908633.333333
25716400.476190
27826096.190476
25897722.857143
26168678.571429
26686930.952381
25754297.142857
25487985.238095
26915701.428571
27411767.142857
26817130.476190
26893393.333333
27233729.047619
28018348.571429
25604449.523810
23915289.523810
28092160.000000
26306122.857143
25087458.095238
26028001.904762
25854116.190476
27421331.428571
26836268.571429
26875175.238095
32355036.190476
26091392.380952
26509512.380952
26278626.666667
28031112.380952
25466454.285714
25975642.857143
26730064.761905
27786323.809524
26963039.047619
27227136.190476
27036124.761905
27126473.333333
27509772.380952
28623238.571429
27295389.523810
27911769.523810
30947158.095238
27152341.904762
28765895.238095
27295351.428571
26320606.666667
28939910.952381
27029777.142857
25974239.047619
26091447.142857
28585112.380952
26318620.952381
27725967.619048
28402320.952381
26554685.714286
28018175.238095
27771543.809524
26363466.666667
28038577.142857
27028069.523810
27059882.857143
28822421.904762
27256045.714286
28145578.571429
25927050.952381
26406426.190476
26824904.761905
26839250.476190
25128644.761905
27861185.714286
25885459.047619
26842995.238095
26251645.714286
25639274.285714
25797482.857143
25563581.904762
26831440.952381
28065226.666667
26840664.761905
26523033.333333
25917178.571429
26005137.619048
27565704.285714
24836582.380952
26318892.380952
26903617.142857
26888865.714286
29589427.619048
27812986.666667
29436420.000000
27639132.380952
27841536.190476
26787183.809524
26553298.095238
25832198.095238
26325212.380952
28124015.238095
26409485.714286
27953960.952381
26601715.238095
26017379.047619
26574418.095238
27057736.190476
26372814.285714
26448151.428571
26124343.809524
26592632.380952
26935582.857143
27305494.285714
26175088.571429
27211180.952381
27298480.000000
27419409.523810
26475553.333333
27641472.380952
26310600.952381
27816564.761905
27231498.095238
27685458.095238
25671729.523810
25743430.952381
26729946.666667
26390444.761905
25369670.476190
25838240.952381
26455958.095238
27194186.666667
26683938.095238
25825559.047619
27496854.285714
26181062.857143
26339623.333333
26276592.380952
26349140.952381
26538293.333333
29424320.952381
29301023.809524
28711549.523810
28163977.142857
29038208.571429
26525252.380952
29560573.333333
27188844.761905
26389122.380952
25775102.380952
26121016.190476
26380376.190476
25593125.714286
27076527.619048
26688168.095238
25976926.666667
27851840.000000
26179751.428571
27220079.047619
26315071.428571
27040190.476190
25027527.619048
27389150.476190
26365485.714286
26867682.857143
26754245.714286
27150194.285714
27224812.380952
27887722.857143
29010000.952381
25856426.666667
27883031.428571
26479658.095238
28229202.857143
26150283.809524
27311451.428571
25501173.333333
26143663.809524
26009033.333333
27074668.571429
26211367.619048
27950915.238095
25839187.619048
25943643.809524
25882927.619048
25320253.333333
26340428.571429
27038343.809524
28835950.476190
25904637.142857
27461945.714286
27355735.238095
27558186.666667
27107532.380952
27768870.476190
27277026.666667
26934051.428571
26490511.428571
26954297.142857
26099259.047619
28113083.809524
26315238.095238
28018980.952381
28196615.238095
26384706.666667
28115429.523810
26075217.142857
26762740.952381
25806740.952381
28708883.809524
27564942.857143
26945325.714286
26096472.380952
25342453.333333
28630279.047619
26626336.190476
27413829.523810
29356940.952381
27602232.380952
26307367.619048
27488254.285714
27734690.476190
27754620.952381
25982445.714286
28063029.523810
26462977.142857
27143767.619048
25977120.952381
26252834.285714
25667566.666667
27999703.809524
28864805.714286
28000300.952381
26149877.142857
26024007.619048
27122847.619048
27694931.428571
26880152.380952
25339713.333333
27480705.238095
28503025.238095
27121371.428571
27970861.904762
29640940.000000
28591260.952381
27231916.190476
28326277.142857
28202062.857143
26674971.428571
26293873.333333
28052286.190476
27449633.809524
26605380.476190
27539002.380952
26295478.095238
28343211.904762
25842421.428571
25709726.190476
26888328.571429
26721454.285714
25063195.238095
26964538.095238
26221997.142857
25802450.476190
26043943.809524
27928276.190476
26347465.238095
28154771.428571
26643254.761905
26893852.380952
25799299.047619
27035313.333333
28493020.952381
25971387.142857
26343284.761905
24974240.952381
26830335.238095
26171753.809524
24410017.619048
25275073.333333
26711321.904762
26260214.285714
25348511.428571
25669426.666667
28185277.142857
25840527.619048
26592719.523810
25845184.285714
27047786.666667
26430622.857143
26601356.190476
28624901.428571
27279297.142857
26558340.000000
26723543.333333
27050340.476190
31851025.714286
26158776.190476
26554987.142857
24482583.809524
26170588.571429
25267533.809524
26352070.952381
24856021.904762
24195629.523810
23974199.047619
24031926.666667
24039193.333333
23916536.190476
24198487.142857
24131385.238095
24360402.857143
24260605.714286
24724394.285714
25645993.333333
29969105.238095
25016317.142857
25718173.333333
25590308.571429
26846251.904762
27298220.476190
27154446.666667
28039691.428571
27137360.000000
27526112.380952
28318377.142857
27338168.571429
26455953.333333
30899401.428571
24018253.809524
26172577.619048
27422038.571429
25588309.523810
27436875.238095
25484990.476190
27454432.380952
27275261.904762
28202993.333333
25113329.523810
26391040.952381
27051386.190476
26469536.190476
26765513.333333
28266849.523810
26584982.380952
25957655.714286
27179540.952381
27828049.523810
26184242.857143
27834617.142857
26910887.619048
25567981.904762
25964279.047619
26675234.285714
27767244.761905
28002128.571429
24256221.904762
23971158.095238
23797978.095238
26495327.619048
23969765.714286
24224911.428571
24020050.476190
25841697.142857
28005185.714286
27015885.714286
27039026.666667
26663297.142857
27686837.142857
25694394.285714
27198343.809524
27212111.428571
25633865.714286
26798060.952381
25856905.714286
25636458.095238
25643118.095238
26843651.428571
26365623.809524
26030861.904762
27679898.095238
25812914.285714
25974223.809524
25636420.000000
25936320.952381
25780047.619048
25993882.857143
26766447.619048
27019190.476190
27565001.904762
28020625.714286
25945613.333333
26420860.000000
28551604.761905
26393789.523810
27529569.523810
27163449.523810
28130111.428571
26856633.333333
26178771.428571
26838183.809524
25968749.523810
27470097.142857
27242315.238095
25730313.333333
25335505.714286
27571608.571429
26625984.761905
27568413.333333
26172436.190476
26108601.904762
26263491.428571
25743292.380952
26809369.523810
26352805.714286
27208462.857143
25980205.714286
28425565.714286
27125951.428571
27231367.619048
25728298.095238
26889956.190476
26175775.238095
25972755.238095
25620576.190476
27518219.523810
26288121.904762
24599938.095238
27280512.380952
25134134.285714
25585833.333333
27166168.095238
27985466.666667
25573456.190476
27479923.809524
25684295.238095
24848505.714286
25666385.238095
25575443.333333
26180187.142857
27324847.142857
27092892.380952
25765956.190476
31876516.190476
29538595.714286
31106816.190476
31357340.000000
29867097.142857
29183302.857143
29604595.238095
28269762.857143
29084607.142857
30518622.857143
27743436.190476
28547382.857143
30130883.809524
27665709.523810
28705611.428571
26246200.952381
27047540.952381
26003660.952381
29128354.285714
27303283.809524
30975913.809524
26297553.333333
26474980.952381
25532605.714286
26000012.380952
27980802.380952
28069699.047619
28515201.428571
26150677.619048
26126476.666667
26924685.714286
25491981.904762
26467068.571429
25988614.285714
27208165.714286
26674440.952381
26562703.809524
26556358.095238
25890875.238095
26204729.523810
25266000.000000
26689953.333333
26352341.904762
25487720.000000
25900599.047619
26928777.142857
26401682.857143
27236363.333333
27110612.857143
26400188.095238
30884018.095238
27740913.333333
26092669.523810
27352826.190476
26210152.857143
25820269.523810
26850857.619048
26025755.238095
48638581.904762
38740602.380952
38916775.714286
34704235.238095
33316165.714286
31947727.619048
30290889.523810
30405556.666667
29451924.285714
29868003.809524
27193652.857143
30966661.428571
27869932.857143
28069868.571429
28830598.095238
28820058.095238
28406300.952381
27890844.761905
26386569.523810
29459131.428571
29140868.571429
28579654.285714
27289797.142857
27112391.428571
28596953.333333
27869895.238095
27258506.190476
27140985.714286
28831560.952381
26880449.047619
26423896.190476
25494022.380952
26010628.571429
26572092.857143
26120576.190476
26105643.809524
27162200.952381
26303708.571429
28638547.142857
28082062.380952
27477070.476190
26595690.476190
28927926.666667
26984454.285714
25996800.476190
27115685.238095
26714600.952381
25377223.809524
25203791.428571
25854028.571429
26623139.047619
25849026.666667
25598203.333333
26916355.238095
24718816.190476
26937178.095238
25932672.380952
25182155.238095
25203061.904762
25556214.285714
24917347.619048
26683388.571429
25483522.857143
26432368.571429
26675673.333333
27763085.714286
28402034.285714
26968597.142857
26407216.190476
25717407.619048
27590161.904762
28268065.714286
26060535.238095
27457431.428571
26666437.142857
26501049.523810
26890327.619048
26901672.380952
26135048.571429
24985193.333333
31782618.095238
26056408.571429
24563812.380952
25515540.000000
26440312.380952
27214313.333333
27796727.619048
26289428.571429
27035397.619048
26123303.809524
26870277.142857
28445784.761905
27649652.380952
27243022.857143
26175109.523810
27777237.619048
25905154.761905
25312188.571429
26425226.666667
25573130.476190
25338096.190476
24898704.761905
25098395.238095
25389780.000000
25625574.285714
25916756.190476
25313499.047619
25878283.809524
25914358.095238
25006933.333333
24441200.000000
25146780.000000
25337964.761905
25621040.952381
27811767.619048
28509383.809524
29205311.904762
26909894.761905
26451180.000000
26424989.523810
27769447.619048
26302227.619048
27252485.714286
24857248.571429
25364542.857143
24726801.904762
25195675.714286
24711037.619048
27178711.428571
24784258.095238
27147613.333333
27032171.904762
26065281.428571
26628081.904762
24560029.047619
24502028.571429
25708920.952381
24527677.142857
25876149.047619
31326201.428571
29785389.523810
26415566.666667
27356794.285714
26443485.714286
27908065.714286
27524622.857143
26924901.904762
24990374.285714
25079226.666667
23946207.619048
25552499.047619
25208906.666667
26091782.857143
24567073.333333
24155380.000000
24384126.666667
27027799.047619
25608304.761905
27181936.190476
26251009.523810
24834106.666667
25673204.761905
24539940.000000
24763937.142857
25140065.714286
26805625.714286
26384279.047619
28306056.190476
26241766.666667
24557233.333333
25694492.380952
25034111.428571
24304308.571429
25401061.904762
25418935.238095
26242399.047619
25292980.000000
26234933.333333
26044503.333333
26625117.619048
26343947.619048
24178067.619048
25154918.095238
25935218.095238
24709389.047619
25697953.333333
25189605.714286
25896541.904762
25025636.190476
26506409.047619
25656789.523810
26328437.142857
28282928.095238
27571726.190476
25907986.666667
27031839.523810
26446908.095238
27210034.285714
27997868.571429
26319486.666667
24972486.190476
25739592.380952
25440982.857143
27040104.285714
24725051.904762
27760268.095238
24975142.857143
25534400.000000
26335700.952381
26704858.095238
25827461.428571
26474199.523810
29436266.666667
25715817.142857
28850905.714286
27841308.571429
28654210.476190
27435760.952381
25421383.809524
26119630.476190
26621323.809524
26831974.285714
26283806.666667
26848668.571429
25976426.666667
25943759.047619
26041785.714286
25891888.571429
31304439.047619
28427268.571429
30633195.238095
29704398.095238
26923832.380952
27326514.285714
26532326.666667
26697226.666667
27576564.761905
27273825.714286
27195441.904762
29817734.285714
28720139.047619
27767234.285714
27720809.523810
27531367.619048
28439524.761905
28922167.619048
27251666.666667
27868423.809524
26800468.571429
26769019.047619
24320189.523810
26081320.952381
28864017.142857
27671548.571429
26152346.666667
25602238.095238
28804158.095238
26565470.476190
28135827.619048
27375320.952381
26110832.380952
26058083.809524
26323318.095238
26542241.904762
28298025.714286
27498030.000000
28692021.428571
27998211.428571
26372821.904762
28442695.238095
27132969.523810
26845526.666667
26048297.142857
25871461.904762
26346410.476190
26116197.142857
26009208.095238
26373772.380952
25859086.666667
26794086.666667
27905357.142857
26840597.142857
26853425.714286
26781160.000000
26122572.380952
25446192.380952
26145673.333333
25841890.476190
26737740.000000
28388320.952381
26980160.000000
26917090.476190
29511671.428571
26324518.095238
28465021.904762
26405417.619048
27976603.809524
25820875.714286
25302430.476190
25651253.333333
25104006.666667
25985627.619048
25228130.000000
27771271.904762
25914024.285714
26621066.666667
27394580.000000
27631402.380952
28008761.428571
26312272.380952
25099650.476190
26323040.000000
27142902.857143
26871269.047619
27174414.761905
26150124.285714
26684278.571429
26691886.666667
28247200.952381
25044061.904762
28035626.666667
27293470.476190
25819079.047619
25280109.523810
25708100.000000
32269035.238095
26355160.952381
25750236.190476
26504660.952381
26578693.333333
26474153.333333
25628213.333333
27572641.904762
25726236.190476
28161926.666667
26271677.142857
26281511.428571
27938263.809524
28059014.285714
27187910.476190
27223816.190476
28883042.857143
27011591.428571
27969747.619048
26468253.333333
27297333.333333
27092613.333333
25676290.476190
26099949.523810
28065668.571429
26115572.380952
26091834.285714
26264948.571429
28778226.666667
26833540.000000
26289570.476190
25779708.571429
27137105.714286
25630837.142857
27908651.428571
26138539.047619
26384740.952381
28235365.714286
27028491.428571
27528060.000000
27387596.190476
27120877.619048
27422898.571429
29696110.000000
27546060.000000
28451919.047619
28591153.333333
26796556.666667
29382602.380952
26761114.285714
26169935.238095
31037725.714286
27834454.285714
27887296.190476
25875494.285714
25452999.047619
27994179.047619
25171559.047619
25833965.714286
26499700.952381
26193305.714286
27108329.523810
26719793.333333
24758898.095238
26990234.285714
28826176.190476
27575020.952381
27515041.904762
27179867.619048
27643926.666667
26533597.142857
26201280.952381
25610564.285714
25396204.285714
24203765.238095
25798873.809524
26653714.285714
25221691.428571
26221702.380952
29148514.285714
26922423.809524
25961478.571429
26079917.142857
28812812.380952
27188549.523810
26413778.095238
27899973.333333
25148659.047619
26909204.761905
27043900.476190
27818998.095238
27008640.000000
27145525.714286
28941780.000000
27268535.238095
27219905.714286
26870807.619048
25439640.476190
26515918.571429
26639790.476190
26975807.619048
27294884.761905
24475012.380952
26589720.000000
25835577.142857
26083559.047619
27837875.238095
25403645.714286
25849292.380952
26214480.000000
26205000.000000
26588786.666667
26071544.761905
25883436.190476
27307134.285714
27193709.523810
28761661.904762
26019908.571429
27902767.619048
27264209.523810
27598034.285714
26697743.809524
26194162.857143
26024152.380952
25759414.285714
30461187.619048
27724466.666667
25513962.857143
26372096.190476
25955028.571429
26475173.333333
25507659.047619
26293783.809524
27777720.952381
27844888.571429
26309509.523810
25411263.809524
25544312.380952
28999615.714286
27649448.571429
26797843.809524
28272471.428571
26540094.285714
28804010.476190
26557435.714286
27309825.714286
26674487.142857
25882387.619048
27425641.428571
25354054.285714
26373402.857143
26171291.428571
25554945.714286
26609345.714286
26220700.000000
25423294.285714
25722964.761905
26531279.047619
26053909.523810
26415894.285714
25926449.523810
27124911.428571
26224495.714286
25880532.857143
27204233.333333
27443330.476190
25471026.666667
27375880.476190
26190474.761905
26476140.000000
26587609.523810
27106447.619048
25830517.619048
25377200.952381
26461190.000000
26025428.571429
25855533.333333
27486072.380952
24644983.809524
25920176.190476
27856337.142857
26978990.476190
25920857.142857
25598563.809524
25386660.000000
25675128.571429
25965165.714286
27786019.047619
27261802.857143
27253429.523810
27034010.476190
26266567.142857
27514770.476190
27838866.666667
27190665.714286
27291388.571429
27308896.666667
25772024.761905
29124660.000000
27060594.761905
26848852.380952
26846240.952381
27051909.523810
26678283.809524
25630997.142857
26567580.476190
26363162.380952
25918596.190476
26163254.285714
25587239.047619
25876190.476190
30185186.666667
25546093.333333
28321421.904762
28300230.000000
26313608.095238
28671587.142857
26104912.857143
27308006.666667
26649159.047619
28381408.095238
27541966.190476
28503305.714286
25674737.142857
27044257.142857
28206710.476190
26256535.238095
25858308.571429
27990052.380952
25522943.809524
26588258.571429
26977529.047619
25392806.666667
24350282.857143
24484770.000000
24017128.571429
23898663.809524
23408394.285714
24470841.428571
24426463.333333
24063554.285714
25389428.571429
25774008.571429
25019054.285714
26252455.714286
28755971.428571
23977042.857143
26863112.857143
23400372.857143
25390273.809524
25282634.285714
24905134.285714
24642148.571429
24137805.714286
24670952.380952
23821002.857143
26200439.047619
25564857.142857
27998668.571429
26121564.761905
27154841.428571
25822809.523810
27677712.380952
25692913.333333
27249387.619048
27092404.761905
27798147.619048
26977579.523810
27188984.285714
27066661.428571
27706137.619048
25392425.714286
27685710.476190
25832500.000000
26464032.380952
25726584.761905
26574665.714286
26673687.619048
26300654.761905
28231426.666667
24999667.619048
27858742.380952
27079592.380952
27539580.952381
27345078.095238
26370907.619048
27835347.619048
25704193.333333
26216735.238095
27209693.333333
26329936.190476
27163265.714286
26555257.142857
26170868.571429
27913020.000000
27722261.904762
26295836.190476
27162345.714286
27756090.476190
25714220.952381
25906973.333333
27362782.857143
26297281.904762
26281657.142857
26873625.714286
25176874.285714
26004788.571429
24677843.809524
24797143.809524
27185934.285714
25027331.428571
26677234.285714
26295673.333333
24563016.190476
25677664.761905
25085332.380952
26178182.857143
27235763.809524
27384396.190476
28177876.190476
26804144.761905
26472459.047619
26827648.571429
28021296.190476
26270749.523810
25797336.190476
25377072.380952
25718107.619048
26729734.285714
26357060.952381
26768287.619048
28254288.571429
