1739
835
1023
616
1536
1042
1415
650
689
883
960
1168
855
1020
1351042
1142
1099
1131
26200
1124
1110
14227
1153
702
947
13478
1304
581
970
15957
703152
1326958
1202
9883
1198
27587
1220
644
38234
779
23280
1061
28804
897
43200
1316
619363
1317090
15805
859
25931
861
28902
842
29643
1137
55292
851
585
46542
14386
1121
569553
1353516
15025
1211
28121
1248
989
1023
9088
794
1094
623
11717
940
1058
12390
649246
1343856
917
12562
1497
874
1190
927
1858
620
2192
1664
2254
1532
1861
1813
2010197
1188
671
41586
9552
791
1242
632
3526
1189
1267
2417
1459
1320
1936
2121
2004431
1129
700
40957
17397
1120
11041
1126
32714
1139
973
26660
1174
715
934
38259
587041
1334108
1353
1071
1098
627
1052
29972
1211
30379
1208
748
25673
773
13099
1057
1907749
958
1317
1089
719
606
9782
776
14670
926
17742
937
16408
1225
13621
776
657711
1344611
10450
1704
801
1487
849
1004
9972
1214
634
2946
15317
978
1033
747
1979664
14268
1199
27585
1202
29177
788
29195
1262
718
1010
610
3539
925
12244
788
1937145
1221
13702
896
21763
1195
678
51553
10329
1750
1231
987
1047
2153
1868
2202
1931912
839
638
1226
13002
1070
647
22896
20729
1386
697
890
14951
1075
887
20438
702512
9439
8326
9943
16241
6674
12479
5567
13446
9553
16466
1294942
1104
14827
1164
698
2027250
724
28223
974
29612
856
19559
1133
618
663
857
1641
17041
1030
24847
932
1957392
1203
33680
951
747
47026
16500
1210
751
28741
935
1035
32897
1138
698
1111
1961691
15240
1121
716
19524
20615
1130
33777
1121
29520
874
23053
1624
601
1200
689
671940
9595
17028
16350
13581
8834
7828
14698
1284713
1180
658
19902
13931
967
1028
619
2086519
929
26955
1528
950
987
979
1352
638
3783
1274
12306
18391
1215
802
1649
2041756
1269
27947
14643
1236
776
38969
1021
1054
608
2778
1125
1487
628
2835
30762
651615
1322925
1211
764
11075
936
31003
1205
32528
903
19989
1218
654
695
29020
778
1938700
860
1034
820
723
2102
26983
947
635
24877
13975
1577
644
1093
1120
1342
2018633
1205
9265
1400
1076
758
1375
1166
1989
1073
1641
32355
1198
16685
783
17766
676576
1363238
1423
771
1015
609
32429
1022
1066
1124
1304
2348
1312
1035
612
10296
2029206
925
8744
934
15537
914
31240
1245
982
726
1112
1044
23251
1213
755
37597
1962604
1230
8481
1231
18039
1219
30661
15131
1223
792
26017
828
1044
738
1011
1023
653034
1249972
1249
641
989
12387
1276
637
15894
929
36606
1190
18267
901
8802
1049
681219
1325262
14567
779
16224
805
1168
626
2333
1826
39418
925
755
27955
15714
1228
641316
1217770
14579
1222
28732
1289
850
1285
1101
1493
1396
5092
1215
47432
2192
28658
618072
1381250
1181
765
1211
29917
1611
1078
1134
871
1677
1475
1141
1397
2003
1551
2041106
1026
766
732
5824
770
12178
786
16503
1801
12939
1518
963
1323
642
1890
1989429
1596
806
1053
568
895
5231
1441
19500
1140
27471
18462
1417
792
26953
1041
670273
1329703
1256
1033
728
22164
1341
827
1003
16026
1232
636
25326
945
34805
1174
1942673
1162
1108
1239
609
34741
15801
926
14931
1196
1085
673
1477
1794
57798
776
638231
1308205
980
1074
607
24354
18164
1238
22836
1656
850
1048
1233
604
1994
1524
2011128
14073
1693
784
1038
25375
977
744
1153
27640
1281
897
1180
1025
1025
1693
2523262
1037
20149
878
14242
1057
779
602
8177
915
18560
930
11128
940
17370
1211
2228642
794
641
1064
25987
1232
637
15679
913
1036
5666
1057
32880
1228
28935
15197
823428
5470
4181
1271486
1261
29274
1338
1061
614
26209
1215
645
860
16293
1286
658
2070524
934
10694
1224
4577
1013
1135
1009
1643
47467
18026
940
15775
1181
1091
619
2144419
1728
1074
757
599
36374
807
1048
742
23921
17858
1226
26926
1257
766
1031
2033193
23130
1237
788
14997
20939
1345
765
1036
34848
806
612
1055
26348
1259
647
747531
4951
1334025
926
9077
1193
19382
886
28987
1231
674
699
15833
930
17138
921
2041973
875
8349
1159
15295
879
693
1142
24644
1118
713
9134
1102
1003
564
1071
2057368
1284
1272
699
1337
629
867
1123
1826
53078
1695
1086
747
15306
1254
641
788571
1350768
1248
772
11622
1266
1072
938
15603
1097
1422
1070
608
27313
16442
885
2024301
796
1338
751
32882
1674
1067
625
805
48839
808
1038
742
31582
20437
1245
2050406
1248
757
1016
21801
15287
1218
750
12184
18953
1666
657
1035
33236
917
629
795080
1369221
1642
994
1083
631
902
696
35409
1170
11161
861
16585
1241
664
697
2097108
950
1053
623
23355
817
749
915
24822
990
1287
1127
26481
1320
628
1044
1911621
1130
18594
1143
13911
1268
975
718
2184
1120
1805
1845
2576
52509
1131
944
744475
1339690
1242
642
976
23340
1227
642
12582
1273
1069
1040
25172
900
1078
2198
690573
1314709
1132
588
10792
864
1197
579
29666
1342
835
529
657
30073
725
998
676199
1347560
864
1047
606
1617
2503
1510
22770
12358
1255
764
14610
17303
1247
880
736695
1367911
960
743
1014
24460
1224
766
1439
822
987
1846
39068
1203
14374
899
1912268
981
729
570
27778
723
11182
875
63637
751
695
1132
1378
1941
733
905
2257508
2041
923
9790
21178
1128
27594
1121
18047
1210
948
773
945
688
2045
608
745115
1408866
1290
1074
743
24215
1889
780
1021
27593
1213
631
15252
1226
1122
1024
2041064
861
1018
944
571
37225
1160
578
18950
745
996
577
42100
1143
835
655
728046
1385386
970
1066
609
22345
784
1377
809
1832
1105
5993
21198
17018
1211
760
2078741
15062
1622
785
1033
24939
795
675
1084
23821
1738
669
1587
733
8143
775
2061856
1199
8010
894
13400
1052
637
1252
27554
800
1039
625
24629
1235
688
2168
2062764
934
640
982
21923
1307
650
1372
26935
1227
21585
1239
17015
1268
1055
749
707599
14547
1369716
952
1045
22356
1621
1056
859
23615
1254
715
977
26830
1234
634
2037238
916
9414
1179
16445
867
1550
1071
611
37021
1236
629
12086
1094
1193
612
2099897
1433
899
740
745
37513
1309
1089
616
26562
803
1422
1115
1044
755
1105
1963847
16296
1203
766
14135
20718
1210
644
1158
28160
941
639
1042
28559
1215
771
683940
10015
12356
16845
1348155
1059
809
767
22953
1324
668
697
28623
830
1499
1201
2096403
924
10794
1257
15293
790
778
3708
24922
1204
926
13969
18288
1213
17234
1210
2022601
1256
1279
1131
2188
1047
1012
2979
1065
35779
1537
1046
1507
12077
1322
634
737654
1373926
1219
769
13720
802
953
1572
29277
936
1084
1148
604
10686
1282
1443
2052840
786
21533
775
13487
1487
941
1114
1505
37503
957
1041
622
22056
1336
1108
2013485
1216
18280
1200
13427
15796
1212
781
16913
19539
1257
750
1030
36323
932
614
687813
1381388
1634
738
939
560
17393
870
12882
1204
764
662
32871
976
1032
623
2054214
918
8870
1269
1213
644
570
2794
25038
1109
1025
1044
5791
1525
1596
2763
2092059
1219
18050
1405
2244
1890
970
793
1844
1247
4873
1068
1030
38767
1255
1030
698303
1344896
1164
603
892
24579
1125
598
13028
740
1004
1582
26480
882
1063
931
705597
1364024
1131
606
10688
858
24354
1332
17734
1838
975
752
734
38758
802
1027
680954
1363838
1048
999
901
1059
26486
1113
8971
14758
1250
945
13400
18661
1215
743
679682
1381791
991
762
1190
26397
1520
784
1332
660
1822
1421
37726
1064
791
604
2046631
1072
1062
613
23405
932
9869
1323
1061
629
12114
1215
13651
803
863
1505
2061740
1273
776
1044
22949
1226
14731
1367
1690
1597
2117
1512
2151
1723
1680
1537
702624
1392235
1231
1023
740
22492
1244
649
2614
13988
1293
848
13100
1148
1129
929
2017036
1034
1202
915
712
39222
1241
643
11400
783
25417
799
13851
1341
913
4614
696508
1343570
10172
1206
760
25848
960
1027
4929
1068
23052
1220
13504
15217
1220
751
1999851
13345
1163
773
969
26159
1091
601
953
24837
1297
792
1173
1110
1049
1389
2058558
973
10296
811
13829
1263
775
851
29206
963
1099
581
1611
1343
822
3286
2191391
964
739
1020
13056
1243
635
13856
23089
1217
26551
1243
4707
1651
1067
747
660336
6746
8127
1348891
1213
24848
1282
1049
765
16228
1250
637
964
13111
1279
624
2048773
920
8924
1175
14192
1228
1171
1055
604
37162
1250
651
22445
924
23132
916
2026296
1324
928
1238
608
33917
9915
1245
752
16433
903
1028
4770
1225
7752
1213
1994029
11134
1262
769
13890
17870
1434
770
1018
26274
970
728
1019
32121
1205
754
660821
4817
1359947
907
12025
1227
662
697
27638
1056
786
607
18451
969
1043
611
2029729
1033
706
1015
25610
987
626
1013
9348
1244
766
22349
18131
1224
18318
1185
2031192
1210
15502
963
1449
838
1081
610
1576
25480
1452
1094
1962
12207
1260
756
699696
1324969
1222
775
10959
1019
1048
913
25793
1058
1194
1015
604
33156
1229
620
1996765
960
1052
626
27165
1645
1077
730
608
38332
10165
1271
779
15482
901
1042
1989185
1115
13757
1135
12985
16900
1126
714
31099
21663
1170
697
952
45560
862
584
620807
1285927
1273
1154
1379
1352
4214
676
36759
1617
675
706
17630
1480
1253
1423
2055047
891
975
581
24380
1227
610
920
24158
899
588
930
9845
1161
596
1453
2035798
1109
10233
1110
15177
1145
859
534
2660
592
3181
597
2311
31666
1133
954
702517
1359940
1164
612
786
24539
1160
603
13817
746
988
2938
34638
1152
1059
971
690464
1374295
1197
644
9552
1001
1056
625
26861
1434
930
798
1412
22117
11481
1215
685823
1322086
920
1039
10380
1208
12232
1224
11948
15564
1235
945
24593
15488
1208
747
652351
1353105
894
692
2532
19816
1295
817
1139
643
1561
1825
24369
1285
669
701
2015792
1129
740
678
27429
855
10071
849
16182
891
575
921
27813
1083
571
920
2058243
1205
780
6531
18870
1212
11654
1221
10546
1548
1424
664
2634
1958
1945
1880
690680
1347285
1240
1020
628
25622
1395
804
1013
26669
1220
631
26795
794
1035
1024
1994668
938
1089
881
1197
34779
1234
629
11404
891
1488
634
29780
1218
1015
735
672783
1331121
810
1154
734
24665
910
1039
11089
1214
14506
1219
13198
17182
1231
749
2014432
15565
1139
877
961
27247
749
763
1192
24713
1292
1131
873
1327
8647
873
2015018
1177
9256
884
15485
1122
651
1406
30076
1087
1053
625
30486
1096
822
1004
1985043
892
550
853
24650
1078
541
1228
26147
1369
11908
1343
13672
1138
924
549
716007
7554
1354716
804
1277
26907
1296
1027
749
27209
1261
628
1026
22827
1264
641
1987925
927
11343
1215
17057
1049
1349
1126
613
38437
1456
1733
16658
792
1032
613
2011265
1167
960
616
780
40462
852
888
521
26547
686
1066
15639
1038
7944
1055
1986249
10158
1224
654
13184
18757
1252
743
1075
24746
968
739
1036
23784
1250
642
659481
5923
8318
12726
1369596
1219
665
699
25126
1222
662
701
27895
1251
1054
738
1983376
779
10498
1225
16468
952
752
1020
24246
1379
767
9376
18693
1269
968
1018
2056936
1204
12178
970
1437
751
1047
1604
1068
39991
1591
1066
742
7994
1249
651
699890
1343151
1219
758
12328
787
1029
905
23462
939
1157
1023
602
10025
1287
653
2036005
908
9155
936
13767
1260
1019
1848
772
37803
793
1029
604
20919
958
1977
1989132
1128
10378
1123
13003
14240
1158
718
12847
19650
1144
703
1192
26289
856
692
689743
1365180
1678
791
1008
604
16305
776
16546
1624
677
709
45514
1062
819
736
2024326
911
9777
932
12820
954
724
1009
25990
802
740
1044
8544
1364
816
1171
2016098
1212
20622
1207
21813
1521
1083
644
1298
586
2933
940
1017
67469
1238
1029
633503
1427769
1231
633
850
38664
1318
778
25479
783
1045
890
39078
947
1245
1048
651271
1359027
1165
633
20181
867
14641
856
27388
1517
848
995
668
73479
886
1003
646910
1371477
849
954
18225
1113
12090
1116
25376
23073
1112
710
23611
26462
1118
687
647523
1369469
1219
709
977
32812
1281
704
1470
948
982
545
55323
1155
604
639
1969367
1212
783
625
40008
787
12285
779
25978
2230
704
963
37394
885
679
952
2001716
1228
781
1017
33445
1243
16981
1212
22878
1679
1146
769
1011
708
846
792
670717
1370294
1269
1056
726
39346
1247
657
1017
24409
1201
752
32720
1150
1036
893
2010526
1285
1101
1210
622
44005
1198
748
19542
917
14230
925
25928
1281
990
1015
647982
1359171
987
1040
605
22929
1733
1070
9492
1210
11637
1221
12666
17692
1218
755
1999263
14998
1730
792
1036
24743
931
634
1006
26105
1385
787
1757
646
1903
1784
2002691
1180
6810
916
15715
1185
673
703
25206
971
1037
612
10548
976
624
1939
2016634
1110
994
1285
17342
1246
627
9622
16766
1250
17158
1220
12104
1298
1300
1673
654089
2758
6140
1377766
1140
21679
1252
1187
744
25635
1221
651
1036
10588
1272
768
2006631
875
9412
1118
16153
846
1019
943
575
41047
1122
585
27293
868
8206
721
2023466
1859
882
664
561
37744
861
1222
604
16364
920
1032
10215
1248
761
1285
2046653
12482
1267
926
16110
19814
1272
756
1010
28739
1033
626
1237
34834
1242
927
650544
4566
1363141
932
9753
1231
673
1477
27183
1231
659
698
32348
961
1190
2289
2016349
953
10328
1047
17062
671
984
1439
26285
1125
1072
29886
24920
1398
22388
1058
1963367
1729
1767
802
1291
612
2151
1821
2242
24108
1339
1028
1739
13426
1335
1269
685871
1343082
1217
776
10966
803
1564
937
28325
1126
1400
2630
665
28876
1191
1528
2000942
929
25692
929
17037
1625
963
613
1439
45361
812
1057
3519
15493
934
1032
1977265
1203
28962
1218
17762
19530
1211
764
38518
23604
1310
766
1008
48690
855
579
640138
1305159
1537
824
2806
818
1564
746
31850
1230
659
702
31747
1241
647
686
1999411
773
1024
759
7549
1092
908
1028
26948
1029
635
992
33640
1349
675
1034
2004464
1226
11111
3356
808
1157
1172
5281
1247
1116
2222
3470
1059
23804
1308
1473
681644
1367738
1268
661
982
27665
1234
951
13057
1046
1044
1949
32265
941
1187
1042
641711
1370759
1252
660
11317
794
28442
780
16426
1234
1137
577
2342
41371
788
1493
644770
1324559
845
973
8810
1117
27988
1123
16881
16541
1164
712
32716
22685
1140
597
627157
1408861
974
758
1250
22997
1224
711
2631
1021
2057
773
25293
1224
652
689
2021040
1146
759
553
23567
725
10668
732
955
719
11274
1136
26135
741
817
1162
1922829
1135
595
3609
20112
1121
12668
1486
600
1019
955
2540
1465
1487
1965
1467
678773
1358282
1132
947
580
26618
1172
715
931
36101
1160
708
29934
871
1003
827
1888858
1130
1078
898
689
33260
1204
635
17594
925
28082
923
18697
1262
912
577
640110
1342619
1459
918
1043
30501
772
1042
11313
1204
31840
1231
20872
16072
1208
760
1890235
17847
1246
761
1056
28662
1167
767
1204
30732
1564
999
1600
610
12001
906
1993949
1056
9763
904
15789
1196
673
691
30098
1232
1046
606
18819
1170
706
2397
2102599
824
744
1195
14691
1433
787
1061
33428
1215
19252
1377
1030
1175
1946
1259
715820
7025
5044
1243797
1243
32265
1238
1047
961
30056
1594
633
978
16562
1242
627
1972321
775
9459
1171
15300
1135
1116
1050
607
36495
1212
642
19651
935
30022
937
1997119
1585
936
722
749
34324
5312
1321
755
26805
909
1032
17089
1215
30130
1201
1947131
12841
1228
778
13782
22062
1322
766
1218
25101
969
738
1022
34566
1230
754
646106
3151
6224
10811
1480288
1003
746
688
26855
978
726
695
30880
736
951
572
2034957
924
630
3093
28408
967
622
993
19179
1253
633
12804
23153
1204
14516
1215
1996882
1210
9489
1258
1140
765
1108
1541
1803
46677
1274
1075
1886
14776
1257
635
662708
1319528
1224
960
10912
962
1436
915
26400
1030
1092
1297
608
20730
1372
1188
1991317
1201
1098
628
29507
1653
919
719
826
46958
2767
1142
631
36089
920
1029
1995419
1221
10368
1229
15359
16773
1210
777
13720
18517
1492
762
1024
34611
984
730
644459
1351473
2417
893
1030
604
17260
933
13916
1255
866
701
34485
1216
703
719
1965561
842
9712
733
16634
886
681
956
27776
738
885
982
19420
1177
584
939
2003272
1214
6884
1216
11066
1539
1387
648
1273
715
1129
3127
1251
43924
1283
912
659949
1342410
1228
657
877
24010
1359
777
14942
974
1041
900
26974
1165
1116
1026
688177
1338143
1114
850
10568
892
990
566
28942
1184
860
674
565
53659
2706
1203
666210
1350317
850
1004
12196
1150
13323
1232
15252
18063
1256
764
16979
20602
1232
7658
630230
1366019
977
633
1272
22133
1336
1160
2040
938
1136
598
35482
1262
663
687
2026629
1223
659
714
29777
928
13544
933
21506
830
797
1039
27185
955
732
1019
1989586
1145
728
1081
39810
1152
16571
1138
13861
1259
1002
763
1509
1411
2632
1039
702108
1356751
1261
1026
738
23633
1296
636
980
24095
1228
647
13195
2046
1291
1030
1995827
1463
1130
921
697
36677
1219
637
12749
1003
1382
626
28319
1395
938
1724
675252
1346688
974
1051
607
24610
931
1042
11274
1230
15084
1217
13082
16392
1232
945
2006543
14490
1713
812
1035
25330
1227
646
983
24201
1261
654
2024
1023
1375
607
2011198
1188
8865
904
14955
1197
675
703
27332
936
8547
975
12058
1191
625
1001
2021734
813
937
1259
20876
1224
755
9423
16385
1275
776
1006
20315
1290
1063
918
667951
7683
3837
1339045
1149
25404
1166
968
696
13003
1212
655
915
Xput: 7579
