4276277.142857
2992558.571429
2951454.285714
4019665.714286
4594807.142857
3068110.000000
3070872.857143
2811065.714286
5654143.333333
4250900.952381
4457702.380952
3752288.095238
4072545.238095
3377734.761905
4100261.428571
8849085.714286
4081221.428571
4944707.619048
3470770.476190
3226213.809524
4634500.476190
3498138.571429
5664166.666667
3247808.571429
5248461.428571
3232021.904762
4295221.428571
2223720.000000
3241990.952381
4653448.571429
6444589.047619
7202551.428571
4868192.380952
4346960.000000
5464739.523810
2826396.190476
3959971.904762
3536093.809524
5106270.000000
5951747.142857
5754163.809524
4894851.904762
4866645.714286
5500746.190476
4178091.428571
3341603.809524
3038216.666667
3163195.714286
4554127.619048
2840936.190476
2615691.428571
3675480.000000
4638818.095238
4003816.666667
3265422.380952
5432356.190476
3865227.619048
5775138.095238
3261448.571429
3874617.142857
3690540.476190
2983604.761905
3953377.142857
4860791.428571
6724880.476190
4105486.666667
3997285.238095
3583747.619048
4133587.619048
4922189.047619
4081705.714286
6363103.809524
5379877.142857
6157577.142857
5383495.238095
4529790.952381
2778491.428571
4589055.714286
3461906.666667
4133644.761905
5581888.095238
8338486.666667
6301381.428571
4274319.523810
3882600.000000
4422332.380952
3822406.190476
3766710.952381
3993815.238095
4424173.809524
4031783.809524
2868973.333333
5440529.523810
3227283.809524
4258027.142857
4569674.285714
5129441.904762
5205638.095238
3079007.142857
6239195.714286
6218473.809524
4803033.809524
2167392.380952
2645763.809524
5242544.285714
5754552.380952
6777598.095238
5054663.333333
4452861.904762
4412116.666667
4264330.000000
3958198.095238
2437477.619048
3140760.000000
7244410.000000
3916718.571429
5090490.476190
3022494.285714
2516997.142857
3411294.285714
4186251.428571
4286465.714286
5933352.380952
4289922.380952
4389055.238095
4263750.000000
3847204.761905
4941628.571429
3906440.000000
4864568.571429
5070392.380952
4108303.333333
6183198.095238
3131416.666667
4149560.476190
3893114.285714
4868956.190476
3835210.000000
4035168.095238
6456341.428571
6362100.000000
4571524.761905
4382109.047619
5853369.047619
4139178.571429
4584668.571429
4877319.047619
3919020.952381
16703841.428571
16215747.142857
14137556.666667
15055934.285714
16224068.571429
15319845.714286
15719605.238095
15321590.952381
7316676.190476
4230586.666667
4950262.857143
4604188.571429
3502695.714286
2910097.142857
3878697.142857
3998363.809524
6101359.047619
4269431.428571
3176842.857143
3166159.523810
4458320.000000
4059828.571429
3733489.523810
6803480.000000
3678920.952381
4064379.523810
4840079.047619
4072435.714286
3834943.809524
4214516.190476
4356158.571429
3601476.190476
4263648.571429
3978721.904762
7325320.000000
3282889.523810
3897698.095238
3770170.000000
4783154.285714
4710306.190476
5795091.428571
3698811.428571
2804969.523810
2759628.095238
3500464.761905
4074361.428571
4099620.952381
4425100.000000
5598800.000000
3517450.476190
5020102.380952
3679721.904762
4175079.047619
4944043.333333
5273940.952381
5825615.238095
6333033.809524
4296121.428571
4034245.714286
4425783.333333
3066588.571429
4825954.285714
4930401.904762
5854098.095238
3627308.571429
3880611.904762
3829387.619048
4853123.809524
5156353.809524
3348478.095238
3077304.761905
4462581.904762
6885031.904762
3470978.571429
4722192.380952
5174011.904762
3431017.619048
3414451.904762
4717579.047619
4672100.000000
6662862.380952
4130514.761905
3316392.857143
3069998.095238
4099701.904762
4419971.428571
4341992.380952
5025330.000000
4081648.571429
4076198.095238
3145871.904762
3393906.190476
2994775.238095
3021270.476190
3325678.571429
4211539.047619
3275206.666667
3123993.809524
3449409.523810
3366228.571429
3520450.476190
4000296.190476
3531270.476190
4383178.095238
3030873.809524
5982811.428571
5770371.904762
3458274.761905
1988435.714286
3180984.761905
3171623.809524
3536952.380952
4899463.809524
3279808.571429
3674300.000000
4302954.285714
3393156.190476
3407720.000000
3305834.285714
3923297.619048
3235874.761905
3938421.904762
3170470.476190
4772415.238095
3928040.000000
3509611.428571
3542738.095238
4272968.571429
4346040.000000
2497758.095238
3700543.809524
3925174.285714
3281087.619048
3144048.095238
3642880.000000
3653114.285714
4080486.190476
3423971.904762
4047707.619048
3678082.380952
3208100.476190
3934273.809524
3372698.095238
3746938.095238
4733507.619048
3340892.380952
3180370.476190
3747196.190476
3181838.095238
3648321.904762
4238381.904762
4039716.190476
4141930.476190
3771853.809524
3277361.904762
4213202.380952
3765630.476190
3933400.000000
3469412.380952
3415661.904762
3005828.571429
3521920.000000
3358031.428571
3657871.428571
3636670.952381
2957564.761905
4017792.380952
3206157.619048
3763410.952381
3269438.095238
2764611.428571
3736748.571429
3296032.380952
4628889.523810
2870567.619048
2035748.571429
3749905.714286
3531403.809524
3790386.666667
2616039.523810
2785087.619048
2713039.523810
3829434.285714
4069584.761905
3436371.428571
2959527.619048
2803854.285714
3326632.380952
3885265.714286
3699098.095238
2746165.714286
3267032.380952
3310263.809524
3772888.571429
3453967.142857
3419198.095238
3331968.571429
4292088.571429
3324568.571429
3405070.476190
2973900.000000
3880220.000000
3977774.761905
3494012.380952
2743047.619048
2572420.000000
2900370.476190
3236861.904762
3191856.190476
3489052.380952
3040089.523810
2917450.000000
4352792.380952
3352667.619048
2816563.809524
2789561.904762
3853616.190476
4221243.333333
3792158.095238
3158340.476190
2788825.714286
3119290.476190
3957727.619048
2877047.619048
2763072.380952
3275131.428571
2950702.380952
2951669.523810
3114605.714286
3919834.285714
4131396.666667
2436611.428571
3243442.380952
2666111.428571
4086793.333333
4499992.380952
4215100.000000
3772135.238095
3022246.190476
3418668.571429
3087360.476190
3344089.523810
3598050.952381
3861911.428571
3564478.095238
2775791.428571
3550489.047619
2688375.714286
2864981.428571
4296835.238095
3855299.523810
3147908.571429
2850205.714286
3378931.428571
3460734.761905
2822878.095238
3290184.761905
2707278.095238
5186570.476190
3110576.666667
3848208.571429
3175045.714286
3983166.666667
3231650.000000
3793112.380952
4208738.095238
4208721.904762
3264716.190476
3905206.666667
3274739.523810
3717810.476190
3164363.809524
3854642.380952
3871179.523810
4904420.476190
4340496.190476
3123927.142857
3146575.714286
3124844.285714
3637206.666667
3264620.000000
4268231.904762
3921467.619048
3107623.809524
3743159.047619
3663581.904762
3338543.333333
3067952.857143
3141538.095238
3643101.904762
3926758.095238
3264844.761905
2946830.476190
3237492.380952
3659303.809524
3310180.000000
3397073.809524
3976635.238095
2793521.904762
3375008.571429
2840500.000000
4392921.904762
4077441.904762
3987360.000000
2839962.380952
2621851.428571
3200108.095238
3249304.761905
3271706.190476
3367550.476190
3231499.047619
3537495.238095
3214377.619048
2757954.285714
3301802.857143
4399155.238095
3035099.047619
3880851.904762
3938445.238095
3735351.904762
2959333.333333
4403524.285714
3750738.571429
3425059.047619
3002457.142857
3171738.095238
4121821.904762
4320010.000000
3777285.714286
3353180.000000
2772102.380952
3314299.047619
3727586.666667
3672104.761905
3659132.857143
3709095.238095
4070017.142857
4338133.333333
4738503.333333
3559476.190476
3192186.666667
3635723.333333
2793102.857143
3312536.190476
3649438.095238
3211466.666667
3608083.333333
3002607.619048
4550590.476190
3767583.333333
3619615.238095
3655241.904762
4643271.428571
3159638.095238
3148190.476190
2704343.809524
3597763.809524
3938577.619048
3606361.904762
4147501.904762
2733410.476190
3493825.238095
3750526.190476
3710843.809524
2770506.666667
3475658.095238
4284792.380952
2833700.476190
4012978.095238
4692597.142857
2651543.809524
5161930.952381
3108216.666667
3160635.714286
3080534.285714
3745777.142857
3716930.952381
3344230.476190
3578160.000000
4415342.380952
3767453.809524
3202710.952381
1707904.761905
2909812.857143
3222548.571429
3597992.380952
4364860.952381
3877914.285714
3541100.000000
3285861.904762
3018769.523810
2920466.666667
3596259.523810
3775343.809524
3266406.190476
2945154.285714
3526905.714286
3544447.619048
3476680.476190
4206454.285714
3315323.333333
3338637.619048
4134386.666667
3922486.190476
3328698.571429
3290600.000000
2710531.428571
2766887.619048
3727643.809524
3187781.428571
2940281.904762
2937040.000000
3564283.809524
3426554.285714
3303787.142857
3036609.047619
2745516.190476
3232592.380952
3841253.809524
2704641.428571
2691509.523810
3098739.047619
2982029.047619
2714211.428571
3123214.285714
3337800.952381
4061267.619048
3025187.619048
4610663.333333
3973270.476190
3708181.904762
3724906.666667
3291982.857143
3855775.714286
4177674.285714
3598630.476190
3288888.095238
3676917.619048
3626047.619048
3929501.428571
4930285.714286
4235400.000000
2226236.190476
4029463.809524
4642221.904762
3546491.904762
2419459.523810
3142556.190476
3500040.000000
3318492.857143
3893304.761905
4131948.095238
3469340.952381
2996198.571429
3694394.285714
4391147.619048
3310466.666667
3057992.380952
3143424.761905
2967607.619048
2810634.761905
3227784.761905
3095125.714286
3538961.904762
3325251.428571
3800611.428571
3473961.904762
3334979.047619
3556129.523810
3171971.428571
2675420.952381
3976053.333333
4682504.285714
3399749.523810
3576969.047619
3073672.380952
3484052.380952
3928829.047619
3805708.571429
3696608.571429
3526368.571429
3523029.523810
3049543.333333
3128938.095238
3474546.666667
3423640.000000
3171516.190476
4025472.380952
3992998.095238
3622114.285714
3503555.714286
3084131.904762
3642383.333333
3133178.571429
4271239.047619
3903594.761905
4634521.904762
3496405.714286
3105651.428571
3035631.904762
3107872.380952
4689118.095238
4065143.809524
4157963.333333
3722871.904762
3564173.333333
2631807.619048
3086321.904762
3226809.523810
2895556.190476
3168326.190476
2919385.714286
4185088.571429
3425817.619048
3799100.476190
3278748.571429
3180978.095238
4315697.142857
3753889.523810
3028034.285714
3184171.428571
2806258.571429
3317962.380952
3238674.285714
3775071.428571
4093411.428571
4073474.285714
3850629.047619
3026099.047619
3030668.571429
2854455.238095
3121950.476190
2789327.619048
4068018.571429
3308733.333333
2534960.000000
3831828.571429
3007059.047619
3840900.000000
4008565.714286
3676059.523810
2742270.476190
4946596.190476
3498798.095238
3383489.523810
5464440.000000
2689533.333333
2985116.190476
2845158.095238
3272993.809524
3561046.190476
3454669.523810
2376349.523810
2251192.380952
3249083.809524
3731620.476190
4043384.285714
4167293.333333
3113717.142857
3480363.809524
4104804.285714
4203363.809524
3528155.714286
2794077.142857
3462110.476190
3696410.000000
3879118.095238
3266671.904762
3479974.285714
4600250.476190
3108989.523810
3887694.285714
3290061.904762
3345702.857143
3279183.809524
4399340.000000
2745232.380952
3557718.095238
3194415.238095
4080555.714286
2916257.142857
2445274.761905
3750350.476190
3008796.190476
3647996.190476
3616270.476190
2869335.238095
3030449.047619
2664057.142857
3248154.285714
3146480.000000
3591358.095238
3880564.761905
3295020.000000
3662550.476190
3536089.523810
2826615.714286
2565699.047619
3409580.476190
3696589.523810
3145920.000000
4070810.476190
3233441.904762
3355928.571429
3184425.714286
3303009.047619
4017843.333333
2420981.428571
2977311.428571
3243340.952381
2850392.380952
3302876.190476
2567497.142857
3615915.714286
3403594.285714
3875398.095238
3050814.285714
2627179.047619
2872425.714286
3984640.000000
2678433.809524
2739874.285714
3208962.380952
2715704.761905
3087108.095238
3339028.571429
3526690.000000
3168519.047619
3436256.666667
3059320.000000
3646266.666667
3142368.095238
3479358.095238
3090038.095238
3376189.523810
3625230.476190
4577495.238095
2266958.095238
3451407.619048
3385479.047619
4036619.047619
3665491.904762
4868295.714286
3614542.857143
2299615.238095
2867034.285714
3115406.190476
2971006.190476
3653193.333333
4181637.142857
3800212.380952
3979709.047619
3838279.047619
3022950.000000
3098411.904762
3227691.428571
3445880.000000
3343425.238095
3698500.952381
2759442.380952
3394857.142857
3402199.523810
3694020.000000
3731527.619048
3591654.285714
4675542.380952
4462492.380952
3415619.047619
3121920.476190
2842830.952381
2976961.904762
3469288.571429
3602855.238095
4511044.761905
3265881.904762
2999870.476190
3717314.285714
2980624.285714
2676291.428571
3397721.904762
3617818.571429
2880005.238095
3276353.809524
5268885.714286
3734389.047619
2805850.476190
2707965.714286
2225733.333333
4022916.190476
4660210.000000
2989396.190476
2782596.190476
2826200.000000
2778110.952381
2640609.523810
2670699.047619
2910175.238095
3013095.238095
4107320.000000
2789552.857143
2280432.380952
2965081.904762
2772242.380952
3215718.095238
3965693.809524
3685329.523810
3188463.809524
3983764.285714
4028899.047619
3587659.047619
3989718.095238
3424860.952381
3127663.809524
3300468.571429
2469388.571429
3217074.285714
2341676.190476
3437637.619048
3654960.476190
3988717.619048
3415293.333333
3101140.952381
3945603.809524
2678426.666667
3312689.523810
2319015.238095
3527320.476190
3871596.666667
3593564.761905
1855447.619048
3278857.619048
3196406.190476
3303130.000000
3345197.142857
3484140.476190
2040790.476190
3079798.571429
3360723.809524
4878171.904762
3455674.285714
3404181.904762
3519179.523810
3149656.666667
2922032.857143
4081126.190476
4371394.285714
3595529.523810
2992817.142857
2801312.380952
4247640.000000
3008830.476190
2713900.952381
3778617.142857
3827481.904762
3926608.095238
4060338.095238
3133259.047619
3353952.380952
3425485.714286
3488609.523810
3111118.095238
3878507.619048
4074538.095238
3669776.190476
3769665.238095
2579418.095238
3771897.142857
3690630.476190
3724255.238095
4330390.476190
1923312.380952
2994060.952381
4237370.476190
4827291.904762
2821156.666667
2817710.000000
3050098.095238
3749824.285714
4022980.000000
4149745.714286
3334780.000000
3302902.380952
3246341.904762
3128220.476190
2801342.380952
2520016.190476
3188524.761905
2611062.380952
3400247.142857
3393300.952381
2686323.809524
2900860.000000
3477547.619048
3001180.952381
3291600.000000
3111300.952381
3418184.761905
5362088.571429
2599417.142857
3837992.380952
2684047.619048
2476390.952381
2927024.761905
2942121.904762
3979133.333333
4071503.333333
2795664.761905
3602130.952381
2472383.333333
3004859.047619
3592168.571429
4188746.190476
4081050.952381
3882848.571429
4164913.809524
3827618.095238
2773950.000000
3418691.904762
3610186.190476
2957897.619048
3741741.904762
4373772.380952
3420006.190476
4448905.238095
3485525.714286
3412783.809524
3215776.190476
3236367.619048
3488423.809524
2876900.000000
3884710.476190
2744613.333333
2423230.476190
2568210.000000
3101112.857143
3819977.619048
2720858.571429
3294543.809524
4065611.904762
3430087.619048
3666910.476190
2912043.809524
2732513.809524
2949933.333333
3273352.380952
4392020.000000
2557945.714286
2999993.333333
3190830.000000
3259151.904762
3326411.428571
3340430.000000
3697664.761905
3822640.000000
2667067.619048
3873119.523810
3466862.857143
3435164.285714
3419961.904762
4634906.666667
4481531.428571
3079498.095238
3029889.523810
3018883.333333
4202217.619048
4984526.190476
3586877.142857
3728382.857143
4277590.952381
4651335.714286
3452915.238095
3919445.714286
2373812.380952
3243179.523810
2986848.571429
3412578.095238
3900004.761905
3283777.619048
2442891.904762
3780414.285714
3782564.761905
2577563.809524
3320372.857143
3576616.190476
2654263.333333
2960420.952381
3681861.428571
3325703.809524
3204904.761905
3383867.619048
4059938.095238
2844623.809524
3270060.000000
3918465.238095
3634625.238095
3405228.571429
3864777.619048
3535309.523810
2531693.333333
3209679.047619
3279659.047619
3902831.904762
3750597.619048
3553986.666667
3573270.952381
4162405.714286
2371685.714286
3051251.428571
3000371.428571
3096184.761905
3090243.809524
3240154.285714
1997586.666667
2349664.761905
2494748.095238
2503867.619048
2181465.714286
2604639.047619
3528667.142857
2789565.714286
2472838.095238
3270209.523810
2669615.238095
3215758.571429
2924399.523810
2998984.761905
3137936.190476
3906360.476190
4664067.619048
2984523.333333
3612852.380952
2959371.428571
3199226.190476
3819937.619048
3003372.857143
3290087.142857
3800499.047619
2759361.904762
3713470.000000
4297633.809524
3689639.047619
3651213.809524
4078910.476190
3704145.238095
4709248.095238
3811150.952381
3958570.000000
2574572.380952
3431305.714286
3613266.190476
4917145.714286
5742870.952381
3272980.000000
4143987.619048
3917632.380952
3598370.952381
2494818.095238
4008948.571429
2335343.809524
2446041.428571
2550140.952381
3118672.857143
2249457.142857
2249116.190476
2499887.619048
4117363.809524
3346269.047619
3911779.047619
3412052.380952
3167130.000000
3461441.428571
3090588.095238
3304150.476190
4091272.857143
3301056.190476
3681080.476190
3322519.047619
3913080.476190
3942145.714286
3805930.952381
4025521.904762
4994080.000000
5670331.428571
3000535.238095
3270873.809524
2595601.904762
3444614.761905
3370669.523810
4457208.571429
4223258.571429
3004220.000000
3701382.857143
4278006.190476
3408321.428571
3685935.714286
2566083.809524
3476116.190476
3414536.190476
4142180.000000
2415340.000000
3493620.000000
3432358.095238
3546274.285714
3590291.428571
3608721.904762
1873323.809524
2858858.095238
3976404.285714
2679257.619048
2785385.238095
2549310.000000
2548901.904762
3610263.809524
3386365.714286
3811543.809524
3633931.904762
2779826.190476
2110560.000000
3093801.904762
3000395.714286
3512813.333333
3412874.285714
3476889.523810
2861981.904762
2583024.285714
2245983.809524
3994262.857143
2088620.000000
2539020.000000
2803953.809524
2550441.904762
3267798.095238
3146556.190476
3231152.380952
3762052.380952
4493236.190476
3037929.523810
2603130.000000
2597894.285714
3561003.809524
3695313.809524
3550225.714286
3156561.904762
3685976.190476
2444138.571429
2886830.000000
3395730.476190
3091453.809524
3217098.095238
3463512.380952
3227871.428571
3029696.190476
3169554.285714
2766303.333333
3634940.952381
2828321.428571
2898889.523810
3689737.142857
3851006.666667
3231049.523810
3891131.904762
2979262.857143
2203363.809524
2488160.000000
3381712.380952
3648613.809524
3881486.190476
2482975.238095
3272662.857143
3138892.857143
3677174.285714
3645016.190476
4168668.095238
2867380.000000
3780797.619048
3286144.285714
3910244.761905
3672398.095238
2656361.904762
3058572.380952
2652845.714286
2896015.238095
4126139.523810
3336982.380952
3299686.666667
4287956.190476
2853320.952381
3752584.761905
2830533.333333
4052183.333333
4086431.904762
3190411.904762
3991873.809524
2611660.476190
4633463.333333
3214875.238095
3662564.285714
3142138.095238
3112018.095238
3828020.000000
3495011.428571
2847507.619048
2620362.857143
3545675.238095
3657010.000000
3717249.523810
3769324.761905
4980097.619048
3802683.809524
3183994.285714
3646594.285714
3446575.714286
3885778.095238
4108600.000000
4097682.380952
4168008.095238
4009356.190476
3768140.952381
4159622.380952
4205641.904762
3591639.523810
3990063.809524
4163323.809524
3156331.904762
3949837.142857
3911994.761905
4057260.952381
1891506.666667
2471127.619048
2765788.571429
3055005.714286
4178238.095238
3406774.761905
2679878.095238
3181038.095238
4017673.809524
3548242.380952
3015854.285714
4001741.904762
3088561.904762
4322699.047619
4510506.666667
3358699.523810
4004247.142857
3018390.476190
3682648.095238
3617495.238095
3687226.666667
2836386.666667
3581000.000000
2942578.571429
2562935.238095
4442205.714286
3449740.952381
3080255.238095
3524939.047619
3775472.380952
3485166.666667
3465404.285714
2859249.523810
4675765.714286
3514243.809524
3584975.714286
3438753.809524
3403623.333333
4405043.809524
4479758.095238
3576985.238095
3062012.380952
2500057.142857
3084950.000000
3438053.333333
4456974.285714
4213226.190476
3052915.714286
4245461.904762
3189133.809524
3291637.619048
2949173.333333
3504764.285714
3229729.523810
3196091.428571
3442916.190476
3906411.428571
2937585.714286
3955501.904762
2949946.666667
3463468.571429
3362360.000000
4248970.952381
2240771.428571
4371956.190476
2118624.285714
3095700.952381
3123731.428571
3448786.666667
3671838.095238
3846289.523810
2798066.666667
2871677.619048
2729838.571429
3846426.190476
3247236.190476
2872021.904762
3481293.333333
2998064.761905
3729676.190476
4038048.095238
3591027.619048
3123925.714286
4231868.095238
2751871.428571
4115401.428571
3715601.904762
3281168.571429
3580670.476190
2753965.714286
2671570.952381
2737565.714286
3499169.523810
3723991.428571
3789558.095238
4104209.523810
2634211.428571
3237757.142857
4123028.571429
4816923.809524
3960705.238095
3638297.619048
3144266.666667
3695171.428571
4232409.523810
3422838.095238
3102459.047619
2633746.666667
4624039.523810
3761139.047619
4440550.000000
4023603.809524
3768885.714286
4037636.190476
2184782.857143
2764937.619048
3056013.333333
3273580.476190
5386080.952381
3361830.000000
2760154.285714
4635442.380952
2819988.571429
3604573.333333
3935022.857143
4497447.142857
3148071.428571
2566795.238095
2664003.809524
2878859.047619
3243077.142857
3320680.476190
4448845.238095
3963099.047619
4076785.238095
3096712.380952
3776625.714286
3801919.523810
3766049.523810
4277656.190476
4090954.761905
3510310.000000
3459945.714286
3297712.380952
3332281.428571
2807687.619048
3729909.047619
3537503.333333
3137503.809524
3816200.000000
4654957.619048
3706938.571429
3411592.380952
2814400.000000
2863114.285714
3357082.380952
3581792.380952
4269991.428571
3074481.904762
3845988.095238
3157723.809524
3463721.904762
3430543.809524
4008148.571429
3454910.000000
3359438.095238
2944636.190476
2771681.904762
2883959.523810
3474062.380952
2767041.904762
3255733.333333
2988309.523810
2840743.809524
2592227.619048
3311374.285714
2510911.904762
3915776.190476
2915392.380952
2808342.857143
3644726.666667
3590288.095238
2851409.523810
2737403.809524
2874961.904762
4544710.476190
2543136.190476
2886574.285714
3611375.238095
3265908.571429
4208849.523810
4392742.857143
3973754.285714
2785774.285714
3197256.190476
3206666.666667
2667715.238095
3277619.523810
3421218.095238
3718170.476190
3479458.095238
3838036.190476
3222025.714286
3203775.714286
3038780.476190
2577058.095238
3935092.857143
3445202.380952
3008249.523810
3113100.952381
3217573.809524
4010529.523810
3872539.047619
3889019.523810
3553405.714286
3095801.904762
2846416.190476
2897087.619048
3443738.095238
3662636.190476
3627705.238095
3571137.619048
3116221.904762
3600867.619048
3063182.380952
2724040.000000
2674462.380952
4221335.238095
3079411.428571
3018485.714286
3621610.476190
3818431.428571
4196205.714286
3580066.666667
3959621.904762
2471615.238095
2779851.428571
3248721.904762
2158415.238095
1962281.428571
2091795.238095
3601164.285714
3799423.809524
3108512.380952
2466342.857143
2534354.285714
2366239.047619
2797595.714286
3310681.428571
3794169.523810
2880594.285714
3285067.142857
2859122.380952
3064932.380952
2399556.190476
2828497.142857
3068363.809524
2858901.904762
3109565.714286
3597436.190476
2739098.095238
3423020.000000
3157976.190476
4136410.476190
3477230.952381
4111322.380952
3259936.190476
4376726.666667
3604229.047619
3077241.904762
2023813.333333
2700293.333333
3250609.523810
3079393.333333
4138638.095238
3975252.380952
3158448.571429
2887347.619048
2090154.761905
2715398.571429
2744543.809524
3767319.523810
3732937.619048
2788314.761905
2970934.285714
2924519.523810
3223973.809524
3086376.666667
3794657.619048
2662104.285714
4082278.095238
3132761.904762
2922887.619048
2845571.428571
3425815.238095
3691907.619048
2236450.476190
2893965.714286
3367678.095238
3869325.714286
3571119.047619
4101248.571429
3315658.095238
2809984.761905
3448428.571429
2948231.904762
3407253.333333
3189523.809524
3075746.666667
2935379.047619
2909133.809524
2198348.571429
3016976.190476
3491953.809524
3535228.571429
2751057.619048
2958527.619048
3411712.380952
3419096.190476
3543420.000000
3542746.666667
2992705.714286
3691080.000000
3698197.619048
2782947.619048
3752016.190476
2860174.285714
3501692.380952
3077560.000000
2798996.190476
3485301.904762
2881579.523810
3675216.190476
3588814.285714
3702527.619048
3357571.904762
3074197.619048
2598345.714286
3524952.380952
3693666.190476
3545705.238095
3827420.952381
3302822.380952
3659127.142857
3176954.285714
3346497.142857
4057323.809524
3113186.190476
4456541.904762
3523024.285714
3880969.523810
3311985.714286
3060440.000000
3034878.571429
3581956.190476
4443977.142857
2845247.619048
3272782.857143
3896022.857143
2875710.000000
2279883.809524
3452691.904762
2031809.523810
2509707.619048
2540831.428571
2301577.142857
2783900.952381
2561308.571429
3313889.523810
3291839.047619
3468573.333333
3123544.761905
3408874.285714
4485368.571429
3454632.857143
2531807.619048
2901644.761905
3447770.000000
3212495.238095
3519834.285714
3788628.095238
3145540.476190
3689910.476190
4207303.809524
3053825.714286
3411667.142857
2939108.095238
3164368.095238
4223019.523810
4008048.571429
3728806.666667
3111556.190476
2606417.619048
2381133.809524
4188740.952381
2538826.666667
2669007.619048
2688000.000000
4079332.857143
3003096.666667
2856199.523810
4754434.761905
2916268.095238
2865476.190476
3768940.952381
3266636.190476
3613497.142857
2897236.666667
3539306.190476
3189148.571429
3908379.047619
3220279.523810
3410007.619048
3693910.000000
3514691.904762
2519527.619048
3443936.190476
3980470.952381
4252077.619048
3331615.238095
3332508.571429
3577266.190476
3572948.571429
3208703.809524
3068140.000000
3194437.142857
3444278.095238
3910119.047619
3226863.809524
4268829.523810
3142416.666667
3662874.285714
3150076.666667
3280675.238095
3483178.095238
3329303.809524
2594587.619048
2315421.904762
2973956.666667
3090678.095238
2141051.428571
2666005.714286
2806074.285714
2627626.666667
3223451.428571
2636855.238095
2731091.428571
2681742.857143
3331588.095238
3075609.047619
2363266.666667
2927684.285714
2661681.428571
3163060.952381
2932841.904762
3089762.380952
2970201.904762
4154121.428571
3076424.285714
2681613.809524
2560187.619048
3793830.000000
2733220.952381
3200467.142857
3105968.095238
3917266.666667
2999633.333333
2752024.285714
3011451.428571
3551678.095238
3820089.523810
3844920.000000
3589234.285714
2461492.380952
2819641.904762
3974716.190476
3481658.571429
3122069.047619
3541969.047619
3955186.666667
3730139.523810
3401320.000000
2709925.714286
3670634.285714
2466118.095238
4392466.666667
3115373.333333
3442643.809524
3285427.619048
2744263.809524
2487600.000000
2962020.952381
3227351.428571
4503461.428571
3875798.095238
3470029.523810
3200668.095238
4189758.095238
3584003.809524
4497564.285714
4149183.809524
4200686.666667
4994041.904762
2765789.523810
3546800.000000
3836154.285714
3341926.666667
3733558.095238
3461443.809524
2821456.190476
2965707.619048
3280100.952381
3757939.047619
3620073.809524
4251272.380952
3317784.761905
2394781.904762
2999954.761905
3382238.095238
2681181.904762
3017165.714286
4185464.761905
3487790.476190
3886761.904762
3466001.904762
3826437.142857
4120667.619048
3408100.952381
3581401.904762
5137052.857143
3575421.428571
4814384.285714
4537840.000000
3666871.428571
4164386.666667
4594330.000000
4588732.380952
3134243.333333
3967065.714286
4310401.904762
3422042.380952
3083874.285714
3432795.714286
4092779.523810
2566163.809524
3549289.523810
2768148.095238
3144688.571429
2919889.523810
3609611.428571
3012367.619048
3073680.000000
3750344.285714
3471505.714286
3456769.523810
3113055.238095
3733632.380952
2503661.904762
3575907.142857
3875594.285714
2668375.238095
3003736.190476
3803297.619048
3726445.238095
3635808.095238
4545278.095238
3983654.761905
3358039.047619
2533506.666667
4135899.047619
2383665.714286
3035024.761905
3389616.190476
3029430.476190
3586690.476190
3734249.523810
3647215.238095
4041139.523810
4421584.285714
2667823.809524
3218756.190476
3029175.238095
3068102.857143
3412647.619048
3582536.190476
2830026.666667
3636192.380952
3377700.000000
2283340.000000
3374413.333333
3361070.000000
3163756.190476
3383462.857143
4546494.285714
3278232.380952
2974783.333333
2970638.095238
4629235.714286
4488796.666667
3817854.761905
4300578.095238
3920941.904762
3793700.952381
3689920.000000
2844274.285714
3298600.000000
3084209.523810
2811246.666667
3873205.238095
3644458.095238
4033648.095238
3700372.380952
3535680.000000
2646826.666667
2704381.904762
3789120.000000
4252097.619048
4254450.952381
2711450.476190
3521830.476190
4285400.476190
3237554.285714
2996383.809524
2604175.238095
2716001.904762
2433824.761905
2202400.952381
4898300.952381
3207796.190476
2673801.904762
3064436.190476
3766261.904762
3247732.380952
3444666.666667
4406721.904762
4370864.285714
3135505.714286
3870527.619048
2974336.190476
4342676.190476
4100055.238095
3911954.285714
2705278.095238
3719234.285714
3414458.095238
3167957.619048
3813363.333333
2961665.714286
4072575.714286
3409315.714286
3240520.000000
2625350.952381
3005262.857143
3292304.761905
2660465.714286
3264739.047619
2998043.333333
4050327.619048
3504788.571429
4026488.095238
4410821.428571
2703154.285714
2218708.571429
3761100.952381
3839170.476190
4286315.238095
3080074.285714
3020874.285714
3775622.857143
4296127.619048
3758598.095238
2965217.142857
4090312.380952
3942848.571429
2116227.619048
2841565.714286
3103188.095238
3589196.190476
3428769.523810
4607501.428571
2886289.523810
2641088.095238
2739196.190476
3397436.190476
3315784.761905
3730640.000000
4143118.571429
3992712.857143
3854130.000000
3023480.476190
2926400.476190
3305824.285714
3068966.190476
3042318.095238
3435286.666667
3045794.285714
4175062.857143
3016271.428571
3410088.571429
2407150.476190
2586056.666667
3665159.523810
3814540.952381
4137771.428571
4059406.666667
3746277.619048
3716684.285714
4062521.428571
4005572.857143
3279747.142857
2891514.285714
3147057.619048
3465442.857143
4199001.904762
3995291.428571
3214606.190476
2695417.142857
3025826.190476
2891729.523810
3253280.000000
3418975.238095
3459592.380952
5099909.523810
3198821.428571
3403509.523810
3343765.238095
3139910.000000
3538492.380952
3433274.285714
3491589.523810
3700253.333333
3475958.095238
3791560.000000
3624276.666667
3251866.666667
4232914.285714
3355444.285714
3422441.904762
4326009.047619
3589952.380952
4736436.190476
3284680.000000
3370097.142857
3701398.095238
3411489.523810
4067413.333333
4730209.523810
3596812.857143
3546288.095238
3456975.238095
3430256.190476
3517208.095238
3714521.428571
3647629.523810
4586036.190476
3450833.809524
3306980.476190
3023829.523810
3646619.523810
2971289.523810
3379938.095238
3380383.809524
3469618.095238
2097571.428571
2720629.523810
3042028.095238
3165838.095238
3739187.619048
4400827.619048
3962633.809524
2786403.809524
3502339.047619
2700461.904762
3764140.000000
2963877.142857
3147643.809524
3000369.523810
3296529.523810
3159452.380952
3558270.476190
4151941.904762
4209140.000000
3556891.904762
2869523.809524
3188248.571429
3355600.000000
3638200.000000
3525785.714286
3942894.285714
2784780.000000
2732233.333333
3138756.190476
3719146.190476
3983392.380952
4105680.000000
4295529.047619
4980148.095238
4588245.714286
2596374.285714
2761653.333333
3649814.285714
3324019.047619
3811872.380952
4437138.571429
3664662.380952
3195203.333333
2854710.000000
3916900.000000
3636228.095238
3258651.904762
3736091.904762
3885083.809524
3223298.095238
3325927.619048
3314683.809524
3002018.095238
3095640.000000
3820520.000000
3088453.333333
3088716.190476
3921918.095238
2930665.714286
3565990.476190
3578571.904762
4052112.380952
3127978.095238
3026176.190476
3316205.714286
3200270.476190
3764641.904762
3606638.095238
2912371.904762
4136223.809524
3750598.095238
3462406.666667
2846858.095238
3794090.476190
2894527.619048
4042669.523810
4575823.809524
2371300.000000
3483143.809524
4551020.000000
3138425.714286
2785427.619048
3811774.285714
3268917.619048
3553224.285714
3540452.857143
3331100.952381
3165081.904762
3087325.714286
3814601.904762
3111904.761905
2668104.761905
2578539.047619
2545230.952381
3055350.952381
3654834.285714
4159512.380952
3046983.809524
3214413.809524
3108278.095238
3350481.904762
3547354.285714
3755249.523810
4435673.333333
4056310.476190
3688424.285714
3486133.809524
3238149.523810
4354534.285714
3939706.190476
3965520.000000
3854071.904762
3407687.619048
3604903.809524
3367608.095238
3078704.285714
3439870.000000
2777573.809524
3120531.428571
3423760.000000
2144310.476190
3427415.238095
3172220.952381
3685560.952381
3448062.857143
2997380.952381
2933400.000000
2867314.285714
2457483.809524
2974306.666667
2843362.857143
2645365.714286
2532180.952381
4292817.619048
2933353.809524
3169211.428571
3142954.285714
3515930.000000
2806675.238095
2720632.380952
3242201.428571
3672695.238095
2869794.285714
3035607.619048
3625295.714286
3073628.571429
2969901.428571
4388786.666667
3395365.714286
4449284.285714
3292765.714286
2751441.904762
3764391.904762
3598824.285714
2669690.476190
3111368.571429
2909225.714286
4353150.000000
2840259.523810
3696059.523810
2906160.000000
3117070.952381
3594805.714286
3811752.380952
3703800.000000
3055211.428571
4351304.761905
3727240.000000
3626727.619048
2561984.761905
2529876.190476
3381485.714286
2970740.000000
3297754.285714
3780935.714286
3878437.619048
3216126.190476
3159960.000000
3825587.619048
3351898.095238
3522181.904762
4476046.190476
3062588.571429
3799848.571429
3461281.904762
3435674.285714
3440492.857143
3479736.190476
3412585.714286
3629348.571429
3774341.904762
4475476.190476
3194080.000000
3459838.095238
3586167.619048
2969083.809524
4599992.857143
3449172.380952
4197280.000000
2738973.333333
3931577.142857
4392491.428571
3392421.904762
2456963.809524
3654788.571429
3171460.476190
3251549.523810
4270210.000000
4395851.904762
2858152.857143
3301661.904762
3693440.952381
2836798.571429
3523028.571429
4531890.000000
2789857.142857
3534790.476190
3090032.380952
2909020.952381
2889847.619048
2904813.333333
3048564.761905
4745635.714286
3776095.238095
3866320.000000
3833377.142857
3250384.761905
3725696.666667
3227188.571429
2716985.714286
4194370.476190
4940236.190476
3577794.285714
3148131.904762
3719786.190476
3760657.619048
3733648.571429
4265330.952381
4267192.380952
3892487.142857
3661209.523810
3653536.666667
3595169.047619
4045314.761905
3751702.380952
4035406.666667
2974554.285714
3673509.523810
4643300.000000
2893539.523810
2589146.666667
2262975.714286
3307371.428571
3685540.952381
4290114.285714
3451859.047619
3248556.190476
2864506.666667
3483093.809524
3568571.904762
2676047.619048
3324009.047619
3707800.000000
3435210.476190
4013947.142857
3194201.904762
2550525.238095
2660584.761905
2939720.000000
3088417.142857
3675344.761905
3651226.666667
3036636.190476
2503177.142857
3771148.571429
4996992.380952
3308982.857143
3575470.476190
2737165.714286
2938009.523810
3585303.333333
3139854.761905
3768796.190476
3222429.523810
3098540.000000
3355166.666667
3240158.095238
3337216.666667
3031310.952381
3026331.428571
3033910.000000
3934952.857143
2766926.666667
3128572.857143
3960156.666667
3989616.190476
4545578.571429
3786872.380952
2845957.619048
3437897.142857
4193650.952381
3837262.380952
3431845.714286
4130241.904762
3467674.285714
3179556.190476
3249670.000000
3131739.047619
3743144.285714
4131174.761905
3617553.809524
3306478.095238
3368593.333333
3093228.571429
3877583.333333
3527180.952381
3295865.238095
3624161.904762
3116995.238095
3471529.047619
3646252.380952
3426544.761905
2189160.000000
2887382.857143
3222792.380952
2950685.714286
3595914.285714
2801758.095238
3271123.333333
3289170.476190
3096111.428571
3059879.047619
3303860.952381
3407920.000000
3477448.571429
3597965.714286
4261141.904762
4098575.238095
3859130.000000
3407216.666667
3842385.714286
3149921.904762
2963415.238095
3466873.333333
2852580.000000
3844649.523810
2478888.571429
3237952.380952
2705519.047619
3072306.666667
3040416.190476
2980831.904762
3374670.476190
4878999.523810
3691092.380952
4366004.761905
3196030.476190
3279066.666667
3852431.428571
3994960.952381
3760274.285714
3507622.857143
3083434.285714
3867905.714286
2811516.190476
2882051.428571
4300587.142857
3040367.619048
2846331.428571
2447710.952381
4636809.523810
3712549.047619
3127741.904762
2802723.809524
2971233.333333
3112362.857143
3239765.714286
4125902.857143
3007225.714286
3482963.809524
3220336.666667
3544993.333333
2914316.190476
3112513.333333
3506412.380952
3898063.809524
4038993.333333
3221443.809524
2996104.285714
4050251.428571
3618108.571429
2875969.523810
3053731.428571
2810874.285714
3333694.285714
3363661.904762
3744554.285714
3134687.619048
4091448.571429
3789120.000000
3154720.000000
4449163.809524
4166933.809524
3595263.809524
2023669.523810
2751145.714286
4216725.714286
2277468.571429
3834356.190476
3527949.523810
4041329.523810
3040834.285714
4161162.380952
4364267.142857
3702578.571429
4852824.285714
3666294.285714
2876943.809524
3255739.523810
2921538.095238
3407761.428571
3828427.142857
3167916.190476
2917110.000000
3535694.761905
3034003.809524
3522642.380952
3216106.666667
2864046.190476
3402987.619048
3285720.000000
3083111.428571
2981855.714286
4893491.904762
2563723.809524
3525761.904762
3338933.809524
3600361.904762
4190740.476190
4058634.285714
4064840.000000
3669601.904762
4670024.761905
3532797.142857
3524672.380952
3506395.238095
3363045.714286
3244815.238095
3048489.523810
4105375.238095
3966983.333333
3897521.904762
4027859.047619
3075955.714286
2770280.000000
3178921.904762
4151368.095238
4321740.952381
3952676.190476
2970790.000000
3633238.571429
3165623.809524
3127591.428571
3436765.714286
3073172.380952
2967660.000000
3489680.000000
3783295.714286
3938038.095238
3197371.428571
3268876.190476
2324720.952381
1928282.857143
2755602.380952
3123135.714286
3092590.476190
3326017.142857
4211182.857143
3196473.809524
2995807.619048
1844081.904762
3011792.380952
3168706.666667
4434899.523810
3236020.952381
3326993.333333
3083274.285714
2976181.904762
3368545.714286
3032098.095238
2975070.000000
3753295.714286
3884910.476190
2916388.095238
3395102.857143
3122783.333333
4159274.285714
2944916.190476
3268827.619048
3664344.285714
2874535.714286
3224045.714286
4058521.428571
4462821.904762
2885085.714286
3137631.428571
4082114.285714
3116601.904762
3705591.428571
3858198.095238
3428258.095238
4018476.190476
2770670.476190
3948965.714286
3774301.904762
4313601.904762
4171871.428571
3563941.904762
3741554.761905
3559801.904762
3850036.190476
3556935.238095
3307390.000000
3939760.000000
3090834.285714
4096491.428571
4208758.095238
3184280.000000
3279445.714286
4133853.333333
3062800.000000
3148961.904762
2548529.047619
3537483.809524
3313095.714286
3744687.619048
3529251.428571
2881628.571429
2408300.952381
3772971.428571
3938241.904762
3201797.142857
2592868.571429
3278410.000000
3322342.857143
3506956.190476
3605125.238095
2748213.333333
2778234.285714
2867618.095238
3805900.952381
3763428.095238
2926579.047619
3517357.619048
3967687.619048
2252337.619048
2890142.857143
2817080.000000
3977617.142857
2457230.952381
3206531.904762
3134148.095238
2774552.380952
3445744.761905
3168443.809524
3289738.095238
4563011.428571
3721387.142857
3688804.761905
3390624.285714
2304939.523810
3511636.666667
3450483.809524
4550196.190476
3921968.095238
2999458.571429
4562912.857143
4119628.571429
3858018.095238
3930084.761905
3926700.000000
3688981.904762
2951413.333333
3950438.095238
3323296.190476
2975699.523810
3532977.619048
2469330.000000
4850587.142857
3328714.761905
4940952.380952
2721680.000000
2624711.904762
3117213.333333
2749786.666667
3301686.666667
3670640.000000
3862930.000000
3436488.095238
2915872.380952
3198579.047619
3819670.476190
4290785.714286
3780765.714286
3658584.761905
4343708.095238
3113915.238095
3463442.857143
2878057.142857
3080420.952381
3455737.619048
3538848.095238
3084510.476190
3518690.476190
3202767.619048
3061577.142857
3027716.666667
3247992.380952
3268247.619048
3103964.761905
2871887.619048
3111686.666667
3050740.952381
3119125.714286
3367653.809524
2688756.190476
3301514.285714
3334272.857143
3218266.666667
3462882.857143
2755240.000000
3603224.761905
3469280.476190
4559312.857143
2669320.000000
5401438.095238
5192370.476190
4621562.380952
4030229.523810
3862343.809524
3301210.476190
4705381.904762
8367241.428571
3516032.380952
3093027.619048
2914414.285714
3258209.523810
3421876.190476
3443113.809524
4419992.380952
6700970.476190
3797674.285714
5530394.285714
4290932.857143
4599925.714286
3761512.380952
3463523.809524
3118541.428571
4659845.238095
4772424.761905
3916022.380952
3599185.714286
2976710.476190
2534346.666667
2823708.571429
3469010.476190
5851956.190476
4006437.619048
2793401.904762
2288174.285714
3398552.380952
3263534.285714
3188651.904762
3377521.904762
3039790.000000
4508721.904762
4055649.523810
3960601.428571
3283626.666667
3197430.000000
3442859.047619
3198929.523810
3407129.523810
3458994.761905
3467423.333333
3363983.809524
3360114.285714
4382548.095238
4142010.000000
3800207.619048
4272038.095238
4484470.476190
3438830.952381
3631584.285714
4642391.904762
3101609.523810
4971481.904762
3431118.095238
5162445.714286
3558313.809524
4009246.190476
2904857.142857
2468373.333333
3230038.095238
2613509.523810
2356438.095238
2470920.000000
3034013.333333
3003323.809524
2967600.000000
3324223.809524
3142546.666667
3568969.523810
2392210.000000
2582663.333333
3020076.190476
2648781.904762
2760699.047619
4699101.428571
3150415.238095
2620105.238095
3363321.428571
3228272.380952
2975832.380952
2711594.285714
3140249.523810
2482445.238095
3097628.095238
4231649.523810
3464935.238095
3462778.095238
3697097.142857
2704104.761905
3643454.285714
3323674.285714
3585325.714286
4468887.142857
3900898.095238
3800833.333333
3482343.809524
2421205.714286
3193467.619048
3103634.285714
3060699.047619
4054887.142857
3910099.047619
4090525.714286
3463299.047619
3222676.190476
3304289.523810
3331603.809524
2961940.952381
2820986.666667
3469421.904762
2594460.476190
3573589.047619
3866338.095238
3228323.333333
3903064.285714
4044478.095238
2804459.047619
3046041.904762
3424586.190476
3111121.904762
3012782.857143
3652638.095238
3639796.190476
3523525.714286
3286183.809524
2967421.904762
4252134.285714
4250197.619048
3715731.904762
2303063.809524
4635950.476190
3381765.714286
3686168.095238
3839469.523810
3531040.000000
3802191.428571
3264507.619048
3362821.904762
3856020.000000
3059363.809524
3690487.619048
2884401.904762
3314340.000000
3241883.809524
2816827.619048
2985426.666667
2899392.380952
4160303.809524
2914802.380952
2505420.476190
2809259.047619
3471489.523810
3020876.190476
3848458.095238
3911937.142857
2885038.095238
3216958.095238
4053436.190476
3659300.952381
3673428.571429
3331483.809524
3487192.857143
3565357.619048
4175815.714286
4281670.000000
2696298.095238
2943929.523810
3266146.190476
3602218.095238
3899698.095238
4575828.571429
3738580.000000
3759703.809524
3867630.000000
3147418.095238
3185343.809524
2764035.714286
3782726.666667
3780675.238095
4605640.476190
3437157.142857
3840901.904762
3231787.619048
3308588.571429
3356224.761905
2865131.428571
3567999.047619
3277767.619048
2930859.047619
3633467.619048
4542394.285714
2559897.142857
3026434.285714
4100508.571429
3303870.476190
3061944.761905
2574729.047619
2946647.619048
3430491.904762
3149443.809524
2412008.095238
3019617.619048
3159369.047619
3473561.428571
3462870.000000
2996949.047619
3025374.285714
2493368.095238
3352341.904762
3154153.809524
3501298.095238
3620728.095238
3181631.428571
3165035.714286
3324733.333333
3483962.380952
3824472.380952
3491407.619048
3351817.142857
4130549.047619
4151224.761905
2792437.619048
3023977.142857
2600158.095238
3120650.476190
3275768.095238
3472931.904762
3202482.380952
2895186.666667
3678285.714286
3487555.238095
3656974.285714
2875291.428571
3263563.809524
3749820.952381
5452122.380952
4596336.190476
3150568.571429
3095442.380952
3185983.809524
3219711.428571
3624705.714286
4056836.190476
3183155.238095
4442528.095238
3459956.190476
3858134.285714
3636913.809524
3489921.904762
3577581.904762
4053274.285714
4904799.523810
4451505.714286
3282898.095238
3170093.809524
4888794.285714
3783930.476190
3942641.904762
4375845.714286
3453312.380952
4445296.190476
3913287.619048
3854314.761905
3401895.714286
3770353.333333
3310271.428571
3528270.000000
3436366.666667
4189544.761905
4509051.904762
4257891.904762
4162287.619048
3296460.000000
3816246.190476
2902152.380952
3248531.428571
2797739.523810
3463069.523810
3552592.380952
3500327.142857
4501953.809524
4078394.761905
4026856.190476
3925436.666667
4255503.809524
3404226.190476
4582878.571429
3390247.142857
3717336.190476
4440157.142857
4273633.809524
3547663.809524
3409554.285714
3819063.333333
3970567.619048
4227031.428571
2794281.904762
2870818.095238
2772621.904762
3208368.095238
3767531.904762
4101116.190476
3328737.619048
3870113.809524
3035521.428571
3465270.476190
4419436.190476
3135429.523810
3560569.047619
3414248.095238
3846453.333333
2711952.380952
2827001.428571
4134570.952381
3754113.809524
3138484.285714
3382586.190476
3067870.476190
2992176.190476
3251268.571429
2600610.476190
3855151.904762
3152842.380952
2777354.285714
3539379.523810
3095596.666667
3062923.809524
2887100.952381
3177478.095238
3951047.619048
3660273.809524
3273245.714286
2546808.095238
2872963.333333
3170447.142857
3240087.619048
3576495.714286
4040224.285714
2847095.714286
3293423.809524
2965350.000000
3017674.285714
3098442.857143
3376085.714286
4057944.761905
3705714.285714
3313375.238095
4353720.000000
4122605.714286
4312683.809524
2854547.619048
3398744.761905
3047010.476190
4040474.285714
3565153.809524
3807047.619048
3430010.476190
3545997.142857
2892154.285714
2778145.714286
3744450.000000
3651382.380952
3910922.857143
4076743.809524
3586971.904762
3269630.000000
3695261.904762
2931034.285714
3284874.285714
3490671.428571
3951494.285714
3590662.857143
2871301.904762
4864683.809524
2662088.571429
3092003.809524
3951407.142857
2928488.095238
3750900.476190
3504137.142857
3111322.857143
3262233.809524
2299100.952381
2941293.333333
3906074.761905
3688507.619048
3390696.190476
3242630.952381
3513152.857143
3485274.285714
2679100.952381
3241588.571429
3181544.761905
3614215.714286
4264566.190476
3105541.904762
4092581.904762
3726670.476190
3422253.809524
3205495.714286
3414926.190476
3696338.571429
2901347.619048
2687110.476190
4259523.809524
5023507.619048
3770776.190476
3565445.238095
3255106.666667
3474823.809524
3847852.380952
4116228.095238
3164688.095238
3572805.714286
3498621.904762
3203560.476190
2676980.000000
3387592.380952
3435472.380952
3629250.476190
4738092.380952
3609616.190476
2239927.619048
2416451.428571
2669098.095238
3107486.190476
2811466.666667
2498157.619048
2351860.000000
2106153.333333
1557533.333333
1800923.333333
1796107.619048
2503447.619048
3122992.857143
3061969.523810
3136303.809524
2880654.761905
3167543.333333
2509533.333333
2982387.619048
3496034.285714
3276652.857143
3720261.904762
3970337.142857
2464569.523810
2689437.619048
2595939.523810
2702276.666667
3106303.333333
3766947.142857
4084352.380952
2580230.476190
2597771.904762
3301355.238095
4182169.523810
4039069.523810
4215987.142857
4144029.523810
3264420.952381
3586940.476190
3717275.238095
3032335.238095
3041866.666667
3625912.380952
2879960.000000
3492407.619048
4085520.000000
3029336.190476
4313831.904762
3629708.095238
2764645.714286
4286700.000000
3794140.000000
3596561.904762
3746831.904762
3967518.095238
3717941.904762
2914550.952381
4657619.047619
2572811.428571
2968932.857143
2679620.952381
2722605.714286
2953466.190476
3094573.333333
3610310.000000
3001125.714286
3264672.380952
3401167.619048
3363305.714286
2978705.714286
3649691.904762
3125775.714286
3352400.000000
3049526.190476
3049649.523810
3294196.666667
3245020.000000
3432832.380952
3461441.904762
3824148.571429
3221718.095238
2972653.333333
3469992.380952
3089681.904762
2780400.000000
3485214.285714
3614305.238095
2544238.095238
3106442.857143
3688769.523810
3729700.000000
3651344.285714
3733740.952381
3562856.666667
3726961.904762
3704767.619048
2848760.000000
3408844.761905
3321276.190476
3267136.190476
3160744.761905
3449551.428571
3147663.809524
3257186.190476
4394761.904762
2302627.619048
3061246.666667
2982241.428571
3828985.714286
3750116.190476
3564276.190476
2408905.714286
2750429.523810
2715931.904762
3716414.285714
4062580.000000
3525390.000000
3853173.809524
3971129.523810
4347001.904762
3177552.380952
4195572.380952
3173540.000000
2961936.190476
4531926.190476
4948038.571429
3435136.666667
4154048.095238
3612522.857143
3430107.619048
3424700.000000
3162412.380952
2382573.333333
3302110.476190
3375542.857143
2874025.714286
2948548.571429
3353281.904762
3444596.190476
2799460.952381
3649278.095238
2966045.714286
2799327.142857
4055711.428571
3973121.904762
4424179.523810
3009609.047619
2389008.095238
2966134.285714
3784358.095238
3655921.904762
3460081.904762
2943483.809524
3663764.285714
3847666.666667
2442683.809524
3709574.761905
3125220.000000
3054309.523810
3606954.285714
3351377.142857
2794144.285714
3067268.571429
2731952.380952
2950181.904762
2778373.809524
2056464.761905
1895083.809524
2154100.000000
2369997.619048
3519414.285714
2533704.285714
3452417.619048
2110043.809524
2810982.857143
2861305.714286
3035310.476190
