48620725.714286
30536868.571429
29496985.714286
29245816.190476
28735101.428571
29837170.000000
29530535.714286
29110638.571429
30568832.857143
30047250.000000
27878185.714286
26645147.142857
28884685.238095
27264114.285714
28710111.428571
27301512.857143
29537481.428571
29537088.571429
28950388.095238
28709347.142857
29873949.047619
28356048.095238
30824498.095238
29357441.904762
30432970.476190
29748727.142857
27774958.571429
29399743.333333
28150851.428571
28481318.571429
31528128.095238
29838351.428571
29391260.000000
29696047.619048
28984949.047619
28478392.380952
29773605.714286
28933805.714286
28767052.857143
29813099.523810
31613970.476190
28875017.619048
27853872.380952
28976995.238095
29205300.476190
28744367.619048
29865977.142857
28875463.333333
29365390.952381
27847022.380952
31183236.666667
28007528.571429
29028921.904762
28897435.238095
29677872.380952
28745206.666667
29011825.714286
28893744.761905
28291534.761905
29244974.285714
29127939.523810
29068853.809524
28489290.476190
29208240.952381
28310985.714286
29843669.523810
28789656.190476
28672228.095238
29260452.857143
28583451.428571
30144205.238095
28697865.238095
28252405.714286
28962788.571429
29702502.857143
30825978.095238
28302913.333333
28823366.666667
28627337.619048
28156550.952381
28718759.047619
28307880.000000
30741669.523810
29034460.952381
30989929.523810
28679340.000000
30591340.000000
28273020.952381
29100777.619048
28738304.285714
28107821.904762
29028319.523810
29272822.857143
31065724.761905
28113847.619048
30627216.190476
28689907.619048
28367239.047619
30924599.523810
29030044.761905
30547219.523810
28847288.571429
29142861.904762
28885583.333333
28555770.476190
29681490.476190
28902133.333333
28018673.333333
28709135.714286
28616109.523810
29109823.333333
29738311.428571
29037497.142857
28467790.952381
28596952.380952
29924043.333333
28418847.619048
28904230.476190
29787496.666667
29031398.095238
28628216.666667
29970780.000000
27646450.476190
28935558.095238
28195844.285714
30012752.857143
27870205.714286
30573612.380952
27968782.380952
29261130.952381
28792639.047619
28297519.047619
28088274.285714
30184282.380952
30708561.428571
28038919.047619
28560835.238095
28007283.809524
30509245.238095
29685816.190476
30351988.095238
29503516.190476
29711919.047619
28904229.047619
28175937.619048
29484940.000000
29348877.619048
28419037.619048
28838801.428571
28874248.571429
29199391.904762
28410870.476190
28976635.238095
28418064.285714
28900510.952381
28543053.333333
28581599.047619
29314585.714286
28782942.380952
29749320.000000
32352228.571429
29745851.428571
28653283.809524
28760736.666667
28529630.000000
30022191.428571
29897047.142857
31436695.714286
28599856.666667
28711689.047619
29280994.761905
31336721.904762
28108823.809524
28694328.095238
28961897.619048
28422126.666667
28581753.333333
31172757.142857
28267030.952381
29083926.666667
29167576.190476
30347050.476190
28662549.523810
28708264.285714
29165446.666667
29512850.476190
29612167.619048
28614029.523810
28271152.380952
28154267.142857
30238329.047619
28379622.857143
29797911.428571
29394781.428571
28438385.238095
28870470.476190
28963379.047619
28224290.476190
30188580.476190
28657362.857143
29143789.047619
29735360.952381
29576998.095238
30446246.190476
28382929.047619
28503717.142857
27900992.380952
28628859.047619
29006630.000000
28439517.142857
29979346.190476
28638426.666667
28348650.476190
29140012.857143
31177344.285714
29510934.285714
31283420.000000
28018100.952381
30428421.428571
28857467.619048
29705767.142857
30335982.857143
29346760.952381
28851642.380952
28642538.571429
29575730.476190
29030208.571429
30436127.619048
28669577.142857
28680095.238095
29341071.428571
28942265.714286
28717355.238095
31454710.952381
30033309.047619
28567657.142857
28517730.476190
28702620.476190
28886368.571429
29148418.571429
28210717.142857
29515661.904762
28375320.476190
31149683.333333
28273240.000000
28548589.523810
29628017.142857
28428444.761905
29233350.000000
28321058.095238
28655737.142857
30957888.571429
28389401.904762
28236082.857143
29930012.380952
28663270.476190
28815437.142857
29663800.476190
29014918.095238
29081231.904762
27975514.285714
29498546.666667
28745546.666667
29813105.714286
28581393.333333
28424635.238095
30051577.142857
28157498.571429
29538898.095238
28286063.333333
28146394.285714
29931702.857143
28794695.238095
28390660.952381
29984740.000000
29587234.285714
28549780.000000
28715094.761905
28754753.333333
29075886.190476
31422183.809524
30577003.809524
29088873.333333
29788558.571429
27430357.142857
27288828.571429
26346699.047619
27460753.809524
26932557.142857
28018638.571429
27575692.857143
26677928.571429
26977815.714286
27131357.142857
26315332.857143
26364800.000000
27462727.142857
26140392.857143
27384482.857143
28488322.857143
27760568.571429
28614165.714286
28195773.809524
28938974.761905
30577394.285714
30522720.476190
28576751.904762
28836560.000000
28113459.047619
31928383.809524
31472956.190476
29779661.428571
29393040.000000
31718260.000000
30037199.523810
29376814.761905
29655655.714286
30768900.952381
29525869.047619
29093344.285714
29652310.000000
29778938.095238
32232398.095238
32391713.809524
29290016.666667
32457469.047619
27212773.809524
28093717.619048
28409289.047619
28487355.238095
28445722.857143
31327209.523810
28339465.714286
30299240.000000
27989842.857143
29211199.047619
30284095.238095
30082649.047619
29139494.285714
28581272.857143
29105535.714286
28299346.666667
31411739.523810
28778448.571429
27941363.809524
28709367.142857
28796647.619048
28207450.952381
31342210.476190
29017681.904762
30617638.095238
28412750.000000
29401522.380952
28541549.523810
28598971.904762
27873642.857143
28288150.476190
28830750.952381
28146608.571429
29857466.666667
28183171.904762
29246609.523810
28847095.714286
28367826.666667
29466297.619048
31113452.380952
29112952.380952
28016725.714286
28753070.952381
29323360.952381
29943162.380952
28479635.238095
30298143.333333
30414723.333333
28413540.952381
33020335.238095
31578448.095238
33424333.809524
27431620.952381
28617635.238095
29609063.809524
28623352.380952
29128665.714286
28378113.333333
29583376.190476
28777635.238095
28511907.619048
28521864.761905
30391544.761905
27993946.666667
29696582.857143
29151911.904762
30327573.809524
31231814.285714
31156159.047619
29584445.714286
29798597.142857
31176259.047619
28213419.523810
29187024.761905
28710149.047619
29737577.142857
29121434.285714
29581062.857143
31754798.095238
29788060.952381
29719331.428571
29273315.238095
29406414.761905
30419732.380952
30396795.714286
29954510.476190
30212591.904762
29717786.190476
31832382.857143
29349120.952381
28494266.666667
29298580.952381
28847876.666667
30802552.380952
31425830.000000
31459175.238095
28358668.571429
28795050.476190
28386680.952381
31047995.238095
29714063.809524
29698611.428571
28203175.714286
28766525.714286
29113795.714286
31383760.000000
28780248.095238
30385059.523810
28150636.190476
28652312.857143
28758189.047619
28970733.333333
30225838.571429
28191008.571429
30551449.047619
29596480.952381
28290238.095238
28870113.333333
28283489.047619
28816721.428571
30639747.619048
28723045.714286
28413487.142857
28545318.095238
31033215.714286
27933115.238095
28364462.380952
28828220.476190
28077149.523810
28900852.380952
28243619.047619
30454490.476190
30414714.761905
28202915.238095
31169261.428571
28241915.238095
30980226.666667
30513158.095238
31126227.619048
31071829.523810
29803526.666667
30424978.095238
30416750.952381
27987339.523810
29254749.523810
30541600.000000
31392518.571429
30343074.761905
30271740.000000
28263511.428571
28771993.333333
28208370.476190
28774527.142857
28161255.238095
29973955.714286
28999448.571429
28807652.380952
28450021.904762
28828441.904762
28548399.047619
28679751.428571
28137532.380952
30517224.285714
30482024.285714
31306980.000000
30537070.476190
31372614.285714
29716379.523810
28743460.000000
28652669.523810
28494714.285714
30285409.047619
27999399.523810
28552270.000000
28799150.000000
30456309.523810
31429806.190476
29444756.190476
28113237.142857
31129138.095238
30454489.523810
33631978.095238
27580740.476190
28046748.095238
28371514.285714
27715141.904762
29682363.809524
28123815.238095
29605443.809524
27973037.142857
28506951.428571
27952775.238095
28194236.666667
28356829.047619
28900174.761905
30445150.952381
28678351.428571
28517641.904762
28713131.428571
28498700.000000
27901788.571429
28695637.142857
28499698.571429
30305993.809524
28512758.571429
30542599.523810
29493124.761905
28764120.952381
29449229.523810
28839803.809524
28361660.000000
29204009.523810
28407751.904762
28009178.571429
31132132.857143
27988833.809524
28716178.095238
27714792.380952
28202353.333333
29073600.952381
27805184.761905
28897128.095238
27560720.476190
28048056.190476
28979789.047619
29359026.666667
29944840.476190
28160718.095238
28471481.428571
28091104.285714
28438604.761905
30153774.285714
30498628.571429
27913042.857143
30641264.761905
30622739.047619
28802900.952381
28674159.047619
28528117.142857
29292373.333333
28388642.857143
29758056.190476
28327450.476190
28621240.952381
29105400.952381
31510180.952381
29206579.047619
29247120.952381
29376111.428571
30758540.952381
27519513.333333
28322301.904762
28813893.333333
30699121.904762
29454664.761905
30406324.761905
29223318.095238
31684968.571429
28185280.952381
27856600.952381
31474128.095238
26506022.857143
28437312.380952
30039621.904762
30891880.952381
28407180.952381
26752733.333333
27640244.761905
26244464.761905
28144038.095238
27779443.809524
26369770.476190
29209293.333333
28699457.142857
26815913.333333
28480701.904762
27935388.095238
29539754.761905
29944909.523810
32265934.285714
29089252.380952
29052106.190476
29966491.904762
32068248.571429
30790991.428571
29549550.476190
29302243.809524
29571463.809524
31074899.047619
31185163.333333
29284657.619048
29401716.666667
28373764.285714
29711013.333333
31058698.095238
28620480.000000
28928905.714286
29452277.142857
28665756.190476
30243408.571429
28694856.190476
28306634.761905
28638744.285714
30247787.619048
27831019.047619
28496189.523810
28231049.523810
30785643.809524
29018520.952381
28508337.142857
27935480.000000
29029687.142857
27468774.761905
29106437.619048
27818461.428571
28449008.571429
28492986.666667
30919428.571429
29590474.761905
27935695.714286
27919838.095238
28375387.142857
30400994.761905
28811785.714286
28718036.190476
29108535.238095
29174556.190476
26993437.142857
26846380.000000
28855311.428571
26270074.285714
26780168.571429
27383985.714286
26933684.285714
27060610.000000
28092958.571429
26592465.714286
27014325.714286
25720054.285714
26734618.571429
25231772.857143
25773973.333333
26702240.952381
27516591.428571
28817048.571429
26095098.571429
26189171.428571
26978482.857143
26876324.285714
27086172.857143
25656837.619048
30053311.904762
28520286.190476
29617809.047619
28259264.285714
28000037.619048
28475300.000000
30536816.190476
27431955.238095
30281723.333333
29025078.095238
28690472.380952
28514941.904762
30899857.619048
29305867.142857
28286254.761905
30919220.000000
28851802.857143
29743975.238095
29106558.571429
28013783.809524
29062386.666667
28495035.238095
28730725.238095
28309650.000000
29876032.857143
30957123.809524
27883329.523810
28432089.523810
28152430.476190
29524484.761905
27906900.952381
26931864.761905
30173863.809524
30427006.666667
28833701.904762
28239083.809524
27898814.285714
28546041.904762
28007013.333333
28313966.666667
28814730.476190
27976221.904762
28449797.619048
27995064.285714
28162009.523810
28929844.761905
27807040.952381
28722144.761905
28147220.952381
30109778.095238
28078168.571429
28264354.285714
27950013.333333
28332614.285714
28354063.809524
28305497.142857
28549442.857143
28375758.095238
29843315.238095
27742524.761905
30207104.761905
28897772.380952
27980511.428571
28700560.000000
30058636.190476
28747970.476190
27578038.095238
30151807.619048
30027980.952381
28529783.809524
27891294.285714
28556385.714286
27755804.761905
29938561.904762
29333861.904762
30865794.285714
28785802.857143
30256372.380952
30109077.142857
28027063.809524
28998828.571429
30105809.523810
28273111.428571
28095625.714286
27848446.666667
29931040.000000
27486258.095238
30167077.619048
27789999.047619
28129010.952381
28148131.904762
28564264.285714
27912360.476190
28170950.476190
27844994.761905
28564725.714286
28087528.571429
28212356.666667
28027113.333333
28264930.952381
27827996.666667
28597459.523810
27443563.333333
28892858.095238
27832398.571429
28124133.333333
28407858.095238
28349122.380952
27698431.428571
28691513.809524
27564518.571429
28406015.714286
28110218.095238
28117107.619048
28311652.380952
28900326.666667
30277832.380952
28070899.047619
28733086.666667
29985489.523810
27773276.190476
28495321.904762
28039653.333333
28283617.142857
27815798.095238
28653459.047619
28209813.333333
28963799.047619
30039969.523810
27476220.952381
27737773.333333
28812592.380952
27677807.619048
28309925.714286
28045024.761905
28427871.428571
27942838.095238
29815313.333333
27886900.476190
27513737.142857
28498092.857143
29165326.666667
30353277.142857
27675846.666667
28077702.857143
27637235.238095
28716113.333333
28392380.000000
27845256.190476
28777575.238095
29118361.904762
27955219.047619
28820525.714286
27839790.476190
28079815.238095
28885116.190476
27768485.714286
28665410.476190
28138515.238095
28480881.904762
28011560.952381
28535731.428571
27481085.714286
28328068.571429
27893513.333333
27936506.666667
27687454.285714
28491774.285714
27740437.142857
28115825.714286
28824325.714286
27832540.000000
28576219.047619
26701208.571429
28638383.809524
28414096.190476
27344836.190476
28738685.714286
28137434.285714
28176773.333333
27780447.142857
27962450.952381
30010306.666667
28562662.857143
28534894.285714
28293850.476190
27760455.238095
28984409.523810
29386973.333333
28991720.000000
27644720.000000
28478565.714286
28603812.380952
28912920.000000
30751929.523810
27944890.476190
28690781.904762
28174840.952381
31059917.142857
29006925.714286
28517706.666667
28837502.857143
28552360.952381
27984150.476190
28651393.333333
27762084.761905
28322441.904762
28579475.238095
27610305.714286
28803785.714286
27470143.809524
28336819.047619
28368996.190476
28056573.333333
29205964.761905
29394250.476190
29999273.333333
31023712.380952
28332589.523810
27607969.047619
27732942.380952
27560155.714286
28913042.857143
28259888.571429
28305450.476190
28503135.238095
28258184.761905
27880927.619048
28488971.428571
29988456.190476
30029138.571429
28045963.333333
28984779.047619
28187827.619048
30248700.952381
28244939.047619
28289051.428571
27873012.380952
27457600.000000
28683250.476190
28202296.666667
47051889.523810
32860786.666667
31652461.904762
30781112.380952
30716235.714286
30104669.523810
30202369.047619
29855411.904762
28970351.904762
29194485.714286
29226589.523810
28452408.095238
29546162.857143
28636428.095238
28791395.238095
28833615.238095
