1608
834
1069
742
803
1140
1138
782
773
1089
768
1066
732
1543
768
1030
27950
127443
250627
181290
246734
206973
183239
206950
183744
202938
172489
241003
173978
233996
131180
242055
173541
235046
179555
242545
181388
159426
246178
178016
236768
177214
235809
125933
241483
176630
205035
241427
213818
174401
185899
181609
232649
173318
231271
173776
217970
187263
202006
240153
210237
171953
203184
181046
204358
170757
236472
206430
254373
124091
239961
202701
176127
203508
236734
206568
126466
233037
174903
240956
168528
235112
123804
246897
180411
243262
176320
205018
231683
125371
242257
173764
241811
175627
240397
128323
253879
257900
214982
174107
251621
237837
221822
159254
222935
161473
218980
159322
145127
220633
188564
160684
188817
219346
190420
114805
222904
163816
221387
162128
216060
144761
159146
233796
232159
188773
158941
222131
144114
227771
157237
217256
158544
219240
114571
217070
157385
189278
218074
157488
218888
115415
211658
158689
216399
159744
187056
173909
189072
156201
216848
160472
214083
157712
168638
153330
213768
158099
186585
208914
138313
158791
184494
215762
185720
158717
216111
114736
216118
157119
215548
186683
158806
142073
212505
188297
159180
218968
159434
214828
114517
216780
159672
216398
160701
218122
116278
185971
213940
156857
217028
158330
215190
114279
215350
161329
189689
232299
207730
124572
231904
174194
225832
167977
238092
171307
184837
163361
196087
228440
197009
167215
145970
230840
204877
175031
232664
173291
232121
130788
238747
204311
166462
202229
227247
152421
174963
235251
171797
229316
175522
232671
118528
235281
165472
231088
166985
204638
177060
167849
234816
172008
239515
165515
235205
126054
194896
234315
193285
164069
233860
122198
228888
165328
223557
167619
229533
168597
150943
223900
198316
174583
231044
283085
160068
177673
238000
176585
241579
180622
275793
149198
160532
188075
220217
191098
161103
177266
162568
220915
161895
220781
160765
218597
119107
220777
161038
187810
218972
159897
178965
184538
226821
172193
237995
175600
197721
184602
198025
179433
235332
165477
224790
117638
226349
172841
230961
172000
193647
222689
152230
166977
196646
230442
200912
172852
206632
185027
257723
197977
237618
206917
176659
155592
237719
207897
171442
241330
175119
191580
176621
250471
197899
240526
180450
235035
123390
206287
237873
170673
237439
177567
191321
170443
233191
176045
204960
236825
209943
132057
297670
178059
233780
178432
238658
127386
238173
178075
209405
230176
199494
160838
142688
215349
188084
171094
225000
170138
183629
175151
237382
199518
165090
196146
235872
162124
173275
232742
177398
233488
177647
190567
178698
243146
181407
240820
180120
208941
194509
180538
246042
177564
239903
178225
192592
171642
189229
219670
200591
169877
236873
125304
235739
175761
232294
168825
223935
120215
198728
224103
194511
172523
195718
233182
159018
179023
237795
176703
236532
179632
194084
207558
176290
202947
241382
207620
175879
186369
177160
245058
179208
236667
178559
185914
173108
263319
206100
211408
236148
173739
191435
176309
239896
174772
237319
208243
188501
238718
205727
167081
239433
166397
232608
122012
227711
171068
238283
186315
280717
194882
197967
155829
188889
228882
209123
172811
189214
171122
230229
173861
228134
186801
120367
202415
237920
208827
172956
236007
175128
193780
168346
217712
162133
218517
158284
171499
159573
187726
216118
157656
236952
172239
180984
173669
240581
179826
203334
233434
159118
178133
230773
166534
224208
163915
221248
128007
239166
176339
206562
221856
184140
116970
193381
218887
194738
170248
236037
164470
178428
160798
240194
209077
172655
202992
184834
199760
173660
242582
179211
296074
183993
194777
178794
251532
176023
243429
173646
157879
239648
178791
244223
176353
241828
181141
191110
173346
206185
238524
211118
174523
193855
174074
240978
174748
237846
179384
240233
121869
205209
235607
203392
180009
205093
189427
203904
168804
240220
181098
241901
176231
181257
207047
177695
197274
234538
204700
123779
237567
178394
239323
170675
233190
180885
183851
166365
233662
168320
207062
226569
122951
231218
217404
225604
158840
213028
158453
151690
261325
201101
170425
234950
173872
199867
158975
215313
158256
215359
160176
203513
181670
184410
157845
186860
260680
213825
127416
238044
176424
234814
174487
238601
210401
131837
212358
235962
206371
176514
237059
131706
239622
173935
235740
180655
241317
176038
183961
175182
203110
242027
181104
232471
127599
238474
185321
238054
181596
210299
234491
159480
176479
226503
159127
216299
160680
173242
159065
218431
160187
189803
237287
223187
121095
206429
230668
214669
183333
235653
122470
246890
206859
257541
210555
175055
210078
188952
213101
178255
246584
182712
242389
129299
249371
180415
244899
176324
245622
178569
161971
240487
181798
243552
183104
244098
132237
240705
179322
199426
240097
216148
178064
195516
179836
241122
179278
246213
183762
198337
180400
209492
244530
211853
179153
209005
191715
209169
173388
240676
180140
243841
128114
239070
210119
171505
241722
237168
212149
130968
279282
175501
241856
177087
235816
124126
240950
171565
239136
177511
199607
241747
130616
246692
178582
238495
178379
237946
128138
211066
243135
202960
170709
272229
166370
174715
161022
218642
155020
211700
159658
144222
213878
188116
159781
189994
242109
212762
123591
244517
175287
237286
178211
226550
145213
159920
194960
221347
195644
203733
221808
118524
219536
159995
221078
159010
218130
118208
219572
158824
187641
228082
164358
232644
127136
237491
198017
232287
163817
203700
190686
202295
173368
241721
175747
233827
174095
194550
180991
241124
223849
215453
243788
159756
176477
203598
242365
212333
181536
238033
129539
237210
179827
234706
210009
174728
154693
242573
210017
174551
231734
167069
233921
120225
224470
158934
213733
159756
215042
111998
185919
216675
157800
216701
157479
216974
115980
214755
157743
189145
216808
184812
113400
217748
160152
216368
156325
216093
158642
170735
158202
185399
210484
193475
171540
159153
237410
207662
166707
227260
172444
228922
112674
224062
192182
156957
192358
222971
151484
173368
227134
172742
282283
176623
240258
128703
243233
180286
233406
163484
198581
173358
156205
215827
158411
214077
157681
212273
114958
199247
228744
197743
169134
231353
122037
233420
170266
247515
205012
243186
168722
156433
242672
204311
173086
203475
240029
158780
174863
239914
170601
242367
178216
240947
162782
178921
198220
242411
208188
178019
190646
169560
236416
176004
235318
175816
273386
135817
246461
177478
209530
242083
171220
191902
178458
231399
178185
236888
182573
213451
191740
210979
173341
234846
178762
239683
127535
243111
172289
240863
173226
214951
240372
161352
172561
203925
240935
208097
176110
190824
174987
246830
177879
242353
211808
172437
158975
235819
203671
179588
243612
183855
193658
176333
240027
176661
233536
171417
227806
116890
194908
230932
173763
236101
169544
182875
166078
229416
167271
203244
227213
205137
127106
231131
172822
233844
168663
236550
121967
233135
164680
198222
233664
205881
164143
146055
228886
202138
173346
227186
170479
180838
174879
241508
204258
175078
204253
233699
151998
170389
238720
169501
235606
168174
185950
169704
235150
169680
235194
169295
200333
196484
188069
236816
169005
237119
172848
179529
174237
207861
236964
205834
170803
244454
127730
235827
175350
240974
184906
237706
126921
210285
228266
202599
167610
211178
251817
161714
179536
246994
180428
245203
176004
192413
212087
180641
209497
244274
214342
184648
193849
179679
251141
179713
244285
178834
196235
182319
246048
178950
212384
239301
181662
189745
172888
237684
174200
243092
185733
158485
244275
211238
180687
250427
175155
245174
131429
239288
182021
233822
179254
208063
197298
208914
179711
212809
235371
207490
179975
205991
196570
242422
174365
281008
193291
125700
209140
243052
205146
180564
244480
181599
195194
171740
243261
181574
240544
171776
191307
179004
208003
242673
176790
233162
170376
190567
177509
236124
174300
211748
240664
165216
178362
246164
172428
240062
170590
244070
127701
240094
172755
205647
236573
209209
118040
205755
237881
209328
176914
243406
184188
182935
172909
236496
196850
170573
205560
192299
206659
184202
274099
168100
218477
164382
181605
163928
224596
164445
229637
165500
147515
223769
163734
222865
158483
219586
162991
176671
166140
190241
220991
192775
160045
178919
158397
217135
162073
221885
161684
218528
118728
196268
221740
190514
160473
190479
178764
191508
160914
222431
158928
223751
160040
178848
189546
159957
188397
217967
193612
117218
224726
160438
223471
160879
221282
157890
178429
159177
223443
159081
191475
219140
115185
217975
156475
217015
159172
226915
169202
151762
232430
205318
176501
273726
172601
186253
175096
235789
168854
217509
158069
184414
170877
186961
157452
184236
214637
187303
114218
217248
156913
215523
155173
213984
187566
114232
183263
220187
240085
159463
216000
115843
215547
162316
216354
159397
218221
159671
173801
160982
182224
219677
157954
214513
115200
216402
159162
213337
156430
186702
217884
155621
170221
238887
174709
245137
171984
186422
174812
239635
181430
201620
234855
191496
111160
183378
215917
184880
157984
217164
112781
213958
157145
214606
188727
155973
199265
178543
185076
155377
224975
160478
220159
113062
213516
155936
215069
152964
214562
152831
143708
215094
153754
214688
155021
214707
106220
217456
156849
188504
214370
184292
156064
172285
177372
214642
151995
209288
154592
167756
156365
188897
213143
186655
158174
185919
176486
241914
161024
217241
159031
217978
113550
218555
187355
159053
190674
213243
189888
113969
219655
193472
231183
158980
212924
113158
218307
159136
213076
157896
190176
214434
112887
264093
178516
226150
161913
218935
120486
193967
220195
194166
162832
226171
163696
180860
161099
221061
164063
226174
163921
146575
222860
194479
162496
192185
224321
189725
120625
225413
162700
220967
162148
221018
152997
165114
188471
217697
193153
163430
223006
115181
222104
163391
220836
165965
224042
118710
221446
164150
195057
221302
163687
226938
118455
221094
163925
221932
162849
192129
173547
193582
160949
221197
163026
222938
162115
177239
162968
218158
159410
189110
218491
150385
164635
189873
215400
191728
163246
221098
115837
218039
158164
216123
192161
161525
146518
221150
192164
163576
221297
166719
234449
132386
243302
184894
240902
179230
245591
130163
214682
249613
231115
256027
177163
243395
131507
243509
183652
210822
243790
207727
135823
242735
176351
242368
180080
239440
180729
195053
182556
218789
246839
214698
193068
167316
250608
212816
187360
240837
184065
245177
132321
240407
243664
190261
211494
248412
164646
186706
253306
181115
250541
190613
248732
136131
245750
185279
254116
183440
215988
194692
181436
246828
181006
242183
185576
240645
134347
215438
240433
220686
179617
247689
126837
235759
173524
229363
170386
232931
173599
155568
242980
205830
167932
201118
228517
162554
179856
234412
165900
237466
179624
227343
161520
177186
210483
237932
208178
170304
186904
175754
235582
178328
234512
174039
236049
125694
236126
173242
205270
235551
168285
190009
179538
243532
174783
223020
180974
266341
190400
213874
182331
240179
175583
227113
127928
239704
174440
236002
175617
210372
232242
156586
177348
211197
243025
211028
178246
186636
167285
236813
164940
248614
228533
176383
180355
259756
211977
183987
242220
172428
189213
175801
239630
180790
245945
175370
237492
124751
205948
246165
167367
231293
165207
170036
157927
216428
155429
197019
219318
196977
121473
234438
165059
237338
179526
244665
127907
245769
178823
201929
232499
210416
177531
152452
256344
254139
177155
245442
179203
228374
177711
241639
211749
174330
202814
230665
154596
172356
240277
177968
242605
175588
190418
179390
241185
173485
241427
179936
207266
188804
171252
234830
177393
240955
173281
190261
177483
210989
239097
206461
168949
241083
128554
241084
176640
243878
170077
239401
127988
198393
239988
203907
171907
205020
239041
159911
179358
236359
171062
242846
179672
187419
204380
173592
207456
227365
207395
177546
189163
179703
249074
175871
234667
176952
192514
159546
218098
163857
186461
216421
161947
174247
158592
216220
157283
218218
156440
148826
226057
188507
156655
216939
158112
214418
113224
217682
159539
219252
158439
186402
173474
186988
160583
185182
234968
192028
157069
175870
159828
219292
160863
218718
189148
113633
185631
214995
186787
157210
219187
160840
175663
159919
219078
156971
217089
159006
170293
155937
187286
219280
159677
216233
158705
175325
158795
218354
156756
187010
217173
144352
155860
216930
163839
219136
161372
218397
116796
210190
156860
175801
213488
186519
111272
187650
218407
189584
158080
219337
157173
172831
156939
215592
189758
156053
202819
192870
197105
173484
247412
177174
245282
171499
185989
176732
242601
176489
233248
174125
161906
245222
173752
244176
181921
241011
176159
199248
217248
210061
282304
224111
183466
197156
175424
258135
200617
239478
181471
244843
128093
198790
235551
210569
181221
214797
188011
208658
171709
244417
178180
239981
176965
192109
209919
170334
209791
238982
207587
121838
238411
174350
244664
182901
240109
173088
188659
171734
242185
183793
211910
235365
129003
235625
178069
242590
182486
238533
173234
152848
234259
281992
201336
246304
180742
192332
181514
240496
181558
242777
182646
214243
192622
212433
183273
212162
239674
214372
128914
238854
168580
233688
165930
222080
201481
118618
190933
223616
199945
166565
232584
121653
235234
166956
222798
173071
231692
168408
180719
171107
207277
231131
167785
232707
120656
231771
167556
220641
163256
184919
219779
145357
166055
225777
164899
227608
165330
177771
161613
223822
159462
187754
229400
220521
137904
183109
216373
195740
160096
225136
115512
213044
155281
212449
194365
155955
186361
177652
186826
161539
224308
161763
224818
114957
219220
178473
244260
177994
244643
177681
153986
241092
175100
239609
168774
228122
124860
230187
170386
195407
234186
194177
177010
184846
172714
236485
174026
236622
175715
188482
165161
190533
225940
196161
175214
204615
184775
205309
172375
238415
166822
230236
122233
227886
193328
159792
191219
221340
201778
119317
238765
174357
230907
173079
235043
122376
232720
174221
242781
175626
207046
237638
127038
246146
179220
238529
173968
236287
128812
210396
239567
198027
155993
242718
172735
193708
166920
241055
177667
238079
179834
151386
230512
210590
169231
200535
228088
201580
118731
232694
180589
233227
Xput: 5170
