47629358.571429
33647392.857143
32655630.000000
30787891.428571
29884874.285714
29840258.571429
33385024.285714
30111658.571429
31146707.142857
30789177.142857
31970454.285714
31345337.142857
31865146.190476
30315017.142857
29889413.809524
31770601.428571
28923947.142857
30468568.571429
32178506.666667
33395283.333333
33954656.666667
33782052.380952
35653891.428571
32788852.857143
32668255.714286
33641206.190476
32588640.000000
33759727.619048
34486449.523810
33198988.095238
32708248.095238
31851595.238095
33673584.761905
33458209.523810
34060188.571429
33930756.190476
32628219.047619
34982774.285714
32785149.523810
34444393.333333
32824680.000000
32551643.809524
33778979.047619
34233611.428571
32334278.095238
32915960.952381
33348524.761905
32331479.047619
33060886.666667
32335164.761905
32283160.952381
33059220.952381
33887788.571429
34077242.380952
34817103.333333
33519988.571429
33076863.809524
32959779.047619
34705560.952381
32556399.047619
33746840.952381
34721112.380952
31800576.190476
33384535.238095
31895216.190476
34158717.142857
34144249.523810
33557569.523810
36130872.380952
33457353.333333
33647223.809524
34273224.761905
34836247.619048
35134975.238095
34316702.857143
33652004.761905
35514480.000000
32709682.857143
32718657.142857
32623268.571429
32984412.380952
33841359.047619
33972322.857143
33654655.238095
32902160.952381
33750363.809524
33954924.761905
32777170.476190
34272135.238095
33951766.666667
35358040.000000
32819044.761905
35372415.238095
34358958.571429
34673319.523810
34718048.571429
33682640.952381
34421617.142857
32697837.142857
33923155.238095
35934888.095238
33573870.476190
34255880.952381
35448376.190476
34450880.952381
33915731.904762
36100005.238095
33989412.380952
34444105.714286
32978838.095238
32665909.523810
35730826.666667
33303636.190476
34364963.809524
33163840.952381
32540894.285714
33149175.714286
33007314.285714
33586646.190476
33693820.952381
34700381.904762
33150180.952381
34079359.047619
32965883.333333
33180003.809524
34297260.476190
33969341.428571
33767004.285714
34470511.904762
34023653.809524
33861348.095238
31739015.238095
34123942.857143
34519638.571429
34324414.285714
33587221.904762
34564567.619048
33485301.428571
34737318.571429
34159424.761905
33113151.428571
34356238.095238
33745741.904762
33997871.904762
35124397.619048
32575911.428571
34457868.095238
36293490.000000
34491513.809524
35972508.571429
39154931.904762
34712564.761905
34292612.380952
36018319.047619
35617204.761905
35772211.904762
37173817.142857
35014431.428571
32442102.857143
32977479.047619
35696454.285714
32849400.952381
32546953.809524
32609202.857143
33312991.904762
32475990.476190
32540814.285714
34218419.047619
35289105.714286
35212900.000000
35647527.619048
33221183.809524
33468290.476190
34925020.952381
34792015.238095
34087449.523810
36024544.761905
33372137.142857
33877085.714286
35277697.142857
36415811.428571
34765042.380952
32876950.000000
33177641.904762
32617156.190476
34794980.000000
34126049.523810
33141042.857143
34070101.904762
33441780.952381
36183234.285714
36122471.428571
35535526.666667
34848746.666667
35576112.380952
35734702.857143
34476012.380952
32877321.904762
33212326.666667
34166870.952381
35219476.666667
34217651.428571
33345543.809524
32965024.285714
33010553.333333
34290565.714286
33844471.428571
34010789.523810
35141280.000000
35365400.000000
33822944.761905
35123996.190476
34106357.142857
36165850.476190
34036369.523810
34115317.142857
34344954.285714
32416512.857143
33418451.428571
32972743.809524
33573879.047619
33625220.476190
36151106.666667
35861639.047619
32962932.380952
38414215.714286
37182099.047619
36762238.095238
35353551.428571
35890625.714286
34710626.666667
32351587.142857
33839385.714286
35232895.714286
36104529.523810
33853922.857143
32215942.857143
30741155.714286
30905807.142857
30437180.000000
31809605.714286
30883650.000000
30519968.571429
30907209.047619
30736407.142857
31813160.000000
31655330.000000
31923685.714286
30021612.857143
31955002.857143
30872932.857143
32589187.142857
31706348.571429
29891130.000000
30291975.714286
33310354.285714
31650618.571429
31780212.857143
29407937.142857
31110743.333333
32336138.571429
30801110.952381
30578417.142857
30890147.142857
31104020.000000
32827390.000000
31622644.285714
30245421.428571
29703317.142857
31036880.000000
30867072.857143
30870624.285714
30771930.000000
30091277.142857
31164879.523810
32493387.142857
30760851.428571
31808952.380952
31327485.714286
32565282.857143
31406781.428571
32917801.428571
30625281.428571
30160570.000000
29686457.142857
30680620.000000
32220948.571429
32420865.714286
34681678.571429
29229195.714286
33255302.857143
31205220.000000
33046807.142857
35453480.952381
32388036.190476
36290217.142857
35711200.000000
33067326.190476
33664681.904762
33783617.619048
33762910.476190
34260726.666667
33986896.190476
33011710.952381
35367409.523810
34614751.904762
35937717.619048
35916465.714286
33166780.952381
33117410.952381
35535628.095238
34515452.857143
35972762.857143
33949371.428571
35507414.285714
36164655.238095
34252595.714286
34020454.761905
34233512.380952
33999827.142857
32829000.000000
34890305.238095
33657686.190476
33956298.095238
35465764.285714
33384484.761905
35818031.428571
34039689.523810
32632107.619048
32961306.666667
33224256.190476
34024630.476190
34156881.904762
35113251.904762
36109163.809524
36206893.333333
33507664.761905
34911675.714286
32809328.095238
35861326.666667
35510258.095238
35692178.571429
34753150.000000
35513530.000000
34779490.952381
34813195.714286
34176745.714286
33279963.809524
32827803.809524
33193940.476190
33197581.904762
34083380.000000
35994178.095238
33002726.190476
34984795.238095
35915278.095238
35441200.000000
35901172.380952
35869250.476190
33842878.095238
35525224.285714
34714726.666667
35724707.619048
32688874.761905
34919611.428571
34350507.619048
37282408.095238
34601376.190476
34533240.476190
33002859.047619
32738070.952381
33383430.476190
34341162.857143
33828351.428571
34443489.523810
34889081.904762
34020915.238095
32813140.476190
35029773.809524
35182793.333333
33241953.333333
34684583.333333
34504845.714286
32910767.619048
35458098.095238
32705425.714286
34430873.809524
33614334.285714
34633446.666667
32774543.809524
32601796.666667
34181781.904762
34853921.428571
32422696.190476
34254965.238095
32937332.380952
33685106.190476
33966398.095238
35301430.000000
32957717.142857
32528802.857143
36088858.571429
33761177.619048
32742774.285714
34713376.190476
33482494.285714
32773987.142857
32903506.666667
32718700.476190
34160659.523810
34788304.285714
35079560.952381
35486462.857143
34487348.571429
33487580.000000
33764333.333333
32722646.666667
33879865.714286
35250227.619048
33490172.857143
32014315.714286
34101510.476190
33152714.761905
33045081.428571
32233509.047619
33156188.571429
34728532.857143
32998283.809524
35593174.285714
34215184.761905
33256624.761905
33087054.285714
32542651.428571
33116298.571429
33450057.619048
32514724.285714
32914486.666667
34650461.428571
33144001.428571
34640721.904762
33868749.523810
34807873.333333
32617411.904762
33008297.619048
35214362.857143
35368185.238095
34023005.714286
32614940.476190
34349236.666667
33733524.285714
34226833.333333
34617760.476190
33440335.238095
34759722.380952
32655795.238095
33600985.238095
33382155.238095
33634496.666667
32994842.380952
33520866.666667
35657201.428571
34401430.476190
33226906.666667
34234339.047619
35457469.523810
34056495.238095
32830149.523810
35425967.619048
33436977.142857
34714506.666667
32593857.142857
35617247.619048
32229004.761905
32761083.809524
33589828.571429
35415435.238095
33258888.571429
34478384.761905
32866457.142857
32854136.190476
34998625.238095
34066849.523810
32570392.380952
32958944.761905
33407499.047619
33538709.523810
35158402.857143
33693350.476190
36108601.904762
32753502.857143
33653809.523810
33436784.761905
34445780.952381
34420233.333333
33376231.428571
33202834.285714
33959859.047619
34094919.047619
35594995.238095
32474884.761905
33339957.142857
34064865.714286
35555769.523810
32466242.857143
35017939.047619
33345537.142857
35650955.238095
32742626.666667
35751652.380952
33124680.000000
33666270.476190
34444515.238095
33532538.095238
34444081.904762
33019590.476190
34118600.952381
34510482.380952
32440897.619048
31990514.285714
33863458.095238
32759551.904762
32327096.190476
35655771.428571
32229083.333333
34691900.476190
33030750.000000
34070786.666667
32098892.380952
34094206.666667
33067598.571429
35345460.952381
33428003.333333
34334031.428571
33676453.809524
33961988.095238
34327896.190476
32442698.571429
34440391.904762
33181569.523810
32833880.476190
33354031.428571
35361773.333333
33922023.333333
35111207.619048
35435110.000000
36313381.904762
38195023.333333
37155304.285714
37432777.619048
36586523.809524
33508295.238095
33572864.285714
31919474.285714
32748452.857143
32349582.857143
31552730.000000
30125870.000000
29923914.285714
29997958.571429
29128601.428571
29237426.190476
30138871.428571
31001310.000000
30447805.238095
31614786.666667
30930525.714286
30000907.142857
30658022.380952
30589770.000000
30312774.285714
31021392.857143
29544277.142857
31933965.714286
30575682.857143
31057574.285714
32143404.285714
30806550.476190
31083347.142857
30586924.285714
28828912.857143
28401862.857143
29298555.714286
31256980.000000
30082000.000000
31315767.142857
34875850.952381
32089150.000000
34046679.047619
35110917.619048
32380785.714286
34469220.952381
32313321.428571
34196152.857143
33067064.761905
33738547.619048
35755302.857143
35394617.619048
35239583.333333
35654681.428571
35921270.952381
35313798.571429
35638763.333333
36210398.571429
34864156.190476
33185775.714286
33785810.476190
35417214.285714
31701539.047619
32346310.952381
34561207.619048
32826602.857143
34208762.380952
34613868.095238
33799426.190476
32848141.428571
34893971.904762
32982205.238095
33892987.619048
32936534.285714
33154328.571429
32866394.285714
34447190.476190
32515884.761905
34257487.619048
34555660.952381
32738545.714286
32801227.619048
34827749.523810
34040550.476190
35743598.095238
34456412.380952
33834430.476190
36110724.761905
33384272.380952
34132057.142857
32604103.809524
33041978.095238
34720506.666667
34505604.761905
34647009.523810
32777059.047619
32816561.904762
32552140.476190
32117021.428571
33948544.761905
33262524.761905
34336421.428571
32289014.285714
39171509.523810
36285755.238095
37167193.333333
36693862.857143
36189415.238095
35832361.428571
36662544.285714
37314429.523810
35177533.333333
36931784.285714
35393643.333333
34174435.238095
34969596.666667
33004822.857143
32195048.571429
34402544.285714
34439804.761905
34857189.047619
35299817.142857
34515858.571429
32885088.095238
34581420.952381
35445834.761905
35502664.285714
35713166.190476
32958585.238095
32681424.761905
33427568.571429
34391401.904762
33233245.714286
35449919.523810
35131944.285714
33110897.142857
32995736.190476
32472429.047619
33112064.761905
32591750.952381
34971530.000000
34900608.571429
32944282.857143
35895097.619048
33349492.857143
35691955.714286
34574391.428571
32210840.476190
35754718.095238
33872339.523810
33007229.047619
32942769.523810
34617858.571429
32614645.238095
35714615.714286
33973664.285714
30686978.095238
33965174.761905
34675014.285714
34282504.761905
32749906.666667
33694791.904762
34046265.714286
32509525.714286
34559562.857143
33947960.952381
34139977.619048
34457484.761905
34811506.190476
32941340.952381
35795688.571429
32849122.857143
33218571.428571
32347777.142857
32612280.476190
36206988.571429
31494787.619048
34300486.666667
34973609.047619
32947976.666667
33619670.476190
34252926.666667
35692356.190476
34752882.380952
33928221.904762
35680980.000000
33005473.809524
35253358.095238
35800782.380952
33592824.285714
35721270.000000
35393240.476190
34585485.714286
35073484.761905
34027532.380952
34634230.952381
34374441.904762
32912832.380952
34977320.952381
32781814.285714
32909808.095238
33440235.238095
34053274.285714
34255851.428571
34647558.095238
35802629.523810
32944883.809524
33757748.571429
34768759.047619
34135656.190476
34951069.523810
33253348.571429
33671788.571429
34268254.285714
34638962.857143
32505998.095238
32428905.714286
35430424.761905
35235497.142857
33412790.476190
34904755.238095
37790162.857143
35248865.714286
35242184.761905
34852554.285714
33618272.380952
35173482.857143
33850947.619048
36310430.476190
35958089.523810
32634794.285714
33460180.952381
33926117.142857
34117610.476190
