3054555.714286
4494545.714286
5728660.000000
5281074.285714
7195044.285714
8457270.000000
7733655.238095
7614365.238095
8189190.952381
9899894.285714
673344.285714
1359845.714286
1556576.190476
1214111.428571
2043370.000000
1149932.857143
1089746.666667
1086548.095238
1786110.476190
998369.523810
1726545.238095
1114035.238095
1015263.333333
1123435.238095
1577791.428571
1005567.619048
1649825.714286
1046480.000000
1091465.238095
1137974.761905
1667054.285714
1107745.714286
1716910.476190
1073598.571429
971312.857143
1030522.380952
1646049.523810
1039531.904762
1483075.238095
983650.000000
970100.000000
1156207.142857
944614.761905
950747.619048
1116988.571429
1068640.000000
662528.571429
634228.571429
1101132.857143
1060388.571429
1055920.000000
1265037.142857
1242517.142857
1269404.285714
1218099.523810
1059547.142857
1088114.285714
1050277.619048
995552.857143
965275.238095
654808.571429
982771.904762
1039687.142857
1193892.857143
1007178.571429
627921.428571
1032068.571429
895822.380952
898801.904762
1198187.142857
652311.428571
1014400.000000
1296326.190476
1124542.857143
1167262.857143
1342821.428571
1086520.000000
1118635.714286
1038261.428571
1137808.571429
839745.714286
1579311.428571
1069473.333333
936546.190476
1007409.523810
1553931.428571
969988.095238
1631825.714286
979115.238095
1012687.619048
863132.380952
1369831.904762
865059.047619
1283413.333333
875330.000000
997927.619048
878249.047619
1540683.333333
964510.952381
1960575.714286
1012914.285714
1143714.285714
872237.142857
1564891.428571
1043114.761905
1602461.428571
1685259.047619
620310.000000
944072.857143
1021935.714286
813487.142857
604751.428571
1107822.857143
701307.142857
918655.714286
955540.000000
1085737.142857
662681.428571
1093810.000000
1047140.000000
937840.000000
678161.428571
1055457.142857
1001265.714286
876822.857143
979911.428571
1052095.714286
726072.857143
562378.571429
928760.000000
644044.285714
605705.714286
951684.285714
646105.714286
614964.285714
943387.142857
646412.857143
543120.000000
1049445.714286
649810.000000
555198.571429
3808134.285714
3602790.000000
3903730.000000
3747400.000000
4128057.142857
4231818.571429
3982030.000000
1087980.000000
559465.714286
986322.857143
811207.619048
821110.000000
1416467.619048
842465.714286
901204.761905
1479713.809524
966308.095238
1034902.380952
1768697.142857
973071.428571
972948.571429
1433889.523810
1005150.952381
1015440.000000
1396555.238095
911272.857143
950768.571429
1516880.000000
967597.142857
1042917.142857
1465764.761905
846835.238095
880007.619048
1511437.619048
892260.000000
803746.666667
802491.428571
1539129.523810
722948.571429
932721.904762
836414.285714
552805.714286
1066824.285714
609860.000000
643104.285714
572055.714286
582611.428571
982515.714286
830794.285714
581584.285714
628441.428571
592287.142857
985158.571429
813401.428571
562474.285714
642954.285714
562865.714286
997502.857143
581787.142857
1041890.000000
977677.142857
630417.142857
826611.428571
961154.285714
1827364.285714
2396528.571429
2003664.285714
1914265.714286
1121215.238095
612428.571429
700037.142857
555674.285714
1085914.285714
576438.571429
848175.714286
1555608.571429
455185.714286
410070.000000
587310.000000
951760.000000
1308942.857143
1330287.142857
452462.857143
610930.000000
1491772.380952
940788.571429
1361739.047619
1377964.761905
474141.428571
554438.571429
707422.857143
539242.857143
575048.571429
1116474.285714
721948.571429
1524217.142857
1729311.428571
1602067.142857
903691.428571
1065627.142857
464728.571429
561470.000000
800065.714286
408172.857143
438860.000000
400041.428571
866555.238095
1207614.761905
721862.857143
757567.619048
750033.809524
678802.380952
1121831.428571
1482885.714286
725608.571429
886540.000000
727820.000000
752782.857143
824833.333333
1371463.333333
736659.047619
900820.000000
715779.047619
673661.428571
1020788.095238
1229717.619048
668609.047619
890111.428571
679804.761905
873475.238095
1365642.380952
466145.714286
808874.285714
728042.857143
1535444.761905
639027.142857
415167.142857
771347.619048
818068.571429
787272.857143
455651.428571
407721.428571
1137998.095238
712347.142857
702624.285714
534085.714286
861725.714286
624462.857143
565245.714286
853752.857143
594660.000000
954545.714286
463271.428571
417104.285714
513803.809524
449245.714286
414628.571429
423065.714286
525198.571429
537911.428571
1114594.285714
1260407.142857
1158058.571429
477307.142857
440524.285714
526391.428571
527990.000000
655487.142857
451058.571429
831722.857143
804719.523810
849404.285714
871380.952381
729675.238095
807470.000000
831154.285714
761872.857143
729576.190476
893541.428571
727927.142857
771830.952381
675491.428571
799214.285714
957565.714286
732002.857143
1344662.380952
432852.857143
822310.952381
498467.142857
499957.142857
884656.666667
879946.190476
717683.809524
876148.095238
829339.047619
670362.380952
439964.285714
723451.428571
816415.714286
725434.285714
786747.619048
636887.142857
452285.714286
455170.000000
424397.142857
817507.619048
411907.142857
521574.761905
516130.952381
741102.857143
522617.142857
471494.285714
818697.142857
774885.714286
413894.285714
472602.857143
477712.380952
493661.428571
509395.714286
489584.761905
469364.285714
754191.428571
494835.714286
1065697.142857
832282.857143
1166600.000000
701522.857143
669378.571429
1009990.476190
935482.857143
886683.809524
427347.142857
665264.761905
785505.238095
652892.380952
455922.857143
1133141.428571
889284.761905
500171.428571
470173.333333
657612.857143
873410.000000
790257.619048
721927.142857
644010.476190
803435.238095
535019.047619
549369.523810
621001.904762
615476.190476
777294.285714
526281.428571
551390.476190
480043.809524
513360.000000
549052.857143
608091.428571
616847.142857
555451.428571
471340.952381
506031.428571
536150.000000
452362.857143
539807.619048
461476.190476
502443.809524
867538.095238
672152.380952
634193.809524
737782.857143
712830.000000
534741.904762
926617.142857
916843.333333
767392.857143
717544.285714
839574.285714
732185.714286
1073183.333333
785792.857143
733788.571429
797312.857143
729934.285714
746682.857143
934783.333333
868837.619048
720621.428571
866752.857143
550646.190476
470217.142857
703977.142857
599752.380952
480737.142857
519527.619048
812931.428571
748091.904762
586733.333333
920515.238095
688660.000000
648220.000000
774414.285714
544906.666667
881752.857143
715560.000000
507310.476190
673327.142857
497786.666667
831145.238095
541887.619048
654271.904762
561841.904762
561038.095238
567849.523810
529266.666667
668304.761905
475165.714286
588948.571429
450099.047619
468487.619048
596681.904762
477729.523810
543800.000000
840483.809524
1104582.857143
1137676.190476
987474.285714
571348.571429
594734.285714
529048.571429
605426.666667
469506.666667
551217.142857
579786.666667
582232.380952
947757.619048
1010668.571429
882223.333333
743031.428571
845928.571429
770917.619048
859399.523810
647094.285714
791752.857143
676844.761905
776449.523810
785845.714286
776268.571429
864542.857143
875980.000000
663379.047619
839649.523810
817770.952381
693309.047619
798305.714286
712162.857143
699888.571429
608377.142857
480240.000000
704714.285714
674994.285714
652630.476190
639379.047619
713657.142857
749788.571429
725619.523810
580091.428571
523813.333333
881541.428571
698505.714286
465441.904762
554767.619048
497514.285714
547038.095238
839386.666667
1724611.428571
1851939.047619
2309228.571429
2061755.238095
2390784.761905
590642.857143
553525.714286
485811.428571
599747.619048
737355.714286
617956.190476
761745.714286
754720.476190
749927.142857
843042.857143
839369.523810
1057415.714286
786301.428571
825171.428571
723831.428571
846588.571429
869260.000000
1010754.285714
693494.285714
653077.142857
678197.142857
777308.571429
666182.380952
776592.380952
712351.428571
843638.571429
643312.857143
681594.285714
561904.761905
779666.666667
973788.571429
939980.000000
885906.666667
773437.142857
801826.666667
839451.428571
533489.523810
603811.428571
501643.809524
471213.333333
553695.238095
605788.571429
491940.952381
547013.333333
487737.142857
753072.857143
582847.619048
697037.142857
845004.761905
527398.095238
748497.142857
524097.142857
479240.000000
822934.285714
