49810624.285714
37646737.142857
35304050.476190
35098487.142857
32022311.428571
32305511.428571
30996452.857143
29796978.571429
29398488.571429
29786020.476190
27489040.000000
27559770.000000
28744910.476190
28110620.476190
28498350.476190
28350062.857143
28452726.666667
27378540.952381
27438874.761905
28135647.142857
29895622.857143
29463186.190476
28125186.666667
31029826.666667
28371585.238095
29445129.523810
29933039.047619
27833167.619048
25949652.857143
25799173.333333
28558073.809524
30338645.714286
28689805.714286
28559082.380952
30350138.095238
28514731.428571
30020515.714286
28734525.714286
28443637.142857
31291288.095238
28949479.523810
28589013.333333
28927930.000000
29600156.666667
29620373.333333
31123337.619048
30063519.047619
29046340.476190
29424888.095238
29291566.190476
30311448.095238
30835543.809524
28043373.809524
28749105.714286
29149197.619048
29323342.857143
27158170.476190
29746404.285714
29546020.952381
29423764.285714
29619253.333333
29131210.000000
29407714.285714
30580915.238095
29470085.714286
28663408.571429
29119923.809524
29158276.666667
28417145.238095
29235725.238095
28578608.095238
29465278.095238
29620846.190476
29068150.000000
29108059.523810
30029852.857143
29111038.095238
29273067.142857
29077627.142857
29263076.666667
30739555.714286
30636163.809524
30877502.857143
29102084.761905
29919856.190476
29208663.809524
30160756.190476
29046432.380952
27862783.809524
27774378.095238
29849039.047619
29910380.000000
28348973.333333
27861413.333333
29548410.952381
27924832.857143
31785900.952381
28236428.095238
28857758.571429
29034598.571429
29268310.000000
31205306.666667
29873862.380952
28187106.190476
29388306.190476
29223348.095238
28195640.000000
29166549.523810
28127991.428571
30153493.333333
28398114.761905
29642847.619048
27619724.285714
28052459.523810
29050584.285714
28622588.095238
29574325.714286
28959225.238095
27892871.904762
29165215.714286
28538823.333333
29050861.904762
30540961.428571
28684628.095238
27799464.285714
29614494.761905
30745365.714286
28973803.333333
27600202.380952
29995035.714286
28729456.666667
29394006.666667
28867712.857143
28103907.142857
28874111.904762
29305771.904762
30681609.523810
31700675.714286
28422798.571429
28980450.000000
30123575.714286
29072181.904762
29724243.333333
28871982.380952
29502258.571429
27552602.380952
29896649.523810
27921971.904762
29004223.333333
28016755.714286
28952520.476190
28832145.714286
28037831.904762
28507666.190476
30534643.333333
30619829.047619
28896595.238095
30796766.190476
28022813.809524
28675882.857143
28053960.476190
28867220.952381
29098942.380952
27288543.333333
27351309.047619
29492850.952381
28516070.476190
29045618.571429
27674903.333333
27962182.380952
29464127.142857
27779945.238095
27616331.428571
28236767.142857
28132050.000000
29173190.952381
27191454.285714
30506390.000000
27025685.238095
28854044.285714
30961470.000000
27664755.714286
27604903.809524
27796668.095238
27629890.952381
29213130.000000
27633720.952381
27394808.095238
28224430.952381
29031932.857143
30809951.428571
29353357.142857
28469749.047619
29059804.285714
28937088.095238
29154018.571429
29127629.523810
29135702.380952
27994870.000000
27875835.714286
29074661.428571
30530260.000000
28564823.333333
33305533.809524
29294378.571429
28171142.380952
29783407.619048
28393219.523810
28516867.142857
30183275.714286
28517298.571429
27543343.809524
28786205.238095
27597088.095238
27277334.761905
28887247.142857
30994645.714286
28836825.238095
28818738.571429
27830215.714286
29353131.904762
28397703.809524
30131070.000000
27973086.190476
29932045.238095
30029867.142857
28281200.000000
28868761.428571
28243320.476190
27980438.571429
30546393.809524
28089388.571429
30154978.571429
28443068.095238
30641290.952381
28760267.142857
27895955.238095
28775667.142857
27814638.571429
29368352.857143
28528364.761905
27681486.666667
27685044.285714
29790228.095238
27620237.142857
30546210.476190
28596358.095238
27794180.952381
28120716.190476
30585642.857143
27981680.952381
30325286.666667
29296486.190476
28838168.095238
29431200.476190
28672240.476190
28379387.142857
30476798.095238
28074102.380952
29756495.238095
29930855.238095
28906003.809524
28753726.666667
27922992.380952
30450388.571429
29246335.238095
28928176.190476
28939817.142857
28836649.523810
29086449.523810
27910802.857143
27626866.190476
28931438.095238
28943284.285714
27948085.238095
30849100.476190
28987054.285714
29297970.000000
28448892.857143
28492604.761905
29913349.523810
29057687.619048
28920572.380952
27745226.666667
28989215.238095
28744513.333333
30642304.761905
29125487.619048
25966178.571429
26213550.000000
26260778.571429
25567362.857143
28036037.142857
27298407.619048
26050755.714286
28004313.809524
27981828.571429
27141529.523810
28161884.285714
28039830.000000
28070375.238095
27748214.285714
29959943.809524
27862732.380952
28430135.238095
29659802.857143
28795857.142857
29345954.761905
28150898.095238
28209879.523810
27930117.619048
27631395.714286
29006647.142857
29041070.476190
27630211.904762
27920041.428571
28186371.904762
27590339.523810
30706807.619048
29516084.761905
27563811.428571
29818460.000000
29285438.095238
29106763.809524
27845094.285714
30083843.809524
28892180.000000
29347704.761905
27407396.190476
30849886.666667
30382862.857143
27761593.333333
30594404.761905
28290788.571429
29722040.000000
27478182.857143
29005396.190476
28352278.095238
28756957.142857
28131282.857143
27655709.523810
28030354.285714
29403106.666667
28813243.809524
28398225.714286
29205080.000000
28822614.285714
29607106.666667
27994467.619048
28799788.571429
27412158.095238
29749733.333333
27902540.952381
28630920.000000
29724833.333333
28807447.619048
27528062.857143
28843238.095238
28836562.857143
27996638.095238
30530907.142857
28244606.666667
26508980.000000
30314834.285714
30540961.904762
27862174.285714
27950160.000000
28646770.476190
29154804.761905
27517442.857143
30530765.714286
29575715.238095
28713528.571429
27664109.523810
28116677.142857
28659069.523810
27707503.809524
27868600.952381
30253649.523810
27853427.619048
29197856.190476
28016187.619048
28188147.142857
30611811.904762
28881106.666667
29554626.666667
27299786.666667
28620377.142857
30628499.047619
27753794.285714
28951091.428571
27685284.761905
29932955.238095
30744461.904762
27810401.904762
29071964.761905
28938743.809524
29409746.666667
27596588.571429
28970497.142857
28009244.761905
27730147.619048
29325306.666667
29087170.476190
27962368.571429
27907049.523810
29025198.095238
30095245.714286
31726066.666667
28391053.333333
30105809.523810
31511666.666667
29608599.047619
28608056.190476
30459435.238095
28571737.142857
27888626.666667
29509715.238095
29185018.095238
28538299.047619
30610061.904762
28031515.238095
30481316.190476
30741846.666667
27914260.952381
28561335.238095
28058992.380952
28685013.333333
28749382.857143
30029978.095238
27637091.428571
30653237.142857
28547000.952381
29885424.761905
27873271.428571
27895089.523810
27166244.761905
29792710.476190
29046801.904762
27446285.714286
27764520.952381
28188545.714286
29969813.333333
28290319.047619
30434091.428571
27620539.047619
29796393.333333
28253600.952381
29094304.761905
27972268.571429
29834913.333333
27769989.523810
28982127.619048
29392510.476190
28810972.380952
28511388.571429
31714158.095238
29999011.428571
27547494.285714
28848121.428571
27448788.095238
27675009.523810
27892223.809524
29080123.809524
27827566.666667
29741531.428571
29538435.714286
29060784.285714
28781242.857143
30461472.380952
27537301.904762
27571789.047619
30185840.476190
29754152.380952
27708626.666667
28683412.380952
27921614.285714
28230033.333333
27301794.285714
28365731.428571
29284586.666667
27337720.952381
29680585.714286
27879604.761905
28996409.523810
27396365.714286
27990940.952381
28625846.666667
27870826.666667
28527080.000000
27525946.666667
29721424.761905
29691954.285714
28860185.714286
27966456.190476
28317398.095238
29729580.952381
30650464.761905
27370667.619048
29021408.571429
28160547.619048
29297836.190476
28303429.523810
27608106.666667
28285537.142857
27579386.666667
27969815.238095
29950572.380952
30529780.000000
26897061.904762
27529543.809524
29267814.285714
29540773.333333
26753994.285714
29112245.714286
28143792.380952
29057095.238095
30639697.142857
29216342.857143
29828278.095238
29860637.142857
29181505.714286
31460467.619048
28562595.238095
28344915.238095
29057465.714286
27614656.190476
28000429.523810
27616980.952381
28723495.238095
30562281.904762
27817918.095238
28287165.714286
28367318.095238
28698654.285714
30025505.714286
32037981.904762
30637228.571429
29300275.238095
30941720.952381
28143459.047619
28606817.142857
27855675.238095
27855039.047619
28877503.809524
28853450.476190
27993721.904762
30463887.619048
29144761.904762
27842761.904762
28134249.523810
27743289.523810
29607291.428571
28867044.761905
28507088.571429
28823590.476190
27680526.666667
28440572.380952
27728562.857143
29113980.952381
27584456.190476
28186361.904762
27105053.333333
27511710.476190
28942279.047619
28442171.428571
27907400.000000
30880685.714286
31027386.666667
28368133.333333
28616779.047619
27943418.095238
28394939.047619
28782440.952381
28881869.523810
27843442.857143
28497868.571429
30616920.952381
30726226.666667
27306749.523810
28571500.952381
27750827.619048
30237921.904762
28529000.000000
29104134.285714
27581507.619048
28908126.666667
28801689.523810
28206235.238095
29222526.666667
27068492.380952
27827180.952381
28231767.619048
28375318.095238
28712869.523810
29174077.142857
27419848.571429
30044729.523810
27779894.285714
28938922.857143
30595500.000000
28967244.761905
30757083.333333
29041860.952381
29445027.619048
31975941.904762
29246984.761905
30379321.904762
29877330.476190
29617765.714286
28672757.142857
27048019.047619
29321920.000000
28677879.047619
29652836.190476
27029280.000000
29300972.380952
28610245.714286
27848740.952381
29913449.523810
28164485.714286
27922376.190476
27940391.428571
30568472.380952
27166572.380952
28731420.000000
28737195.238095
28095995.238095
28929750.476190
27181402.857143
28819657.142857
28026572.380952
28636125.714286
27997080.952381
27203840.952381
29814500.000000
29577793.333333
29982874.285714
27986475.238095
27944146.666667
28639993.333333
28383668.571429
28473760.952381
28130635.238095
27493493.333333
28518043.809524
27322705.714286
29716564.761905
28129581.904762
27791091.428571
26864941.904762
26730399.047619
28701988.571429
28870723.809524
31011508.571429
27761050.476190
27776864.761905
28862267.619048
27741939.047619
28373417.142857
29341743.809524
27276825.714286
28207056.190476
28741196.190476
28140375.238095
27864891.428571
27841320.952381
28606223.809524
28434687.142857
28054621.428571
26147852.857143
29555980.952381
25134544.285714
27636434.285714
26557724.285714
26369154.285714
28949431.428571
27428035.714286
27236590.000000
25829787.142857
27374718.571429
26355005.714286
27627798.571429
26458188.571429
26653061.428571
27220707.142857
28235518.095238
29899622.857143
27784105.714286
29778645.714286
28045253.333333
27983050.476190
27548230.476190
27909360.000000
28016554.285714
27101861.904762
28326012.380952
30663837.142857
29530173.333333
28211557.142857
27873816.190476
27707654.285714
28875133.333333
28015076.190476
27926218.095238
27350038.095238
29434984.761905
27976496.666667
28162585.238095
30687637.142857
27663177.142857
28576548.571429
28877108.095238
27677355.714286
28082694.285714
28720463.809524
27657825.714286
28959636.190476
28844445.714286
27471089.523810
28099402.857143
27714146.666667
27983660.000000
28124660.952381
29035325.714286
28055249.523810
27921645.714286
27153445.714286
27515036.190476
27848586.666667
27670028.571429
29814986.666667
28684497.142857
27285049.523810
27815500.952381
28927972.380952
27481787.619048
29064377.142857
27670230.476190
27417714.285714
26782240.952381
28814609.523810
27189774.285714
28613915.238095
27673418.095238
27940011.904762
30393478.095238
27683940.952381
27971442.857143
28545662.380952
27518979.523810
28033811.428571
30156938.095238
30295722.857143
27883086.190476
27570303.333333
28981852.380952
27932377.142857
27893056.190476
27450053.809524
28905770.952381
27292112.380952
27731395.238095
29155151.428571
27987693.809524
28849181.428571
29120260.952381
27399357.142857
28812817.142857
29096195.714286
28376593.809524
27694695.238095
26448936.190476
27558820.952381
27736694.761905
28253510.000000
27576780.952381
28465381.904762
27340853.333333
27892216.666667
27871774.761905
28633968.571429
27475605.714286
28644123.809524
28617932.857143
28489473.809524
27462098.095238
30432405.714286
28636627.619048
28941246.190476
30229527.142857
28727682.857143
28969451.428571
29111294.285714
30769657.619048
28747746.190476
28159643.809524
28561062.857143
29376094.285714
28724300.476190
29003834.761905
28306287.619048
28604556.190476
29811684.761905
27616641.428571
27487233.809524
28714370.476190
28703165.714286
28287286.666667
28657956.666667
28781024.285714
28013395.238095
30429224.761905
27779417.619048
27805537.142857
28708250.000000
27959692.380952
28118613.333333
28995373.333333
29115730.000000
27558811.904762
28980780.952381
28770609.523810
28916361.904762
28255866.190476
29231299.523810
28563396.190476
28610696.190476
27278022.380952
29010097.142857
27384984.285714
28581448.571429
28709966.666667
30206618.095238
28959432.857143
27394950.000000
27480033.333333
30794444.761905
28811138.095238
28758335.238095
27857820.952381
27852505.714286
27626862.857143
27755577.142857
27673629.523810
28460474.285714
28881248.571429
28595120.000000
30035929.523810
27712609.047619
27724281.428571
27495056.190476
28726726.666667
28677527.619048
28680887.142857
28729800.476190
27303522.857143
28664530.476190
28118540.000000
28965241.428571
27488116.190476
28494422.380952
29583147.619048
27760997.142857
28621072.857143
27943850.952381
29363989.523810
27584220.952381
28475825.714286
27859689.047619
27404839.523810
28917766.666667
28027324.761905
27797447.619048
27620783.333333
30682150.952381
28442368.571429
30934108.095238
30387492.380952
28747430.476190
28104988.095238
30536782.857143
31257210.476190
27713816.190476
27080157.619048
27320266.190476
28534365.714286
27804444.761905
28747764.285714
26750480.952381
30746690.952381
28744902.857143
28719331.428571
27381563.809524
28066886.190476
27969961.428571
28591190.476190
27906290.476190
28082008.095238
28824209.523810
27777468.095238
31034159.047619
28136830.000000
27963149.523810
31384041.428571
31066639.047619
31259841.904762
30949397.142857
28436673.809524
29002958.095238
27473662.380952
29512130.476190
28437177.142857
27425725.238095
26886185.714286
27417214.761905
28431770.476190
28545729.523810
25611901.904762
27271492.857143
28762811.904762
27982417.142857
28267838.095238
26907180.952381
27178200.000000
29590891.428571
27563117.142857
28279901.904762
27657015.238095
30295786.666667
27438366.666667
28788664.761905
27406547.619048
29956968.571429
27430839.047619
28526241.904762
30421655.714286
25992390.476190
26819645.714286
26918959.523810
27741097.619048
27244219.047619
27260757.142857
28458723.809524
28041986.666667
27727491.428571
27449148.095238
29586079.523810
28877532.380952
27809735.238095
28255700.000000
27726287.619048
29421045.714286
28228650.476190
30348171.428571
