1646
639
992
694
568
932
929
556
606
818
517
764
1512
927
551
797
619
939
699
896
1074
552
877
545
780
502
1571
556
921
806
510
611
814
765
925
547
925
530
774
510
772
765
511
513
1399
749
501
498
814
515
773
505
761
534
507
855
769
508
507
763
567
793
509
765
514
787
509
776
509
766
775
505
760
596
768
515
1599
582
807
765
510
517
762
524
761
513
767
508
767
510
769
850
523
510
764
799
518
533
784
514
768
513
766
506
508
764
762
510
510
784
605
775
513
799
518
761
504
764
504
765
757
511
787
515
764
502
762
504
762
857
525
555
800
507
759
506
766
509
764
510
761
765
516
510
774
757
507
600
798
542
767
515
763
512
512
765
763
517
506
763
503
761
508
758
507
762
611
822
517
784
785
507
763
534
774
509
769
504
760
760
513
509
759
505
857
545
965
867
828
548
828
827
551
550
827
819
549
546
820
549
852
548
956
354710
660
669
630
432
415
630
419
639
422
622
413
618
411
620
411
617
616
540
633
416
640
436
624
414
620
619
415
409
621
413
620
416
616
417
638
438
702
644
414
409
621
620
412
411
636
411
619
419
616
415
422
616
618
299132
1130
852
546
786
516
771
514
765
513
765
511
765
763
510
764
508
761
576
866
524
763
764
508
511
766
518
773
515
1146
528
772
511
778
767
516
544
790
863
523
511
773
510
767
514
762
513
507
766
771
506
516
765
511
322170
1061
901
497
721
592
744
1039
784
1269
746
963
484
711
481
774
672
868
758
484
686
971
504
718
525
1040
626
950
597
852
777
567
677
956
734
494
523
736
660
1129
492
716
507
477
736
725
475
472
704
1556492
1263
876
1172
923
1117
1062
991
520
722
1501
1590
1167
649
1028
513
1371
758
907
753
20337
1284952
98286
800
2577
723
1461
1151
1202
811
991
1491
852
944
874
847
1030
1839
1024
1399598
1334
806
1550
1025
814
1739
1201
918
1253
1470
1018
1093
875
966
595
1518
906
2129
696
1542290
117838
1225
1188
858
1447
1054
1101
613
842
967
1104
789
2651
887
1216
1853
1108
610
979
689
1468240
1613
1003
977
1456
917
781
956
900
3355
1060
2602
1052
731
593
4457
914
1006
1399
3544
1551409
1700
1139
1047
622
869
941
1269
623
1178
920
695
3636
635
1016
605
3989
857
1733
3186
635
1294236
125414
999
1408
1227
1274
778
1007
602
842
4323
644
3931
1819
894
3142
778
963
1530889
1514
957
1208
1171
826
1837
925
571
675
1395
2883
1026
742
2889
640
960
4122
1189
615
1529096
1391
1064
1020
615
962
1234
1098
1981
1064
5722
1381
1090
1081
619
1081
1474
1034
4255
1081
614
1341854
1103
604
102040
1152
948
569
6301
1100
1121
1261
839
1016
752
638
3349
837
634
3184
8854
1227886
1271
704
1055
602
918
570
3341
584
84942
1728
792
1169
1007
1053
778
928
3607
1004
10104
741
1485809
1845
821
1062
612
855
672
873
1463
2562
1191
1019
864
1247
927
3980
628
978
1493021
1641
937
985
561
522
888
937
872
1959
998
749
1814
1128
4334
591
2305
577
3298
582
1502617
1228
956
1033
573
953
558
895
675
2686
3083
829
652
2662
3302
944
565
3118
1141
956
553
1366527
1094
606
111200
1445
1098
762
636
816
635
1264
2481
1293
1218
873
1046
1135
612
678
9935
1331880
1526
1022
1047
572
783
622
956
2200
94957
1557
898
1016
571
1927
826
967
667
916
17632
859
1503430
1153
698
939
8545
1293
1585
1121
873
976
823
632
3862
970
813
3699
714
1810
1505869
1350
1078
1031
617
578
956
1448
731
844
1189
739
966
3711
1062
606
4521
641
1108
3221
1464389
1246
946
1039
622
978
1034
2938
668
5383
1446
871
951
1441
1578
1316
1823
1217
1920
1062
3221
1358387
1017
571
116587
1357
1498
714
593
759
483
1298
1694
910
522
3976
901
1793
506
2773
2357
1235773
1662
1112
1070
607
850
672
2151
753
99370
1541
1355
1066
898
994
608
980
2311
866
12849
933
1454425
2114
922
1050
614
7769
1137
1192
623
849
861
1387
1177
1609
922
5051
783
3074
1556375
1416
1043
1040
4137
792
1204
882
3088
637
3832
3254
1079
612
3433
3133
1020
603
2352
2746
1490547
77456
1047
1013
599
1172
596
1239
715
789
931
2694
640
924
565
2451
579
2469
776
1080
567
1483244
1272
1042
1003
959
825
1522
597
2236
579
3889
779
936
558
3820
947
2724
589
773
2376
1504974
1652
970
1093
624
878
674
6170
888
1053
1396
865
1021
601
2155
3139
1038
603
2854
1116
1377
1332959
100752
1755
1269
960
1632
1048
1135
684
1260
875
679
629
1487
898
573
676
1247
1374576
1843
991
1196
616
570
5165
1554
686
695
2653
3764
1302
616
1076
1537
1489
631
2030
2728
1528224
114505
1205
1059
649
967
611
4087
826
1153
881
2702
748
2551
1198
3569
633
2665
758
1142
3052
1380433
1511
671
854
1501
898
713
1001
1880
625
3988
856
1554
3625
788
984
2417
632
2269
1045
1570675
1187
755
1202
742
909
558
4488
598
902
2668
604
1926
3928
1087
701
896
3030
1092
3678
2497
1506203
1102
781
987
541
835
521
3930
549
4329
1180
1583
667
3130
792
601
2577
1907
1619754
1696
987
1084
611
583
1622
1015
819
564
870
574
872
631
1007
608
2462
652
2577
635
1514894
1806
964
1042
911
1169
1013
974
566
1298
1022
535
636
1380
930
1209
559
903
677
792
2044
1385561
1095
723
129187
1532
1044
597
633
820
524
3679
625
912
564
2256
986
2504
595
624
13220
1333159
1559
1312
1192
832
992
741
986
599
81789
1547
1111
1145
1219
1135
612
1006
596
846
17010
717
1476402
1580
917
1044
899
1010
757
1363
576
788
1851
847
806
977
1205
805
688
944
1505938
1816
1066
1052
623
563
1222
2381
646
979
1002
833
1014
844
1079
849
1244
599
975
1841
1484429
1541
1705
1199
994
1076
604
1943
622
977
1602
818
758
1298
870
888
565
1524
1875
1663
620
1359874
1118
736
128905
1568
948
1101
708
818
513
766
6031
1545
1046
745
924
971
664
1383
11772
1306991
1436
654
1293
783
1635
636
1005
594
86569
1634
1286
1130
815
1136
605
1002
597
873
18205
921
1494143
1899
825
1214
1191
1178
735
969
593
841
951
1639
905
1230
1032
600
673
897
1520900
2054
1033
1109
620
569
1560
1151
1150
813
962
595
1838
921
1440
826
1384
769
978
599
1501087
1893
866
1018
708
1165
892
966
528
1376
987
724
830
769
932
1947
546
823
2804
917
622
1364335
1202
780
122531
1587
1164
1162
795
2591
983
1190
611
858
664
1008
1152
881
577
595
8910
1247876
1781
814
1086
564
811
621
3902
596
104157
3150
842
1285
1021
1069
711
1070
566
936
19805
851
1477186
1305
1005
1140
827
969
596
850
1806
1914
972
570
687
3184
1007
688
601
999
1521637
1638
1225
1181
805
572
1296
1110
657
1012
1228
607
1876
1103
1323
1214
1033
728
1139
622
1519279
1917
1178
1180
927
1089
849
1668
883
995
1405
822
843
1531
838
1110
953
1191
868
1014
1161
1361526
1124
741
137547
1729
1115
804
653
831
516
767
625
1687
1850
806
1124
931
568
627
11742
1321666
1787
992
1147
605
849
705
977
601
80497
1498
1189
1094
618
1649
869
971
767
987
15077
958
1505887
1559
1020
1097
753
995
561
956
1936
1151
953
527
610
1564
1893
924
553
1183
1512579
1625
986
1159
864
566
957
1498
861
831
1299
762
1118
602
1884
1018
1141
742
1132
603
1486951
1426
1058
1233
1119
1884
1209
1093
607
1320
978
569
686
1416
947
1148
791
1634
1160
1315
712
1381062
1009
1079
144217
1389
1139
1978
755
970
688
728
1053
1893
563
598
1570
804
595
623
24849
1395730
1496
1005
1163
807
853
672
1027
604
77897
1566
1543
1262
958
1242
1392
1039
728
1017
25437
920
1539374
1342
1194
1088
789
805
1600
1150
687
1074
808
1026
772
1046
920
557
538
914
1621630
1702
962
1326
768
960
1323
1054
975
855
887
563
1694
790
1348
858
1016
607
994
973
1545832
1887
1468
1319
1015
978
824
987
553
795
909
569
531
1264
578
772
519
1015
711
934
2336
1417317
1087
609
141415
1538
1115
1636
717
810
1068
1069
787
1588
1089
779
940
807
537
650
11126
1337268
1463
685
1584
632
844
714
1005
595
74865
1668
674
2196
1023
1083
1119
1013
600
1062
16950
917
1520900
1583
1187
976
571
780
618
1044
676
1064
1175
552
607
1434
2117
593
627
1885
1531876
1557
766
1054
746
742
929
1022
754
626
823
514
2899
1448
957
571
1056
854
1303
581
1494786
1127
1065
1068
778
914
1533
1827
807
938
1695
1246
852
1036
929
2007
716
1029
679
778
622
1380348
1093
818
123875
1850
1708
1304
852
1348
1747
1145
1102
1028
934
844
1043
933
554
613
10065
1325496
1521
892
1285
731
899
556
786
512
79007
1278
738
1260
674
1419
1677
1045
563
957
12160
1273
1484861
1551
1216
1532
1002
1087
615
1665
855
1024
1953
748
770
1122
1277
1162
607
1280
1500472
1635
983
1139
843
582
955
1521
2912
1124
1735
851
2066
804
1113
886
1130
603
1106
606
1480940
1520
818
2031
659
1154
1101
1273
613
840
1631
903
1032
974
1116
1232
890
1079
741
845
678
1377521
1083
618
149924
1187
1564
913
724
1039
850
1014
566
1818
793
785
1087
810
771
649
12004
1327791
1270
935
1496
920
938
555
1020
554
78839
1447
1041
1059
568
884
1207
1040
619
799
19974
844
1497136
1678
1038
1470
1112
1186
996
990
597
854
1555
908
972
984
1374
748
596
1203
1521921
2312
815
1091
608
1304
1814
1163
701
999
1360
751
852
1557
1240
805
1017
924
1154
621
1522990
1614
899
1110
747
1677
771
915
673
944
877
1345
710
814
520
1240
1028
1267
955
1335
568
1389489
1183
781
143297
2888
1320
992
894
972
1771
1300
898
1138
598
848
1626
1025
615
672
9104
1339482
1116
992
1236
946
862
517
1292
525
86754
1047
561
1321
2536
2741
539
7478
670
920
25005
1139
1456612
1433
1049
1113
615
988
7014
2073
1449
1349
1178
686
1128
1207
1135
672
584
1260
1511175
1298
716
922
569
8643
1153
971
735
1923
1069
569
1221
600
4842
575
2817
587
911
2654
1448914
1805
1036
1059
614
1771
2185
1462
638
2795
1035
2160
802
1008
2408
3610
646
3973
757
2846
741
1373864
1089
615
128369
1683
1087
588
623
1156
563
6768
1299
1507
612
623
959
841
673
562
17157
1393714
1468
1028
1892
600
1428
945
936
661
66643
1602
687
1076
796
1024
560
1184
714
938
20399
872
1568186
1410
925
1090
758
936
1229
1039
707
1019
802
513
614
2831
1271
656
606
1311
1576408
1877
1155
1205
625
564
959
881
1824
761
1957
797
2007
892
997
901
896
848
1322
726
1545762
1751
1174
1099
1011
1295
860
1109
608
848
1430
836
1018
1124
709
1133
855
833
1005
871
17344
1353193
2408
1085
1053
1215
894
1187
112615
1678
1068
1020
614
841
682
727
1453
3091
755
606
1461951
848
972
801
1055
529
1160
802
912
518
6861
1180
1053
1080
635
864
522
1092
642
1020
782
508
1444924
1147
1396
1005
528
826
512
826
901
1134
996
684
815
1234
850
571
615
871
9049
1426629
1015
1064
632
783
1832
1059
1025
603
981
608
81478
1002
1178
634
959
600
1039
609
1557526
1402
784
1272
1252
1215
903
977
1016
1813
1237
892
947
959
1389
1590
936
1276
728
1130
592
1352588
1173
655
734
943
852
631
68671
1308
960
1229
575
888
560
1373
1060
949
628
552
1519605
997
1250
926
992
603
1551
864
1402
812
1165
2190
1127
977
938
1282
802
1182
735
872
969
734
1395710
1286
938
1622
655
6417
1019
1140
616
876
3095
3753
994
889
4109
1066
827
1030
14761
1403471
964
1139
728
607
1282
935
4560
941
1008
603
2513
637
95596
961
1048
747
2638
634
1429470
1202
993
962
571
1235
4038
947
3481
976
957
716
1817
971
3330
1075
554
3477
702
1813
18689
1377803
1270
867
810
885
1040
740
88140
1718
1135
1057
617
963
604
561
13307
2990
806
614
1482740
1347
1709
825
1756
926
1078
608
1263
884
856
989
1152
1471
844
852
825
887
725
1521
2319
630
1414069
1776
919
1124
908
860
677
1605
1047
1388
1016
681
588
995
896
668
591
840
8090
1445848
1311
1315
853
814
922
1738
935
591
985
616
843
552
97451
995
1146
998
1009
600
2188480
1835
1257
1934
792
1178
1126
1221
789
2512
909
1028
867
852
673
1022
599
1008
732
861
16784
1615183
1552
1068
737
1026
884
1208
81378
1706
1000
1089
630
853
1342
829
1486
1025
575
724
1480447
1161
1699
863
1195
953
1311
883
970
712
1056
1032
1043
1006
567
985
596
1435
1228
1019
2714
647
1403531
1274
1136
1371
622
1002
607
1181
621
3085
1243
1118
872
1298
989
602
701
898
9146
1427299
1338
1452
798
1481
1201
906
572
1071
995
599
990
605
83490
1157
1409
1535
1069
741
1552408
2201
853
1161
963
1133
841
1246
863
855
1328
714
938
1417
846
1120
598
832
840
881
9518
1415165
1670
1020
1071
1023
910
697
97138
1663
1217
1061
615
846
687
2204
8684
1037
761
1597
1482228
1451
1127
914
1115
830
987
598
834
553
4670
1385
874
1243
887
868
678
1100
1247
1097
990
594
1421138
1630
976
980
574
792
3439
1190
572
3393
3611
581
2922
955
817
2751
639
890
3059
1472841
958
1004
675
550
1128
914
1268
826
830
875
1314
565
98467
955
1002
555
917
551
1579652
1106
599
47056
1214
1256
681
931
1749
1206
1997
821
1267
1305
692
994
1017
917
548
919
553
1596462
1433
2187
852
1481
1008
715
735
1723
1110
1217
822
841
681
1792
1305
1012
678
860
1281992
1044
1142
1089
1168
586
889
544
1235
808
1241
826
528
90905
1548
1141
808
905
681
913
813
20110
1495201
1215
643
33541
911
13263
3299
1680
968
1167
1086
989
1086
1108
998
601
669
866
954
1868266
955
1102
825
1950
1032
834
525
1089
2583
824
1063
560
1619
863
791
758
960
700
1611414
1118
606
114598
956
1164
700
997
659
1275
946
731
835
810
1465
1853
1313
1447
587
884
676
1709558
1606
769
768
1012
1134
559
648
1002
734
993
566
6646
1034
753
1111
890
625
847
1348995
1356
1195
880
1719
890
852
688
975
633
1309
894
672
103992
955
1209
740
993
593
1542
1015
18398
1494358
1060
687
118927
808
1082
630
876
4831
1451
795
610
2687
975
1554
1228
538
4629
537
1613178
1143
1324
635
684
991
1391
733
767
1061
1209
1335
633
1533
904
1023
600
1127
740
1512544
1376
670
83145
909
1201
752
897
655
1328
1283
690
1183
9105
1072
1362
782
1409
950
947
567
1674104
1660
1466
1193
1491
1258
1096
1235
1189
1035
1211
884
1009
618
558
945
1002
596
815
1341169
812
1239
696
1180
1164
1121
602
867
671
1365
1121
593
99299
1136
1323
750
1878
653
1025
905
18258
1608668
1950
959
1180
1029
1035
611
976
599
1325
1954
906
957
882
1137
1556
996
1041
12872
1635350
962
1224
1056
796
994
1226
651
686
1028
603
5813
635
98099
1299
1153
732
1016
727
1608195
1662
988
1197
1388
1046
732
1401
615
2243
1394
717
872
1139
1108
1024
765
988
884
1005
591
1490790
1446
903
948
840
1331
689
96444
1551
966
1079
567
776
747
748
799
910
2694
586
1574927
1144
1318
654
1475
617
1272
739
1033
829
1589
1135
568
919
1842
1398
897
997
1068
1010
2006
2925
1495836
1503
1151
1455
621
853
6534
1236
1014
1770
1078
624
672
3839
919
692
1900
1045
1892
1588334
1377
1092
634
680
4789
1588
3548
1022
1204
624
1109
1387
98397
940
1254
738
1339
1254
1613269
1141
731
43924
1028
1121
565
905
5833
3837
928
663
554
2819
1030
1801
690
2700
595
909
2511
1693256
1720
992
754
890
1954
2137
1581
1814
757
2728
648
1241
633
5009
1490
906
1437
909
1324683
1038
1150
1565
946
1017
909
495
709
918
1021
975
706
97743
950
1155
914
941
676
925
835
19391
1486206
1212
641
93181
921
17804
1252
1221
628
1658
2019
735
704
1728
1261
888
676
1030
597
1614853
1233
1869
763
965
1039
879
566
680
2847
907
1121
885
1371
1030
1295
610
956
745
1492258
1938
1196
84081
1056
1470
873
1454
637
883
979
2170
745
16413
1237
1463
1160
1233
859
965
745
1605763
1469
890
891
934
952
663
583
1059
833
757
481
1514
761
659
883
1289
546
689
1331684
1248
1406
1020
1199
743
919
549
772
513
4750
964
681
100618
999
1120
758
961
554
908
1227
22833
1482568
1137
606
109684
853
25338
979
1175
728
892
1854
1044
828
956
1102
661
670
917
655
1576603
1061
1066
1048
623
1475
1117
604
679
1228
911
1061
602
1295
1610
1335
1782
1046
743
1510851
1186
665
68747
1127
1455
621
973
1270
1393
1398
595
724
11043
1264
1186
1051
1167
612
985
604
1647871
1528
1029
999
1659
1329
849
764
898
559
1426
975
1205
771
928
917
951
862
745
1339861
1191
1250
730
1196
1319
1164
606
854
675
1031
1004
611
93208
1116
1472
1046
1027
595
993
876
20539
1440845
1216
644
112749
928
16130
928
11214
1394
1156
1140
608
2121
1308
1248
831
749
982
595
1559200
1217
1205
833
655
1710
915
1675
841
1309
619
855
666
1025
832
1391
785
832
1009
1516078
1207
652
90236
1086
1146
611
1025
3434
5271
1198
944
2305
1508
826
1095
814
1564
1227
1933
2873
1570531
1370
5044
1042
1372
893
609
522
721
2832
889
2620
861
2777
533
2965
775
2962
653
1288816
1312
1484
769
1096
621
1445
1073
1442
620
962
1006
606
119395
1052
1226
751
1066
606
983
873
23618
1400391
1065
913
131836
1146
8454
795
1125
1631
1368
1210
772
931
933
907
834
565
838
519
1545509
1067
1184
822
782
2892
1839
935
679
1231
774
1138
814
1054
690
1019
983
1243
750
1516544
1089
610
98418
957
1531
750
1001
657
920
809
521
997
2291
623
915
546
1660
1824
962
663
1586244
1648
1040
953
1040
1374
718
1061
1114
696
2464
998
1177
808
827
904
884
693
738
1320783
1083
1081
695
1282
666
964
879
914
743
1059
807
660
108308
1783
1142
709
1435
802
905
814
23584
1423803
1246
655
168941
916
8518
1077
1444
757
1149
1244
602
677
878
1503
1755
763
993
602
1508882
1005
1200
1111
1106
1244
985
603
1121
1097
856
1408
774
984
610
1227
758
1105
1651
1441884
1201
652
112754
1073
1590
1278
1116
612
971
868
949
1038
1311
675
862
1133
2041
891
1098
610
1508697
1080
1043
656
929
1539
886
534
843
519
712
5607
1456
709
866
781
856
641
734
1309307
1014
1449
911
1158
790
1204
1131
1357
757
961
875
1034
94404
899
1101
586
913
669
901
799
22557
1436944
1136
609
102388
718
35652
994
976
1342
1157
1164
661
545
772
3272
1000
790
887
670
1538827
1129
1847
811
2088
1320
881
569
677
1644
847
1209
879
921
1149
1227
1046
1031
729
1453645
1213
655
78850
949
1383
734
1257
2535
3033
1791
3140
670
7835
772
2782
3820
1153
626
973
2389
1554634
1391
744
1088
1062
1175
771
1192
1037
576
947
918
1367
771
746
1211
892
559
2284
1305554
782
1453
754
1161
1304
1030
838
808
886
921
934
558
99606
1715
1488
729
1221
755
894
823
19265
1440661
1220
651
112116
910
13144
1062
1590
852
1101
2008
902
1254
1215
893
687
699
1008
603
1540306
854
1230
951
866
1000
1694
823
1156
1003
699
873
555
4435
699
1050
596
993
733
1537948
1178
656
79664
2129
1352
778
1557
801
998
878
566
4165
5222
714
981
597
3737
1146
1020
610
1611856
1399
675
732
1221
900
1351
784
1014
909
899
1059
2281
1104
826
1259
1058
612
858
1320674
1519
1537
781
1547
1235
1127
861
1046
603
837
857
1102
91707
1046
1363
772
1024
715
986
873
17251
1413990
1206
644
140334
923
33643
1052
1201
933
999
1003
700
799
1538
1241
967
1048
1138
612
1499802
792
1171
1131
597
953
1384
602
1516
1358
803
993
550
3565
945
1153
730
889
678
1458146
1197
663
49099
1218
1327
715
1022
724
1763
1426
903
1067
1036
887
984
595
1474
1021
1023
723
1674264
1226
1000
885
1027
1110
692
13622
2036
622
1376
1769
1100
772
1155
1083
815
641
551
1655361
1040
1313
862
950
1107
1093
564
804
1270
1731
932
560
59907
715
4340
734
1183
559
898
804
27968
1729831
1128
610
109543
892
30199
2008
1313
722
1606
1215
561
629
813
779
3757
830
966
566
1715890
1344
1287
833
1375
1198
1014
611
1069
1042
570
968
1561
2222
1067
1128
611
1195
859
1608034
1205
664
80319
1062
1062
610
1062
984
1350
1155
586
690
10809
936
1224
760
992
987
1051
597
1653210
1634
3106
1747
1237
1492
870
961
1414
749
1400
1038
1033
605
563
878
874
704
750
1386721
951
1127
728
1331
694
1101
639
1193
1051
979
1782
562
110695
2895
1427
751
1507
806
965
812
22455
1464758
1535
728
156467
2012
1234
615
1638
600
909
828
522
528
1238
2159
771
890
951
561
1595335
1209
1293
1117
1067
1304
948
624
941
903
564
1496
999
1334
767
988
595
1078
1311
1520407
1104
611
92900
938
1111
575
1025
984
1062
811
525
622
7235
770
1141
1113
977
585
1469
1439
1589005
2117
1215
744
1214
1320
735
601
943
966
1498
1252
1277
869
959
935
874
705
874
1346153
1227
1698
878
1333
852
826
650
955
1259
1138
928
557
124435
918
1085
673
966
556
912
806
22827
1429560
1063
659
120699
1176
24252
983
1804
1736
891
786
2880
666
869
3957
564
589
4094
584
1605993
1036
1046
647
591
3797
5435
718
700
3483
847
1032
794
1030
2499
3382
4078
1089
607
1763690
1767
1165
1126
1109
1316
930
1009
600
1589
1282
1248
878
1003
615
1358
755
992
865
1015
11110
1473051
1301
1027
744
1012
995
621
71775
1650
988
1076
1041
1373
743
611
27001
1885
810
614
1558099
997
1262
755
1029
886
1203
606
1477
784
890
1287
833
1549
851
843
709
1109
1158
1027
1229
601
1483192
1390
1008
1307
982
977
552
887
1033
2288
990
898
788
1259
1051
523
680
846
9976
1504800
1269
1342
754
861
1069
836
621
549
774
636
2476
645
89385
933
1399
735
996
619
1578193
1710
1037
1172
1030
1142
839
1004
597
846
946
1485
1923
1248
882
1111
801
1104
703
1087
553
1399979
1563
1081
753
1024
887
1228
85697
1655
1001
1144
741
985
607
1207
11857
1210
784
724
1613419
1006
1203
1042
1336
797
1182
609
1633
652
2234
896
751
54080
1103
1386
746
1039
602
1368
902
23120
1465009
1231
645
119485
918
48953
1137
1449
804
1790
1123
732
628
1183
963
882
731
892
560
1564944
1119
1151
1029
780
1012
915
572
670
3512
859
968
737
24992
910
1363
615
1018
607
1713104
1493
844
3073
888
1104
837
1067
1230
1331
1846
878
1166
1024
1143
1454
958
1071
734
867
698
1410517
1534
781
1208
908
803
669
84859
1527
963
958
565
780
1221
1167
14370
1118
720
561
1533051
1343
1138
673
959
667
936
551
793
617
1456
1418
1012
841
1037
1141
905
1146
1049
1056
944
571
1440445
1584
1182
985
563
779
639
995
2372
1000
1061
828
946
1031
905
613
551
6002
14195
1459773
1009
1231
705
765
1303
838
525
629
1506
721
972
1379
80551
1539
1241
627
990
719
1630776
1836
1097
1119
614
1809
929
1151
1110
1170
1264
944
611
1785
847
976
592
1340
968
1049
714
1424939
1348
808
707
1134
1195
618
76913
1680
1087
1084
617
845
675
918
28916
1230
774
735
1536068
967
1190
705
1418
1023
956
564
803
622
1009
1722
758
995
1122
1180
816
1000
925
931
9619
852
1410243
1558
802
1088
885
866
672
1411
762
1214
1116
858
807
1013
1134
559
660
2172
11777
1528571
1019
1186
614
689
1406
978
684
593
2669
626
3335
770
38336
985
1357
806
1032
604
1638958
2290
1251
1055
835
1175
612
1308
881
858
892
644
992
902
1254
1130
829
968
734
1049
5660
1355789
1315
1384
776
1009
1015
609
72786
1647
1031
1085
626
968
605
905
23666
1202
796
727
1518485
1352
1493
968
1137
613
959
593
1769
1107
1093
1151
775
1132
805
846
759
976
1152
866
3931
640
1395187
1703
1025
1398
830
999
607
1301
1050
1091
879
562
1242
1003
1380
743
593
842
20949
1422444
1027
1171
752
683
1009
2028
776
590
840
579
2111
622
71702
1144
1079
729
1006
919
1664487
1863
1007
1768
1170
1547
837
1117
597
839
1346
878
710
1157
989
1384
747
1042
1757
887
907
1430925
1216
958
1032
907
1886
1755
104924
1529
2132
1174
841
1285
619
678
4792
1006
692
593
1506869
1210
1461
977
1128
846
967
6044
1267
2613
1173
1036
603
1397
2124
1038
614
3092
1347
1050
10356
918
1459106
1547
907
1544
586
917
7014
1288
692
1036
1067
564
632
807
3323
605
3361
969
25642
1331655
1326
1083
706
1296
1058
967
646
551
776
618
2565
585
81687
995
976
696
944
552
1630470
1546
912
1038
741
897
897
1206
749
888
809
518
3514
1235
566
1270
570
1652
938
964
557
1433868
2028
772
720
908
874
602
92617
1656
1084
1090
609
845
677
608
14493
1207
643
600
1489948
932
1275
803
1031
4968
1809
2382
1233
651
1031
1150
607
6772
648
1364
1897
1059
751
2832
1278
638
1441223
1928
986
1154
626
851
5614
1297
634
961
1021
2479
742
5223
1071
612
664
7497
897
1524447
720
1391
2564
579
3208
1489
1711
3840
4162
577
2728
3359
25375
1238
3244
701
7964
848
1663136
1411
1022
1311
836
1181
615
1009
696
855
1368
862
711
846
977
1271
622
1217
976
858
926
1344473
1343
859
706
893
1242
730
76171
1648
1012
1124
620
844
676
606
26888
1232
774
726
1492309
995
1314
1036
1023
1447
1042
570
1275
767
1141
952
522
1130
787
1025
992
971
676
780
2405
546
1403883
1555
1204
1104
739
789
662
955
1043
2332
997
911
752
2003
976
546
628
928
7870
1610899
930
1321
968
834
1027
1037
567
638
823
759
1078
518
1366
722
1215
560
794
928
1543406
1471
623
96267
1266
1089
750
1442
874
939
7341
999
570
1268
1292
1329
855
970
551
872
546
1579053
1688
903
827
1041
1061
624
1051
1080
695
873
562
3976
1087
773
1172
1029
601
735
1306805
1265
1413
734
1015
992
1089
738
1002
561
5158
958
661
114819
2507
1341
591
1562
1429
971
804
25074
1427331
1062
1277
170102
1132
1159
1158
1010
712
894
814
637
2127
1070
812
518
2314
991
555
1499707
2178
1211
819
1396
1327
1153
689
595
1869
1946
1180
617
1401
1867
1234
1189
1041
745
1495264
1185
661
96417
995
1074
622
1218
604
1801
1020
837
729
889
3298
1036
828
1872
814
1046
610
1518820
1288
611
886
873
1671
666
637
1042
884
837
533
820
1620
868
1969
961
563
667
1318676
1197
1520
982
1134
729
997
600
1598
2132
1217
883
589
103597
3346
1359
790
1219
626
975
875
19660
1427528
1728
663
145542
914
18791
1112
1181
821
1112
1090
1032
930
1034
1106
687
1045
1034
714
1492405
1276
1678
1277
2079
983
1098
633
759
1086
780
1203
576
773
616
1116
1833
972
827
1507656
1201
661
92871
877
1258
1030
1480
986
1017
982
728
606
10813
1107
1873
635
1282
994
1058
622
1557301
1347
760
960
1269
1054
929
758
915
545
1373
747
901
656
548
1149
812
513
746
1345878
1026
1159
1032
1033
789
993
4531
1170
632
1667
936
577
107306
2152
1222
643
1604
620
1219
868
24364
1461289
1246
779
118614
918
26661
1265
1090
651
1462
1404
1270
4247
1056
898
2777
670
995
2770
1531660
1253
1127
730
953
1666
4028
1831
780
2305
3118
1294
1224
2547
634
4355
647
1316
2805
1535217
1090
605
106342
969
1063
721
949
2686
5668
938
565
3380
1091
856
1449
1257
4670
576
2407
3227
1514219
1352
1077
728
1040
1477
2358
766
981
4462
1161
612
1407
1722
590
2825
905
2808
767
1321833
1012
1364
619
3019
4130
1021
3138
1420
891
1412
1045
613
102022
1286
1072
739
1019
829
1644
5661
16657
1429589
1225
650
131427
948
9481
763
3446
781
1013
2229
984
1423
4193
1138
787
677
3885
617
1565477
975
1174
1172
743
1409
1065
859
609
1333
809
1146
1114
1365
743
1052
735
1024
736
1468094
1178
653
107846
1233
1455
1038
1274
610
962
873
568
687
3617
840
1574
869
1371
625
1015
722
1470192
1702
782
905
920
1250
727
624
1007
789
1298
1108
1349
674
700
822
1114
1753
712
1304724
824
1356
898
1071
622
1343
698
1165
911
1258
1966
625
119181
921
1699
815
1119
1223
4462
1030
28226
1358357
1050
566
120620
666
30262
1158
1029
697
1376
990
650
1204
1147
1365
670
537
951
1230
1505558
1273
1510
785
709
1495
1265
621
679
1223
1069
968
824
1465
1064
1045
603
836
725
1484794
1175
661
101911
1126
1168
745
1185
900
1090
882
567
1351
1287
626
859
1234
1643
1175
1665
749
1515417
1373
708
694
1361
1205
568
999
910
532
891
1047
1357
689
856
1727
1350
683
680
1303879
1037
1244
622
1186
828
1505
853
848
3421
1229
892
594
103479
1107
1522
649
1038
724
981
871
18577
1408915
1215
653
167440
920
37273
1028
1350
641
1546
1180
771
963
1344
1371
1126
748
1013
598
1447978
1059
1200
1007
885
1127
919
569
660
1061
2769
1198
608
1102
1495
1495
933
1029
740
1479846
1169
662
62208
1133
1588
840
1297
835
863
979
718
3787
1244
909
2304
1008
1029
601
1085
601
1637005
1562
1837
777
1626
909
658
539
2086
785
1200
601
809
619
915
1250
1088
578
750
1317573
Xput: 13635
