4485124.285714
4169482.857143
4737344.285714
5784972.857143
5409682.857143
4726238.571429
5228832.857143
5878298.571429
3420630.000000
5901182.857143
5571587.142857
6016695.714286
6874430.476190
6873025.238095
6977718.095238
7488152.857143
4240232.380952
5861337.619048
4847785.238095
6851176.190476
6806689.047619
6517451.904762
6816300.952381
2572847.619048
4416968.571429
5694877.619048
6145775.714286
6937085.238095
7047980.000000
6769011.428571
7533973.333333
8406667.619048
3264954.285714
3561167.619048
4204499.047619
6185587.619048
6516127.619048
5077186.190476
3584632.380952
2672443.809524
1280047.619048
3811503.809524
4172263.809524
4320879.047619
3902873.809524
5136708.095238
4700149.047619
2546999.523810
3806186.190476
5783075.714286
6696800.000000
5316237.142857
6750430.000000
6251275.714286
7563843.809524
8134916.666667
5923029.047619
1915571.904762
5200029.047619
5652956.190476
5954956.190476
6305599.047619
6714502.380952
6632768.095238
7292698.095238
4977358.095238
5472611.904762
5977974.761905
6128360.000000
6347347.142857
5580014.761905
5043522.857143
3266587.619048
1892434.761905
4505558.571429
4902678.571429
5594534.761905
5770588.571429
6827662.857143
4835866.666667
6294633.333333
1172009.523810
3761501.428571
4779712.857143
4697526.190476
5453621.428571
6593786.190476
6473514.285714
4085474.761905
1759978.095238
3964547.142857
4795470.000000
6486792.857143
6740560.000000
7462153.333333
6433134.761905
7823518.571429
5818800.000000
1659580.952381
2419041.428571
2632898.571429
2998799.523810
3908970.000000
4530518.571429
5150445.714286
3903678.095238
4561180.952381
3566180.476190
4210334.761905
3472220.952381
4409114.285714
4727085.714286
2899987.619048
1889563.809524
2834523.809524
4239513.809524
4502954.285714
6016793.809524
6526577.142857
6957466.190476
7735328.095238
6309703.809524
2319087.619048
5185987.619048
5384290.000000
4718224.761905
6428754.761905
7146220.000000
5815330.476190
6765884.761905
4767536.190476
4513313.333333
5258756.666667
6143697.619048
6051395.238095
5140592.380952
6324265.238095
6177231.904762
8010132.857143
1002312.380952
1809638.095238
4014928.095238
4988057.619048
5613225.238095
5853835.714286
5525936.190476
5826778.095238
1932772.380952
1688411.428571
1562363.809524
3605467.142857
3613147.619048
4576715.238095
4467428.571429
4097177.619048
4408643.333333
2775662.857143
4306175.714286
5592330.952381
6515704.285714
5418614.761905
6149107.142857
7319865.714286
6703432.380952
3591554.285714
4691124.761905
4997775.238095
5835187.142857
6229140.952381
6911785.238095
6203686.666667
7185227.142857
4576563.809524
4215537.619048
5388117.142857
5983862.857143
4586494.285714
5945590.476190
6254054.761905
2389196.190476
2248906.666667
4459144.761905
4033403.809524
5752333.809524
5357622.857143
5838322.380952
5784039.047619
5597000.000000
3007123.809524
5103552.380952
4875424.761905
7354099.047619
5123470.476190
7456060.952381
6683706.666667
5945987.619048
3122857.142857
3581972.857143
5524047.142857
5566405.714286
5511430.476190
4903342.857143
5544378.571429
4991802.380952
2543789.047619
4429857.619048
4396277.142857
4524900.476190
3489360.952381
4322214.761905
4001737.619048
4621387.142857
4331284.761905
4257613.809524
4327087.619048
5561662.380952
5586276.190476
3685920.952381
3886936.666667
4209776.666667
1865556.190476
3991094.285714
4476424.761905
4627204.285714
4404668.095238
5692056.190476
6728400.000000
5947003.333333
2413666.666667
4304965.238095
5323001.428571
5591542.857143
5346475.714286
6727525.714286
5182297.142857
4891872.857143
4084188.095238
4217809.047619
4756987.619048
5009249.523810
4858924.285714
4827140.000000
3879920.000000
4973750.476190
2833033.809524
3279377.142857
4168063.333333
3589153.333333
4439870.000000
4289715.714286
3825491.428571
3389740.952381
1594493.333333
1881201.904762
2978649.047619
3306450.952381
3144638.571429
4554207.619048
4406443.809524
4373489.523810
2819781.904762
3827019.047619
4232780.000000
4264379.523810
3846832.380952
4367878.095238
4985740.952381
5679921.904762
4009112.380952
4421158.095238
4472114.285714
4528420.952381
5128290.476190
4925557.619048
5702828.095238
5148278.571429
1938626.666667
3176657.142857
3824869.523810
3550592.380952
4684101.428571
3985881.904762
4793397.619048
5158515.238095
2408671.428571
3155267.619048
3620578.571429
4201177.619048
4377776.666667
3505068.095238
4538208.095238
4399606.190476
1149661.904762
2625392.380952
2277426.190476
3070380.000000
3567384.285714
3233708.571429
3540534.285714
3142933.333333
1468873.333333
1738008.571429
2724872.380952
2760574.285714
2699307.619048
3321581.904762
3332657.619048
3752363.333333
1408389.523810
1723373.333333
2034489.523810
2486043.809524
970736.190476
2447469.523810
2729541.904762
2867220.000000
1780189.523810
2888401.904762
1811019.523810
2243735.238095
1517895.238095
1393586.666667
1336859.047619
2047622.857143
2381131.428571
2706000.000000
2139598.095238
1308279.047619
1568066.666667
1797560.000000
2221819.047619
2927521.904762
1092520.000000
3191446.666667
3391163.809524
3372138.095238
2588765.714286
3723638.095238
2478045.238095
1949035.238095
1251047.619048
977460.000000
2686580.952381
2971616.666667
3587981.904762
3576265.714286
3623937.619048
3402533.809524
4219395.714286
888645.714286
913198.095238
1821465.238095
2421098.095238
3183272.380952
3836765.714286
3487281.904762
3355065.714286
4204901.904762
887418.095238
1000896.190476
1858400.000000
3349090.476190
2910101.904762
3750992.380952
3901133.333333
2989200.000000
3503560.000000
1688390.000000
1007207.619048
1893043.809524
1990826.666667
2765641.904762
2586467.619048
3636287.619048
3525168.571429
1784812.380952
3885732.380952
707315.238095
1001447.619048
3085881.904762
3612391.428571
3927471.904762
4418051.428571
4384848.571429
3297264.285714
3324140.000000
1231220.000000
1435974.285714
1891394.285714
1430754.285714
1717776.190476
1887119.523810
2203760.000000
2480510.476190
1853474.285714
1608769.523810
1776638.095238
1557680.000000
1316326.666667
2318582.857143
2659725.714286
2658688.571429
3350947.142857
2639630.000000
2541098.095238
1038690.476190
1213816.190476
2591847.619048
3480100.952381
3600756.666667
3752080.476190
3499326.666667
3848394.285714
4364032.857143
1246388.571429
2979097.619048
3070509.047619
3771011.904762
3244123.809524
3763980.952381
4022602.380952
3203750.000000
1119394.285714
1946580.476190
3196881.904762
2745957.619048
3805447.142857
3780472.380952
3015851.904762
3197151.428571
1304250.476190
1666891.428571
1930856.190476
2039126.666667
1292019.047619
1990026.666667
1766193.809524
2351120.476190
898586.666667
1403030.476190
2466600.000000
2442105.714286
2292554.285714
3024558.571429
2615320.000000
1935228.095238
1886211.428571
1890685.714286
1435620.000000
1762655.238095
2378636.190476
1930937.142857
2246216.190476
2265013.333333
1421403.809524
3127285.714286
2959741.904762
915354.285714
799817.142857
1803171.428571
2560020.952381
2849061.904762
2303743.809524
3037598.095238
2689099.047619
1331786.666667
1581432.380952
2030702.857143
2263197.619048
2505122.380952
3159659.047619
3264645.238095
3874040.000000
2842531.428571
2766909.523810
1811643.809524
2577859.047619
2894887.619048
3021796.190476
4053589.047619
4032969.523810
3763283.809524
3841216.190476
1073680.000000
2886633.333333
2955418.571429
3263203.809524
2962796.190476
2801829.047619
3682276.190476
3603927.142857
1436664.761905
2809626.666667
3452365.714286
3875828.571429
4249153.809524
3743829.047619
4461377.142857
4130169.523810
4508942.380952
1417840.000000
3375598.095238
3781508.571429
4036200.000000
3437333.809524
4846160.952381
4576464.285714
4565179.047619
1360867.619048
1791095.238095
1977192.380952
2388866.190476
3306249.523810
2527620.000000
2960681.428571
3093826.190476
2109383.809524
860583.809524
773021.904762
1139749.047619
2347087.619048
3254119.047619
3257804.285714
3767812.380952
3754648.571429
4045718.571429
3717977.619048
1159803.809524
1567260.952381
1981028.571429
2728263.333333
3715469.523810
2761589.047619
3565881.904762
3449586.666667
996540.000000
1358713.333333
1699131.428571
1984856.190476
2955510.476190
2094876.190476
3094664.761905
1873625.714286
1819215.238095
1070989.523810
1139060.000000
1281815.714286
1818247.619048
2392633.809524
1960983.809524
2117505.714286
2346852.380952
1031156.190476
1910695.714286
756767.619048
1136887.619048
1288328.571429
1135110.476190
2131727.619048
1840000.000000
2992672.380952
2406100.952381
2444971.428571
1444712.857143
2212263.809524
1443741.904762
1477778.571429
2889111.904762
2981502.857143
3520072.857143
3606004.285714
3485290.476190
4567441.428571
3685547.619048
1767194.285714
2110887.619048
3080140.476190
3333474.285714
3332861.904762
3281111.428571
3798403.809524
3257746.666667
2161286.190476
3092211.428571
4138350.476190
4120729.523810
4201026.666667
4571293.333333
5005015.714286
4992980.000000
1185898.095238
1819481.904762
1934416.190476
1852580.000000
2853614.285714
3276530.476190
4043462.857143
4026687.619048
4081357.619048
1055983.809524
1175925.714286
1237683.809524
1837066.666667
829750.476190
2330921.904762
2275539.047619
2701895.238095
2949880.000000
3080590.476190
2923916.190476
1992384.761905
1346788.571429
2476047.619048
2199291.428571
3216853.333333
3410929.523810
2427790.476190
2292632.380952
2982137.142857
805729.523810
1272470.476190
3172615.238095
3539081.904762
3934594.285714
3977923.809524
3830320.000000
3653127.619048
3320866.666667
1133259.047619
1548731.904762
3425700.000000
3477577.142857
3782071.428571
3582556.190476
3501297.142857
4342354.285714
1829581.904762
1662545.714286
2279720.000000
2504845.714286
2878000.000000
3081986.666667
2497385.714286
4324868.571429
3793567.619048
1410972.380952
2482644.285714
2772899.523810
3341507.619048
2536351.428571
2380250.000000
2565465.714286
2499773.333333
1060869.523810
1044043.809524
1435834.285714
1603093.333333
956589.523810
1392546.666667
1836905.714286
2240381.904762
2884853.333333
3107340.000000
2318065.714286
3009891.428571
3125647.142857
970298.095238
876703.809524
1411419.047619
1388984.761905
1898154.285714
1897574.285714
2169888.571429
1677131.428571
2642232.380952
2302479.523810
2264998.095238
1878196.190476
1950348.571429
839356.190476
1163034.285714
1028251.428571
2180259.047619
2575840.000000
3351817.142857
3294158.095238
3746580.952381
2921539.047619
3074849.047619
767255.238095
1485287.619048
1742428.571429
1441760.000000
1781678.095238
2725400.000000
2843203.809524
3235397.142857
3112080.476190
2003980.952381
2292401.904762
2788361.904762
3604861.428571
4124214.761905
3883513.809524
4278519.047619
3242549.523810
1448213.333333
1870047.619048
2093500.000000
2048358.571429
1207041.904762
2084421.428571
2451355.238095
2992524.285714
1380234.285714
1464516.190476
1957476.190476
1998190.476190
2782461.904762
2840895.714286
2475987.619048
2240261.904762
2690254.285714
1653911.428571
1093822.857143
1755800.000000
1957896.190476
1308088.571429
1326493.333333
1471032.380952
2380449.523810
1878755.714286
2203114.285714
1300963.809524
1044287.619048
1312158.095238
2272504.761905
2283417.142857
1127765.714286
1354483.809524
1432041.904762
1666318.095238
2009514.285714
1442169.523810
2822526.190476
2249813.333333
1915537.142857
1217975.238095
1885820.952381
2701140.000000
3205140.952381
2734174.285714
3758716.190476
3628911.904762
3587698.571429
925128.095238
1389527.619048
1934133.333333
1777763.809524
2512676.190476
2543438.095238
2776007.619048
3337156.190476
2331184.761905
1540872.380952
1792790.476190
1751140.000000
1180367.619048
2822519.047619
3447303.333333
3315359.047619
3976485.238095
3654948.571429
4525968.571429
3446974.285714
1176015.238095
2624178.095238
2915921.904762
3373408.095238
3264801.904762
2841478.095238
3239271.428571
3103126.190476
1389577.142857
1229125.714286
3038800.000000
3444211.904762
3562276.666667
3743990.000000
3402670.476190
3459857.142857
2971647.619048
816380.952381
1192767.619048
962140.952381
994369.523810
1017761.904762
1842299.523810
2552784.285714
2883816.666667
3808842.857143
2666036.190476
3773559.523810
4543181.428571
2062065.714286
2563985.238095
2490144.285714
4109460.952381
3607496.190476
4000039.047619
4056807.619048
4167968.571429
3567845.714286
953752.857143
1214410.476190
1692643.809524
2159506.666667
2644490.476190
2308694.285714
3055618.095238
3115278.095238
1016152.380952
1729906.666667
1807718.095238
2595498.095238
3023140.000000
1816432.380952
2826712.380952
2273432.380952
749540.952381
1094897.142857
1748550.476190
1741230.476190
2072022.857143
2346278.095238
1943165.714286
2985001.904762
1003778.095238
2086376.190476
1964192.380952
2450499.047619
2411702.857143
2953483.809524
3220209.523810
1794910.476190
992582.857143
1008424.761905
2856170.952381
2976620.000000
3667801.904762
3940538.571429
3997672.857143
3211610.476190
2900605.238095
1066274.761905
1053881.904762
886940.952381
1765652.380952
1776238.571429
1901671.428571
2564588.095238
1798455.238095
1605766.190476
1083070.000000
808510.476190
1013106.666667
919291.428571
1700746.666667
2270035.714286
2460601.904762
2330574.285714
2771840.952381
2234243.809524
1482451.428571
887262.857143
881491.428571
1209662.857143
2880580.000000
2931222.857143
3341476.190476
3153720.476190
3350855.238095
1823535.238095
1008800.000000
1457171.428571
1737835.714286
1365009.523810
2883003.809524
3187460.000000
3551354.285714
3867040.000000
4022674.285714
2095743.809524
3169541.904762
2790911.904762
3007399.523810
3539410.952381
4087667.142857
3716524.285714
4333643.333333
4027573.809524
3310554.285714
2099885.714286
2314964.761905
2798202.380952
3467428.095238
4004957.619048
3914528.095238
3741407.142857
3453614.285714
882421.904762
1592345.714286
3054255.238095
2698320.000000
3366114.285714
2920386.666667
3686187.619048
3218014.285714
803148.571429
827095.238095
1683328.571429
1900760.000000
3694364.285714
3558934.761905
2598340.000000
4459841.428571
4796801.904762
4827991.904762
958896.190476
2340060.952381
2794270.952381
3490246.190476
3527397.619048
2906434.285714
3039683.333333
1771789.523810
3608622.380952
1751744.285714
2932713.809524
3361148.095238
3309275.238095
3319734.285714
3191760.000000
2671133.333333
1587571.904762
1394617.142857
2825768.095238
3577691.904762
4072655.714286
3523933.333333
4982185.714286
5056202.857143
4386600.476190
1645706.666667
2364038.571429
2784356.190476
3867211.428571
3161630.476190
4205518.095238
3542161.904762
2501499.047619
811609.523810
1769589.523810
2611676.190476
2990200.476190
3229095.714286
2258200.000000
2359309.523810
3297658.095238
1188091.904762
1037985.714286
1368696.190476
2097075.714286
2294174.285714
2798358.095238
2756170.000000
3181861.904762
3069567.619048
1818014.285714
685843.809524
764950.476190
1247271.428571
1163946.666667
1677741.904762
1976590.476190
2024950.952381
2755803.809524
2058565.714286
1783306.666667
2760728.095238
2167950.000000
1117641.904762
1650862.857143
1134731.904762
2438788.571429
2579801.904762
2565015.238095
3161100.000000
3969459.047619
2085424.761905
3035628.095238
1760038.095238
2979318.095238
3179721.904762
3577107.619048
3882826.666667
3179806.190476
3339623.809524
3983608.571429
946651.428571
813283.809524
1170379.047619
1790296.666667
1372876.190476
3004860.952381
3197807.619048
2974299.047619
3294240.000000
2763680.000000
2581076.190476
794304.285714
802874.285714
2199227.142857
2317068.571429
2359718.571429
3177971.428571
2765978.095238
1659003.809524
896116.190476
941384.761905
1880171.904762
1775300.476190
2945249.523810
2976297.619048
2838201.904762
3459026.666667
3020979.047619
3290581.904762
1417121.904762
2514561.904762
2359384.761905
2512205.714286
2719074.285714
2709370.000000
3171210.476190
2564128.571429
1331133.333333
1216877.142857
1837085.714286
1749589.047619
1148864.285714
2205952.857143
2486409.047619
2265218.571429
2546436.190476
2767211.904762
1820493.333333
2420730.000000
1483496.666667
1153292.380952
1901662.857143
2584082.380952
2658975.238095
3006718.095238
2263778.095238
2248565.714286
825361.904762
1953685.714286
2516643.333333
2322111.904762
2621936.666667
2200429.523810
2693888.095238
2288817.142857
1185153.333333
2578034.285714
3016418.095238
2701838.095238
3193563.333333
3493370.000000
3009600.000000
3454118.095238
839547.619048
2967849.523810
3323493.333333
3864818.571429
4180610.000000
4563229.047619
4015848.571429
4951773.333333
5054749.523810
792735.238095
1202024.761905
2208868.571429
2523522.380952
3726340.000000
3936643.809524
4003650.000000
1662752.380952
4195848.095238
2272778.095238
2563645.714286
2605338.095238
2414423.809524
1678303.809524
985498.095238
1056781.904762
2171007.142857
2486114.285714
2560186.666667
3224413.333333
3406257.142857
3200972.380952
2913070.952381
3415647.142857
3749228.571429
3782947.619048
4112200.000000
4008531.428571
4436104.761905
4061638.095238
2028647.619048
3175671.428571
3612381.904762
3857366.190476
3692015.714286
3790518.095238
3752958.571429
4068150.000000
967226.666667
1336210.000000
2779846.666667
2773879.523810
3544373.333333
3498029.047619
3755683.333333
3558481.904762
1878100.000000
2830076.190476
3381500.476190
2516846.666667
3311532.380952
3606749.523810
3233340.000000
2437983.809524
1640998.095238
1581263.809524
3070814.285714
3146600.000000
3635451.428571
3457190.476190
3889763.809524
2831897.142857
883134.285714
1072080.000000
1620923.809524
2757739.047619
3390356.190476
3676394.285714
3245758.095238
3666932.380952
2836864.285714
2821447.619048
725729.523810
1115592.380952
2428094.285714
2629929.047619
3061151.428571
2780852.857143
2498424.761905
2610430.000000
713696.190476
874977.619048
708036.190476
1545699.047619
3354235.714286
3382331.428571
4166094.761905
3976894.285714
4336420.000000
3994791.904762
4789814.285714
1957664.761905
2601960.000000
3234600.476190
3110964.761905
4011090.952381
3523413.333333
3458056.666667
3537844.285714
1919781.904762
2519671.428571
3160498.095238
3297106.666667
3792768.571429
3019651.904762
3472581.904762
3389801.904762
867416.190476
1060341.904762
1238489.523810
1772272.380952
1818883.809524
1977564.285714
2278181.904762
3325916.190476
2153046.666667
2077161.904762
1344334.761905
1770668.571429
1126826.666667
1332571.428571
1717956.190476
1669034.285714
1741809.523810
2990561.904762
3696562.380952
3816063.333333
4051596.666667
3025320.952381
2185229.047619
1682967.619048
1682060.000000
2526613.333333
2772600.000000
2176863.809524
3011467.619048
2759845.238095
2601953.333333
1499904.761905
841016.190476
2161598.095238
2566604.761905
2885153.809524
3354241.904762
3538307.142857
2916664.761905
3255756.190476
2006230.952381
2187637.619048
2393989.047619
2677163.809524
2589834.285714
3526443.809524
3095432.380952
3445822.857143
3385891.428571
1759440.000000
2317201.904762
3080316.190476
3987860.000000
3646045.714286
4165210.476190
3803075.238095
3763172.380952
1457259.523810
2140972.380952
3333371.904762
4099126.190476
2420557.619048
2855239.047619
3292240.000000
3762475.714286
1952896.666667
2466612.380952
3347350.000000
3315416.190476
3885038.095238
2890871.428571
4101825.238095
3681286.190476
952031.428571
2494160.000000
2168947.142857
2582241.428571
3195752.380952
3466703.809524
2883337.619048
3015199.523810
2280942.380952
2698179.047619
3859202.857143
3629674.761905
4048433.809524
3891364.761905
4316454.761905
4122053.809524
3066000.000000
2673166.666667
3081228.571429
4381030.952381
4074166.666667
4373451.428571
4513240.952381
4887444.285714
4823960.476190
932613.333333
2785721.904762
3085657.142857
3157641.904762
3546819.047619
4403329.523810
4286333.809524
4859820.476190
2000015.238095
2449738.095238
3077172.380952
3359876.190476
3832740.952381
4360729.523810
4200209.523810
4258330.476190
4506306.666667
2372436.190476
2059219.047619
3322825.714286
3276703.809524
4158164.761905
4135761.428571
3992382.380952
4269896.666667
1851848.095238
2417198.571429
3099506.666667
3154690.000000
3818079.047619
3009862.857143
3051288.571429
2223041.904762
2399308.095238
2400405.714286
2960817.142857
3193589.523810
3248125.714286
3399406.190476
3616929.523810
3440072.380952
1805873.333333
1875649.523810
3492739.047619
3509712.380952
3340070.000000
3420653.333333
3395318.095238
3154650.476190
1829238.095238
2847607.619048
3198619.047619
3180916.190476
2926281.904762
3276177.142857
3089853.333333
3489485.714286
865419.047619
1916380.952381
1742010.476190
2163470.476190
2477186.190476
2391876.190476
2242843.809524
1762410.000000
2601541.904762
1279217.142857
1789432.380952
1916133.333333
2321241.904762
3115760.000000
3261758.095238
2519754.285714
2819905.238095
1042794.285714
890298.095238
1891752.380952
2044440.000000
1809136.190476
975869.523810
2293318.571429
2423051.904762
3007030.000000
2544269.523810
1075076.190476
1187760.000000
1148786.666667
1024352.380952
1568981.904762
1874468.571429
2064253.333333
2303609.523810
2485643.809524
1573800.000000
2553312.380952
1019611.428571
1540681.904762
2549682.380952
2405121.904762
3377855.714286
3686042.380952
3540579.523810
4243678.095238
3086460.952381
923152.380952
2094171.428571
2512752.380952
3435007.142857
2839622.857143
3272281.904762
3453000.000000
3506918.095238
1898220.952381
2176200.000000
3103520.952381
3084265.714286
4014727.142857
3242033.333333
3249086.666667
2482626.666667
1170412.857143
2281736.190476
3193765.238095
3380491.428571
2152296.190476
3084935.238095
3579369.523810
3285858.571429
1613274.285714
1826540.000000
2636872.380952
3393464.285714
3911816.190476
3429382.380952
4281083.809524
3946687.619048
3452196.190476
1418153.333333
1695481.904762
2347776.190476
3416705.714286
3425726.666667
2406478.095238
3459496.190476
2065761.904762
806423.809524
996688.571429
2070432.380952
2003629.523810
1888521.904762
2573737.619048
3291060.000000
3179158.095238
2354985.714286
1880108.571429
851648.571429
1550167.619048
2935139.523810
3103739.523810
3427201.428571
3442831.428571
3749293.809524
2992340.952381
3185890.000000
946456.666667
2261282.857143
3494995.238095
3387831.904762
3811230.000000
3904257.142857
3827727.619048
3602362.857143
936245.714286
1257213.333333
860484.761905
2074503.809524
2050512.380952
2343090.000000
2504027.619048
2027838.095238
2997757.142857
1747036.190476
1678298.095238
1296410.476190
1040405.714286
979585.714286
1471741.904762
2441485.714286
2994039.523810
3065465.714286
3352026.190476
2712452.857143
3221515.714286
829432.380952
1330087.619048
1338410.952381
1195745.714286
1833006.666667
1771120.000000
1946150.476190
2335594.285714
2577096.190476
2490609.047619
2331570.476190
1443536.190476
1824620.000000
1748331.904762
3751821.904762
4287430.476190
4271866.666667
3945729.523810
4057028.571429
4946532.857143
4884468.095238
2352866.666667
2432440.000000
2519984.285714
2331721.904762
2636068.571429
2658131.428571
1215455.238095
1435540.952381
1898971.428571
2561270.476190
2393975.238095
2094574.285714
2425825.714286
2257355.238095
831973.333333
2143843.809524
2412775.238095
3081411.428571
2888375.238095
2782220.952381
2950643.809524
3081824.761905
879468.095238
2575591.904762
2832648.571429
3490220.000000
3817332.857143
3824428.095238
3502372.380952
3156370.476190
4115705.238095
916821.904762
1226138.095238
1897148.571429
2537786.666667
2899957.619048
3305124.761905
3560393.333333
3451561.904762
1825080.000000
841018.095238
1007631.428571
1706928.571429
2374818.095238
2224300.000000
1742391.428571
1303280.000000
979129.523810
1906769.523810
1975505.714286
2468976.190476
2693595.238095
3284133.333333
2650790.000000
1886234.285714
1429705.714286
1876271.428571
1347604.761905
828228.571429
1497636.190476
1880670.000000
2558812.857143
2761372.857143
3569107.142857
3042636.666667
2703514.761905
2091442.857143
1043363.809524
1635731.428571
1806765.714286
1763533.809524
1995108.571429
1876577.142857
2457773.333333
2394112.380952
1588381.904762
1412100.000000
1382192.380952
1308167.619048
2003977.619048
2983026.666667
3043988.571429
3279089.523810
3294234.761905
3236498.095238
4168683.809524
936320.000000
991372.380952
1128641.904762
2701695.238095
2075511.428571
3016231.428571
3281500.476190
3380601.904762
3281568.571429
2244081.904762
1398073.333333
999760.000000
1327580.000000
1849727.142857
2312951.904762
2676704.761905
4295921.904762
3679974.285714
3478746.666667
3255251.428571
983531.428571
939998.095238
2089350.476190
2791350.476190
2998331.428571
2522508.571429
3295422.857143
1968221.904762
4245925.714286
1874553.333333
2862164.761905
3021498.095238
2831079.047619
3102878.095238
3139052.380952
1986734.285714
2674708.571429
3411770.476190
1988543.809524
2279635.238095
3087641.904762
3643238.571429
2776227.619048
3966277.142857
3170134.761905
3354190.952381
3657143.809524
3722913.333333
4495102.380952
4743516.666667
4216257.619048
4821841.428571
1003815.238095
1734790.476190
2427620.952381
2866144.761905
3616518.095238
3316506.666667
3307861.428571
3527891.428571
891104.285714
1452407.619048
1390456.190476
2385538.095238
2411070.000000
2404753.809524
3230915.714286
1540725.714286
3547367.619048
1746415.714286
2240959.523810
2124576.666667
2492716.190476
2622796.190476
2447603.333333
2397133.809524
1834813.333333
2032693.333333
2105992.380952
3025591.904762
3321595.238095
3181058.571429
4301424.761905
4066181.428571
3023256.666667
1282952.380952
2495798.095238
2662363.809524
3218530.952381
3404824.285714
3944124.285714
3279946.190476
3576056.666667
1739521.904762
3318394.285714
3690653.333333
3250931.904762
2849536.666667
3325177.142857
3459037.619048
4029251.904762
1102967.619048
1947614.285714
2861018.095238
2639741.904762
2628058.095238
2959620.000000
2697460.000000
3207091.428571
1417314.285714
1259269.523810
1854419.047619
2545326.666667
2534396.190476
2141762.857143
2722498.095238
1946807.619048
2742926.666667
1771212.857143
2595308.571429
2791868.571429
3002464.761905
3338888.095238
3194468.571429
2451455.238095
623788.571429
1101895.238095
1397622.857143
1661687.619048
3014734.285714
2170496.666667
2927688.571429
2927482.380952
2016037.142857
1310640.952381
1099098.095238
1565715.238095
2231069.047619
2110610.000000
2655120.952381
2409414.285714
2999083.333333
2227498.095238
1101256.190476
947415.238095
2234874.285714
2611676.190476
2935568.095238
3178988.095238
3061286.190476
2441536.190476
2778264.285714
843628.571429
1749712.380952
1800241.904762
834088.571429
2456278.095238
2505445.714286
2436178.095238
2949738.095238
2810180.000000
1632103.809524
778068.571429
1045464.761905
1307318.095238
2303834.285714
2732280.000000
2578345.714286
3073695.714286
3916667.619048
4218480.476190
3719898.095238
1606293.333333
2497780.476190
3401872.857143
3855490.476190
3763429.523810
4200548.571429
3218347.619048
3579066.666667
1182780.000000
1147185.714286
2921860.000000
3199599.523810
3346347.619048
2831757.619048
2962307.619048
3170083.333333
913558.095238
1498232.380952
1509692.380952
1387464.761905
2293788.571429
2577461.904762
3465640.000000
3590504.761905
2399155.714286
1678760.000000
1832669.047619
925038.095238
1875929.523810
2934110.952381
3713632.857143
4241371.904762
4059720.476190
4930819.523810
3756055.714286
4370121.904762
873350.476190
2133805.714286
2228754.285714
3327054.285714
3056601.428571
3146035.714286
3641349.047619
3886495.714286
1168410.476190
2165318.095238
1937681.904762
2036289.523810
2351870.476190
2699417.619048
2723913.333333
3752436.190476
3200846.190476
1675460.000000
2082280.000000
919652.380952
847911.428571
1586474.285714
3041785.714286
3334761.904762
3131961.904762
3548258.095238
2787847.619048
2368067.619048
1093375.238095
1073594.285714
928938.095238
3227753.809524
3410259.523810
4055577.142857
4085140.952381
4455910.476190
4021460.000000
4871341.904762
982080.000000
1166065.714286
1568099.047619
2996780.000000
2982602.380952
3181628.571429
3458668.571429
3735577.619048
3494478.095238
2521125.714286
1645664.285714
2122506.666667
2580333.809524
3345787.619048
3549500.000000
3587007.619048
3124253.809524
3491821.904762
2869523.333333
3184597.619048
3141138.571429
3937141.428571
3943424.285714
4426499.523810
3746415.714286
4033026.190476
1366824.761905
2687234.761905
3265608.095238
3417636.666667
4003554.285714
3571215.238095
3419580.952381
3882276.190476
1272665.714286
2362200.000000
2725312.380952
2976476.666667
2560061.904762
2966668.095238
3109042.857143
3289427.619048
1026694.285714
1055105.714286
2058860.000000
2019118.095238
3050643.809524
3104640.000000
3139813.333333
2920941.904762
3281166.666667
1961755.238095
2231778.095238
2315541.904762
2487437.619048
2544621.904762
1664430.476190
1791630.476190
2148737.142857
1136533.333333
2814902.380952
3316386.666667
3826379.523810
3647181.904762
3776679.523810
4616858.571429
4865818.571429
1810281.428571
2010475.238095
3491438.095238
3056273.809524
4127651.904762
3428700.476190
3873358.095238
3398254.285714
1409906.190476
1450020.952381
1193754.285714
2485062.380952
2827488.571429
2996278.095238
2818057.619048
3111300.952381
1707832.380952
1280898.095238
1067995.714286
1654135.714286
2455232.380952
3449906.666667
3553386.666667
3316563.333333
3607506.666667
3540754.285714
3181803.809524
853495.238095
905878.095238
2468994.285714
2745377.142857
3313705.238095
3400268.095238
3794638.095238
4010617.619048
4078941.904762
4483978.095238
2399045.238095
2618557.619048
2707166.666667
3377082.380952
3840537.142857
4188655.714286
4077590.000000
5202896.666667
951280.000000
2614194.285714
2907180.952381
2908675.238095
3527015.238095
2659973.809524
3607531.428571
3056636.190476
865594.285714
1476954.285714
2270829.523810
2974565.714286
2610969.523810
2718748.095238
3014033.809524
3096159.523810
699638.095238
1397967.619048
2463869.523810
2744864.761905
3153216.190476
3485274.285714
4000695.714286
3492802.857143
3542521.904762
1166965.714286
2379173.333333
2973550.000000
3161280.000000
3373726.190476
2603224.761905
3344201.904762
3325467.619048
778994.285714
757860.000000
1635834.285714
2495068.571429
3419102.857143
4143510.000000
4372936.666667
4338344.761905
2658754.285714
1503389.047619
1334373.333333
3098518.095238
3856011.428571
3891441.428571
4095727.142857
4079203.809524
4581120.000000
3876917.619048
2560393.809524
3677264.285714
3783445.714286
4130549.523810
4106939.523810
4135338.571429
4515996.190476
4502978.571429
2089739.047619
2652260.952381
3690169.523810
4226400.000000
4457566.190476
4542530.000000
4532461.428571
4774527.142857
1973165.714286
3287631.428571
3786668.095238
4407870.952381
5264618.095238
5481174.761905
4656041.428571
5799206.190476
1462146.666667
2368861.428571
2759397.142857
3653734.285714
3554391.428571
3589767.619048
3959262.380952
3749509.523810
2358100.000000
4130467.619048
4147349.523810
4447001.904762
4302496.190476
5287410.476190
4348581.904762
4698994.761905
1229332.380952
2293526.190476
2840423.809524
3290480.000000
2573726.666667
3577009.047619
3626973.809524
1824434.285714
3958278.095238
947716.190476
1875108.571429
2144696.190476
2695017.619048
3549567.619048
4267847.619048
3543328.571429
3605148.095238
1487950.476190
2223876.190476
3253481.904762
4186634.761905
4410891.428571
4327526.190476
4738009.523810
4104163.809524
4193532.380952
1319085.714286
1440867.619048
3136627.619048
3374686.190476
3708865.714286
2787575.238095
3071746.666667
3672153.333333
1423392.380952
2283076.190476
2710416.190476
3138221.904762
2416795.238095
2834462.380952
2209312.380952
2037672.380952
865087.619048
1870270.000000
2104753.333333
2202410.476190
2145771.428571
3623038.095238
2935441.904762
2524615.238095
1601023.809524
768069.523810
779398.095238
2189458.095238
3241340.000000
2627641.428571
3161360.000000
3435357.619048
3288181.904762
3166138.095238
1875583.809524
760261.904762
1123047.619048
2606120.000000
3069355.714286
3499798.095238
3082888.571429
3477404.285714
3070255.714286
3606528.571429
898373.333333
1189678.095238
1489811.904762
2529487.619048
2858914.285714
3183616.190476
2118920.000000
2738807.619048
3483530.476190
780367.619048
2696932.857143
2807819.047619
3274723.333333
3306604.761905
2656453.333333
2708419.047619
2973732.380952
1186455.238095
1872631.428571
2013053.809524
3466295.714286
3623084.285714
3992079.523810
3953171.904762
4419366.190476
4048778.095238
1209741.904762
2285385.714286
2091521.904762
3016558.095238
3640326.190476
3327033.333333
3165483.809524
3367720.000000
896347.142857
1841191.904762
2055927.619048
1540818.095238
2655856.190476
1681751.428571
2103376.190476
2888123.333333
2002659.047619
1115504.761905
1449860.476190
1395361.904762
1832681.904762
1665180.952381
2176624.761905
1729982.857143
1923186.666667
2513071.428571
1521133.333333
1358346.666667
1587129.047619
2269043.809524
2270365.714286
2350680.476190
2531486.190476
2451884.761905
2049890.952381
825680.000000
960969.523810
1471546.666667
1659750.476190
2404428.571429
1856860.476190
1974107.619048
1650005.714286
2202636.190476
1515430.000000
979440.000000
1429325.714286
2627294.285714
1957496.190476
2349718.095238
2143878.095238
2427152.380952
1974423.809524
1344813.333333
1751283.809524
2581872.380952
2287208.095238
3005184.285714
2924656.190476
3768165.714286
3939397.619048
728743.809524
993194.761905
782792.380952
1785728.095238
2097403.809524
2172082.380952
2812200.000000
2677431.428571
3286132.380952
2141580.000000
1125765.714286
1487366.190476
3171463.809524
3141594.285714
3301982.857143
2717339.523810
2941512.380952
3215557.619048
1010760.000000
1977240.000000
2522992.380952
2867556.190476
3047394.285714
2963176.190476
2967230.476190
3062609.523810
1478885.714286
1289543.809524
3475990.476190
3413720.000000
3776791.428571
3203300.000000
3321510.476190
3210024.761905
3873978.095238
861634.285714
1156403.809524
1059681.904762
1570312.380952
2899592.380952
2891518.095238
3492236.190476
3477360.000000
2713434.285714
962954.285714
1246463.809524
1340266.666667
1532980.952381
956295.238095
1304773.333333
1985283.333333
2313149.523810
2790048.095238
2493094.285714
2490236.190476
1585691.428571
1558727.619048
896885.714286
1806160.000000
3023749.523810
3059355.714286
3433909.523810
2716509.047619
3378275.714286
3165662.380952
1809980.000000
1998695.714286
2124237.142857
3134311.904762
4121276.666667
3803907.619048
4244704.761905
4036698.095238
4829772.380952
1339031.904762
2687761.904762
3236105.238095
4052063.333333
4007466.666667
3953130.476190
3177347.619048
3721278.095238
830100.952381
1444863.809524
1487956.190476
2436693.809524
3402667.619048
3803528.095238
3394205.714286
4110669.523810
2601392.380952
1789840.000000
2041363.809524
2973940.000000
2724390.476190
3096264.761905
1920078.095238
2560615.238095
2164313.809524
872278.095238
1227510.476190
1771858.571429
2888727.619048
2876357.142857
2774949.523810
3804024.761905
3000672.380952
1274600.000000
762179.047619
988329.523810
1502523.809524
1857533.333333
2148920.000000
2290598.095238
2366436.190476
2893700.952381
3011161.904762
3624891.428571
1487632.380952
1000958.095238
1441809.523810
1932466.666667
2457815.238095
2439930.000000
2925206.190476
3214040.000000
2019493.333333
1767785.714286
1037261.904762
1109152.380952
1353430.476190
1793186.666667
2231990.476190
2820360.000000
3631616.666667
3001202.380952
3208519.047619
1765165.714286
1197733.809524
1568409.523810
2337373.333333
3306337.619048
3199555.714286
3190008.571429
3309105.714286
4142422.857143
2497039.047619
1449527.619048
1634960.000000
1913074.285714
1990532.380952
2478651.428571
2679220.000000
3197376.190476
1208687.142857
2029048.095238
2476160.476190
2377150.000000
2151186.190476
2291254.285714
2839921.428571
2492969.047619
1337459.047619
684080.000000
2269544.761905
2624520.000000
2681040.000000
2543200.000000
3022622.857143
2130000.952381
3371592.857143
1787960.000000
904578.095238
2412080.000000
2741790.476190
3399806.190476
3266439.047619
3303808.095238
3813096.190476
3375361.904762
863292.380952
2426841.904762
3103648.571429
3557301.904762
4056241.904762
4386866.666667
3615999.047619
4666542.380952
5133189.047619
1130598.095238
2642310.952381
3182504.761905
2893091.904762
3763835.238095
4290626.190476
4057327.619048
3701249.047619
886398.095238
2208632.380952
2156193.809524
2456640.476190
2696759.523810
2790592.380952
2649664.761905
3100448.095238
1536980.952381
1315329.047619
2636081.904762
3421690.952381
3981858.095238
4122100.000000
4351607.619048
4401914.285714
4462693.809524
2507809.047619
2604580.476190
3020735.238095
3073194.761905
4428118.095238
4741252.380952
3538600.476190
4332168.095238
843893.333333
2088368.095238
2828208.571429
3164436.190476
2263768.095238
3026705.238095
1999297.142857
2654705.714286
1185653.333333
1004972.380952
1583976.190476
2491378.095238
3669871.904762
3665325.714286
3208787.619048
3608569.523810
3793914.285714
3098200.000000
873549.523810
891301.904762
1685664.761905
2949936.190476
3231674.285714
3512708.571429
3849238.095238
4616438.095238
3632347.619048
4739841.904762
1583769.523810
1731696.190476
2158438.571429
2964913.333333
3035835.238095
2802152.380952
3804736.190476
2683300.952381
871563.809524
989596.190476
1421365.714286
2589761.904762
2703516.190476
2205546.666667
2722700.000000
2297298.095238
2463758.095238
1679968.571429
804558.095238
1220765.238095
3087081.428571
3689947.142857
4171688.571429
3448100.000000
4500030.952381
4357989.047619
4535902.380952
930794.285714
1364053.333333
2387304.761905
3000915.238095
2901691.428571
3375441.904762
3445295.238095
3416320.000000
1975653.333333
948438.095238
1524241.904762
2455893.333333
2197681.428571
2278790.476190
3385128.095238
3949502.857143
3848006.666667
1910304.285714
1899025.238095
2425612.380952
2588820.000000
3431431.428571
3648086.666667
2443358.095238
2767309.047619
3160371.904762
1273720.000000
1688690.476190
2091466.666667
2243189.523810
2640885.714286
3000556.190476
4131122.380952
2374376.190476
3957329.047619
1092108.571429
1378672.380952
1951977.142857
2144326.666667
2496454.285714
2621052.380952
2847369.047619
2186760.000000
1919308.571429
2056750.000000
2420000.952381
2616639.523810
2995162.857143
1691132.380952
2322978.095238
953369.523810
1001936.190476
2461078.571429
2971740.952381
3319150.952381
3284241.904762
4420670.476190
3198214.285714
3273949.523810
809023.809524
1585544.761905
1856554.285714
1910281.904762
3389586.190476
3438390.000000
2915100.000000
3618331.904762
2569453.809524
1384616.190476
820606.666667
1651313.333333
3103514.285714
3258240.000000
3159018.095238
3069643.809524
3540540.000000
3670121.904762
3655611.428571
950578.095238
1385940.952381
2401192.380952
2212691.428571
2583372.380952
2405201.904762
2633974.285714
2806649.523810
1366790.000000
1461278.095238
804480.000000
1762190.476190
1868120.000000
2222803.809524
3143733.333333
2876367.142857
2874724.285714
2302377.142857
776280.000000
987272.380952
1416826.666667
1524543.809524
1366060.952381
2379891.428571
2113672.380952
2334316.190476
3201462.857143
2809519.047619
1150462.857143
1312001.904762
1447805.238095
1380234.285714
1484978.095238
2597474.285714
1876830.476190
2454718.095238
2237120.000000
2631691.428571
1762586.666667
1339388.095238
3352822.380952
3639360.476190
3494721.428571
4104583.333333
4413065.714286
4581031.904762
3715845.714286
1457773.333333
2339812.380952
2412073.809524
2734806.190476
3431050.476190
3790118.571429
3845628.095238
4137640.476190
1385814.761905
2054152.380952
2608436.190476
2773137.142857
3903073.333333
2663781.428571
3055933.333333
2296737.142857
877910.476190
1359967.619048
2214454.285714
2077493.333333
2043634.285714
2664991.428571
2972691.428571
3363190.476190
1212973.333333
1976216.190476
2245355.714286
2656899.047619
1897598.095238
3248960.000000
1963980.952381
2490486.190476
2917010.476190
3518276.666667
3855290.000000
3102380.952381
2886504.761905
2708843.809524
1161718.095238
1298647.142857
2201592.380952
2154552.857143
2432061.904762
2979897.142857
2982934.285714
3477283.333333
1926708.571429
1149617.142857
1054800.000000
2522794.761905
2772548.571429
2645580.952381
2648739.047619
2507050.952381
1756872.380952
3135856.666667
1450022.857143
1217411.428571
1978632.380952
2934043.333333
2914640.000000
3331278.095238
3369754.761905
2731788.571429
3570346.666667
1035824.761905
1014481.904762
1234865.714286
2627303.809524
2897509.523810
3192083.809524
2759059.047619
3365603.809524
3453054.285714
1274394.285714
970587.619048
1196491.428571
4797141.904762
5374082.380952
5210620.000000
5783540.476190
6525850.476190
6984360.476190
6788598.095238
1765054.285714
3561000.952381
4555734.761905
4416261.428571
5333434.761905
5182280.476190
4813580.000000
5904030.000000
1466660.952381
1617076.190476
2829322.857143
3170874.761905
3197953.333333
4074646.666667
3944148.571429
4355423.809524
814350.476190
3254883.809524
4111393.809524
5468626.190476
5802755.238095
4416603.333333
5834970.000000
6108737.619048
815126.190476
1156481.904762
3520275.238095
3615600.000000
4579420.476190
4518122.857143
5225082.857143
5467630.000000
5076554.761905
1442910.952381
4428728.571429
5230077.619048
4866283.333333
5708145.238095
6386922.380952
5669118.095238
6196492.857143
6107983.333333
1437469.523810
1728856.190476
2618912.380952
2341883.809524
3433150.476190
3743575.238095
5432708.095238
3528000.952381
5725100.000000
2390089.523810
3242982.857143
1512149.523810
1873363.809524
4146714.761905
4322061.904762
5041383.809524
5477073.333333
5859063.809524
3993922.380952
5896293.809524
1839565.714286
1878293.333333
2475743.809524
2254683.809524
2484561.904762
3016034.285714
3081068.095238
1094893.333333
1646074.285714
2430057.142857
2953796.190476
2680300.952381
3026247.619048
2414857.142857
1057013.333333
1365910.000000
767518.095238
2047807.619048
2431543.333333
2265819.047619
3212646.666667
3570524.285714
2509363.333333
2783037.619048
2518827.619048
1143965.714286
1918350.476190
2280712.380952
3388058.095238
3708691.428571
2035900.000000
3605015.714286
3124610.476190
921833.333333
1722953.809524
2841938.095238
3121019.523810
3139455.238095
4001468.571429
4173838.095238
3937742.857143
3476171.428571
1005978.095238
1237756.190476
2983363.809524
3410140.000000
3963910.000000
3670483.809524
4183216.190476
3262137.142857
3907313.333333
2002671.904762
2947248.095238
3109818.571429
3617065.238095
3803261.904762
3413423.809524
3858350.476190
4081608.095238
4159194.761905
2059920.000000
2412363.809524
2821990.476190
4391098.095238
3783023.809524
4280788.571429
3018211.904762
3288120.000000
1022463.809524
1510767.619048
2056396.190476
2862780.000000
3320590.476190
2921204.761905
3285569.523810
3280500.000000
2271233.333333
961265.714286
2306067.619048
1244527.619048
2409961.904762
2855110.476190
4074456.190476
3377718.095238
3888918.095238
2691711.904762
1513411.428571
3212323.809524
3808491.428571
3950552.380952
3841645.714286
3228688.571429
3199730.000000
4127360.000000
1282800.000000
2437413.333333
2650541.904762
4005683.809524
4417630.000000
4991722.380952
4855296.190476
4206980.476190
3651366.190476
1273751.428571
2125101.904762
2136242.380952
2634128.095238
3292238.571429
2715223.809524
3408951.428571
2964976.190476
1324363.809524
1825243.809524
1939480.000000
2720612.380952
3459403.809524
3207628.095238
2527577.142857
3197278.095238
2989230.476190
1613923.809524
1425994.285714
1165987.619048
1328018.095238
1324062.857143
1038963.809524
1172914.285714
1945754.285714
2450051.428571
2840074.285714
2901483.809524
3226047.619048
1685710.476190
3464063.809524
1623344.761905
1116782.857143
1229643.809524
1703950.476190
2054213.333333
2423008.095238
1984160.000000
3283916.190476
1446945.714286
2456823.809524
1293882.857143
2208583.809524
2311152.380952
1766767.619048
1144798.095238
2167766.666667
2017431.904762
1736824.761905
2391436.190476
1801391.428571
2152092.857143
2359432.380952
2132931.428571
2217765.714286
1941478.095238
3131523.333333
3173843.333333
3611615.238095
3877472.857143
3933986.666667
3084478.571429
3940437.619048
3870344.761905
878731.428571
1858441.904762
3310310.476190
3545249.523810
4317121.904762
3923993.809524
4613393.809524
3672926.666667
2437284.285714
3508569.523810
4177110.000000
4902443.333333
5118300.952381
4926723.333333
4251934.285714
4232906.190476
1058481.904762
1236030.476190
2094546.666667
2902445.714286
3256590.000000
3207628.571429
3753967.619048
4057654.285714
1053586.666667
1797578.095238
2507876.190476
3089960.000000
3348098.095238
2452310.476190
3509450.000000
2205865.714286
4027840.000000
1536894.285714
2428895.714286
2316563.809524
2671393.809524
2644491.428571
2587968.095238
3734121.904762
4456910.476190
1313603.809524
2196331.428571
2474425.714286
3659679.523810
3899146.666667
4022861.904762
4004565.238095
4056829.523810
3847761.428571
1305771.428571
1692821.904762
2455043.809524
3033593.809524
3071300.476190
3021951.904762
3857339.523810
1655281.904762
4399012.857143
1753523.809524
2179816.190476
2535780.000000
2789631.904762
3457115.714286
3498540.000000
3650820.000000
2772061.904762
2832116.190476
3229506.666667
3142469.523810
2869414.285714
3129041.904762
2959508.571429
4257866.666667
2788514.285714
1066601.904762
1926972.380952
2647197.142857
3251322.380952
2415781.904762
2903263.809524
3019516.666667
2587919.523810
1742387.142857
992407.619048
729985.714286
1327261.904762
2141780.000000
2549190.476190
3380110.476190
3197976.190476
4400119.047619
2816909.047619
2849223.809524
1351767.619048
2444558.095238
2717101.904762
3565108.571429
3009531.428571
3768478.095238
3929350.476190
4146106.666667
841181.904762
2128451.428571
2480777.142857
3025272.380952
2847325.238095
3836016.190476
3395153.333333
2998890.952381
855611.428571
768695.238095
1495589.523810
2131343.809524
2170520.000000
1841895.238095
3036900.952381
3087439.523810
2477720.952381
2425371.428571
2023270.476190
2373922.380952
2967863.333333
3389599.523810
3108704.761905
3700139.047619
3109786.666667
3806508.571429
1143238.095238
2152780.952381
2496592.380952
2856960.952381
3675145.714286
3497758.571429
2657683.809524
3149436.190476
1123021.904762
762291.428571
1167988.571429
2126769.523810
2271827.619048
2285641.904762
2501178.095238
2749341.904762
843818.095238
1618996.190476
1857661.904762
1556548.095238
1915322.857143
1193586.666667
1015563.809524
2115809.523810
2285487.142857
2642470.000000
2208874.285714
2833127.142857
3786226.190476
1694904.761905
1624819.047619
1065621.904762
2604026.190476
3289443.809524
3392590.000000
3367746.190476
3420715.238095
3055174.285714
3960567.142857
794271.428571
2109816.190476
2688599.523810
3241328.571429
2875744.285714
3935045.714286
4323470.952381
5260396.190476
3789625.714286
1397943.809524
2523058.095238
3210180.000000
3713771.904762
3396795.714286
3381803.809524
3857110.000000
3353476.666667
1143647.619048
1430083.809524
1556020.952381
2349620.952381
3018069.523810
2680344.761905
3586740.476190
3744500.000000
767661.904762
1584987.619048
1611229.523810
2088762.857143
1974642.380952
2238063.809524
756977.142857
2375712.380952
1902667.142857
2007644.285714
3269460.000000
2777166.190476
3424227.142857
2636287.619048
1629110.000000
1361299.047619
1727622.857143
1756367.619048
2499482.380952
2876733.809524
3167839.523810
2713925.238095
3325643.333333
1010335.238095
1047096.190476
2671116.190476
3549458.095238
3279603.809524
3328407.619048
3282405.714286
3283796.190476
1657391.428571
1376308.571429
1725072.380952
1974150.476190
2064851.428571
2576687.619048
2180392.380952
2375758.095238
3402577.142857
1506045.714286
1101055.714286
750038.095238
2484458.095238
3022280.000000
3458503.333333
4125420.000000
3481180.000000
3811011.428571
2339983.809524
2285398.095238
1194981.904762
994931.904762
2423365.714286
2710921.904762
3634603.333333
3204101.904762
3294336.190476
3270810.000000
1387969.523810
1072988.571429
1453880.000000
2183203.809524
2359537.142857
3064769.523810
2895018.095238
2644266.666667
3318245.714286
3023874.285714
1350180.952381
932278.095238
2339647.619048
3251146.666667
3415938.095238
3305918.095238
2975014.285714
3366775.238095
2865483.809524
1336380.952381
711360.000000
936930.476190
2371982.380952
3423476.666667
3505700.000000
3883332.380952
3950914.285714
4283685.714286
3032440.000000
1478563.809524
1201534.285714
2469938.095238
3420378.095238
3588880.000000
4189854.285714
4099867.619048
3593400.000000
4029879.523810
1063865.714286
1173530.476190
1257476.190476
2933519.523810
2517418.571429
3646089.523810
3999620.476190
4483023.809524
4184915.714286
1289427.619048
1599740.000000
1819789.523810
1342696.190476
1160131.428571
2629250.000000
3164150.000000
3052767.619048
2486461.904762
3546718.095238
3222241.904762
2103591.428571
846756.190476
1696409.523810
1909481.904762
2783006.190476
3261790.000000
2738136.190476
4271496.666667
4077819.523810
2875461.904762
691990.476190
1009952.380952
1310477.142857
2354198.095238
2945287.619048
2493807.619048
2378828.571429
2914466.666667
1018512.380952
1710397.619048
955787.142857
1000017.142857
1319803.809524
1648614.285714
2414712.380952
3046815.714286
3760681.904762
3200095.238095
2657794.285714
1118681.904762
1526024.761905
2009525.714286
2030598.095238
2614812.380952
2424820.000000
2113249.523810
3138805.714286
2460956.190476
1245388.571429
917842.380952
703838.095238
881312.380952
1919322.857143
2228642.380952
1916664.761905
2079201.904762
1803248.095238
1026204.285714
1794481.904762
1949570.000000
2741366.190476
3555870.000000
3149558.571429
2799154.761905
4229357.142857
3631500.476190
1223769.523810
1697226.666667
1971211.428571
2112569.523810
2065275.714286
2458903.809524
2754681.904762
2419299.047619
1055147.619048
