26159694.285714
24925874.761905
23572541.904762
24098584.285714
22571861.428571
24454539.047619
20788829.047619
20649976.190476
20255314.761905
20979585.714286
20953390.952381
21092237.142857
21205103.333333
24101697.142857
23299211.428571
22977394.285714
23019339.047619
23096586.666667
22455007.619048
21626735.238095
21990101.428571
21395295.238095
21191876.666667
20721367.619048
20686384.761905
22848095.238095
23021121.904762
23211415.238095
23296657.142857
23176512.380952
23867530.000000
23484594.285714
23834573.333333
23593239.523810
23454039.523810
23891726.190476
24550581.428571
22402931.428571
22140617.142857
22175433.809524
21850837.142857
21315017.142857
21361123.809524
22001880.476190
23442203.809524
24048988.095238
24183940.476190
24315674.761905
23455904.285714
22845714.285714
23758280.000000
23520213.333333
23723963.809524
23742466.666667
23472057.142857
23794441.904762
24886350.476190
23619519.523810
22972278.095238
22919710.476190
22646902.857143
22347912.380952
23839873.809524
24729617.142857
24337670.476190
24515830.952381
24513306.190476
23955956.190476
24004575.238095
24496755.714286
24080670.476190
24138251.428571
23941234.285714
23860177.142857
24481677.142857
22574055.238095
22344723.809524
22100116.190476
22233112.380952
21900575.238095
21611120.000000
23266396.190476
25382139.523810
25167441.428571
24262068.571429
24765195.714286
24201973.333333
24041817.142857
24495245.714286
24810716.190476
25012302.857143
24682830.476190
24960717.619048
23644801.904762
22812958.095238
22981909.523810
22375859.047619
22493750.000000
22440828.095238
22006811.428571
24531343.333333
24118302.857143
24519872.857143
24088700.952381
24489380.476190
24239401.904762
24643651.904762
23967072.380952
24661925.238095
24962981.428571
25183613.809524
24259676.190476
23340680.000000
23163200.476190
23021894.761905
22946170.000000
22773358.095238
22121973.333333
23114028.095238
25151459.047619
24476920.000000
23988920.000000
24679238.095238
24709663.333333
24049259.047619
24665941.428571
24408114.761905
24129523.809524
26454810.952381
24413152.380952
24199720.000000
23131678.095238
23242833.809524
22422133.333333
22420508.571429
22638659.047619
22000123.809524
23029502.857143
24323994.285714
24333156.190476
23805057.142857
23934595.714286
23886902.857143
23688375.238095
23991940.952381
23913767.619048
23554451.428571
24292879.523810
23909411.428571
23800080.000000
22860730.952381
22353929.523810
22398400.000000
22447161.904762
22349950.476190
22060036.190476
27229897.142857
26998028.571429
26218346.666667
25959108.571429
25472398.095238
25803379.047619
25278918.095238
25024777.142857
25129184.761905
24775535.238095
24740152.380952
24520931.428571
24084531.428571
23167038.095238
22872967.619048
22811504.761905
22341689.523810
27396141.904762
22278914.285714
24610571.428571
24930144.761905
25045750.476190
24600470.476190
24771031.428571
24815151.904762
25362212.857143
24710899.047619
24347306.666667
24431601.904762
24360259.047619
24347420.952381
23513826.190476
22719247.619048
22583721.904762
22794991.428571
22827229.523810
22395531.428571
23025984.761905
24765049.523810
24034510.476190
24280369.523810
24422950.476190
24780579.523810
24437346.666667
24311518.095238
24270531.904762
23933626.666667
24124581.904762
23992485.714286
23804752.380952
23429258.095238
22872611.428571
22586596.190476
22704432.380952
22517215.238095
22533826.666667
24654542.380952
24592676.190476
24859952.380952
25526678.571429
24954040.000000
24881946.666667
24534302.857143
23975287.619048
24053070.476190
24549325.714286
25044854.761905
24537432.380952
24482834.285714
22717123.809524
22893051.428571
23123636.190476
22486125.714286
22670520.000000
22349337.142857
23465432.380952
24987387.619048
24601407.142857
24071779.047619
23499287.619048
24774138.095238
24183201.904762
24009965.714286
24021880.000000
24363183.809524
23988272.380952
24168874.285714
23499419.047619
22492335.238095
22275013.333333
22630689.047619
22470980.000000
22242733.333333
22197158.095238
23903281.904762
23954329.523810
23556386.666667
24186400.000000
24317432.380952
24834834.285714
24274550.476190
24251900.952381
24370371.428571
24423078.095238
24278765.714286
24398935.238095
23267712.380952
22834678.095238
23057408.571429
19197648.571429
21277010.952381
21368479.523810
19306731.428571
19030188.571429
19023225.714286
20401594.761905
21291872.380952
20886577.142857
21458552.857143
21485340.000000
22051153.333333
20185328.571429
19990019.047619
19221854.285714
23206020.476190
24842604.285714
24706824.761905
24056228.095238
24638878.095238
24306870.476190
23753647.619048
24078619.523810
22577323.809524
22579019.047619
23731167.619048
24436560.000000
23960274.285714
24260670.476190
24495462.857143
24836624.761905
23556213.333333
22849899.047619
22804017.142857
23844423.809524
24488287.619048
24237393.809524
23981984.761905
23928222.857143
23875350.476190
23259192.380952
22906148.095238
22345860.952381
22485394.285714
24358243.809524
24193662.857143
23931245.714286
23810382.857143
23726752.380952
23707977.142857
23247028.571429
22707375.238095
22747209.523810
24115304.761905
24052447.619048
23844200.000000
24170009.523810
24424062.857143
24465611.428571
23325474.285714
22909723.809524
22632487.619048
23054417.142857
25166478.571429
24247459.047619
24312377.142857
24566926.190476
24151988.571429
24134849.523810
23280091.428571
23140860.952381
23629570.476190
24351742.857143
24051965.714286
24059603.809524
24030927.619048
24552112.380952
24064702.857143
23037315.238095
22518521.904762
22455965.714286
23222512.857143
24067466.666667
24130967.619048
23902569.523810
24153601.428571
23822935.238095
24178438.095238
22731579.047619
22475651.428571
23172662.857143
24196548.571429
24167076.666667
24122424.761905
23715723.809524
23976240.000000
23435600.000000
22602990.476190
22267502.857143
22360396.190476
23317935.238095
23971720.000000
23775219.047619
24206680.000000
24031243.809524
24169529.523810
23285243.809524
22841380.952381
22611672.380952
23856210.952381
23927007.619048
24297624.761905
24224133.333333
24387935.238095
24520455.238095
23423396.190476
22653982.857143
22466697.142857
22451163.809524
24511708.095238
24026727.619048
24692596.190476
24734598.095238
24424283.809524
24557299.047619
23650955.238095
23466698.095238
22619626.666667
24211624.761905
24063723.809524
23903784.761905
24098982.857143
24116855.238095
24111937.142857
23629228.095238
23179272.380952
22499518.095238
22724180.952381
24447066.190476
23950154.285714
23819453.333333
23737626.666667
24074041.904762
23713786.666667
23429075.238095
22859994.761905
23099617.142857
24543018.095238
23895203.809524
23950198.095238
23916361.904762
23936297.142857
23873605.714286
23137437.142857
22311297.142857
22830432.857143
23434741.904762
23726290.476190
24006326.190476
23627826.666667
24404661.904762
24177064.761905
23684053.333333
22807358.095238
22875638.095238
23212281.904762
24834427.142857
24150662.857143
24416055.238095
24136304.761905
23870944.761905
23477714.285714
22569255.238095
22097344.761905
22524188.095238
23266358.095238
24008057.142857
24184464.761905
24342456.190476
23917005.714286
24075595.714286
23185983.809524
22517274.285714
22926973.333333
23189038.095238
23566013.333333
24145032.380952
24001356.190476
23940601.904762
23957295.238095
23423045.714286
22864497.142857
22704952.380952
22704114.285714
24379506.666667
24495571.428571
24372093.333333
24162731.428571
24111870.476190
24050493.333333
23888390.476190
22940763.809524
22735748.571429
24229194.761905
23698032.380952
24067295.238095
24039156.190476
24014352.380952
23862487.619048
23060805.714286
22545396.190476
22454952.380952
23225185.238095
23898491.428571
23885230.476190
23847401.904762
23969857.142857
23914139.047619
23728714.285714
22894283.809524
22771411.428571
22844154.285714
24118299.047619
24351504.761905
24189323.809524
24050756.190476
23806807.619048
23898276.190476
27267771.904762
22401520.000000
22417034.285714
23153280.000000
24425057.142857
24125611.428571
24654531.428571
24737168.571429
24066249.523810
23660815.238095
23074902.857143
22837363.809524
23307356.190476
24457207.619048
24504632.380952
24370607.619048
24493759.523810
24055681.904762
23982602.380952
23131047.619048
22364556.190476
22495041.904762
23420788.571429
24127594.285714
24038047.619048
24191021.428571
23916219.047619
23964958.095238
23347440.000000
23446174.285714
22663220.952381
23475876.190476
23839571.428571
23776754.285714
24371083.333333
23991990.476190
24003944.761905
23687384.761905
22580447.619048
22779485.714286
22495828.571429
24033034.285714
24469129.047619
23831758.095238
23886729.523810
24649213.809524
24310796.190476
23451081.904762
23051160.000000
22903699.047619
24370175.238095
24266472.380952
24085146.666667
24499445.714286
23617180.952381
24119918.095238
23221822.857143
22652622.857143
22496266.666667
22829198.095238
23933342.857143
23889222.857143
24010474.285714
23936335.238095
24449905.714286
23976102.857143
25592172.857143
22998906.666667
23124876.190476
23915704.761905
23800794.285714
24249534.285714
23936720.000000
23889954.285714
27307721.904762
26164363.809524
28467300.952381
23947782.857143
24680055.238095
25656548.571429
25508379.047619
25419287.619048
25622775.238095
25550510.476190
25204382.857143
24097607.619048
23966643.333333
24731104.761905
27904060.952381
28511435.238095
27971461.904762
25918451.428571
25990918.095238
25670156.190476
23730752.857143
23674977.142857
23293028.571429
24944417.142857
27384218.095238
27360782.857143
25599140.952381
25575379.047619
26551208.571429
24694711.428571
23424754.285714
24029318.571429
24737579.047619
27404397.619048
27559391.428571
27333747.619048
27295312.380952
25593177.142857
24060887.619048
23145853.333333
23185750.476190
23138167.619048
27136620.000000
25534615.714286
25915324.285714
27759812.380952
27149420.952381
27251358.571429
24334352.380952
23634849.523810
23386931.428571
27308526.190476
25673064.761905
21452821.428571
24582545.714286
23508081.428571
20945692.857143
19607668.571429
19484382.857143
20445692.857143
22173637.142857
21664777.142857
22925146.666667
21604578.571429
24184444.761905
20379314.285714
19834030.000000
19463871.428571
20849380.000000
21686451.428571
24846945.714286
23459370.000000
24019542.857143
24204338.571429
22038968.571429
23301255.238095
23237286.666667
22870243.809524
24224712.380952
25198725.714286
26259786.666667
26952531.428571
25635127.619048
26822129.523810
23656613.333333
23550052.380952
23458942.857143
24429468.571429
25902780.952381
26615478.095238
27458300.952381
27621149.523810
26903741.904762
24196688.571429
23032476.190476
27107575.238095
25997127.142857
27822826.666667
28634942.857143
29013080.952381
27620760.000000
27493413.333333
26737272.857143
24609847.619048
24299468.571429
24154993.809524
27376287.619048
26011655.714286
28137426.666667
27204655.238095
25860795.238095
27221746.666667
24023893.333333
23674933.809524
23148304.761905
23678398.095238
27506470.476190
25749259.047619
25392213.333333
25405163.809524
25038382.857143
25104428.571429
24236685.238095
24119784.285714
23732051.428571
27567756.190476
25854776.666667
25441055.238095
25420881.904762
27542386.666667
25312777.142857
23665638.095238
23558342.857143
23317167.619048
24127632.857143
26985573.333333
26800152.380952
26846156.190476
25466520.000000
27576426.190476
24264420.952381
23400516.190476
23142641.904762
23993192.380952
26828920.952381
25406845.714286
26762872.380952
25715143.333333
26868954.285714
24563782.857143
23440398.095238
22985337.142857
23021085.714286
24254963.809524
25215440.476190
27578955.238095
25501394.285714
26846260.952381
27152011.904762
24194830.476190
24252895.238095
23854084.761905
24390990.476190
26945177.142857
26264895.238095
25417390.476190
25278697.142857
27033449.523810
24220262.857143
23327078.095238
23285270.952381
23212340.952381
27256164.761905
27276400.000000
28063320.952381
26818123.809524
27474009.047619
26261246.190476
24621720.000000
23511963.809524
23427451.428571
25801499.523810
25359219.047619
25835579.047619
25423055.238095
25316552.380952
25284091.428571
23755148.571429
23337916.190476
23254636.190476
23990069.047619
25675420.952381
25467906.666667
25428748.571429
25283643.809524
25446382.857143
25515674.285714
24185938.571429
23601182.857143
23919190.476190
25862417.142857
25920641.904762
25732712.380952
25642036.190476
25646651.428571
25644015.238095
23473668.571429
23115346.666667
23302466.666667
24024184.761905
25504594.285714
25770133.333333
25828592.857143
27196670.476190
27243241.904762
24747871.428571
23807436.666667
23499358.095238
23915438.095238
26949022.380952
26913567.142857
25861512.380952
25624457.142857
25547026.666667
24481085.714286
23840278.571429
23264683.809524
23419341.428571
24568253.333333
27312774.285714
26830694.285714
24705224.761905
27252710.476190
25719196.190476
24128792.380952
23460670.476190
23553958.095238
24502796.190476
27274256.190476
26604972.380952
27009778.095238
27176011.904762
27019357.619048
24118569.523810
23354880.000000
23200028.571429
22988483.809524
25270013.333333
25526003.809524
25314548.571429
25373662.857143
26481348.571429
27377573.809524
24169188.571429
23577769.523810
23610283.809524
27366813.809524
28604196.190476
27313490.952381
25650238.095238
27171478.571429
27248320.476190
23782853.333333
23395714.285714
23146093.333333
23527280.000000
26970739.047619
25457123.809524
25433765.714286
25557182.857143
25042438.095238
25193742.857143
23383243.809524
23542270.476190
23737845.714286
27130698.095238
26968979.047619
27101993.333333
25307011.428571
27256061.904762
26925067.619048
23591921.904762
23154443.809524
23398763.809524
24135942.857143
27341290.952381
27024464.285714
25255106.190476
25391977.142857
25272066.666667
24335695.238095
23506878.095238
23487457.142857
24039249.523810
25436774.761905
25331002.380952
25115626.666667
25018864.761905
24857097.142857
24539271.428571
23633891.428571
23351681.904762
22928455.238095
24262542.857143
24820460.952381
25019864.761905
24739480.000000
24657645.714286
24940870.476190
24119942.857143
23992821.428571
