1960
892
1068
628
702
1011
1013
607
656
897
564
844
593
841
548
827
565
7594
1623440
1170
959
570
27009
853
996229
888
1014
715
1803
954
5814
1619
1598
579
9519
1294375
1252
667
191460
983
1078
1897
825
1854
1163
888
13588
1222531
203130
1573
1215
978
1169
1841
976
1530
1645
744
9172
1316271
230359
1261
888
1749
622
965
3988
1101
602
2480
2862
1583172
1718
747
1480
571
793
1025
2566
1013
571
5269
2252
762
959
1855
3868
2914
1573976
1589
1483
835
672
567
20270
1108
5362
2020
1337
1178
927
578
8960
717
3937
1022
1519585
1497
1071
1503
822
2558
4384
941933
218418
1233
633
1025
1001999
1310
1418
807
1012
598
836
2625
1846
1224
3816
1038
4839
3140
8960
786
10219
782
8181
779
3926
786
9231
8946
2659503
778
936
879
520
906
893
3829
1139
523
1719
3108
8601
1999
3580
556
9640
880
4550
3268
10274
1039
13859
8078
1563441
1309
984585
1399
1421
666
980
605
5720
1035
1007
607
11024
1584832
961
1046
1125
625
1204
858
877
3239
906
2540
1310519
1571
850
731
901
1000
4560
183902
1117
697
933
558
881015
763
988
1086
1118
672
553
225754
1320
1089
743
1007
767545
1385
924
1168
624
975
4015
204129
1237
1045
1059
618
1191
1051648
1670
1335
840
689
888
5192
1251
1071
1161
2130
1075
630
2735
4281
1403
8217
1224
8764
921
11133
9329
11915
1353369
212913
1270
3244
650
11074
1194
2544
959
1052
5743
3567
1164738
1287816
204685
1396
1013
1101
609
987
4214
856
978
602
15001
1356201
1451
901
1038
898
7317
765
1092
692
3582
816
213644
1172
989574
941
1246
1041
613
680
1144
2841
1011
1712
1648413
797
1156
1047
1095
630
701
2373
6539
1379
1012
1064
1472792
1325
1018
1096
607
972
4255
1317
626
1413
1160
584
3511
243930
870374
195089
1227
756
1033
2716
6006
744
2021
1052
1024
1619511
1905
674
1018
608
858
5473
809
747
1359
1084
631
1599317
1533
1031
1311
1137
1055
614
706
2957
927
1058
4755
1497870
982
1053
751
997
203943
1716
1038
1018
607
903
15350
1400744
1242
1109
1407
635
8502
784
1071
915
584
664
219399
1683
1159
640
12082
949
1226
852
1352
1650
1201898
884
29837
1454
1766
960
5336
642
1076974
1260
1068
617
704
1092
23016
905
4941
1105
4413
1059
8453
1757908
797
1071
753
1007
1378824
1626
1067
642
972
3888
1043
193586
1398
767
1045
988
611
14701
2138
1185
1065
5026
1244
7000
1030006
938
1057
1036
21062
237451
1263
3265
653
3747
866550
1110
1181
642
974
721
18445
214861
1405
4564
1131
1132
953314
1232
646
203088
955
1067
732
24901
952246
1279
1101
650
955
2927
3749
1439
4260
641
17930
1416423
1002
834
1290
618
1196
633
2267
3846
1300
725
1726240
1333
756
695
1721
6019
1217
1668
1104
865
959
2270
1473003
971
1054
1082
1371
808
725
234811
952
1090
772
1085
853156
1209
998
1534
1114
6130
1211
269208
1847
846
1012
604
1150
1068211
1283
1164
808
692
919
2813
1314
612
3583
1197
1495075
1282
1254
1190
745
1053
3429
2797
641
2581
1031
1813
8832
245895
1462
12450
1159
13049
1094
11511
1156
9672
711
13923
813844
1363044
2145
1354
625
1695
2358
1087
4999
1190
1510
1873
1063
1730400
1329
944
969
835
4451
678
924
569
1884
1499
966
23504
1434140
880
1539
1211
629
682
1041
875
797
733
1084598
1056
1322
864
1102
610
692
888
848
698
4702
1425
1124824
2008
1283
1122
573
793
627
1210
574
968
1245
664
20945
266906
824237
901
986
687
941
252766
1421
749
1039
606
1238
1102351
2187
907
1582
1210
1063
1667
1248
1468
911
875
714
1622522
1706
749
1247
1065
1223
987
958
1354
924
562
599
1627024
1700
1172
1072
1058
1471
1489
638
1029
611
1001
874
1726700
2766
943
1617
884
1184
1172
1943
1038
614
677
1205
1800352
1148
691
972
576
34377
1144
1249
1683
687
646
27094
1082
4065
782
7577
721
7084
711
6403
736
6617
1146
1638596
1268
721
1003
1730
4511
3396
1079643
959
1098
953
1047
1329890
1295
1553
656
983
604
6043
870
1497
653
2892
1025
4564
2938
9945
1815
12490
784
8195
778
1684961
793
935
890
1116632
801
1296
989
636
517
8329
674
875
828
2538
660
1485148
1402
993
989
620
1435
2929
2007
3858
1388
1867
1030
1853
257846
1013
10251
1465
9468
1459
12564
794416
1381
3224
271038
1229
1100717
1101
942
1068
825
1391
656
6975
1011
1073
632
1743810
1652
1295
860
1104
1384
832
730
992
616
855
563
1490616
1147
643
1030
1002
618
578
228709
1698
1093
619
1092
862558
1338
1285
1078
611
965
885
250795
1645
994
1032
610
972
1129031
1768
1367
1085
1043
931
1302
1135
619
996
599
1493374
1009
1311
1272
621
699
1393
974
1181
960
1134
599
13559
251510
1472
3390
603
8868
992
4531
1396
4063
1188
8990
891938
1316698
910
1366
760
1289
621
1033
1004
595
1021
599
1467285
255151
1303
785
1179
1002
598
3470
1082
623
3596
652
4326
23853
1426973
1111
1608
1664
792
1282
911
994
706
610
1134805
1304
1373
1026
1314
639
1138
1313
926
714
612
1181
1169150
1814
1017
1413
638
853
1246
1117
717
996
897
572
17094
258056
826503
725
1121
1007
959
206404
1321
990
1060
623
1018
1122663
1701
1246
1314
615
842
992
1412
1100
1076
881
684
1693241
1685
877
1277
1073
863
1303
1030
1139
920
692
600
1685714
1299
1114
707
2230
633
904
564
951
685
948
807
1702230
1612
907
1162
809
969
603
866
1717
651
699
70815
921
5119
1209
11978
904
1632886
1148
1108
1057
625
1026
1474694
1483
1009
1334
1134
870
1152
612
860
678
601
1007
14764
234814
837
981
567
12932
1190
1093793
869
986
567
1267
870872
1752
1105
626
970
6350
1090
210154
1884
1025
1036
886
589
16841
1390
1016
1950
3437
1121
4436
998826
954
1061
1006
1144672
1177
1491
1319
828
683
883
5519
1333
764
1232
736
1180909
2216
1228
729
697
834
639
2360
713
221977
1063
969
588
28189
1209
3467
995
7917
1673
1430
903962
835
992
568
30838
1365394
1150
931
1047
807
1165
730
1014
611
3541
650
1441150
1518
952
723
945
954
558
233152
1395
704
922
571
865770
1021
1016
1051
887
682
717
238155
1161
1111
623
982
855195
5620
803
1546
782
1009
1039
244213
1273
752
1045
614
855
1088331
1356
1267
661
693
1296
572
1786
819
992
907
1419035
1303
1115
914
710
721
5517
2335
1589
663
1060
614
19551
256930
1776
2800
601
10027
971
7372
974
1877
725
13029
830208
1305229
1297
1219
851
1023
891
848
973
737
992
594
1435640
233410
1481
840
1078
888
4252
922
1081
604
3180
665
987
24904
1407596
1314
1336
1216
799
624
977
893
605
654
1104741
1300
1189
1192
1583
671
726
884
870
726
954
1037
1100094
1299
1169
1130
1486
1169
833
976
3834
1098
899
2504
8683
260982
861249
207990
1124
844
1328
994
559
3522
1067
562
799
1652995
1826
850
1207
637
874
931
749
700
1017
887
683
1712909
1950
694
1338
751
791
644
852
1265
839
554
647
1700739
1215
1085
1034
1595
749
1017
618
1041
600
1007
867
1721102
1678
836
1428
804
1005
953
1090
1110
604
684
897
10407
1417
1800
1058
9796
1459022
970
1161
1038
637
682
1191720
1982
1018
829
1110
898
1086
743
969
595
552
1184
15300
244851
889
4981
1141
8703
717
1099818
959
1077
634
1000
837033
1626
1277
633
1000
603
845
270420
2205
688
1114
1045
608
14011
1360
1098145
1532
1029
1177
1056
1014
607
1256
899
1461133
1019
1430
1150
868
685
906
604
990
607
853
997
1099949
1934
1496
832
655
829
511
1124
687
260789
868
975
584
25223
866
5470
1458
5814
1100
3745
829270
917
1035
285482
1194
1102423
829
1204
1191
911
1117
769
859
6130
1260
656
1671982
1478
1062
716
1054
1409
2524
854
941
3348
990
693
1683370
809
903
1256
960
1061
1066
1055
611
3815
637
961
1453505
1302
1006
1140
626
987
3212
245155
1326
784
1007
609
956
1099835
1315
1035
902
721
875
6252
1223
716
993
605
1468915
1008
1234
1039
624
1207
1776
5393
797
734
920
593
10495
230785
1302
808
864
7890
1351
4928
3520
8597
1011
1458
926894
1318101
903
1367
1074
1088
987
942
827
2724
975
1962
1448858
241204
1138
1083
1024
835
7630
815
1262
687
921
692
930
7958
1457759
1295
994
895
564
669
1123
813
9162
863
1075774
1216
1195
640
2089
673
689
3788
936
693
3474
1026
1122879
1203
649
290240
1328
1139
1120
1093
761
977
883
2914
1039
14313
1396724
987
1047
607
975
252027
931
877
1087
1118
1646
1132754
1566
1134
1306
629
1005
2489
1011
743
879
2935
637
1646340
1551
2811
1212
1406
1727
915
698
905
5104
648
681
1679886
1003
1085
631
974
54746
1692
1145
1045
601
861
1616974
1203
1106
595
891
1034
1739
585
4335
988
575
525
12347
877
6935
866
13855
830
1679558
921
1008
940
566
633
1637644
1472
990
590
952
677
1021
2663
1063
624
1784
4533
901
152830
832
987
574
9153
722
1501052
993
1047
814
1014
1664200
1230
1080
633
1012
7996
1649
889
1507
648
1097
889
562
2540
9929
1442859
1396
651
1035
627
238661
947
1063
1039
1119244
1265
1284
919
725
597
7662
771
1273
870
1453
742
1462488
1407
1136
740
623
961
6175
1636
864
1105
734
990
3454
255518
875
1050
1717
2415
4058
3491
819147
870
963
688
24197
1360856
1298
880
1145
635
1126
789
855
6603
1156
599
1428231
1545
909
889
831
1462
677
228474
1655
618
965
573
882341
751
1008
1082
840
653
571
233746
894
989
579
966
853434
1464
803
1009
625
853
7811
291933
1350
771
1124
639
1010
1086165
1318
1057
895
722
883
7840
1628
644
1058
731
1454514
905
1371
1065
816
1294
1103
898
2631
1283
1045
2452
13238
265219
1566
2829
602
7393
963
9365
853
1015
676
9271
817899
1333663
1092
1226
906
1037
626
999
874
3460
1066
606
1455115
232257
1337
786
1036
1001
621
4023
1435
614
1170
1875
1089
1480
1468384
1119
1163
905
711
731
1003
2931
823
714
1095275
807
1171
987
1017
600
691
4134
1072
1043
818
1030
1117532
1726
1046
1022
608
850
5568
1386
1436
1346
1088
616
957
240485
841702
865
1006
957
1038
246241
963
824
1154
619
1047
1091462
1559
1312
1121
639
851
5776
1105
722
1260
1953
782
1669635
1894
2005
1422
738
1087
969
842
974
3695
656
604
1646093
962
1132
933
2096
769
1009
5436
1598
669
2208
1437520
241985
1403
1078
1109
620
983
3663
1361
888
994
1610
1205
1752882
1732
787
1031
631
55897
866
1189
1032
618
700
1622084
1404
854
608
1243
881
1106
1615
1039
3937
629
2664
1052
164171
865
1017
682
7895
854
1425902
982
1075
634
1000
907557
1376
1259
631
982
6224
1207
226373
1676
958
972
815
529
11928
1661
3097
3901
1663
1472
6103
907923
685
1030
881
1174006
1133
1465
1109
845
678
891
556
6229
942
1034
621
1149048
1365
1120
932
810
900
558
790
3767
1107
559
778
3653
226832
892
2057
874
7919
1121
2226
891100
712
1022
245686
1126
1144664
921
588
1117
574
908
3791
1075
2413
1181
1214
1437427
1643
1123
981
900
1511
741
238970
1351
1015
1036
622
868668
1383
787
1019
1058
743
595
205012
1051
1083
751
1024
891308
1720
989
1036
619
867
2779
212604
1446
1130
1075
602
966
1216694
1720
1594
1179
721
909
1108
3116
1021
1015
616
1434059
1038
1209
937
742
740
1261
882
4547
1048
1140
791
1025
245975
1607
3212
603
4601
968
11144
839
984
578
9910
1301614
1645390
781
1096
1037
1093
768
1597
3951
652
988
2454
1454187
212390
1244
1027
1124
892
564
5230
1271
618
860
3195
1063
8375
1440749
1336
1170
1502
944
986
963
967
619
4437
1166714
1021
1094
588
915
559
1593
2210
1439
1503
591
2518
1143495
1540
1043
1053
569
796
623
7173
813
1013
927
567
11690
222210
877997
241014
1168
737
981
1435
3741
782
909
3756
977
1612953
1413
1098
1098
580
801
879
6868
852
1008
833
923
1478854
1374
718
943
569
211424
1065
724
1121
943
1802
47563
1328915
1234
1024
686
937
256572
1585
769
947
557
889
1561402
1015
1066
775
1344
1729
1235
609
992
4865
919
623
13410
1349
10466
916
5779
3351
1456079
1181
1248
966
713
664
1095345
1641
1480
732
1685
1102
940
568
5098
714
551
6436
10630
256487
1073
995
875
8878
1046
1048062
1374
1155
639
1025
857497
1241
1071
771
1002
604
7343
205485
1857
1033
1039
1005
618
13802
4915
777
6310
711
1061
2917
927682
941
1093
1028
1118126
944
1359
1269
948
623
995
603
4961
815
982
754
1075193
1224
1126
1384
624
951
6115
1119
589
311775
899
986
574
28370
857
5802
1241
3369
1474
13357
806404
734
1442
3032
32870
1380758
1236
1215
1125
909
1382
804
873
2947
1433
899
1429166
2176
1069
752
1030
1018
615
234764
1609
777
1276
627
877288
1338
1241
1116
1426
633
604
234577
1286
1071
736
984
856530
1873
653
1424
610
2512
948
191057
1824
1061
1035
1041
1453
1282025
1696
1178
880
687
906
558
4714
684
1001
603
1752028
992
1181
1364
928
989
896
983
2599
849
1099
1203
1472225
1025
1142
821
605
1751
1505
5914
1226
1133
610
1025
9656
1335483
1164
1119
831
1034
621
5665
1217
667
853
820
1462283
217587
1469
1158
1101
1373
1082
4757
1229
647
1020
2773
1067
9043
1445041
1103
1188
1317
1013
1027
907
981
2324
660
1157326
1085
1122
1033
947
1160
892
917
1259
1904
742
907
1128094
1292
960
1036
560
894
7025
1148
1179
1097
922
673
3047
231695
895729
962
1009
591
916
222131
1062
596
974
571
925
1172253
1443
1021
1070
638
4480
1133
636
678
3205
1046
613
1668891
1416
793
996
618
868
6250
1009
1112
1006
631
1040
1695548
961
1148
753
1017
698
1595
3717
1070
616
3434
1462511
207284
1736
1057
1029
604
860
3718
1283
1025
602
862
1428
1246
3872
1407
3978
9039
1435939
979
1387
1037
648
706
1107862
1723
1204
893
1476
617
1781
1317
4148
643
2145
3340
8187
286804
858
1031
785
9628
721
1092701
971
1103
629
960
861593
1233
1060
826
1007
601
6499
266307
1910
1082
1092
881
4324
11221
1233
1129530
1631
959
971
581
800
7840
1334
878
1461421
1058
1206
930
647
562
791
3221
1622
2027
1059
622
1551472
1723
1246
749
603
964
603
7744
1259
1088
635
867
1485809
1299
907
1312
1020
604
5657
891
994
871
1069
207149
1419
1210979
990
772
2128
969
1317
612
856
6005
1237
644
1432832
1481
1144
1021
1060
1020
724
233750
3733
729
1012
610
861701
1006
874
1156
916
704
4930
214067
814
1120
629
1012
872479
2124
695
1401
813
1943
1063
239171
2235
1211
1098
760
982
1099502
1334
3233
1342
1316
1022
1139
1186
759
1055
620
1458277
934
1110
866
659
690
974
1764
2538
852
1164
1208
1183247
1333
1219
621
691
1032
3919
662
694
2880
817
1004
16768
1310397
925
1280
914
1471
887
849
4184
674
999
600
1441066
257071
2149
1045
1057
905
6838
842
1621
1052
1318
602
977
3300
1717745
964
1183
1104
623
696
5668
1652
752
596
1464023
1397
1306
960
1118
1137
826
979
893
576
4440
1217
1180614
1772
788
1470
600
869
5416
1223
1546
1100
1010
742
10511
257967
815744
912
991
790
933
224811
1067
954
1074
628
962
1092353
1405
1117
1029
604
880
4732
725
969
1286
884
676
1662276
1868
1019
1141
635
1514
2332
767
1066
1349
1830
759
1676760
931
1167
903
1126
616
5614
916
1048
835
1661
1419509
264836
1355
993
1005
614
843
3952
1252
999
611
559
3056
988
1031
8065
1235
6259
1393345
826
1435
1059
634
693
1077042
1721
1052
848
1009
1085
3710
798
1130
774
576
2710
5055
259388
870
1001
932
9027
1201
1088005
893
994
1060
1011
831058
1408
1061
632
967
617
6642
290763
1946
1038
1053
904
585
14629
1229
1115524
1218
798
965
926
1227
1824
5237
1102
1453970
925
1461
907
643
3345
1115
573
801
2551
1270
713
1076479
1315
976
584
643
824
7152
1337
598
268533
1262
1118
851960
1247
1210
1084
937
6436
1731
832
1068
613
1059
971
17453
1363133
997
776
1438
839
1577
690
863
6847
1251
760
1454791
1739
1239
752
1018
1021
605
199764
2319
896
1040
626
940034
1149
853
1463
1054
602
596
235999
1394
1186
773
1022
862115
1767
894
1035
614
991
2978
210437
1910
1085
1028
618
854
1173255
1332
1067
620
676
908
4164
1388
853
1081
868
1523907
1451
1118
918
937
1405
1898
1570
3796
767
2831
629
1833875
1002
1221
856
688
6272
1447
946
1894
1092
2556
3611
13188
2417750
786
1239
1045
1088
850
1638
3733
658
4631
763
2276071
61608
1690
789
1382
1028
609
5224
1593
1235
3136
789
1061
2049
1890876
803
1595
1153
632
766
925
8415
782
723
1483208
809
1323
852
1057
619
1087
3956
1115
768
677
901
1511691
1253
823
1700
1385
5888
1089
1163
711
860
1087
1740
8677
270446
1157160
1005
1016
701
945
261100
949
626
1733
1882
1071
1407009
1620
701
1617
915
874
960
4310
956
1007
998
618
1830256
1693
950
1038
618
850
1247
2239
1227
894
564
2126
1847181
1169
1434
701
984
865
1036
612
3843
633
2975
1855200
1298
1361
603
942
588
1432
1836
1290
930
567
2239
10082
870
7742
733
10509
869
1676183
1001
1089
1076
636
946
1318295
1524
1016
612
1857
1045
1297
810
1004
3868
885
1004
8542
291526
855
1403
677
10216
1040
1690636
955
1176
839
1037
1107349
1408
1200
627
973
6977
1224
563667
1624
826
1009
8395
773
8336
1245
6486
1084
2312
1067
9649
1029582
1111
1056
1042
1589031
1428
1124
922
694
8077
1894
1075
1153
635
858
687
1492011
1438
1084
647
692
3976
636
2928
668
980
2602
1564
1459237
2286
1039
1083
919
575
2997
647
979
2922
1045
540046
1230
1231631
1338
664
1357
773
2753
670
983
4118
1082
609
1651552
1260
963
1021
1312
968
1125
231809
1252
971
1018
603
1360601
1070
992
1059
908
3523
655
80304
1890
1096
618
990
1472948
1362
1084
1040
616
5378
1162
210573
1518
982
1090
612
8027
1452388
1331
1273
822
702
892
3540
1142
608
856
1956
1627962
972
1146
977
1098
604
1356
907
4564
919
1013
1930
1351661
1219
1154
988
791
1614
896
523
6239
1161
622
907
3204
1595504
956
1150
748
1126
1268
4379
1735
749
2912
630
1587388
226985
1689
1289
1110
901
578
682
3866
779
1096
2770
1260
7646
1597242
1057
1232
965
722
727
2199
3006
654
673
1666066
1099
1756
689
984
717
863
1425
1447
617
665
886
1653804
1225
659
206420
983
1102
624
1506
1324
2635
3003
649
981
16427
1539788
986
1080
735
1022
250963
1252
851
1206
833
997
1267218
1601
1172
1083
624
993
7174
960
823
1168
1012
607
1771431
1734
1059
1183
641
968
602
3055
1050
883
3065
776
1830680
Xput: 8387
