1935
870
1044
623
1485
1045
1004
600
682
883
552
1382
605
834
895
868
695
534960
135622
577711
140586
760746
1133
635510
102258
887071
1209
815163
1238
910182
938
871740
1222
850996
1228
949189
1228
767244
87822
786945
83584
769099
66759
877516
71885
752198
938
929186
1218
720134
56839
826451
51845
843760
48329
812516
57490
782017
893
1006495
936
762931
941
1037457
930
548927
106813
802577
126773
856290
153155
859729
1229
610577
173520
899427
1214
739448
1235
909022
943
879745
1219
809375
1248
804171
1235
535252
1234
777519
13372
707427
945
816220
1219
643382
943
1032637
1220
629495
4081
855162
15263
799412
903
991300
1210
861926
911
1209517
941
667649
929
988313
931
765460
940
798849
7905
888647
1197
1047850
1221
776076
8826
956521
1245
885625
1237
942957
949
930386
1229
788419
1248
728938
1230
618829
1225
755372
1234
777388
1503
686100
5834
734929
947
1123973
1230
591248
61852
656625
130441
717442
173669
698922
117633
881313
1808
884831
791
740352
940
918130
942
623336
109611
606908
122776
602176
128572
728652
1216
785149
190425
845222
1223
900418
1229
878156
953
807287
1242
910664
1232
863730
1231
663600
257331
583319
233325
579957
288648
554332
285360
688642
149136
879330
170471
537760
315339
436477
270337
411047
310271
531220
425597
472784
153841
793737
161165
512204
185440
780130
184286
511365
325023
491817
277109
481790
340924
731617
1248
579420
265918
701413
1226
795555
1249
834629
945
964693
1225
761375
1244
875834
2963
759972
404491
560021
348326
503145
328019
519861
428350
474432
229353
997898
238161
519660
373270
510582
392867
525523
316532
472508
266710
554313
153550
819531
214302
608577
238967
774288
134590
607806
365879
565079
265332
552902
387303
797174
1244
723537
257892
878716
1226
796329
1230
894491
960
713457
1224
861449
1239
985879
1240
664281
160871
521089
175584
601598
157334
587584
156471
579634
946
911371
1221
711565
121752
660595
39435
730546
19353
659047
26638
705778
925
910171
938
605516
938
911792
948
623933
944
805840
951
879068
3614
922010
1214
545867
1243
758669
1223
743817
1253
859368
800
852200
1240
718582
1242
719315
1228
599781
131493
733003
91965
711931
114901
586889
128425
637698
957
950563
11572
601307
148422
688596
136471
658078
106437
655857
86938
789960
907
890737
941
693582
946
1202288
805
554980
125809
616761
170860
676716
164920
870181
1234
648986
54772
864842
1237
765398
1221
746904
955
689370
1220
681884
1253
741124
1233
624898
25676
703021
4040
779405
952
769068
1226
857175
949
935864
1247
593815
1225
720418
1218
808486
918
640972
1196
685207
904
876992
935
526582
954
831905
939
640004
947
709110
943
687197
1206
884770
1253
591548
1223
822158
1230
749308
1226
641390
954
703342
1226
701789
1245
785083
1275
584731
1223
716320
1233
649518
948
714855
1243
732287
961
923729
1240
557105
1204
710279
1206
688841
895
726206
1190
701845
903
947962
940
497590
928
850032
937
644924
942
680847
956
732776
1204
881953
1233
596672
1221
869411
1234
694516
1230
688717
949
665507
1229
756879
1248
685704
1250
572813
1248
708455
1240
832130
805
809913
1247
690517
936
1014937
1233
601819
1254
731192
1227
830229
916
808884
1197
763407
910
931920
942
566545
950
975626
943
709294
957
939871
945
918767
1210
774835
1219
613375
1237
802354
1226
680447
1227
701004
958
701620
1241
659473
1247
696598
1260
502726
1235
685330
1229
709187
946
706434
1226
675340
945
896343
1226
525731
1216
690571
1222
770773
899
771477
1195
719904
896
914218
942
638013
945
899702
956
525345
941
659449
946
669794
1190
946665
1231
626163
1256
981546
1227
743846
1233
793200
945
841506
1224
726509
1258
814737
1257
616576
1247
928074
1230
858594
950
780518
1254
754434
941
1100191
1244
628622
1227
939060
1235
853617
904
782451
1208
768343
900
987429
925
704627
941
926802
937
659440
931
738761
937
776973
1209
976923
1242
670969
1252
1020909
1243
715528
1242
804122
949
790255
1244
796388
1216
826094
1242
683304
1229
842328
1231
1011969
930
760099
1234
762996
949
833568
1245
642360
1216
753612
1217
782718
904
798292
1185
896037
905
902136
1259
550715
945
820993
941
750561
927
784282
924
783795
1219
1013733
1245
671198
1238
965894
1257
849379
1250
858120
942
849802
1231
853991
1262
949223
1244
601310
1260
724104
1224
819744
958
782626
1220
782599
954
903338
1223
611450
1211
824114
1231
739264
1284
781086
1188
814255
904
1072845
936
622300
940
972064
926
639832
944
766045
924
767747
1187
812013
1228
605920
1240
995254
1235
859833
1237
808341
949
859246
1253
770338
1228
879649
1246
576751
1252
791850
1256
715880
955
677933
1235
792637
949
941574
1219
597707
1216
795273
1227
856485
909
742026
1216
832538
894
984528
944
689163
944
921609
959
559326
952
756691
944
769245
1191
1020758
1225
723383
1244
1029665
1235
751402
1244
859953
952
837896
1221
740529
1256
825949
1253
632468
1267
673816
1230
748355
953
787784
1234
795943
945
990948
1225
586518
1232
715831
1231
832900
917
834534
1194
919016
901
883844
927
517549
957
903735
947
584482
940
750851
940
817575
1194
923374
1240
658943
1232
870241
1230
901243
1236
776366
952
758623
1237
697703
1233
767172
1248
620806
1261
900133
1676
932683
944
948486
1260
967835
937
1051883
1242
629333
1232
963949
1256
850381
901
849651
1205
817616
899
939346
936
674122
939
1132142
943
705835
944
737490
938
800512
1195
1078732
1242
692389
1220
1148167
1240
853401
1241
914023
941
823041
1245
871714
1239
846752
1227
726069
1249
896784
1236
814083
940
915630
1245
873066
930
1246865
1222
622184
1236
718364
1228
729221
912
746061
1202
925585
896
1027547
951
682819
938
1045917
940
698267
948
772022
931
826829
1194
1058231
1210
646195
1246
1065183
1229
874219
1236
837362
946
895333
1250
755005
1225
855905
1250
653935
1231
1069255
1233
760840
942
747117
1250
852481
946
988488
1240
720015
1223
793019
1220
856936
906
755711
1667
689578
894
1203367
940
633622
931
870187
933
602019
941
844852
934
898623
1201
1015192
1245
720221
1229
849019
1249
911898
1236
902423
958
765287
1232
931641
1225
782034
1588
698554
1227
822649
1229
796606
950
909431
1234
737117
941
932928
1225
636001
1229
860323
1236
810204
901
808495
1198
890356
905
934007
Xput: 2521
