62089665.714286
57239170.476190
63356623.809524
62923649.047619
39370608.571429
45022210.000000
57375398.571429
61383937.142857
58248235.714286
37575479.523810
59296152.380952
66848109.523810
55054146.666667
52614736.666667
48508043.809524
74862943.809524
51087683.333333
66143935.238095
61156150.000000
65816045.238095
48596640.952381
56509330.476190
64305708.571429
66284409.523810
57241982.857143
41344486.666667
60926581.428571
68104797.619048
60352020.000000
57848447.619048
61119293.333333
67066413.333333
62003458.095238
59384478.095238
62188932.857143
66965031.904762
61551595.714286
61407027.142857
62483479.047619
67896299.047619
61742944.761905
57298719.047619
58007910.952381
65706600.000000
53649016.190476
48523956.666667
52257020.476190
62883220.952381
44808458.095238
45066650.476190
59540189.523810
62605509.047619
41792678.095238
43517221.428571
61570142.857143
63148811.428571
44396525.714286
43607522.380952
54702113.333333
57415668.571429
45148452.380952
44139310.000000
53862525.238095
58211967.142857
42175573.333333
41588146.666667
54256048.095238
59651236.666667
43907674.761905
42958167.142857
56617024.285714
61205287.142857
49567249.047619
45913462.857143
48131152.857143
54351262.857143
46588043.333333
49430175.714286
53858119.523810
52468648.095238
38520645.714286
53686066.190476
66118725.714286
73983814.761905
58709814.285714
57517684.285714
63928938.095238
72164670.000000
56545881.428571
61895707.142857
48767820.476190
53718398.571429
61276680.476190
63964379.047619
63764430.000000
45902600.000000
55281879.523810
60498494.285714
52459815.238095
81375838.571429
56420253.333333
61755989.523810
62183972.857143
49542347.142857
39010554.761905
47300967.142857
61011333.333333
65065909.047619
66678564.761905
38128102.857143
65499966.190476
70627420.000000
47803774.761905
62824619.047619
49304226.666667
48954732.380952
52522324.761905
54682961.904762
42071969.523810
43831737.142857
57500530.000000
61846305.714286
50892852.380952
46649137.619048
54196360.952381
63203905.238095
47228114.285714
47119842.380952
50611452.380952
57089921.428571
46554451.428571
45737409.047619
53591383.333333
61341496.190476
51517401.904762
49692101.904762
62222095.238095
65898994.761905
56371457.142857
52666595.714286
60204191.428571
62654174.761905
58983729.047619
55301929.047619
59933805.238095
65752751.904762
63892990.952381
60703506.666667
56878614.285714
63768619.047619
51690876.190476
48184873.333333
59942911.904762
66978293.333333
50104011.904762
49473200.000000
54661727.142857
57808099.047619
46789576.190476
46629410.000000
52405257.142857
60561880.000000
47535393.809524
47757004.285714
54094166.190476
62918980.952381
47481569.523810
47201276.666667
53793039.523810
57400020.952381
50652684.285714
49422047.142857
53973837.619048
56373546.666667
46861987.142857
45805628.095238
56348912.380952
66279314.285714
65282462.380952
58939571.428571
70857898.571429
85542116.190476
61065268.571429
42353660.952381
64675263.809524
65098967.619048
64602532.380952
65994146.666667
55057208.571429
65584883.809524
48467276.666667
46993654.285714
50727142.857143
61642808.571429
44676967.142857
44300053.333333
58926540.952381
58562575.714286
46478774.761905
45556731.428571
54372515.238095
56598533.333333
50416067.142857
49868972.857143
55257386.666667
63021875.714286
48803354.285714
47400717.142857
57747547.142857
64711858.571429
48055288.095238
47560372.857143
56976080.000000
58309468.571429
48114480.476190
47587077.619048
51912223.809524
54195460.476190
46275496.190476
45107874.285714
52972333.333333
60011457.142857
42289243.809524
42471394.285714
54007863.333333
61219953.809524
48434829.047619
46296305.714286
52841141.904762
64248134.285714
42555415.238095
45645765.238095
55061746.666667
60045528.095238
43847937.142857
42882716.190476
58506670.476190
61373806.190476
44361740.952381
43965975.714286
62310773.333333
61638548.571429
47631130.952381
45931774.761905
50708897.142857
57757379.047619
44599132.380952
45061480.000000
52683022.857143
58707002.857143
46116083.809524
44302596.190476
51020793.333333
58258470.000000
47517521.428571
46082424.285714
54737570.000000
65756418.571429
50139160.000000
47116104.761905
63532949.523810
67771215.714286
65126191.904762
61687223.333333
53454995.238095
57418850.952381
49390000.000000
48590059.047619
61995324.761905
66542276.190476
51607403.333333
50996349.523810
61464175.238095
65352621.904762
57013808.095238
48957329.047619
63856909.523810
65395596.666667
55962186.190476
55728029.523810
62245571.904762
61580691.904762
69401600.476190
69543216.666667
71569020.000000
74008566.190476
60098155.238095
63072010.000000
60871610.476190
59825756.666667
54634984.285714
56828743.809524
63663134.285714
73721725.238095
61857324.761905
65846484.761905
49926995.238095
62219216.190476
60898620.000000
63684147.619048
60875774.285714
63476986.666667
41237941.428571
47869139.047619
56957184.761905
59219122.857143
61538720.000000
44083777.619048
58939666.666667
62824423.809524
54317090.952381
72635402.857143
49909423.333333
44655761.904762
43164008.095238
58397463.809524
40041196.190476
36922171.904762
48475049.523810
58011915.714286
49605480.952381
45328316.190476
51125854.761905
58343490.476190
42558302.380952
40565585.238095
45803902.857143
49101914.285714
45153283.333333
42702028.095238
49669426.190476
54944405.714286
43625310.476190
41569632.380952
49298948.571429
53940219.047619
49568830.000000
46094668.571429
50507363.809524
60428685.714286
54730796.190476
51445925.714286
44064173.333333
54288851.428571
42126932.380952
42694581.904762
53785906.190476
64381502.857143
56974097.619048
41358986.666667
46084965.714286
54119617.142857
56682539.523810
57174518.571429
50838344.285714
79567749.047619
54183435.714286
38856223.809524
45063657.619048
65981640.476190
40579925.714286
38214580.000000
47731171.904762
54882772.380952
51782550.952381
46862077.619048
56891899.523810
68914736.190476
56444167.619048
45522308.571429
56847747.142857
66156342.857143
67028470.476190
52686699.047619
53719251.904762
62015435.714286
47604627.619048
51747609.523810
55911616.190476
59512968.095238
49612249.523810
59116535.238095
56134021.428571
58081531.428571
72112623.333333
49978755.714286
55514987.142857
52806762.380952
58285620.476190
62468635.238095
48796302.380952
56662616.666667
66841110.000000
64934385.238095
43512554.285714
54957383.333333
53635919.047619
68364813.333333
59137704.761905
58003867.619048
65499989.523810
41676402.857143
60525388.095238
47497430.952381
51627880.000000
59413044.761905
69298465.714286
88275929.047619
43570189.523810
37978247.619048
58101771.428571
46027255.238095
44919178.571429
59983505.238095
62142332.380952
68389395.714286
54051278.095238
62639899.047619
76170848.571429
47439784.285714
43727121.904762
47663188.571429
56801272.380952
41901515.238095
43780205.714286
52240670.476190
55697304.761905
28441807.619048
51233453.333333
56176460.000000
60182004.285714
59720283.809524
38286413.333333
55776805.714286
59355502.857143
62605086.190476
90140034.761905
37686121.428571
69077425.714286
81908473.333333
73694734.285714
77470924.285714
39019760.000000
67770842.857143
35768523.809524
57814949.523810
64063578.095238
67314629.047619
77971716.190476
65867294.761905
68078184.285714
67284962.857143
71862519.047619
74130930.476190
55827603.809524
61686019.047619
58317264.761905
65283973.809524
55971472.380952
53925879.523810
53501770.476190
67455819.523810
61921188.095238
50605524.761905
68638410.952381
67989449.523810
78243756.190476
41915894.285714
69542449.523810
71456638.571429
50760383.809524
69680598.571429
56166489.523810
50413888.095238
45824705.238095
61040574.761905
41705361.904762
41881756.190476
51461057.142857
61369949.523810
56495021.428571
48911538.571429
59780411.428571
72506140.000000
55574710.476190
52798182.380952
50334449.523810
65322590.952381
46753577.142857
46793806.190476
55568312.380952
58718089.047619
43853893.809524
41736331.428571
60011130.952381
60416500.952381
62173268.571429
52257530.952381
66083342.380952
70541203.809524
65504292.857143
61643083.809524
63153601.428571
67596985.238095
65310009.047619
62428899.523810
62548091.428571
67880915.714286
65743381.428571
61773321.428571
67938430.476190
77072929.047619
68216371.428571
63874618.571429
62353780.000000
76121954.285714
60454828.095238
58211727.619048
54386038.571429
52576135.714286
44338604.285714
42640675.238095
55263382.380952
62240317.619048
46802308.095238
45288781.428571
53492966.190476
56092835.238095
43787528.095238
41994205.238095
52848946.666667
68900346.666667
49033780.952381
47696274.285714
57091613.809524
55256751.428571
41828900.476190
46895121.428571
63160750.476190
64532790.000000
65827114.285714
55319221.904762
67282956.666667
74707916.190476
52547479.523810
49877230.000000
65438937.142857
71865728.571429
65133647.619048
60427146.666667
56586333.333333
68747409.523810
50422367.619048
50522015.238095
47515722.380952
51158781.904762
41010116.190476
42421396.666667
53800161.904762
62872161.904762
49708171.428571
42161065.238095
51784819.523810
80813229.523810
51879670.000000
49542616.666667
51728066.666667
60349865.238095
64134483.333333
55923473.809524
59164900.952381
61005542.380952
44045932.380952
52124036.666667
65863747.619048
73507430.476190
67368831.904762
43982003.809524
60638958.095238
65034398.095238
64887805.238095
61125963.333333
66487639.047619
69474041.904762
68527995.714286
63301651.904762
65929607.619048
69655339.047619
65327765.238095
62581229.047619
64797801.904762
65923163.809524
66678831.428571
64935070.952381
63770236.190476
68406595.238095
57613104.761905
54681053.333333
58139273.809524
62159001.904762
57941927.142857
49110434.285714
59500659.047619
79533250.000000
48767495.714286
47458879.047619
51457944.761905
52530571.428571
40589339.047619
43407807.619048
51203662.857143
58774660.476190
51143700.000000
41928421.904762
51671979.047619
67782690.952381
46415184.761905
53792446.190476
55654607.142857
54734615.714286
51896175.714286
57644204.761905
61765234.761905
67639499.047619
74393605.714286
49072710.476190
55212223.809524
56171412.857143
68544128.095238
60286226.666667
49700557.142857
49529726.666667
68849339.523810
75825729.047619
45314108.571429
70995016.190476
68766804.285714
50619053.333333
46777335.714286
60211880.952381
64400108.571429
49489038.571429
61283646.666667
68215563.333333
75853491.428571
54112914.761905
52317829.523810
58232543.333333
56265556.666667
61302436.190476
66860296.190476
69858471.428571
73698222.380952
73643377.619048
85602310.476190
81997395.714286
90964501.904762
76623813.333333
48326018.095238
48723265.238095
57058717.142857
59139720.000000
77302483.809524
44494181.904762
61014338.095238
68030740.476190
76064842.857143
57761271.904762
48994141.904762
73071653.809524
52681592.857143
51500547.142857
52738685.238095
52142817.142857
58783130.952381
56021771.428571
58350424.761905
62752956.190476
44861090.952381
36016721.904762
74046337.619048
76449503.333333
62651345.238095
59730068.571429
65580455.238095
68718013.333333
57654379.523810
60811588.571429
66497488.095238
73314168.571429
64055454.761905
66855298.571429
55911336.666667
68031175.238095
52665300.000000
48661812.380952
45771592.380952
52588857.142857
46868969.047619
43033998.095238
57001894.285714
60467070.476190
52878026.666667
45023075.238095
55022628.571429
60723772.380952
54573566.666667
45608071.428571
54998033.809524
59675744.285714
54578887.142857
48909668.095238
58521140.000000
61234228.095238
57598475.238095
52789740.952381
63622828.571429
65635411.428571
58496111.904762
53497969.047619
66033340.952381
68019204.761905
60380024.761905
56478236.666667
59876499.047619
63757397.619048
65631543.809524
60618754.285714
50997961.904762
56691992.857143
50932725.238095
46117541.904762
48830462.857143
58598963.333333
51524374.761905
48426493.333333
49810798.095238
54825893.333333
51740306.666667
48872028.095238
50530957.142857
57064287.619048
45807043.809524
51188175.238095
49294232.857143
51114403.809524
46015533.809524
46251290.952381
47342744.761905
50814100.476190
49994884.285714
49472161.904762
47521432.380952
52432367.619048
53866053.333333
53862886.666667
74731159.047619
84133149.523810
64545927.142857
66026722.857143
43328845.714286
66618466.666667
43554883.333333
53633409.523810
54909388.095238
55953483.809524
49457661.904762
45365857.619048
46804334.285714
49417700.952381
41560075.238095
43424843.809524
53605462.857143
61286032.857143
46999107.619048
46043556.666667
49543798.095238
53919477.619048
38943368.571429
54352070.000000
60802660.952381
64491950.952381
77112703.809524
47860633.333333
51714637.619048
59535725.238095
64007843.809524
66360344.761905
53513958.095238
58858641.904762
57620600.000000
82335350.952381
58997366.190476
63799728.571429
61151399.523810
42700278.095238
38610685.238095
55828608.095238
57284296.190476
63669008.095238
73033304.761905
54085439.047619
47606305.714286
51066386.666667
57742802.380952
60926559.047619
65607411.428571
63697939.047619
70067409.523810
56282136.190476
54242008.095238
56107364.285714
69061675.714286
48062884.761905
46636667.619048
48975458.095238
53764176.666667
54677536.190476
50896724.761905
59533941.904762
64893913.333333
51211696.666667
48805834.761905
50857296.190476
58737567.142857
50967577.142857
48648600.476190
59139210.952381
68921004.761905
58194843.809524
54999189.047619
52077887.142857
65477598.571429
51465750.000000
49480472.380952
47633988.571429
49736982.380952
48302971.428571
45945286.666667
49883165.714286
53549347.142857
47687582.857143
44982832.380952
47232743.333333
52776825.714286
51679615.238095
58776457.142857
67945340.476190
67133743.809524
66241309.047619
50566811.904762
65852248.095238
70601476.190476
51202459.047619
65746350.476190
68032376.190476
69231091.428571
58195365.714286
80848668.571429
47983815.238095
52112962.857143
54046358.095238
54366702.857143
55122035.714286
43326114.285714
55786420.000000
61639773.333333
45240085.238095
45633255.714286
51479097.142857
56266548.095238
40488389.047619
47506264.761905
58265795.238095
60544425.238095
49149186.190476
50085277.619048
54391327.142857
61286763.809524
55696689.523810
51482322.857143
50458464.761905
71599117.142857
54795665.238095
51764283.809524
54307280.476190
54587917.142857
45774710.476190
40940037.619048
49700230.476190
61458810.952381
50064646.190476
48474770.476190
54360335.714286
55386202.380952
47585089.523810
43354724.761905
52926760.476190
65113312.380952
48795391.904762
46950632.380952
54293590.000000
55417404.285714
47841724.761905
45482095.714286
55589433.333333
60298719.047619
50685819.047619
41475967.619048
63352923.333333
70256930.952381
64398559.523810
58858569.523810
64373062.380952
70418807.142857
54011702.380952
60103627.619048
55548452.380952
63394063.809524
52130738.571429
48038398.095238
54274989.047619
61069534.285714
46523365.714286
45073264.285714
49180978.095238
54531825.238095
40586969.047619
49636117.142857
57050321.904762
66542765.714286
52063001.428571
43914040.952381
48961569.523810
64932914.761905
50480905.238095
50124920.000000
54230451.428571
56687924.761905
42833177.142857
42651756.190476
52568171.428571
58899476.190476
42028434.285714
43177525.714286
55221445.714286
58968788.095238
44998514.285714
42924716.190476
47192298.095238
52734207.619048
51211552.380952
50813975.714286
51383697.619048
49534758.095238
36342921.904762
36415089.523810
36645789.047619
31097826.666667
32436689.523810
41460504.761905
49732019.047619
51482432.380952
56075161.904762
40523425.238095
45703992.857143
51025520.952381
56807203.809524
50928043.809524
38845812.380952
56578572.857143
61974862.857143
60158903.333333
59956298.095238
48903180.952381
66313521.428571
42802196.190476
41377133.333333
54206748.095238
55657468.571429
52932535.714286
50786714.285714
64081144.761905
67301410.000000
59056696.666667
54925558.095238
55573262.857143
62066420.952381
51888900.000000
47567245.714286
51007549.523810
62811335.714286
53197134.285714
47420500.000000
46878162.380952
82827347.619048
59121353.333333
41213940.000000
44589925.714286
63908783.333333
43977512.380952
64397720.952381
64638482.380952
67810312.380952
88686887.619048
55806590.000000
49099015.238095
53982259.047619
46783118.571429
48839127.619048
78891580.952381
83404504.761905
86936732.380952
82372973.333333
50049089.523810
54309391.904762
57650106.190476
62834981.428571
49058062.857143
51930500.952381
58767783.333333
61899941.904762
96612355.714286
51116156.190476
56474247.619048
58264593.809524
68852700.476190
38018180.476190
37917310.476190
49660145.714286
54417771.428571
49122497.619048
45637600.952381
54765568.095238
62619272.380952
61650592.380952
74699651.428571
46707964.285714
72417295.714286
44566051.428571
48009679.523810
60374555.238095
68219472.380952
64580330.952381
56095051.428571
50794683.809524
59814926.190476
45015196.666667
43732929.523810
48193389.523810
53132508.095238
48600624.285714
49138342.857143
58189220.952381
59628677.142857
42043492.380952
40310330.476190
56343937.619048
63896505.238095
61181962.380952
57087927.142857
53473479.523810
57627379.523810
46049268.571429
44433201.904762
48338814.285714
54484616.666667
46458741.904762
44790988.571429
66172832.380952
72699810.476190
56479766.666667
55440020.000000
59541730.952381
62617274.285714
57414140.000000
54463443.333333
55805213.333333
62093938.571429
53211966.666667
51300574.285714
55668264.761905
63146579.047619
46731838.571429
45278245.238095
46122992.380952
54318760.000000
41686296.666667
42841857.142857
52796605.714286
56862985.714286
40791009.523810
39781533.333333
54373555.714286
58067965.714286
59730019.047619
64701910.952381
57791687.619048
59339143.333333
36441195.238095
52329030.000000
57413005.238095
64433899.523810
72043442.857143
60755541.428571
52306339.047619
53731602.857143
70360144.285714
41496867.142857
49819910.476190
52771757.619048
55093403.333333
71770019.523810
37981098.571429
66525636.190476
65771738.095238
40787927.619048
68808743.333333
59260963.809524
64245407.142857
80503685.714286
76057540.476190
52071933.809524
44329552.857143
49192930.952381
64636466.190476
41852177.142857
42363400.952381
51769148.571429
56030615.238095
40820049.523810
38923947.142857
51912533.333333
60717684.285714
45221103.809524
43063539.047619
51892426.666667
56277553.809524
46723243.809524
60405318.571429
51450053.809524
56545403.809524
41545807.619048
42483405.714286
47940843.809524
55278917.142857
38133741.428571
38298137.142857
55196985.714286
55003860.000000
46544801.904762
43583905.714286
56770018.571429
62933308.095238
55571163.809524
52803427.619048
55221031.428571
60854437.619048
51252524.761905
48425997.142857
49859060.952381
58620990.000000
48394570.000000
46220110.476190
44881679.523810
59999944.761905
35268089.523810
51746229.523810
57955542.380952
57416593.809524
87234719.523810
40518820.952381
59518352.380952
62983003.809524
60807951.428571
75415368.095238
57360408.095238
59378616.190476
54126653.809524
70986956.666667
57755156.666667
61285928.571429
53767964.285714
52222605.238095
43960343.333333
59754872.380952
57709811.428571
64296743.333333
65339105.714286
54411388.095238
61042650.000000
66717168.095238
59832410.952381
52560047.142857
43939975.238095
58841407.619048
64035203.333333
66439161.904762
55480455.238095
56831325.714286
58521689.047619
63880533.333333
69687625.238095
43428053.333333
56212815.714286
49373407.619048
36668053.809524
58501159.047619
63758342.380952
49431092.380952
45424395.238095
51989514.285714
60356423.333333
46828564.285714
44566055.238095
54372537.142857
58803700.952381
45673151.904762
43149454.761905
52605062.857143
58916653.809524
58621443.809524
51315529.523810
54750817.142857
59887478.571429
47136585.714286
46097312.380952
56068628.571429
62016491.904762
57034417.142857
59818046.666667
48827024.285714
76174096.190476
42168908.095238
51952894.761905
56720285.714286
62776469.047619
82426653.333333
59579630.952381
55963262.857143
56354435.238095
55133346.190476
41676698.095238
56577841.428571
57746198.095238
70715320.952381
84263091.428571
47480123.333333
54288022.380952
56344582.857143
54781797.619048
75110806.190476
47303755.238095
57949019.047619
59627057.619048
66554956.190476
53979233.809524
53174396.666667
51605801.428571
65722255.238095
65028849.047619
38251390.952381
55868556.190476
79012439.523810
48889871.904762
49435802.380952
53448559.047619
51867270.000000
41056811.904762
39187966.190476
59038388.571429
65653875.238095
54266550.476190
51057367.142857
55336769.523810
63544737.619048
46927779.523810
45793080.952381
53383554.761905
62842494.761905
45525449.523810
44832155.238095
67228377.619048
70564820.000000
61017104.285714
46801888.571429
51042318.095238
59034302.380952
53505598.571429
51718847.142857
52886817.142857
72601830.000000
39676906.666667
45434132.380952
53454148.095238
59321903.809524
62721078.571429
47063836.190476
55603958.571429
60181634.285714
55135940.952381
66699246.666667
56758988.571429
57187009.047619
52813775.238095
54771413.333333
60286554.761905
66668487.142857
58086454.285714
59071829.523810
67485920.476190
66508409.523810
84309530.476190
82057841.904762
62272086.666667
72829860.952381
60838923.809524
58022715.238095
56314502.380952
57093197.619048
39863102.380952
39110327.619048
52775813.809524
58407211.428571
45846352.380952
43738506.666667
48804492.380952
53700773.809524
40993448.571429
39220619.047619
53455506.666667
58663304.285714
46289240.000000
43997847.619048
50650952.380952
57138257.142857
44194236.666667
41928578.095238
66332103.333333
74184550.476190
71990171.904762
70576688.571429
57649268.095238
61081320.476190
52065318.095238
50165720.000000
52761280.000000
56025131.428571
52591859.047619
50563951.428571
51093916.666667
56783606.190476
48455796.190476
46236204.761905
50423189.523810
58926833.809524
60184443.809524
65374476.190476
55745575.238095
60066321.904762
43970134.761905
49028887.619048
61266827.619048
63389674.761905
70326759.047619
43316335.238095
56250211.904762
61219277.142857
47968550.000000
84346581.904762
46656480.000000
52994634.285714
53824069.047619
48408717.619048
42385981.904762
41467830.476190
49621379.047619
41013766.666667
42006518.095238
36982236.666667
