1734
879
1050
640
699
1039
1085
611
673
883
564
840
1001
829
544
1017
80609
171925
312887
170808
313506
240108
86972
245194
318294
242608
166481
309794
163637
320234
161972
312940
162628
316572
163968
316196
164578
239757
317808
87495
316957
172520
319324
170364
321353
167911
250203
326354
246346
163756
314092
163192
317444
166713
320589
166018
248345
166518
246063
318259
238083
165334
240991
314828
241224
165794
320835
169755
316296
166603
317444
241375
162507
165114
308952
234627
163024
315684
165973
314605
163551
316582
163874
314591
163623
312973
163938
241981
319358
160216
240462
163126
320468
162803
315220
166847
238213
315051
236001
161109
315338
163097
321532
161656
314455
164202
314878
86962
241197
320106
235591
164861
244267
313111
243013
160890
315874
165941
311360
165532
316431
231829
165487
241667
237898
234680
164344
317617
166024
313063
162897
313361
165213
315328
165109
314443
164675
239735
313583
170346
312080
86240
311824
166507
317342
162405
242820
312518
237873
163691
315900
164556
314961
163106
317057
162226
317274
160826
166546
313312
237464
165950
242117
320076
237478
163321
311946
165394
314832
163668
314590
238196
165014
241785
300876
163346
165479
310116
167313
313131
166694
314019
163304
316642
161430
334047
162697
245915
313910
160444
319036
160259
238602
164364
314751
165433
250069
318248
241384
169972
322300
162020
317090
163986
318943
156704
359556
173182
245101
235327
241228
164780
242779
312996
238425
164570
313911
163332
310292
172633
432530
259461
193228
242611
315252
239990
84180
313651
166967
315725
163253
315910
162760
317242
166001
319224
169429
239565
319040
161370
315598
212464
313400
81458
305597
164822
243409
307441
243709
160145
308327
163909
315257
161497
317291
169469
314364
163802
233391
314113
155599
165151
240491
312411
232619
171017
315696
170636
312282
163259
313641
234371
160062
235464
317823
235427
168914
235381
170709
320601
163716
314775
167287
312657
162398
313631
155393
240226
320679
159923
315980
163306
317880
162395
232838
166542
240622
316546
237175
164970
314565
167047
315575
162621
316598
162780
314321
165470
237399
315664
243955
86316
235965
314724
244132
161796
315326
165154
312187
167007
314933
243475
166117
243813
315875
228432
164069
317470
87192
311026
166328
317893
167316
318985
163097
316082
162992
242310
315029
160495
322589
168067
309856
164441
311063
88324
241504
306810
236270
162461
316380
166167
306751
169757
312058
168420
313295
163661
241582
305364
236636
162238
161228
310338
238376
163302
311279
164292
314603
165953
312423
233980
165316
238054
304324
236554
163766
315613
161517
233350
167525
309075
162892
311052
170840
316307
166606
241149
309273
164066
314481
163139
318784
161557
313770
161839
164456
349473
258937
168050
317300
166230
309224
160939
313357
169876
374973
165230
243680
317928
239907
165572
241144
234871
240543
165668
317761
173280
318461
166293
313749
239714
166726
245310
315913
239733
166215
318894
168197
316876
85571
312485
167000
318665
162632
318968
168227
241215
318425
173703
316390
167519
313464
164402
317727
163089
244428
235941
236147
166287
313446
162094
313532
168257
312142
162883
316363
166449
239390
312545
242431
161349
243199
312723
159956
167440
308034
162315
312261
167837
312413
240806
158638
238813
319646
241676
164375
318965
164088
318041
167576
231787
168777
313672
162832
316810
162180
241796
308665
161141
313382
166316
313334
173804
314592
165669
244092
313233
161496
164460
313308
187736
331680
172724
323540
166809
321486
164730
246725
312837
239230
168944
248637
313943
238374
88958
314584
169948
317610
161165
318734
238233
160658
240028
318345
242770
169441
318730
165168
327138
164081
317925
86325
311970
173714
317984
172945
245431
316391
168660
316287
164777
320799
160594
316523
161202
235413
304635
242355
85254
315714
167703
319613
163492
318162
165984
314835
163222
241387
320619
239124
162431
240042
317795
246449
165288
237316
164957
310712
166695
306486
232336
161635
248339
309589
237629
169812
317277
162307
316368
161151
328173
166267
232890
168863
313487
165898
245393
317982
164079
314582
164094
318433
163006
315101
165595
246063
316409
248009
163305
243090
168955
310834
164143
315159
167163
315058
161723
241264
314724
247919
167881
243734
315974
234679
169381
312687
87619
313292
166837
309945
246642
165074
243195
313950
239655
164052
325355
166083
318221
167146
311720
168082
310868
87709
315928
173062
242278
309896
167719
317604
170420
316876
163770
316813
166208
242203
314057
241063
162763
315842
88008
314584
166691
316631
162353
323961
169538
246121
311880
236701
162983
241367
318098
238780
183207
342690
164729
239141
171376
317165
236344
165393
242536
310591
241042
164586
319806
168416
316816
164137
317060
163636
318688
165166
241536
167310
237838
320845
165495
310535
166184
319202
164446
321332
164586
242755
312551
236511
166468
317294
168145
236211
164949
318603
166654
315122
170345
242662
315199
244587
158706
241160
317307
237936
165570
312833
170632
311317
91381
320379
237290
166442
245639
314415
235685
164155
315597
163338
315162
164981
313028
164229
316751
164744
313417
87398
245955
314682
169349
314480
164193
312222
164669
318254
163512
247179
316126
231933
158975
311881
170220
318990
90118
312767
169220
313069
161617
241644
304808
236541
162699
247261
314510
237867
167413
316901
164356
315940
169073
234799
235504
170707
244077
319404
237395
166817
322567
165118
319421
163461
312910
164780
315386
171462
308119
216836
171579
315751
164363
312290
165549
313720
163761
324448
164347
246139
314920
243519
162931
316617
162221
316776
164394
235509
168370
315236
168502
242680
317581
239511
164707
241367
328749
235090
165034
314476
165963
340054
224740
315586
164503
167633
240492
323709
241377
168065
314706
169625
315499
166773
319167
165677
316712
162104
323570
165495
245306
237390
164811
312049
167757
314883
169006
311969
168022
245654
311972
233436
163387
312885
164454
321054
173786
322749
87658
319297
169485
239868
363243
258882
168418
240645
311243
238902
165905
315433
168110
315758
164261
324973
239575
86569
243320
310336
245594
166408
317661
164125
315582
164482
316972
164878
314348
167745
320029
163501
243224
314199
87276
311773
165411
314846
163361
315836
163150
244754
314208
237451
163774
315683
167630
312806
160040
319072
164194
237076
168358
243026
317025
229579
163865
236921
312216
229799
158535
314072
167800
315304
174217
312749
244546
162015
166271
315159
248305
179414
325435
168739
319601
169437
320721
166604
321816
166332
317209
166350
243810
320719
161591
238245
167435
313439
167161
310176
168020
240734
312635
235880
158606
308713
166315
313270
174694
317970
164630
312174
83553
241805
311659
239325
163432
246192
312277
233261
165910
310273
167717
309736
158878
311894
235588
167683
239212
236182
238277
164397
313608
165431
315259
167257
312211
163446
313252
166352
318338
162222
239110
314834
166306
314283
86624
315494
169975
310652
162160
241086
309543
234438
165490
306288
160222
316431
164262
316545
161065
319628
165232
159940
309921
234745
169933
271892
342056
238164
165601
316555
168725
312768
163494
312060
240895
162438
242656
315903
159537
167473
311383
163446
313508
166820
313921
164270
317988
160958
318837
165733
245625
309185
162160
314918
164123
237259
169057
310203
160119
242799
308852
237422
163210
315932
160733
313715
163773
309845
169497
320210
166694
237751
238148
235913
166974
237702
314099
229311
162272
313741
164599
316768
171458
313072
247471
163172
241582
310281
238905
84482
314761
166319
316042
168286
317891
163104
316290
166241
309223
170124
243837
318404
163370
317376
164630
313836
84106
314519
166294
238336
314240
236070
172792
312531
168469
310925
162823
318535
161674
318031
160954
246054
307588
161557
165719
237552
310217
240824
167412
316990
164766
312854
163304
314575
236120
167144
241160
312533
237686
162686
237833
163808
315215
168661
320655
172055
315061
166190
314406
164883
247940
320328
164722
319495
163582
312814
167333
238974
162431
248457
316564
239124
165226
314828
161547
318418
163979
313900
162799
318912
162028
240279
317900
241570
88321
242961
313923
238027
165162
317055
166138
310760
165312
318413
237854
165536
247529
325698
240217
166093
311322
85567
312008
165348
312623
170250
310039
165981
314620
164685
237416
315957
164808
324146
172487
311978
166771
311789
84689
240540
314482
241326
160674
340823
168848
319438
163435
319332
170802
327521
166873
243627
326981
243195
164622
164539
311070
237948
169393
314059
167233
321944
165123
317771
247578
168468
250642
316727
245063
169755
322517
164112
240047
173258
317525
169352
315079
167643
319126
171856
246142
319907
170442
321512
167425
315351
175175
317882
168141
164176
311886
241842
164974
318618
175712
314146
173631
318174
162242
314470
164398
244068
314818
240373
166949
250732
237603
247248
172589
319392
161596
322134
176948
314948
240561
165132
247410
321107
243694
160657
314460
166515
312190
86090
313074
168648
318817
171643
315866
161763
249580
318623
163966
314647
162054
316236
163027
314150
169245
249731
234673
241461
170430
315232
168189
319274
163130
316573
171705
317655
167068
243437
313605
240992
167787
242075
311629
162143
163275
314333
167162
312953
162611
319041
236400
168610
237502
313623
240608
169788
311361
185664
374444
171151
234538
165924
326155
166476
317424
170717
244495
314759
168687
310320
162252
318141
164154
315181
163576
243641
312185
164298
166568
310330
161870
316454
162059
317222
165177
310855
164729
240218
316189
243836
168266
246976
320686
240631
91615
361186
173210
313522
166241
322890
240816
171357
242013
318140
244051
162628
318987
162296
311537
173194
309808
84023
313194
172708
311858
164457
294712
328472
175975
314632
224250
331424
166037
313588
166232
249119
319660
246190
85629
313038
164751
316948
166516
323422
170049
322301
164456
240013
327218
241399
165296
245486
319428
242552
168186
238195
167123
318279
169479
319265
243491
169116
249826
317191
240901
171593
321352
170091
323040
165793
316812
164208
243436
170700
317715
163776
240919
316327
164723
314265
160774
314018
165549
316394
166144
237549
313299
241896
160251
239747
167523
310989
168742
313906
164826
310893
164816
241938
319664
234807
171471
244476
325036
244051
167916
318034
91960
315287
172197
316493
237348
167317
243661
317935
244484
160744
314277
162348
318781
164303
311553
165286
314321
87945
309744
166331
242270
307810
163696
304493
161747
316773
168650
310648
162450
239423
313649
233680
163208
308370
87412
315053
166210
315694
162437
323183
164736
243176
320963
241441
163208
238088
315179
238649
161654
320005
165472
236050
169524
315463
242106
161955
246346
313044
239149
165574
319909
169373
312773
162264
317986
169301
319788
165041
238482
168633
246282
316540
165028
315116
162143
316171
164534
312714
166667
240212
314609
242887
165993
313032
162181
233629
167984
320722
171180
322653
164851
241842
314071
241617
168541
248053
318076
244802
162124
316386
165056
309225
87102
311541
237605
165395
239266
319797
263147
181677
321630
157842
316869
190821
323774
177092
368634
160822
315462
87685
241942
311697
167137
313967
163612
314283
163493
321119
160132
242912
313132
235932
165720
311396
164503
316043
88855
314538
163070
324421
169049
283538
346319
252771
163752
241580
313390
239736
164286
346742
191506
329161
174822
249305
246928
173992
249665
309351
242371
166750
314372
174058
326545
168902
313770
169609
325198
168348
326214
162905
173086
319866
171489
319407
165133
312713
167444
322323
168811
244726
321010
239384
166665
325964
163314
319889
169049
236115
172401
316949
167270
244566
320238
237193
170329
248815
311954
240723
168589
313049
167018
321326
167684
316375
156766
167370
246902
316997
236975
165519
315709
170378
322456
163761
318461
163962
317137
163212
310288
171395
233362
239040
166313
314062
168490
317070
176590
315444
162577
239061
318231
241233
163249
315029
168698
312781
173125
Xput: 4259
