50664930.000000
35386887.142857
33978202.857143
32444825.714286
31936927.142857
28984563.333333
30950698.571429
33157117.619048
29792152.380952
31654580.000000
29359472.857143
33975818.095238
31247730.952381
30424702.380952
30757217.619048
29166268.571429
30424065.714286
29090889.523810
31017663.809524
30747318.095238
30065292.857143
28806831.904762
31252842.380952
29733467.142857
28427162.380952
29129365.714286
28737974.761905
30249907.142857
28265060.000000
29796982.380952
28956789.047619
28062579.047619
29877803.809524
28885656.190476
31529772.857143
29136680.952381
27168466.666667
31437648.095238
30115550.476190
27567705.714286
28709946.666667
28125524.761905
29298069.523810
27322604.285714
29319658.571429
27839953.809524
31405249.047619
27555373.809524
29447132.380952
29360002.380952
27914329.047619
26915877.619048
28367312.857143
27314144.761905
27514468.095238
27972140.952381
27738849.047619
29040148.095238
27268618.571429
28652803.809524
28612946.666667
28068704.761905
28647160.000000
27090233.333333
26962873.333333
28295292.380952
27236526.666667
27026538.095238
28456229.523810
26892229.523810
29556308.571429
27178885.714286
27411103.809524
27244816.190476
27937028.571429
28772069.047619
29028899.047619
27736374.761905
29386049.523810
27695405.714286
28089623.809524
27793914.285714
29365401.904762
28869697.142857
27572927.619048
29031171.428571
27880169.523810
27612933.809524
27800119.523810
28253127.619048
28957891.904762
26968934.761905
30760085.714286
27221985.714286
29528544.761905
29188465.238095
27441542.380952
28703942.380952
26832630.952381
30180870.476190
28297443.809524
30406757.619048
28864051.904762
28501665.714286
29849752.380952
31238256.190476
30640903.809524
29774274.285714
28933939.523810
27643862.857143
30524655.714286
27502324.285714
28498928.571429
30791310.952381
28696860.000000
29045615.238095
29313400.000000
29876819.523810
27920014.761905
28931060.952381
28967504.285714
28889414.761905
29002513.333333
27605036.666667
28153514.285714
29267200.000000
27341110.476190
28619414.285714
28762145.714286
28003614.285714
28091707.142857
29091923.809524
31048277.142857
29695860.952381
31264932.380952
27732317.142857
28235053.333333
26965070.476190
28775656.190476
30352250.476190
28166215.238095
27208908.571429
28610650.476190
28717536.190476
28062054.285714
28548046.666667
29498855.238095
28403477.142857
28700791.428571
27340862.857143
29935393.333333
27750346.666667
27513774.285714
29265363.333333
27128559.047619
29917135.238095
27492653.333333
29210658.095238
27733761.904762
28559547.619048
29799449.523810
28121067.619048
27950395.238095
28761575.714286
29557616.190476
27478280.952381
27827277.142857
28260002.380952
27790877.142857
30773529.523810
30359946.666667
28634300.952381
27926968.095238
28763682.857143
28654782.857143
29675940.000000
30979972.380952
27648877.142857
28063866.666667
29862344.285714
28014640.952381
28504120.952381
27430326.666667
28171975.238095
27911763.809524
28477726.666667
27223120.000000
29669177.142857
27750700.952381
28723846.666667
27723886.666667
28647807.619048
27878460.000000
30332082.857143
30052250.476190
27425375.238095
30280369.047619
27838325.714286
30368462.857143
27750873.333333
28757216.190476
27936792.380952
28655511.428571
27814174.285714
28761852.380952
27911612.380952
30638986.666667
30252685.714286
29578089.523810
27874742.857143
29397147.619048
29493436.190476
28487361.904762
26913232.380952
28635372.380952
27314878.095238
27370813.333333
27675801.904762
29987301.904762
28822300.952381
27001206.666667
27245204.761905
28836396.190476
28619298.095238
27099106.666667
30416312.380952
27362724.285714
27342333.333333
29996620.952381
28005178.095238
29672619.047619
27400401.904762
28157471.428571
29399864.761905
28926040.952381
28570660.952381
30063672.380952
27827688.571429
28543260.952381
27531675.238095
27103470.476190
28441942.857143
29806205.714286
27382790.476190
28756231.428571
28840347.619048
29122621.904762
28432230.476190
27582823.809524
28758519.047619
27453706.666667
28894872.380952
27462731.428571
29341193.333333
30387797.142857
27587530.476190
28185030.476190
29332350.476190
28887770.476190
27402588.571429
29030964.761905
26738443.809524
29184357.142857
31215667.619048
27548626.666667
29391985.714286
29323761.904762
27258283.809524
30557893.809524
28171262.857143
27022441.904762
28638740.952381
28396624.761905
28745039.047619
28179356.666667
30457370.000000
28439100.000000
28834728.571429
27586630.476190
28005079.047619
28745929.523810
30668108.571429
30989748.095238
24642902.857143
23983138.095238
26397398.095238
26162324.285714
28543084.285714
26638075.714286
28897326.666667
26651112.857143
26311655.714286
28376588.571429
27315484.285714
26821332.857143
26550355.714286
30464108.571429
27272943.809524
28591357.142857
27700406.666667
27026367.619048
27817483.809524
28987502.380952
27905760.476190
28300364.761905
28052403.333333
27039040.952381
28848674.761905
28074225.238095
27268145.714286
28757013.333333
28078555.238095
27111509.523810
28674178.571429
27691593.809524
26872839.047619
28645725.238095
28680616.190476
29837412.380952
28503157.142857
27837138.095238
30248039.523810
29432513.809524
28967680.952381
28731958.571429
27391096.666667
27937862.857143
29926075.238095
28911156.190476
28497623.333333
26769306.190476
30258110.476190
28331580.476190
28658588.095238
28705126.190476
28936906.666667
28614669.523810
28557164.761905
28952025.714286
30346586.666667
27164010.000000
28762538.571429
30891694.285714
28966881.904762
28161653.809524
28466055.238095
27894268.571429
26825119.047619
28859976.190476
28180511.428571
27791611.904762
28166309.047619
27665569.523810
28311267.619048
28431387.142857
29475642.857143
30613404.761905
27956351.428571
27336461.428571
27252994.285714
27163060.952381
27280159.047619
26917474.761905
29263229.523810
28885979.523810
29520283.809524
27305277.619048
28993189.047619
27530835.238095
28691490.000000
27790637.619048
27847853.333333
27943186.666667
28236367.142857
28651554.761905
28555454.285714
28006419.047619
28637767.142857
27676918.095238
27043948.095238
28314550.476190
29129493.333333
27700667.619048
26546568.571429
27255644.285714
28857825.238095
30231191.904762
26635731.904762
30187290.952381
26681426.190476
27456089.047619
27390914.761905
27732726.666667
29034577.619048
28508580.000000
27937372.380952
27694670.476190
29665531.428571
28653172.380952
28016467.142857
27155384.761905
27321317.619048
26549973.333333
29713562.857143
28107842.380952
28358135.238095
28095452.857143
28638952.380952
26880921.428571
28514173.809524
30004490.476190
28680074.761905
27606510.000000
27846155.238095
27613420.000000
30997697.142857
28732880.000000
27452709.523810
27407741.904762
27619918.571429
28929198.095238
28386898.095238
27923257.142857
28463677.142857
27496135.238095
28652176.190476
29004199.047619
29160670.476190
27790667.619048
28643739.047619
29936360.000000
29647026.666667
29571367.619048
28201164.761905
29490062.857143
27127631.428571
27560412.380952
28410568.571429
27242136.190476
28562160.952381
28345332.380952
28933202.857143
27455659.047619
26999020.000000
28903973.333333
28577196.190476
27588418.095238
30434105.714286
27768740.000000
27273820.952381
27879187.619048
27041746.666667
28892575.238095
27612019.047619
27855420.952381
27131397.142857
29511526.666667
28781729.523810
27356333.809524
29295912.857143
27258993.333333
27210620.000000
27175805.714286
26997767.619048
28939064.761905
26812703.809524
29059807.142857
28656327.142857
27246759.047619
30428427.619048
26983847.619048
30013315.238095
26978417.142857
29999655.238095
27864999.047619
30498179.047619
27871733.333333
28028273.333333
27468756.666667
30320927.142857
27547429.047619
27289241.428571
27388808.571429
27540498.095238
30409682.857143
26686602.380952
27532966.666667
27680341.428571
29853287.619048
30010660.000000
28313239.047619
28699625.714286
27651745.714286
26960560.476190
29229878.095238
26687683.809524
30135291.428571
30499080.952381
27191221.904762
30534242.857143
28881200.476190
27596490.952381
28097271.428571
27590992.380952
29388089.523810
29456461.428571
26933245.714286
29010414.285714
27610086.190476
28418010.000000
28523195.238095
28848800.000000
29053488.571429
29906907.619048
27318698.095238
26515828.095238
29110299.523810
28949713.333333
28791985.238095
26545004.761905
28239955.238095
28498623.809524
29376798.095238
27815271.428571
27702135.238095
27806293.333333
29451111.428571
28659045.714286
27592788.571429
29437002.857143
27129131.428571
28508194.285714
26765975.238095
27567609.523810
27595389.523810
30227313.809524
27089316.190476
28544737.142857
26575319.523810
30072640.952381
27459132.380952
30056564.285714
27202560.000000
28097010.476190
28469768.571429
28926247.619048
28783064.761905
26688686.666667
28583786.666667
27431298.095238
30324741.904762
28358719.047619
28032204.761905
27509342.857143
27847077.142857
26438574.285714
30002633.333333
26796479.047619
27859280.000000
28656496.190476
27048786.666667
28072165.714286
26902525.714286
27974040.000000
27558066.666667
28111978.095238
28607634.285714
27252892.857143
27496360.476190
30141862.857143
26839775.714286
27446979.523810
27664754.285714
27527805.714286
27971810.476190
28202240.952381
26983511.428571
29846573.333333
28445124.761905
29032820.952381
28464666.666667
27704990.952381
30082792.857143
28318967.619048
27695428.571429
28191591.428571
28323588.571429
27280200.952381
27100492.380952
29183669.523810
27316298.571429
28261984.285714
28066060.952381
30335495.238095
26957741.904762
29453518.571429
27233192.857143
28812189.523810
29202174.285714
27728520.000000
29005060.952381
27921646.666667
28983022.857143
27580841.904762
30413624.285714
26785367.619048
27429686.666667
28333365.714286
27342434.285714
28667520.000000
28740898.571429
27289663.333333
27587093.333333
30309698.571429
27532168.571429
28445469.523810
29255737.142857
29049419.523810
29270770.476190
27791007.142857
29442755.714286
27789215.238095
27681869.523810
27157615.238095
29391283.809524
27574681.904762
27872834.285714
27543940.952381
28349086.190476
28419724.761905
28455679.047619
31361380.476190
27532880.000000
32160434.285714
27805016.190476
26765510.476190
27566230.952381
27161316.190476
28172048.095238
27253359.047619
28582121.428571
27731878.571429
27778135.238095
27074930.476190
27824417.142857
29064243.809524
27705740.000000
27746787.619048
30550779.047619
28990877.142857
28546921.904762
28930707.619048
27459369.523810
27845092.380952
26580461.904762
29682793.333333
29961791.428571
27614151.428571
27294503.809524
27373405.714286
27240085.714286
27383539.047619
28804128.571429
28349714.285714
28327883.809524
27054800.000000
27939671.428571
29439468.571429
25188197.142857
25357247.142857
27206262.857143
28420121.428571
26650951.428571
26364212.857143
26772993.333333
26406650.000000
27833134.285714
26765157.142857
25725894.285714
26218428.571429
28094098.095238
26840270.476190
28170963.809524
27047060.952381
29042786.666667
29917917.142857
27312687.619048
26705000.952381
28430101.904762
26322270.952381
29767532.380952
28083283.809524
28480940.952381
28313017.142857
28878183.809524
27675782.857143
28724770.476190
27020362.857143
27414007.619048
28600071.428571
26862772.380952
27399952.380952
27905747.619048
26968097.142857
28638456.190476
27118573.333333
29002030.000000
28979874.761905
28999343.809524
27253161.428571
26332930.000000
27343171.428571
26537027.619048
28378126.666667
27205572.380952
27318832.380952
27552645.714286
29935545.714286
27168782.857143
28816235.238095
27690976.190476
28913183.809524
27306328.571429
28611648.571429
27935112.380952
30316700.000000
27411277.142857
29756340.476190
28010503.333333
27077289.523810
29528464.761905
27323128.571429
27079605.714286
27642199.047619
27630984.285714
27626746.190476
28548797.619048
26942319.047619
27161576.190476
28637819.047619
28678738.095238
27206990.476190
29570992.857143
28065171.904762
28070737.142857
27569721.428571
27590258.571429
32116127.142857
27740034.285714
28497330.476190
27933095.238095
27052454.285714
29083256.666667
29365048.095238
26935694.761905
28992733.809524
27596748.571429
28893614.285714
28389903.809524
29861780.476190
27689544.285714
27670734.285714
27524794.285714
26943435.238095
28819501.428571
27578601.428571
27456243.333333
28975050.952381
28039318.571429
27759109.523810
30335960.952381
27551371.904762
28869041.904762
29565681.428571
28538721.904762
27631086.190476
28980059.523810
28752204.285714
28452662.857143
29210211.428571
27363356.190476
27885997.142857
27720121.904762
28309038.095238
27556186.666667
27927217.142857
30260533.333333
28855537.142857
27652407.619048
28922124.761905
29407240.952381
28742443.809524
28367605.714286
27695403.809524
28840183.809524
28766016.190476
27860593.333333
28150870.000000
27779863.809524
27583303.809524
30652228.571429
27450897.142857
29368076.190476
28858569.523810
27276619.047619
27284781.904762
29185540.000000
27901712.380952
30338330.476190
30356403.333333
30371421.904762
27431620.000000
28763695.238095
27981706.666667
29996288.571429
28907671.428571
27632031.428571
30793447.619048
28288620.000000
28621343.809524
27668378.095238
27794322.857143
29364614.285714
28726562.857143
28289886.666667
27334377.142857
30519506.666667
28635334.285714
30863707.619048
29670792.380952
27767183.809524
27673001.904762
27723037.142857
27654723.809524
27306454.285714
27401643.809524
28395155.238095
27266190.476190
27408157.142857
29761325.714286
28957816.190476
29160839.047619
28264808.571429
29173262.857143
27366025.714286
29265175.238095
27882174.285714
28472211.428571
28568332.380952
29753352.380952
30505610.476190
29012191.904762
27611901.904762
27569615.238095
27209408.571429
27823039.047619
28702272.380952
27659473.333333
30079844.761905
27431340.952381
28451627.619048
27825442.857143
30313466.666667
27723472.380952
28742439.523810
27582070.476190
28037236.190476
28305295.238095
29650209.523810
28019900.000000
29066943.809524
30627608.571429
27533649.523810
28232384.761905
27582547.619048
28925507.619048
28336140.952381
27936607.619048
28657912.380952
28810688.571429
27805784.761905
28853913.333333
28286335.238095
27604542.380952
26600589.047619
27126681.904762
27017266.666667
29428881.904762
30423661.904762
30138680.000000
30442355.238095
28724536.190476
28868926.666667
28281870.476190
27439010.476190
27974359.047619
29972583.809524
30488435.238095
29706043.809524
30593784.761905
30150420.000000
32805307.142857
29421604.285714
29796034.285714
31721445.714286
28727605.714286
31682831.428571
30776214.285714
28481324.761905
29277131.428571
29041981.904762
28950005.714286
28625025.714286
28431822.857143
28124286.666667
30678371.428571
30312324.761905
29171873.333333
30534087.619048
28072900.000000
29474454.285714
28019483.809524
28285234.285714
29556104.761905
28504138.095238
28222689.523810
29479868.571429
30002558.571429
31163291.904762
28587681.904762
27439020.952381
28134825.714286
27508262.857143
29910099.047619
28579831.428571
28870287.619048
27698110.476190
28818574.285714
28438562.857143
30316070.476190
27910568.571429
29061505.714286
30517300.000000
27967991.428571
29142081.904762
27989458.095238
28444450.476190
29874174.285714
30920212.380952
29671193.333333
31391924.285714
