106147732.857143
126988016.666667
122440887.142857
126852743.809524
142972214.285714
142718712.380952
144494766.190476
142122240.000000
66792613.333333
80851092.380952
81693034.285714
108919178.095238
117861320.000000
124882495.238095
128050726.190476
133657682.380952
144528330.952381
151563347.619048
137166165.238095
98294790.952381
107171855.238095
116651358.571429
132024408.095238
134332330.000000
130817491.904762
134621760.952381
147317460.000000
112706533.333333
87660238.571429
80004190.476190
112415892.857143
129930746.190476
131963127.619048
84706928.571429
59424280.476190
59095728.095238
111937301.428571
113497619.523810
124801154.761905
124871392.380952
124675867.142857
130282157.142857
144822117.142857
131937116.666667
57055936.190476
62655765.714286
123882495.238095
122643048.571429
130134590.476190
97017782.857143
97452940.000000
99608429.523810
110087117.142857
111773849.523810
143061372.857143
160930261.428571
161644784.761905
91961459.523810
103897665.238095
97072413.333333
107391541.904762
116887991.904762
124969779.047619
122083313.333333
124084965.714286
114169216.190476
79976660.000000
70762092.857143
90625989.047619
133721760.000000
138034913.333333
139346015.714286
142031296.190476
125240896.190476
130887842.380952
150860780.952381
134185982.857143
75569664.761905
103838764.761905
137878498.571429
139229534.761905
168178728.095238
78151148.095238
75103080.952381
91395081.428571
124564238.571429
130756617.619048
139698712.857143
145439287.142857
143907322.380952
128860205.714286
126289792.380952
122011054.761905
74638229.047619
167588201.428571
188600924.285714
190548460.000000
187743126.190476
59166588.571429
170883403.333333
185089945.238095
191874957.142857
111538459.523810
125952076.190476
136087197.619048
141208268.095238
141497246.666667
104269152.857143
138453192.380952
142194486.190476
188922750.000000
123508199.047619
96811795.714286
106912752.857143
109243234.285714
107114070.952381
163139775.714286
161037480.476190
166114976.666667
98952141.904762
67305480.952381
110824663.809524
114440206.666667
118682500.000000
125955801.904762
129560432.380952
132386311.904762
178184451.428571
182497313.809524
97330580.476190
103711503.333333
105916891.428571
120638064.285714
126125982.380952
127690442.857143
157174390.952381
156628360.476190
73051918.095238
67418839.047619
114120885.238095
119299358.571429
132064944.761905
137741993.333333
143361210.000000
140384460.476190
146502793.809524
201789171.904762
85204852.857143
68554408.571429
76659396.190476
123862110.000000
124103729.047619
127041327.619048
134299558.095238
125037918.571429
165605765.238095
123855440.476190
120389890.476190
107433263.809524
109528925.238095
116302988.571429
124244358.571429
130294267.619048
130084860.000000
130335730.952381
137106156.666667
105532826.666667
100775180.476190
98272153.809524
110868521.428571
111817424.285714
149307638.571429
155883852.857143
156126788.571429
87095248.571429
108519736.190476
120162280.952381
139218028.571429
116778781.904762
141633748.095238
147261076.190476
144392121.904762
146944894.285714
87595724.761905
73760922.380952
87029016.666667
137948581.428571
147865429.047619
142147246.190476
161053676.190476
153374804.761905
136040739.523810
156558697.619048
128700809.047619
62122050.476190
80910840.952381
149050738.571429
163116104.285714
161497520.000000
115501893.333333
113331845.238095
115930391.428571
126690756.190476
124238956.666667
108981866.190476
158457459.047619
159325938.571429
99250454.761905
109100268.095238
82536441.428571
92223842.380952
115409800.476190
149640635.714286
149544690.952381
164605906.666667
90492378.095238
101561375.238095
108920968.095238
115360409.047619
115448937.142857
171805363.333333
184664110.952381
188129374.761905
85711490.000000
82074661.428571
95619676.190476
100702669.047619
151047852.857143
164318195.238095
162990801.904762
178945760.952381
127106659.523810
120038944.285714
127320349.047619
129213441.428571
142641614.761905
126868942.380952
139711952.857143
138854300.476190
111980590.952381
101303405.714286
72326807.619048
118328845.714286
122031362.857143
116456814.761905
122610199.523810
134554068.095238
186045151.904762
171073650.952381
153933289.523810
142702318.571429
144209092.857143
151343917.142857
162157081.904762
158989571.428571
80459948.095238
78247439.047619
148765963.333333
88009090.952381
85567120.952381
63437321.428571
78451830.000000
110353352.857143
143595527.142857
154297174.285714
151995244.285714
126569722.857143
110163031.904762
125948355.238095
120104699.047619
121086050.952381
121553857.619048
143134725.238095
165489863.333333
87984352.857143
83344678.095238
89201351.904762
104674716.666667
117529954.761905
116804333.809524
123813949.047619
164238571.904762
102554971.428571
95944125.238095
102008107.142857
99860462.857143
126047103.333333
123309466.190476
154952743.333333
158148900.952381
108324407.142857
101201542.857143
106604737.619048
102919254.285714
111587060.000000
152629478.571429
154501116.666667
155688825.714286
69945606.666667
53348721.904762
119751472.857143
134320092.380952
137657228.095238
137538433.809524
138036578.095238
139132663.333333
162890377.619048
173985519.523810
119558774.285714
112427133.809524
107929081.428571
111688473.333333
128618769.047619
140290495.238095
184424807.619048
179924628.095238
94554328.095238
107321284.285714
115216120.952381
109247806.190476
121692813.333333
123636867.619048
122790040.952381
185386241.904762
95603207.619048
91997440.952381
115410767.142857
113546363.809524
134153266.190476
140986456.666667
155012148.095238
154574342.857143
92154000.476190
93011428.095238
126021823.809524
127784111.904762
108778432.857143
146035820.000000
166934390.952381
170740540.000000
78356580.952381
72928103.333333
108651031.904762
115062023.333333
119134798.095238
124297895.714286
129456011.428571
164013060.000000
117394434.285714
143519152.380952
64563586.190476
104554413.333333
112161504.285714
119921444.761905
129681181.904762
122941764.285714
123759987.619048
144166462.857143
249753664.761905
94871781.428571
53883963.809524
118937252.380952
120106614.285714
126204679.523810
136788890.476190
141990859.047619
141326466.666667
198153424.761905
202235880.000000
57223820.952381
95613422.857143
105671140.000000
116411728.571429
127759956.666667
135905525.238095
133287940.476190
148590673.333333
248514248.095238
80819366.190476
69004133.333333
104026536.190476
110741165.714286
149623754.761905
156719262.857143
163243950.476190
158240910.476190
112436790.476190
117665295.714286
118481542.380952
111289636.190476
99372352.857143
157594774.285714
163952548.095238
168659332.380952
70463435.714286
82321641.428571
91902215.714286
106836120.000000
141836800.952381
166195487.142857
169428243.809524
172646377.619048
121826718.095238
115637694.285714
103687430.000000
104974718.571429
109113163.333333
141086159.047619
144777198.571429
153822213.333333
110731866.666667
83255579.523810
91702729.047619
133651942.857143
132698304.761905
177476129.523810
183113026.190476
187757422.857143
144374065.238095
119484398.571429
108082469.047619
106744747.142857
107488163.333333
148035781.904762
149996807.619048
154961245.714286
108944660.476190
102278655.714286
105510459.523810
114766403.809524
120792025.714286
129951370.476190
186684455.714286
198712399.523810
131961148.095238
96675044.761905
101366879.523810
149691283.809524
160523300.000000
159437644.761905
165542159.047619
170021014.285714
140606524.285714
137788940.952381
132745507.619048
58850480.000000
115073250.952381
159846034.285714
161858420.952381
168802910.000000
155366513.333333
128188893.333333
126706537.142857
104427331.428571
136315478.095238
138886333.333333
160225063.333333
169480331.904762
90217633.333333
105449662.857143
131052831.904762
138125799.047619
138379080.000000
155006522.380952
150110538.571429
206458520.476190
125672658.571429
106202340.952381
102614337.619048
108833174.285714
140872654.285714
149163148.571429
158074206.666667
155943605.238095
149576470.952381
114772377.142857
110208189.047619
100477375.714286
155638094.285714
155714830.476190
164425986.190476
167547838.571429
141040826.666667
141661328.571429
131693821.428571
125759244.285714
69915415.714286
123533616.666667
152505639.523810
155651154.761905
131870990.476190
67237733.809524
101204986.666667
119297211.428571
122827170.476190
134532572.857143
129873821.904762
133679761.428571
155217215.238095
173713112.380952
122380917.619048
93167243.809524
103678207.619048
110058165.714286
119356985.714286
130331812.380952
140324113.333333
133672336.666667
139392007.619048
140940417.142857
119294526.190476
116347830.476190
95756254.285714
91621777.619048
97094520.952381
102807648.095238
158800490.952381
169320256.666667
92542892.380952
85658187.619048
79496552.380952
89119690.476190
127489179.047619
135845157.619048
136330501.904762
176182936.666667
79426616.666667
69633129.523810
75530008.095238
102686340.000000
115379630.952381
137486449.523810
146129692.857143
147747308.571429
150190200.476190
144808744.285714
123195378.095238
98980892.857143
156161348.095238
150483335.714286
161691822.857143
166776070.952381
105220483.809524
140760635.238095
167073131.428571
181575892.380952
84827888.095238
94130754.285714
101670952.380952
127530445.714286
126830742.857143
132306931.904762
137579302.857143
139027645.238095
161345365.714286
112134318.095238
125570359.523810
101579600.000000
102616554.761905
180189980.952381
190104194.285714
190108299.523810
102150135.238095
117503685.238095
110628951.904762
126532421.904762
126616473.333333
164115818.571429
176445170.476190
178561668.095238
103826924.285714
104001196.666667
107619008.571429
122701893.809524
115410560.000000
137682648.571429
157790050.952381
170090539.047619
67335457.619048
75789207.142857
58819669.047619
113730543.333333
130035314.285714
129985211.904762
142556977.619048
141758240.476190
124132830.952381
142109900.000000
110885050.952381
60958371.904762
133311335.714286
136576285.238095
140054999.523810
148768596.666667
123069625.238095
119084694.285714
116686762.380952
121842960.476190
71888640.476190
142185281.428571
159163611.904762
159663016.190476
96535533.333333
110314203.333333
126240509.523810
128813239.523810
132295444.761905
165576167.142857
165222658.571429
181970661.428571
91132618.095238
89433728.095238
97589376.666667
118003259.523810
121387751.904762
167545540.000000
169166740.000000
171165269.523810
103325527.619048
90117471.904762
94718145.238095
105004832.380952
111406767.142857
146086678.095238
157539051.428571
178954437.619048
110498003.809524
84578346.666667
89999414.761905
105542424.285714
147928389.047619
159790407.142857
164900545.238095
162508972.857143
136660971.904762
108257211.428571
102073326.666667
106899880.476190
133597460.476190
131943333.809524
151011839.047619
150272292.857143
115092569.523810
88705198.571429
103888266.190476
105817640.952381
139717820.000000
148051128.095238
156246107.142857
156195477.142857
121169888.095238
73088362.380952
85551673.809524
121962394.761905
135411685.238095
161446667.142857
166371196.190476
170504198.571429
133156107.142857
133924137.619048
88114682.857143
124529067.619048
88602692.857143
159999650.952381
160798933.333333
164811445.714286
65298746.666667
92250534.285714
122594126.666667
119290677.619048
135582800.476190
132244670.952381
134861613.333333
136508310.952381
180633210.000000
224135450.952381
70919547.619048
90743493.333333
113440610.476190
126255316.190476
140928804.761905
133067815.714286
133769815.714286
137292744.285714
238543130.000000
73725624.285714
76359570.000000
89780877.142857
104477673.333333
142587089.047619
159780325.238095
167512542.380952
161933897.142857
104985396.190476
104563286.190476
95905784.285714
117344304.761905
132895422.380952
147206831.428571
131870492.380952
143959380.952381
110735378.095238
107632599.047619
100346712.857143
116990011.904762
112311766.190476
115231440.952381
164518454.285714
184884394.285714
112087305.714286
113763973.333333
121834204.285714
116844852.857143
126319609.523810
151954621.428571
163015602.857143
180051761.428571
77767093.333333
76149447.142857
122997825.714286
129746100.476190
142016217.142857
167200365.238095
167560296.666667
168666627.142857
209100323.333333
217039807.619048
90526409.523810
104418934.761905
99733050.952381
140009347.142857
145952619.523810
148576204.761905
153973994.285714
151718120.000000
119738094.761905
107285569.047619
114615761.904762
95580990.476190
129216913.809524
166001350.000000
175503651.904762
176248999.047619
72777353.809524
69865543.809524
101306041.904762
104389925.714286
150769160.000000
148920575.714286
161876328.095238
161039909.047619
124796359.523810
116129597.619048
112114714.285714
130684833.809524
127774842.857143
142544021.904762
146873801.904762
147472762.380952
159725584.761905
118030885.238095
115869044.285714
109109520.476190
119445230.952381
157505670.476190
172656979.523810
171831764.761905
75739346.190476
125414095.714286
135844913.809524
168172700.952381
182636823.809524
132169252.380952
145255279.523810
126265662.857143
127821509.523810
94592382.857143
88536867.619048
166410756.666667
177150050.952381
79213555.714286
74230753.333333
105713754.285714
108096976.190476
128621200.000000
130337166.190476
130832472.380952
134136633.809524
205106079.523810
223051227.142857
111557865.714286
136368164.285714
142559731.904762
143236856.666667
143106412.857143
148865096.666667
185141775.238095
195347126.190476
107574584.285714
85226020.476190
79630219.523810
120727828.095238
124676230.000000
126097898.571429
133885838.095238
135697942.857143
157233547.142857
129779850.000000
113308322.857143
92581455.714286
139758657.619048
141864792.857143
136424056.666667
146314340.000000
157378424.761905
126248864.761905
113181177.142857
109163865.714286
145793616.666667
157189381.904762
163251311.904762
163126502.857143
49145890.476190
68331306.190476
168335376.190476
174792835.238095
62553370.952381
63004329.047619
95849093.809524
125912290.000000
129730073.333333
142336248.571429
145521775.238095
153436568.571429
136013264.285714
117389418.571429
117062698.571429
126569459.523810
126568304.761905
149098481.904762
148945158.571429
153042880.000000
151900751.428571
166334148.571429
167374402.857143
97023536.666667
125709792.857143
129799956.190476
135004933.333333
134531920.952381
113424039.047619
139863823.333333
148224463.333333
150546517.142857
118207087.619048
120159072.857143
152205580.000000
113664330.000000
67830460.476190
141821030.952381
144586230.476190
147144241.904762
96582062.857143
107711769.047619
103830703.809524
108233090.476190
111490523.809524
127200930.952381
133977292.380952
139164264.285714
117237366.666667
99134447.619048
87259641.904762
94862965.238095
110197588.095238
118292103.809524
119707935.714286
155616227.142857
116794189.047619
113659903.333333
94757908.095238
56581026.190476
148821593.333333
161989070.952381
164303988.571429
168859146.190476
164058388.571429
134566241.904762
144942810.476190
153597195.238095
102048392.857143
168483148.571429
163846231.904762
162819262.380952
63876312.380952
137200278.095238
140451585.714286
139782882.380952
136909180.000000
132548025.714286
149991737.142857
116329961.428571
123468843.809524
123770953.333333
134660697.619048
142034468.095238
147800977.619048
104612751.904762
108009990.000000
112168590.476190
114880831.428571
140281837.619048
142440857.619048
147830464.285714
151257464.285714
98599100.952381
106123170.952381
98402946.190476
101503660.000000
116759587.142857
139421483.333333
139401074.761905
149651834.285714
94020786.666667
81605123.333333
85017154.285714
101741942.857143
134583984.285714
147294732.857143
154412094.761905
156520013.333333
93050872.380952
89485205.714286
97548920.476190
100034755.714286
139251738.571429
148313621.428571
147290343.333333
147921106.190476
109957191.904762
102020967.142857
107309537.142857
120630954.285714
110165760.000000
140071545.714286
156807759.047619
156929297.619048
82043243.809524
82324801.428571
106398516.666667
115528944.285714
151862709.047619
148554607.142857
153804257.142857
172298487.142857
130918922.857143
137420488.571429
117500107.142857
110306091.904762
137876537.142857
165387381.904762
175060958.095238
179256018.095238
116418292.857143
134551519.047619
120668795.714286
123442270.476190
108338778.095238
139396055.714286
167195665.238095
179055945.714286
81100995.714286
63580006.190476
97456891.904762
123426645.238095
135283663.333333
131110591.904762
129703008.571429
159293180.476190
147573238.095238
137076789.523810
102429235.238095
81561674.761905
131503540.000000
141761262.857143
156763826.666667
157671442.857143
114503338.095238
110405374.761905
113912284.285714
119360040.000000
113400161.904762
144512847.619048
178535381.904762
178987301.428571
101509720.952381
109560636.190476
118844007.142857
117132874.285714
118536266.666667
130210857.142857
163773089.047619
169918397.142857
93739555.238095
112159670.952381
84776433.809524
99339533.809524
139386836.190476
146601155.238095
150868030.476190
153067981.904762
113730156.666667
106298998.571429
101794307.142857
118352700.476190
110138004.761905
143446790.952381
149571823.333333
149306981.904762
85786763.333333
80086908.571429
100035277.619048
123815687.142857
128468237.142857
136786531.904762
139276354.285714
141945293.333333
165209383.809524
152141519.047619
107127472.380952
129776703.809524
128641450.000000
137963540.952381
134979615.238095
136172690.952381
82121254.285714
122132980.000000
213095112.857143
98799783.809524
103809684.761905
102438473.333333
107477198.571429
114746070.000000
151966362.857143
158446005.238095
157211380.952381
84790261.904762
79305097.142857
90365003.333333
101012479.523810
153559331.428571
155068847.142857
156965601.428571
163716701.428571
105047857.619048
101535702.380952
113675370.476190
109261327.142857
112789070.000000
131694625.238095
143878412.380952
162171659.047619
85649000.000000
78230319.047619
91118563.333333
91717216.666667
141344444.761905
143509160.476190
149656746.190476
152549490.952381
98075883.333333
99668828.571429
107067680.476190
117340999.047619
133626377.619048
149087619.047619
161939480.476190
163066207.142857
114833133.333333
106063472.857143
113918393.333333
103754044.761905
120267996.190476
143796710.952381
154965066.666667
167817083.333333
66411981.428571
49595008.095238
106436260.952381
111154596.666667
115242260.952381
125602631.428571
127219506.666667
128730645.714286
216798891.428571
229566032.380952
106617729.047619
106659140.000000
114607587.619048
130171947.619048
130702223.809524
135081224.285714
175950109.047619
179826121.904762
103063234.761905
103288075.238095
107823541.904762
84813149.047619
98706985.238095
148629343.809524
157711649.047619
161876903.809524
117832899.047619
113013883.333333
125948044.761905
118981064.761905
121984378.095238
126127637.142857
140792911.904762
139530392.857143
122429927.619048
90609908.095238
69947811.904762
96916362.857143
113336052.380952
121643545.238095
125781410.000000
128313522.380952
150875182.857143
129061687.619048
118087793.333333
81697546.190476
121940033.333333
147332989.047619
150693793.809524
155780201.904762
114675939.047619
113446934.761905
110192341.904762
115194087.619048
111072415.238095
143972494.285714
143746627.142857
151643897.619048
110138283.809524
111983672.857143
119849902.380952
112834736.666667
113571175.238095
111608911.904762
132283715.714286
174401026.666667
88897331.428571
99306205.238095
104470504.285714
113555356.190476
112408859.047619
122095816.666667
123242761.904762
123799290.476190
252719716.666667
72266154.285714
96042160.952381
79318590.000000
107442725.238095
109196230.476190
120438114.285714
144506917.142857
146198025.714286
106730810.952381
111186116.666667
111429298.571429
98556674.285714
106238276.666667
147856143.333333
158749978.095238
163622302.857143
90091575.714286
89522597.142857
111018801.904762
113555984.761905
112411316.190476
157922734.285714
169053279.523810
171564655.714286
103078818.095238
113500747.619048
107302127.142857
102398633.809524
104407680.476190
106567186.190476
161463956.190476
171657285.714286
88237330.952381
88182487.142857
71380898.571429
109791369.047619
109601053.333333
156495668.571429
155426465.714286
157759382.380952
102930001.428571
98868219.523810
97863528.095238
114133182.380952
105291390.952381
148517843.333333
149646097.619048
153927242.857143
93169938.571429
83344755.714286
93936885.714286
108696015.714286
139600340.476190
134509240.000000
138166920.476190
141977017.142857
98501091.904762
113928128.095238
106397782.857143
104385986.666667
130185497.142857
127677874.761905
135137837.619048
139540690.476190
121846018.571429
72302991.904762
69681955.714286
122584434.285714
124872613.333333
118927640.000000
132876568.095238
134355650.476190
124648900.952381
119863965.714286
109693312.857143
98861153.333333
96380150.000000
140560964.761905
143996585.238095
148433352.380952
103862979.047619
104041992.380952
115109939.523810
116568370.000000
118909086.666667
126421308.095238
166071212.380952
168698993.333333
106888289.047619
102255708.571429
96046658.571429
118300386.190476
125307181.428571
157392862.380952
155981116.666667
156816620.000000
82711539.523810
96232448.095238
91955917.142857
103597340.000000
138730809.047619
140397848.095238
146435173.333333
154603074.285714
114723795.238095
121008738.571429
117465699.523810
109259686.190476
141775320.952381
147836755.238095
153188350.476190
153747290.952381
135276480.000000
104286515.714286
91727289.523810
95232528.095238
106770605.238095
110229333.333333
107596833.809524
112641140.000000
108807243.333333
89959699.047619
93323920.952381
45971453.333333
108051487.619048
121108948.095238
115299944.285714
74059832.380952
76127834.285714
85668103.333333
89416782.857143
85602322.857143
87520330.000000
51265291.428571
52341738.571429
52301649.523810
67324737.142857
74538329.523810
80084339.047619
77080756.666667
52795361.904762
36643712.380952
39426688.571429
