1951
881
1376
883
728
998
1004
623
1160
1085
608
963
620
1013
601
823
601
963692
200027
1141
960
100038
1128
709
62031
1279
966
1114159
1127
204368
901
707
1303
589
1042
1115
2085
803162
193475
38259
46673
1203
31771
896
135236
1197
1006
1004869
1215
653
90557
790
1017
946
132857
1227
899
824277
908
581082
946
1552
995
1350
963
1029
624
894280
49708
49839
130393
42020
1247
769
52691
920
1032
1357372
1232
42583
1015
746
1121
889
1079
619
850
1007204
63086
928
160941
1186
9280
913
33341
1202
674
1298450
1210
648
844
1118
3202
622
33991
1207
36214
963919
757
407883
806
1002
603
1149
1470
2363
2026
894587
230959
1397
1078
634
980
1623
55468
21745
1541
1345509
1242
91467
1709
969
1526
798
980
624
848
969016
172544
971
1015
866
1011
710
152029
1178
673
1256372
1965
813
1007
616
945
604
43907
1220
110784
940934
1192
343340
811
1357
638
1106
614
1017
70222
875690
211933
1757
1146
644
971
601
92127
789
1034
1313832
1255
65508
970
1218
1135
873
997
593
1005
1063369
134708
1025
1065
919
1069
696
179577
1181
654
1209090
1559
1082
1044
616
838
671
28014
1216
77020
896114
894
333804
993
1235
620
1223
603
1063
1182
873293
227877
1472
1034
609
964
602
55179
37539
1213
1417415
1237
43391
985
650
1039
1416
1116
625
992
937500
199172
791
29505
1360
19657
869
71858
1198
682
1236275
1558
790
1045
615
5065
926
19042
1201
253627
697958
893
348244
801
1225
778
69809
950
1065
118974
729900
121199
1213
94795
946
1050
765
61085
29393
1213
1182659
1223
87253
1319
1337
1063
116712
1220
642
1003
876314
148472
929
63559
1065
761
41712
61718
1443
685
1194365
1134
602
1828
1213
2064
596
50080
1521
361226
676692
894
346031
957
1073
637
205928
926
1015
51233
671089
156816
1230
37304
99965
1220
78750
1227
57000
1225
1149302
1233
187718
799
630
1276
85649
1271
741
1027
788458
95553
43219
60560
1197
55670
5918
11679
1093
61961
1293016
1130
723
1349
1061
1025
574
756
963
263203
747483
764
394392
821
1049
627
61590
937
1051
147401
826712
7757
80789
1200
9754
1212
13958
114850
94291
1507
1129470
1234
155162
1027
911
1048
742
2742
954
938
923025
91681
138976
1225
1055
637
688
49712
1184
32395
1214567
1877
891
1571
1048
1030
611
670
868
320918
687199
900
583176
918
976
955
1021
609
959
134132
692613
107756
97182
22933
66240
1210
764
42481
940
9131
1222783
1210
249237
1638
1061
1377
749
1056
772
857
849016
149441
95931
11225
1061
3575
768
46462
1185
36379
1178260
1373
658
1118
747
978
704
202537
1197
171050
740204
910
413208
1070
1576
1058
1194
776
1047
185666
692894
162054
1239
5337
92857
1224
746
41968
946
85112
1241022
1455
118334
1068
700
1892
823
987
615
902
947736
134912
822
1031
1206
793
725
178156
1191
72406
1088978
1420
649
1494
639
1037
620
51527
1228
358164
704989
763
297802
863
1428
619
1122
615
950
257252
774852
195513
1475
1066
624
982
614
15604
33198
174138
1158342
1488
35371
1095
1040
1050
563
1146
566
31749
1054835
173727
5252
10674
2640
722
700
40343
1201
133959
1218680
1214
659
1800
839
1528
673
652
1211
321691
744846
880
356168
805
1264
673
1048
742
980
225069
682010
101000
100319
1161
75984
1228
751
1022
158396
1215
1104165
1221
215473
993
754
1056
604
1133
38045
1231
747056
151454
43348
1226
1041
620
675
99587
1184
70004
1250167
1712
883
1155
811
1003
612
565
866
319061
696110
762
495035
957
1117
632
1039
610
977
89688
683631
108597
46881
1195
109886
1212
773
77260
110816
1202
1121003
1575
159612
1188
759
1038
605
1005
76637
1208
823831
78508
59341
48906
1213
667
982
149792
1171
669
1209089
1629
665
1408
789
999
620
127228
1215
266103
623981
897
382672
813
1047
628
109646
937
1046
167130
704710
178674
1237
154218
11125
1271
788
36084
250543
1232
980099
1206
144209
802
678
1049
53304
1203
71945
1223
767454
183428
935
119525
1044
792
785
60997
1192
91377
1231235
1581
657
894
827
1028
610
10309
27779
343981
679311
896
306421
811
1062
741
163921
938
1038
289774
518194
174461
1232
1025
116381
1257
788
1019
268047
1238
1031999
1247
73235
924
14636
1227
212537
1264
954
1035
710551
178700
803
1061
1125
615
125981
1220
1205
180346
1082208
1558
644
1243
723
1003
25146
755
1113
399989
629511
884
360634
807
924
756
181328
787
1091
109148
538944
248484
1226
1017
159157
1224
747
998
236453
1227
987010
1235
192059
972
747
1046
179002
1229
9436
1213
689898
320729
817
1052
1053
744
63269
1208
16333
79928
1125219
42094
888
1523
616
803
42998
831
25344
391076
562215
8571
452287
800
1036
688
185718
782
1009
88779
551039
254676
1385
1042
119814
1224
957
1029
204668
1237
959058
1197
127976
933
628
1254
169416
1202
5152
1052
688699
214863
810
1045
1262
779
142850
1258
929
108113
1043945
23555
975
1037
636
1266
181488
880
1067
323750
538960
61216
338220
813
1473
641
298924
784
1011
38040
528449
307098
1236
1041
124240
1210
60797
1223
154673
1237
887717
1214
124197
797
941
1265
269560
1532
656
1025
618904
348857
787
1045
894
896
88596
1238
918
97691
962055
93732
826
1478
773
1001
149297
893
1064
354171
430489
84827
300579
791
1031
912
335522
785
1005
115696
439743
422564
1270
1223
626
1059
70774
1217
120534
1218
939224
1240
162208
794
629
1271
383349
1230
778
1016
468657
441557
814
1047
1044
737
152359
1228
935
26379
941830
170769
801
1237
635
1028
148717
882
1066
266603
512383
87732
306013
796
1036
619
427942
917
1050
17328
455296
408076
1206
1049
11005
1193
104376
1225
101417
22928
834068
1486
185440
933
24043
1235
307132
1231
752
1011
436702
490373
988
1271
1080
733
117602
1197
896
134530
853321
271408
820
1482
758
1017
36209
879
1059
511318
484407
202157
176599
795
1216
782
433716
927
1046
14049
401796
450535
1253
1028
646
985
150083
1226
36687
12890
841452
1215
206350
937
750
1226
357116
1250
811
1025
522359
423187
791
1032
898
1024
160649
1216
891
233180
781399
200756
1024
1052
616
828
136098
883
1072
412040
316830
178292
284642
950
1055
624
351678
919
1083
97812
314270
440183
1464
1052
645
986
147129
1243
55872
49059
796469
1143
185570
961
748
1067
375753
1276
654
1033
397874
432307
821
1400
853
881
203334
1256
900
150009
968017
77988
939
19038
938
1031
277160
902
1081
322980
277459
100552
487311
790
1032
621
500657
944
1056
32356
309823
314802
1231
1205
142093
1225
206686
1229
53698
16700
835593
1263
353492
1045
952
1046
281465
1242
759
1037
453472
284740
21754
18412
1210
682
255712
1230
911
84011
948954
28252
135918
1920
787
1133
159303
714
1016
434378
314277
42212
617910
796
1285
576
246550
800
1544
122111
305916
296744
100242
50186
43547
1132
143463
1152
29498
115321
796009
1251
378860
1091
973
1049
221678
1419
790
1009
502399
245370
94536
10342
2104
675
199992
1461
1035
146258
770708
25931
132124
37415
1074
1445
125600
893
1078
450960
250708
136420
619168
795
1310
836
158325
951
1250
206907
277767
377494
48720
1204
21539
1205
135187
1312
184115
1219
847296
1299
368170
990
633
1050
176295
1224
638
1639
535128
280960
88331
1231
1044
609
112532
1213
1015
251549
831083
20376
68966
1250
766
1013
276807
772
1621
395307
285261
5601
674746
774
1236
782
287718
934
1058
76450
361786
205027
151695
1203
14599
1228
240377
1238
113155
4576
887014
1245
319654
962
746
1061
258117
1262
632
1025
418966
164706
193872
1233
1033
616
179461
1238
922
153025
747180
1230
120847
1236
758
987
240251
896
1094
358589
362564
895
682853
928
1061
639
230589
921
1052
67681
391021
179973
297614
1213
660
938
134521
1212
18768
61671
857606
1149
476819
1062
770
1030
110790
1235
741
1014
453853
88370
333923
1218
1049
748
174694
1222
919
50319
889927
1212
175826
1255
790
1011
115772
754
1287
397230
391900
754
658173
816
1088
620
132455
767
1007
145315
371156
101386
288780
1205
646
1083
122692
1402
1539
97079
917369
1238
470939
968
766
1031
111668
1234
769
1013
485436
91390
352544
1217
1034
741
100677
1247
928
138124
872493
1211
255834
1214
767
1012
50735
882
1094
337884
425591
761
653148
963
1054
634
113351
959
1039
111404
357589
82576
428503
1205
654
859
108827
1224
25545
32408
899118
1502
481644
973
639
1050
82042
1245
647
1259
401517
206879
334965
1223
1051
615
127401
1236
925
94216
761731
1199
328490
1250
655
1040
32020
760
1118
347545
381770
949
765327
924
1078
725
48841
938
1045
63166
431885
92898
487727
1643
673
1056
726
998
54151
26221
929542
1231
612978
1050
1009
1049
741
994
611
862
440050
60692
599255
1475
1058
755
717
993
866
118971
885784
1210
322718
1197
773
1395
865
689
2352
406227
296045
756
906741
815
1376
653
1076
725
982
83289
312310
17824
599260
1296
682
1041
625
1009
32848
26995
844397
1199
800395
1087
941
1331
1985
1091
713
1009
389484
36234
621981
1375
1344
1033
751
1594
1020
60791
791992
1200
437782
1692
839
1020
620
965
1035
326787
274842
752
977169
808
1614
1079
1086
630
971
108630
326797
929
653302
1647
1440
1077
623
1336
603
64678
836208
1209
665389
1052
839
1010
610
1449
608
995
382603
1211
602382
1246
1385
759
726
992
879
104072
826590
1118
452142
1441
951
1129
573
605
900
346269
328930
757
929921
876
1224
788
1004
625
964
102458
275240
38339
676327
2225
840
1045
714
1018
627
62653
855992
1225
713659
1123
745
1480
624
995
609
949
322587
95832
586860
1344
1486
1335
753
903
880
121275
755344
1210
518365
1513
791
1025
975
594
961
373185
207258
705
1029791
858
998
566
1248
1915
1129
73329
275940
108766
583503
1515
713
1330
732
987
594
65539
792255
1220
772572
1115
967
1082
613
5413
772
1015
287651
131664
659055
1527
1143
1104
1142
2053
1375
72400
696829
1225
477524
1214
785
1250
624
3297
1044
343547
176827
883
1169993
950
1065
632
1229
751
1003
95360
187738
100661
685530
1203
845
1060
758
989
591
44857
874603
1217
704640
1301
783
1415
1279
1024
614
850
476993
1256
643207
1669
1404
775
718
1006
1026
83261
857007
1219
333271
1355
1194
1049
630
3179
1142
330723
396870
755
926503
1267
1208
659
2154
874
1087
169599
445807
929
572457
1208
804
1039
26313
1221
757
31359
877259
1206
594001
948
760
1044
44712
1228
653
1029
400513
1214
590402
1220
1034
943
27970
1205
897
110612
903272
1217
282431
1204
754
1198
10451
766
2118
381839
313672
887
719097
943
1021
777
190932
804
1384
40986
365754
909
436147
1061
768
1076
132875
1226
63517
1220
899704
1204
403774
796
747
1121
212221
1212
635
1066
425354
1211
491899
1212
1028
916
122572
1197
1058
89420
897582
1219
222556
1202
661
1018
166260
908
1103
331943
395525
891
772810
799
1076
928
147171
933
1039
14926
364211
721
567202
1202
781
1163
161625
1199
10378
24885
853362
1241
628699
1140
769
3027
42463
1576
786
1005
390531
1213
575745
1279
1070
754
68322
24305
1033
65858
755752
1451
437124
1702
784
1041
2000
64217
1230
267220
321776
893
908455
1245
1117
1208
1055
1892
2114
189806
314871
928
620778
1209
658
1020
753
20344
45829
43989
755683
1222
726287
965
759
1037
3915
1097
607
850
454611
1210
730835
1423
1049
616
708
8198
1184
35682
898188
1208
386064
1517
974
1088
604
851
3515
287872
344281
884
1015955
1145
1285
766
1023
607
1422
47716
309943
924
654863
1454
802
1036
1097
26019
6933
21580
848320
1215
665138
982
848
1108
607
1335
609
851
477520
1216
604279
1463
1095
853
697
887
831
41498
933566
1224
333244
1525
1049
1363
630
694
881
319776
344841
886
970568
937
1112
619
1014
3245
1041
77304
324206
847
693822
1663
813
1017
729
1002
27325
50181
884026
1199
765142
1192
955
1142
1092
1019
600
869
349793
1206
754041
1222
1212
862
720
906
953
43571
845876
1201
372938
1673
883
1177
606
554
938
293308
355158
753
944863
932
1344
610
1100
615
1026
17664
303256
791
777252
1457
861
1046
619
976
732
18912
855026
1208
649477
1107
842
1058
724
995
619
857
399786
1223
682681
1229
1035
628
1115
919
1691
204780
635618
1242
539382
1267
780
1227
762
2216
1565
351881
267522
897
1012196
881
1069
610
1045
724
1016
90896
266125
926
695699
1325
796
1092
629
21347
780
68969
833165
1216
640590
963
643
1447
783
1930
1068
1647
429512
1236
653211
1257
932
926
757
37916
1171
24602
773268
1217
400843
1235
769
1000
714
20602
1234
304726
306472
890
1066335
1042
1212
657
1141
925
1076
728
307900
929
770373
1283
1773
1212
654
983
968
152392
617086
1466
787954
1318
680
1058
623
1139
617
979
164557
1464
852953
1170
996
737
678
6037
1457
674
680967
1218
741167
1692
884
1417
650
690
1034
153660
202411
886
1245556
840
1414
798
1020
619
987
584
80258
928
960142
2904
880
1023
740
1003
596
1321
568868
1213
976749
1009
630
1357
813
1293
614
969
99854
1238
976654
2272
1096
743
705
986
1001
56971
512973
1224
669790
1680
835
1042
600
671
869
313597
937
643
1132240
953
905
876
1263
764
1003
52216
1194
740
877397
1576
662
1094
624
1029
607
178858
469352
1218
883213
1026
739
1303
859
1325
785
1345
283008
1266
845178
1255
1655
811
711
1000
1016
122672
642895
1222
622829
1286
1025
1043
724
597
1207
394710
46179
755
1263839
881
1104
1094
1065
609
955
602
69373
915
947922
1884
869
1021
629
1054
595
24416
631320
1234
913918
811
738
1416
1063
1041
607
962
170128
1225
878552
1957
1160
776
702
3929
1057
55911
562657
1214
622349
2022
1093
1092
753
654
1871
329180
70427
910
1252600
957
1115
795
1282
617
1023
105413
100265
843
856695
994
761
1021
628
1765
604
2650
657924
1221
956636
799
923
1336
839
1248
624
1200
103760
1233
934910
1879
953
631
575
1292
2044
71678
622813
1435
778737
1887
828
1072
779
589
962
225790
148080
756
1276986
1046
1575
984
1123
679
1004
2998
96941
779
944101
1186
656
1423
1122
1002
733
23207
559468
1206
941707
1020
804
1088
1101
1043
616
871
119363
1217
875246
1650
1109
638
759
900
890
82193
595692
1219
817526
1481
1008
1097
614
672
876
256511
114579
757
1145797
802
941
628
1156
675
1281
597
270451
778
888805
1238
670
1554
878
1427
821
990
706778
1214
936143
980
1020
1093
740
1315
4534
1216
93741
1222
884229
1543
1146
1103
1120
1019
893
49211
685859
1350
592454
1701
822
1032
612
828
1005
336088
105588
880
1261991
882
1252
763
989
616
965
8464
105069
922
863052
1358
1262
1144
736
1018
608
40143
804645
1231
791815
1040
750
1392
641
1010
608
864
231903
1361
833756
1713
1158
805
716
1000
989
164647
634566
1225
541838
1674
853
1011
621
717
975
382523
187875
749
967794
892
1367
605
907
605
1076
122390
197969
938
724022
1636
4011
9762
988
2034
2720
147213
638566
1477
787951
976
1003
1342
1036
1277
727
865
366349
1213
742684
1419
1378
812
710
4423
920
176121
643773
1482
697582
1146
712
961
567
710
1906
330601
92468
881
1121125
1133
1102
631
1028
658
1677
160995
15680
22808
967759
1596
1660
1087
708
913
5597
196288
522178
1217
932080
1208
1234
1234
667
1006
609
870
100792
20282
894151
1154
1345
1153
923
956
806
159630
486487
1213
670833
1242
890
1021
631
2262
1085
437289
805
875
1128829
1070
1061
630
1392
623
1027
257583
1232
651
843504
1237
686
1025
3014
1073
644
205171
415836
1212
954462
1059
868
1113
889
1002
1103
1421
113101
75471
858765
1461
1389
648
686
1051
999
212165
427109
1212
647078
1280
793
1258
613
682
882
446939
937
636
1198290
1376
1099
859
1063
616
1391
217919
1237
8825
861657
1595
925
1076
736
1022
613
141646
460266
1466
945848
1226
1031
1048
833
1015
600
866
135006
168254
747152
1425
1325
1544
743
914
1304
268768
406380
1202
710421
1316
658
1547
663
673
891
438809
773
607
1072058
1467
1367
864
1014
608
1036
297720
1212
17980
783020
1091
785
1199
748
998
607
291098
381746
1235
902953
1248
958
1030
696
1190
619
38703
198744
90774
778242
1257
1055
639
4484
1209
1037
241192
365420
1204
566962
1513
714
1399
1550
630
1078
517016
927
621
1016044
812
1026
575
1066
757
1015
324218
1192
9286
635079
1407
658
1319
897
1042
602
474065
328518
1207
790057
957
752
1023
720
1022
2243
137988
83046
173414
685529
1764
1081
641
683
913
1296
333033
373018
1210
644047
1510
1011
1117
734
720
985
511126
929
634
1005751
1175
1104
608
3033
856
2197
306582
1196
85622
665778
1197
777
1244
924
1104
615
275828
541393
1226
794082
1048
758
1834
849
1009
601
859
293508
24573
828141
1674
1078
1062
1597
1149
958
142175
537199
1199
607799
1483
789
1232
618
739
1000
380056
69937
821
1111308
806
1198
582
1164
747
1014
188507
29347
180755
657049
1373
939
1490
794
1029
607
142904
571437
1229
924329
1179
935
1386
747
976
595
866
151123
154194
664755
1474
1667
809
699
1031
877
185316
582373
1211
570557
1313
1351
1158
733
679
888
439268
940
638
1092783
1045
1381
971
1391
781
1008
228710
1114
128572
701414
1832
1002
1055
725
977
597
201090
457915
1216
882219
1312
838
1151
625
1026
614
65740
178626
181239
653289
1240
1201
824
988
1076
892
272046
320093
1213
729190
1646
1065
1054
740
588
979
517294
959
622
1195686
1239
1144
1028
1058
736
1019
242042
1215
9788
767780
1825
1114
1103
722
1023
607
222758
Xput: 7549
