1962
901
1068
647
727
1050
911
579
567
860
565
860
576
868
955
887
724
957046
185257
6427
134393
905
980
590
119645
771
1290
1024
1036
1268
582
641
1048216
24719
1248
236280
1258
807
102643
967
1174
1581
16079
894
270047
1202
816
1139597
1622
19305
1267
812
13419
1199
653
997
238862
880
587
37903
143397
1239
1070857
133831
141629
1211
7636
1575
1003
1281
1109
637
1054
5913
1305
652
11163
1421454
1247
1124
640
153825
1643
1100
1600
795
1128
898
1184
927
1272
901
1181627
853
1038
970
83514
701
1323
662
201816
1145
1891
827
630
890
982
1090717
768
1144
209729
111838
795
1093
277592
1427
835
1203
620
860
984
762
889570
783
27517
791
366282
785
1079
346854
992
1613
1177
756
1163
741
875
717977
60296
808
1051
628522
956
792
264484
1341
686
32757
1271
647
986
775
693501
836
741
1076
794237
940
787
80143
1031
1385
1033
1060
619
1107
638
224913
447879
1240
1227
535064
1224
792
159896
61352
1239
330304
1747
1123
661
705
925
378203
1246
980
10779
945
772913
954
9151
1230
328489
927
1277
1061
643
701
649076
991
1077
783
1059
324711
903
1106
341277
53780
1360
1324
648
993
627
913266
848
1073
647
1048
576093
1508
1087
646
188772
878
1266
793
1060
622
330388
1207
27234
60277
1244
867711
1501
620
996
295760
1662
1040
1045
911
597
469565
1259
960
842
215829
359657
952
132702
951
750218
914
1093
1218
1350
712
775
1459
634
1012
768
221360
886
1371
50530
657868
1213
250083
388949
1091
1064
964
2216
852
1066
710
20774
1228
688
3522
1188088
932
1069
213850
1229
117544
1255
783
110457
1216
200920
947
1238
1048
654
1503855
1286
1006
188385
831
1562
1043
755
1019
898
716
17987
1649
688
1016
1229337
1229
145836
1259
798
44636
314437
1411
1203
863
1030
625
847
611
990
1073683
1302
1090
958
634
36534
461633
1254
11254
1253
736
137557
973
1094
926
912380
906
73805
1222
695
368861
1254
29413
1253
968
256751
948
2527
1690
948
340002
760
336699
96288
1247
327972
28414
336042
1273
907
1045
238550
1516
1126
766
1048
760
561538
940
1080
471974
1265
944
1415
148548
1241
377207
1295
800
1059
32144
1248
325925
110252
265664
365886
983
1272
1058
641
18544
588684
975
119131
939
329545
949
140362
1256
286393
940
646
320159
807
1039
642
533784
55987
2122
65144
20249
947
93385
204945
261723
70912
1002
117514
931
1077
2338
291013
242988
93182
180080
93376
814
1061
634
35689
585036
1267
812
1041
1070
599
243927
401575
1197
129769
159002
1721
663
885
776
563878
943
12211
1896
1293
850
218022
509689
85330
1654
1129
1059
632
890
112542
326708
895
149991
125191
950
1066
235582
278522
406557
1459
795
1267
1067
48118
18915
351195
949
309695
927
1067
12100
472956
931
109109
110776
1197
1057
1220
45456
800
782690
1249
243625
1252
802
80655
1921
665
14194
586930
950
52282
1281
777
1048
58381
2423
784725
1136
33214
1150
732
947
195724
172307
1151
531536
1268
656
1059
177595
1215
305573
939
781
1095
3748
53873
253294
1253
783
1124261
783
1424
1073
125275
914
47067
1274
781
22019
67826
1233
254206
868
61642
601855
916
106437
34310
946
20434
300931
816
1786
800
401569
236641
1247
43810
1223
936623
1302
1119
644
1048
619
256863
1014
1083
1010
32881
315169
959
5810
1230
967788
1240
158670
1544
1145
3012
1081
1049
901
73028
106841
172545
15885
792
157403
810695
951
72535
959
140128
943
322560
1411
1001
1288
776
1048
151110
1248
667
713600
829
1085
650
1044
152973
52253
270338
32825
1229
787
56062
181724
1235
56819
345602
1228
42311
40510
277512
292423
1244
162360
1245
809
297107
801
1048
1046
7474
482498
1253
931
740
520325
1219
666
180751
1207
1884
1435
296647
1265
55518
1501
684997
1465
818
1087
775
355480
145509
1268
788
1039
507320
1290
1152
777
4867
794939
1835
1010
1115
754
1021
923
113361
910
173420
376530
1261
113229
1235
787
893568
811
10518
1609
715
743
1063
25160
813
371015
1225
61648
239936
954
192945
649967
904
28343
1210
690
3070
290931
317975
1579
800
1042
230122
1287
797
1273
816773
1264
156875
987
1302
652
99511
34688
1241
50222
1235
189997
131895
869
1031
981648
1274
925
1075
8169
307226
985
1106
921
750
34197
1240
262235
799
742
784971
953
371506
855
1122
740
754
1054
20550
951
24567
1252
334018
1237
796
612468
1010
1289
644
395997
5890
17326
1226
216461
1246
77152
1235
13827
1225
337077
353394
1222
366715
945
338117
985
1091
133475
1243
799
462953
810
1056
1106
651
315966
1237
392279
800
531951
1295
779
1049
640
1024
36033
94092
1244
290085
945
324217
1230
790935
1228
107835
1232
146502
1240
73623
1237
290936
1399
1086
759
1056
338007
1226
477256
1237
242930
1239
50935
976
769
1079
257489
1224
435418
1276
796
399360
823
1137
1043
328285
926
102157
54661
806
298493
1252
663
455549
801
1071
754
1001
25250
169214
49810
767
309359
144474
1238
800
309956
925
384676
948
52998
290120
1235
19551
944
12344
931
400928
140149
1225
530434
1216
1080
220319
892
116551
242670
1256
783
1034
27415
112533
932
212386
1205
295552
901
58478
517262
806
276301
1537
913
1482
987
1036
625
299178
1246
24979
947
637
38541
993854
1270
800
14362
925
1073
5720
1118
413825
1232
1088
331312
1283
819
1040
926587
1646
689
1064
1360
2222
810
1047
38445
277820
935
22158
969
307377
960
810681
1221
197094
1074
1179
1089
631
40516
1255
162260
188627
11385
1620
28614
326208
395290
1208
380048
768
21459
973
1066
765
1043
425353
1261
51974
1236
584625
1256
172550
95791
252836
1194
1067
633
895
29115
1261
174698
184823
910
1087
432024
1236
275121
89252
532553
1298
801
1055
1234
3876
816
1060
270568
958
649
214322
939
189656
361135
718944
834
762
1310
1240
821
912
2064
723
1107
1480
2321
1621
1056
943312
426785
881
26209
159170
69643
1538
909
1048
634
812
862
937
973
30607
689290
710993
923
1032
560
1048
728
78521
899
25659
2326
852
749
1038
24162
314135
1128311
1246
669
5836
1040
1282
749
581
1298
28895
983
753
1047
204334
182366
729171
1136
308467
1158
26099
1572
756
983
940
177100
1152
727
969
125948
352593
1021190
1246
42605
1324
1150
1168
1070
2319
673
6081
782
245211
1226
1102
415018
642859
907
1118
67595
788
87293
1718
1178
1228
1241
1088
634
603
216367
578984
125402
767
286952
392099
1688
851
1117
643
873
727
926
1014
915
301310
958
418669
918
1063
962403
1935
929
1149
1290
2130
924
1101
645
2115
15195
8652
589486
1252
791
409950
1221
290239
912
70573
1239
1026
1245
1084
638
1231
614
562435
799
735
46101
1222
416947
125605
411588
819
1092
629
20351
957
1092
640
350368
928
1061
318886
927
272800
783
444666
793
1068
114749
1636
1090
772
1129
246519
933
1073
262756
1237
421346
1303
999
1100
918
307126
916
147724
1187
685
405664
1248
669
170460
954
514986
940
88961
1255
164006
1215
1111
1289
642
1148
622
241357
310316
1236
90026
385380
825
1050
1053
576614
1513
797
1045
59003
1243
781
1071
145001
887
317862
460432
943
1064
95872
1253
145996
69138
926
283703
1069
812
70734
1235
48008
950
915840
1698
1079
1088
635
208443
1046
1003
938
124913
956
108657
1254
204630
1253
228100
1252
458091
1244
79665
1228
320749
1394
1061
803
1045
366599
1276
667
1055
297578
1258
275181
62684
894
44776
345386
1702
855
1067
740
544371
984
1079
1071
20891
903
195872
386211
944
295514
5182
965
25986
935
1093
357374
769
1313
22092
943
112789
545856
375208
1270
784
48500
791
1057
60833
1238
565512
1307
1095
656
1041
628
382690
261428
1273
790
1242
130414
221541
7220
1709
576731
1691
684
1360
626
163742
779
634588
1416
802
1006
1060
342477
785
292824
291405
843
1063
793
1082
641
214552
151933
1085
747
760
240797
464500
1240
790
621461
943
1116
40269
1229
659
11972
566664
942
1369
767
1056
430165
1256
243128
253557
1205
702
37558
1253
60584
9427
402610
1719
823
1057
615
522337
1207
232186
182729
1552
932
607
835
55425
775
258827
939
236139
783
610
79133
54294
168143
571608
1381
670
1151
738
121498
149421
1230
224954
1224
57028
1226
413408
944
134431
346088
1614
1019
1076
629
874
382110
808
745
933
47275
1229
362693
1241
324848
500272
1039
1561
1236
917
949
1147
908
785
732
1039
25268
68578
799
796773
443694
909
1085
311169
1345
1032
1089
642
1287
637
1014
195618
1412
696
525223
708608
1254
182714
1041
1085
765
1046
623
1025
625
3918
1176
651
693
589183
662445
1240
221938
1261
796
1260
626
27891
1673
1298
880
1055
920
717
870207
325940
942
465839
1149
1095
786
779
1042
12138
954
650
70107
944
1052
421983
751480
950
434878
11927
46672
365112
1308
1063
664
3636
728
1251
3379
1302
697222
37883
1215
705260
936
25060
962
1139
340037
1289
706
13928
976
1085
957
620521
168999
1244
544530
968
170242
1676
827
1190
662
38410
1017
1393
1066
1062
297170
337292
1248
765592
1235
39735
1251
285257
1264
808
1252
23526
1288
1082
651
343685
421395
1272
254465
1269
632813
2329
1136
708
742
1245
835
1496
623
1043
391592
276867
934
78213
1070
545509
900
1117
996
70767
285865
1361
659
990
765
603265
822
742
1053
1215
43846
172912
102805
452716
1410
796
1020
642
860
241318
454673
940
1086
350502
1174
4846
774
26516
605899
1244
172844
1242
1474
797
110023
513360
929
1067
46233
1233
341195
187708
945
429448
1201
47369
941
1098
9409
942
878230
1318
830
1076
769
234310
951
655
150566
1236
657
38335
1150
356782
1135
383773
1140
218214
1160
63759
1149
468885
1227
203505
978
1078
648
1259
89020
1254
523937
1232
1148
962
206155
1215
392682
1239
343846
1854
1020
1154
638
859
996
782197
905
45377
1201
686
280085
412382
955
240615
826
1214
962
770
1038
912
282060
766
416462
948
1105
21040
383084
48168
277303
93132
1245
183053
1229
164053
935
211183
803
452885
949
1078
171891
1239
165223
442144
903
1107
50844
1226
280800
1228
390427
1303
804
1062
1083
40066
331758
10204
638196
1165
1095
1255
649
1034
623
645274
826
744
1056
176114
951
117407
1229
796878
1647
1053
1106
642
908
702
46350
5575
117422
1477
195252
1232
367358
1249
700228
1706
12060
1230
259198
951
649
109044
816
1313
792
1070
763
1050366
944
316190
1207
694
41331
1252
1042
969
615645
1696
966
1268
779
1019
288100
11069
331688
1220
167754
273487
1241
659
893
45050
1247
273267
1254
782
228184
594139
1225
226483
942
48084
385067
1241
1223
1083
339537
1237
150264
823
1015
1193
180459
1601
393017
1264
249998
597508
1014
1215
1087
653
748
13384
1113
793
799
7999
2803
614915
949
359126
156422
1094
1124
201304
942
640
79859
813
1065
630
1427
249622
107248
459052
1315
534270
1226
154091
986
1382
959
1053
5329
1131
318011
1348
1003
449747
347606
1331
56153
1334
189268
1405
11772
347891
793
1073
899
205777
898
1099
350507
54452
957
291829
942
418350
953
1069
93896
1090
1084
584487
962
654
1320
236586
84417
796
340995
794
8560
59394
1310
568712
1291
1066
383118
1401
795
1339
2703
377659
801
1133
1050
383433
916
1104
226151
1241
174885
294086
1397
161508
972
1076
108971
796
214276
1250
260379
786
815
1092
32460
1258
666285
1231
789
803
1036
471818
946
58391
1260
606480
1439
822
1081
637
1003
262087
1236
217778
1244
1093
2229
1055
377680
1255
412332
1230
239040
1662
1095
759
706
905
291837
1270
810
1255
619
827392
795
134738
1213
152354
1139
1125
917
739
232683
2615
681
30061
116176
132937
495834
759
299009
1074
804
639
137364
209945
1294
816
1033
45639
1239
662237
1250
261231
1273
652956
1158
1108
639
1426
1034
1199
1088
910
885
23706
482518
1247
230683
1223
619712
1243
12894
1252
804
167109
1190
82122
1167
1248
2237
636
646376
2930
735
264783
957
327300
954
30445
1239
170917
1016
1221
1302
635
1029
413634
22929
234465
143176
965
415061
7630
1233
4012
61193
1246
798
141207
139238
1501
581182
1489
51518
85341
1151
605421
835
1323
783
1044
35113
1242
793
212195
1192
419171
899
311276
72171
937
622944
1224
793
38642
943
196288
820
1398
1073
128768
944
29738
300976
625814
1261
804
1023
218492
1256
788
52688
943
1071
73835
273428
60925
32284
242714
466330
1219
278662
1238
1071
113085
35009
1725
675
1010
1026
64614
432023
256451
780
317620
1077
59427
903
70907
242937
947
781
86991
929
1055
76536
724950
868
13918
1140
263390
973
770
1093
373052
1245
808
38346
122237
1251
190425
81499
309349
17569
79504
128574
167834
800
1090
264898
1242
647
24818
339759
946
778
373754
222982
91056
944
1071
329318
282034
871
1074
958
1353
41843
252231
1212
687
796652
1237
66231
1225
782
419185
992
1129
1123
1087
635
60902
1258
667
31829
420823
130712
241026
1237
121248
348984
83092
1248
43608
1114
1105
200096
1250
777
96290
646463
1651
1140
664
948
328018
132326
1234
84919
1270
794
543485
823
1270
1275
389544
1242
1187
958
735
649315
1451
1026
1257
1030
1043
618
684
31295
269784
54603
782
66374
595547
1239
455692
1262
796
1072
273313
1438
788
1242
318377
88327
23059
946
1080
449169
1244
777203
1336
1206
1033
774
1108
615
1019
742
929
384646
1267
679
252703
1199
733934
907
150900
1077
815
624
180013
953
1076
656
331841
842
772
940
1051
721480
905
71431
146707
1287
792
15930
952
1267
228828
195402
822
1120
1056
24211
922990
784
1081
636
32903
927
1054
158096
47564
1196
377900
753
1011
572
1816
1031635
1366
846
1057
900
702
25459
175459
105295
878
341270
1143
734
1308
648
991067
819
912
1538
1153
764
871
1040
76454
1238
72930
1487
462047
1153
762
731460
738
958
960
69451
1135
731
100835
900
1534
300016
1254
102950
944
126530
781214
938
14249
1137
1214
872
1408
1003
1176
1074
592951
1305
1128
933
744
1108392
1289
1217
1111
629
24506
800
119975
2078
956
1048
625
275756
15689
1253
778177
1231
191649
1249
187980
1712
1103
1061
1027
228112
1232
983
32677
945
1070
1147625
1444
1076
1740
100248
1226
660
152645
886
1468
992
1136
1016
1029
899
976089
909
327587
1086
793
818
1287
238617
1256
797
1335
675
1684
1733
1603
349010
908
660194
87691
1262
812
1237
445978
1658
835
1397
777
1095
1060
617
31149
955
626769
37896
1244
389683
1238
246234
946
123742
6393
298523
1647
1056
1090
634
883
173253
136692
1528
714763
876
1034
1497
658
595429
86289
747
997
915
215295
949
48747
1258
963
350915
47749
116995
961
283967
364467
239580
789
1041
60293
45708
935
1065
416813
940
1095
363541
1428
1441
177145
713240
1608
1097
751
938
926
1208
1306
642
17997
791
700182
886
1007
969
622257
927
139922
1245
745
2151
1076
663
2738
320081
1225
381465
779
1143
1087
372817
421097
1385
671
1199
765
2837
266786
1233
504839
1744
1210
1078
1055
641
404041
275801
1684
1035
1055
642
5748
289784
953
329702
1232
38315
80747
958
1083
816399
57214
1048
1107
923
1295
771
141909
985
711
718
985
389233
1128
1096
889364
885
775
1640
1135
644
699
42053
800
1071
637
1249
741809
1242
810
686282
796
1066
1040
235235
1272
796
1251
27563
24081
941
1074
684334
794
1024
707830
788
1063
625
47483
821
1053
638
208851
32074
788
983
544427
1209
678
801569
1256
655
1167
36510
2131
858
1933
13550
626062
1066
965
1088
767
1060
736338
1526
3306
1101
231288
1215
42100
1229
461236
150088
1644
801
1043
648
38574
750629
1158
989
11255
855
1032
710
2280
668457
1746
827
1223
644
975
24609
780162
897
120169
59340
961
762
1074
625
307978
799
176453
822
203735
1264
89126
332000
754
225543
375700
1723
826
1049
629
8837
949
1060
318993
1273
1100
311886
358830
782
1104
364226
1251
317433
1593
1103
653
710
915
199232
1224
795
91651
332568
1251
1263
643242
1234
172003
907
110342
34737
982
781
1092
2415
142053
213360
443150
986
664
1021
231507
942
246809
1243
390878
1584
1065
1155
630
990
249732
174865
963
1068
296549
946
1061
163191
1226
514437
1233
27327
1253
14801
800
368448
96596
943
1069
190151
1138
123556
441794
874
302550
1110
614
5134
45366
1112
278219
265032
1126
52017
1134
749
649932
880
822
1074
1043
21533
379886
1682
226154
111018
28765
1243
300684
1229
804
342789
181678
1246
167300
964
1070
112905
1254
41514
361902
85146
1237
4451
713
118857
128412
177079
1257
100631
1241
124015
435143
780
1051
68076
105879
896
112658
1220
676
671262
1652
1433
1107
652
210138
56545
903
1091
569624
981
653
1304
645
147449
133841
162452
926
1070
311090
1251
403918
1268
1120
317913
1242
61716
1274
2338
383067
153007
1223
191822
935
115441
1230
595210
1251
803
101479
927
306511
932
1057
190448
939
754
119772
1230
674
479895
243173
954
1052
175568
101206
949
26390
51981
211456
937
649
119524
374151
1229
792
288392
318486
1265
357763
1238
67585
1238
179791
1015
1089
645
1010
90987
1236
638546
1267
1071
44242
316123
1278
657
1000
402627
1251
685
396140
1362
1110
1060
220516
75495
1244
364625
952
250407
22252
936
279585
945
82298
83084
365724
1235
40441
948
212400
1294
618060
1525
1000
1139
754
1069
629
992
412510
1247
68009
959
1081
80520
1251
671250
12921
284086
1247
1055
648
16796
1294
315530
2766
1010
1075
31280
263399
938
793803
1226
45158
1051
1144
937
711
225955
150702
858
1068
801
187806
30853
237075
480818
61708
965
23513
1260
151950
1248
788
166182
312153
1269
790
1277
510314
1269
228668
966
1448
998
1230
1810
1059
129175
1251
349213
966
780
1071
949033
1228
10683
1240
37063
370935
1174
1783
1124
661
744
930
1003
767
193837
1045347
953
32147
952
90250
13154
995
1133
967
3443
820
1166
1015
294380
799
1088814
808
1293
949
1289
11236
1326
1403
1005
1067
653
2141
1198
72748
791
1097831
1243
692
163028
1254
686
56793
235542
1447
824
1364
643
1006
20475
946
1044525
1234
37327
29790
167373
1227
46691
315294
945
14067
822
746
1072
20581
953
931763
1244
49102
1271
661
1242
216813
19380
992
1075
298617
1514
1095
961
1052
580665
1223
296948
10760
811
1101
148608
948
13437
1270
575800
1421
808
1084
634
550938
783
125021
151195
1042
995
1069
1061
633
307730
53410
943
74942
793
140531
164426
898
340028
541253
1213
1047
1051
757
1043
631
19194
947
1066
529219
1250
243490
1240
234523
195572
1569
924
285144
62077
1453
799
1402
1048
40891
322421
1255
114889
1225
494920
1248
792
559016
816
1134
1055
248562
911
63281
36014
18109
65365
225825
103222
261332
50432
5166
401540
765
1159
436186
953
781
1076
161312
21635
1240
222542
443436
1279
409459
1236
168813
1228
1083
154674
1239
135952
1236
657
1059
76689
1233
548132
931
341946
1233
350932
1241
107051
1243
795
207212
958
1067
46725
959
750
479871
1062
234206
769
368479
809
1066
635
89902
951
163159
1248
496588
947
779
1263
456797
1234
790
71442
796
71690
293096
1260
216839
1256
12954
447659
1248
788
1039
268391
84960
943
38982
1221
42823
327690
1135
155918
177577
783
404216
797
389713
982
1079
320965
823
754
923
11882
946
26952
23192
285608
1246
711992
1229
793
2445
1098
539535
947
784
90729
787
44110
950
1079
301838
1246
865465
1238
109233
1258
1310
789
1046
41225
1155
695
304954
946
1076
352484
960
465436
1250
534490
1461
806
1041
631
54572
801
1084
430546
805
793
117240
1197
122045
772
560041
956
262364
953
1289
764
629
3685
487809
1484
784
1083
636
78943
877
292263
178477
1163
247307
1608
769
1153
973
478197
1531
656
975
692
432498
806
1103
1053
386722
32497
1244
185090
1448
820
328316
941
234430
933
133076
453290
945
747
1187
166097
797
232705
1236
793
1263
349277
1269
812
30456
1216
906161
981
648
1289
314027
1673
854
1286
759
1020
523609
1254
11187
1258
1087
663523
1264
781
1046
259908
1341
986
1060
1021
631
273005
1460
1566
1168
1414
417643
957
281077
929
338360
1222
60485
31296
125258
1212
115190
892
329583
809
2743
411660
1278
666
1227
341661
1220
673
286984
1228
289222
1242
784
305882
785
1142
420530
1241
660
1056
626291
1207
1089
779
1019
215762
1220
781
78384
10436
955
424347
1241
149402
1250
695720
1559
804
1069
639
110177
1250
683
250134
1254
961
41177
114322
267741
10467
655749
946
142852
882
751
935
1060
797
228359
1245
64936
248849
795
154625
327480
19925
1402
394645
20487
1245
1072
315822
1467
797
1020
647
239864
954
58865
417081
281449
40073
288940
21350
1376
803
1981
660
393552
795
1041
136168
960
85762
237777
252419
948
365589
1954
1088
1058
1013
1316
758
632
156504
484295
896
589
1211
709981
1448
669
1057
762
1018
7571
1228
286560
1256
35871
273884
1252
64174
1690
744527
1262
684
14314
29175
956
165076
1482
455778
1482
5604
1139
833
269136
1223
508133
1195
95488
927
1116
145072
959
652
335901
978
81925
944
1053
66434
318677
63890
248690
941
781
207483
212676
1246
790
141571
7721
1244
184335
1235
151169
1242
427252
176163
1217
93892
1245
298103
1278
789
1248
28536
953
218135
1240
94089
1234
658395
1241
793
433417
930
63877
1363
798
845
1069
1041
622
303868
1272
666
499926
790
154571
286415
901
104352
45718
980
762
1111
269573
1282
668
1047
183548
167074
378722
1222
394951
1253
144089
993
1093
645
1062
132730
1227
188479
1239
1078
554464
773
1136
351788
1239
324000
1249
790
171600
853
1062
1032
784
27287
1245
628720
782
864
47680
304458
323760
892
1522
1100
1070
1025
895
719
487580
1226
648236
2453
860
1167
74297
1264
108494
1467
250175
1246
63812
944
1072
532198
1237
430562
1485
844
1055
918
331041
1066
1474
638
1018
304016
1253
682
681412
938
77542
2837
315651
941
1120
292799
1013
773
1083
776
28723
956
128911
156351
1208
365422
30539
6391
1049
653416
506968
1443
1343
1250
1034
1053
641
984
320668
1545
974
795
1050
639
261739
762654
1240
82503
1257
146287
1147
786
2263
348721
1731
959
1346
649
863
1024
629033
1208
165177
901
142655
1219
684
43275
142940
947
180774
954
121216
948
261781
1235
30722
111583
327297
279554
951
74860
797
12439
939
1087
624547
1262
677
1058
341157
950
146704
248193
46310
939
257648
945
1066
59745
3250
448054
1236
46170
1233
217893
1237
661
456724
945
1099
119600
957
766
125995
1111
369164
129341
1161
619
276184
878
974
41483
294055
1182
302080
736
589
977
39850
433714
854
996
441048
Xput: 9661
