1952
861
1488
639
722
1026
1033
605
665
892
722
868
546
993
594
835
568
226347
255256
166580
318491
205368
172533
293887
264614
222303
246217
256403
171412
343043
176338
261449
243568
257276
175250
320951
160974
204316
311101
165963
249169
228231
264716
175405
332723
177576
210069
322305
218721
175724
338672
174066
259703
243947
268428
175451
326418
181375
226851
329237
211358
205195
303438
268385
217762
238670
263485
173515
327302
177013
259970
296279
175877
223359
337667
218570
172541
336506
174706
265645
242226
268796
171262
326865
160188
240298
224163
203818
248817
226938
246410
159376
305719
156860
245714
222738
195943
239266
262218
172670
268770
238087
248926
152765
298036
160315
247687
223214
202125
247646
265021
157664
195746
295503
204209
158296
302882
163753
244835
231543
242708
198951
217463
207746
250792
265914
158560
252154
232205
245091
159084
292305
157435
243835
222836
242237
161137
260593
264836
169453
334013
168304
263900
235053
260296
170538
287007
262214
210004
243175
242102
159931
306609
157645
244502
253526
252528
171676
281735
262554
218071
267269
210861
260933
287364
167247
274905
262264
262450
167318
329666
212903
166585
277628
256120
213777
239819
263233
178886
333390
164427
271690
242715
258570
174131
326466
166237
218042
333153
174304
262894
237947
257091
168877
331288
173266
215207
326789
213123
167878
329276
179242
252972
245019
259483
174178
328363
174167
213182
307839
205231
159671
262306
242417
201534
219635
238653
157336
308475
164407
245812
264607
157667
200777
302523
205679
160226
305949
161369
245174
223882
248761
154249
309206
170867
253085
233637
208932
261526
230144
252560
166724
310627
169247
254452
235613
206316
248070
281274
161246
254531
224646
256700
176948
338185
171471
263139
239876
225395
268304
290907
173789
218831
334077
224667
178036
338083
171373
260228
244325
262449
217856
243398
222684
256041
279826
174637
261897
238115
264924
170625
327860
170269
259053
234022
255080
166175
277162
256593
166101
322914
166377
254940
231773
259012
158622
264813
245700
207153
221113
246261
158219
308977
166893
256466
222884
245246
158361
264056
276233
242419
235651
210268
254931
285352
170125
262149
239051
243665
160417
309879
204395
165573
263987
243444
210016
232816
262719
167152
316819
161739
257391
232864
255477
168918
320325
165950
209574
322246
169727
259966
238249
253145
167543
322450
162806
214498
329877
221457
169161
319570
165269
259132
232906
256984
162831
321232
168573
211510
319229
212578
167701
275859
256559
213699
231423
253061
167250
320503
166307
257020
277583
164011
216266
322151
209592
169440
315576
169151
252182
234656
250158
173042
311859
166332
262111
236156
211931
262888
235277
259038
174558
322005
168190
251875
231834
215764
256438
289925
171844
264053
240845
257746
169116
322593
172624
257892
238136
213504
260864
280636
169287
211246
330282
211263
174465
328438
172887
263929
230937
258197
223198
243214
220804
324524
287215
172156
259968
243966
263641
175170
326518
174890
265825
238733
259855
171237
282826
262507
176127
334066
178564
269673
247043
268211
174510
292794
261227
218898
238276
255132
169934
340001
171990
263240
241943
263727
171179
291958
269364
215396
228084
211442
256197
286215
167429
257628
245624
257821
172943
337501
217542
171511
286911
260857
211711
225344
250325
171471
328293
172699
255697
229001
257170
158897
320151
169750
209671
321857
177164
260366
243032
263664
172632
328922
169281
212877
322936
225429
176188
323771
165178
259608
229721
253070
170122
327580
155686
201010
307853
213699
169244
268591
261890
211320
234747
250270
166551
329695
172274
261210
278599
170101
217035
331344
217263
170288
323271
175710
262274
243532
258988
171050
332052
172108
244064
231574
213319
260025
235153
263420
170774
324552
170015
254577
233425
204735
261431
276998
162798
244318
220445
249336
163690
321073
170561
251571
223448
200814
245755
273061
169606
218093
337293
204421
157758
301540
159525
242105
225394
241735
200440
226203
197219
244033
263821
157538
240790
220764
245695
155301
302280
154024
243360
218310
239964
150862
257220
243251
155842
299577
159843
236429
217909
241655
152000
261131
240509
200897
216449
236645
160229
318400
167861
256567
235699
262281
168086
288774
264938
217171
238394
218685
266774
270250
163052
254708
243629
259632
171040
332879
219540
168658
291261
261486
210659
236322
243312
161236
307828
164904
239756
221995
246205
160253
317564
173086
209664
331736
167303
253640
220369
240126
159133
306932
159193
204025
300993
198469
159928
308585
157900
241737
222058
243669
170171
320795
166924
210929
323816
213365
163523
277398
256969
196363
219429
241075
158508
304970
163546
240051
262885
156964
199123
298169
203633
157577
307952
158240
247861
213722
245631
166709
324353
171579
261896
234799
222015
264367
238780
261311
176533
332494
169371
261052
236779
215604
263609
276746
169778
255785
239964
265769
164883
319640
164110
247886
225121
199736
246436
269354
161738
200727
303897
203680
161473
315511
162604
255045
238945
254280
214425
242130
213900
264184
284677
177224
266635
230076
266375
177033
324412
174853
265037
238976
264112
177320
280475
255548
155121
303370
162324
243575
219827
246058
157302
263377
239959
203837
224455
244773
159688
302177
159980
241341
220622
247613
157899
262163
245626
202812
215142
198916
236092
256808
157628
245753
224530
229411
148041
301486
203146
162522
260094
241875
207421
223430
239653
158707
307538
165314
241141
218027
240963
160665
306648
161096
197847
308196
158066
247153
218982
240475
160102
335613
195913
200729
321335
210288
164546
311315
167774
244574
225024
247158
166175
323084
174083
215152
325482
226146
174989
288892
255239
215409
242016
260313
172002
330807
171301
259774
278243
173984
220913
324242
209958
161514
314812
164034
254412
235017
258553
166347
318189
168422
235362
235344
212068
253015
235860
263842
163936
330239
170803
260874
235724
214799
260828
280383
175021
262041
235527
257664
173489
317321
163571
252483
244908
216554
263034
282173
172357
209753
321149
207367
177158
331296
168709
263663
248269
252135
211702
242884
211236
262954
288954
169970
259472
237654
258983
176437
325160
170457
263417
232446
256293
171177
273391
256812
169573
323043
171568
250317
236614
254331
175399
288452
270490
219095
234611
262088
173610
315000
166217
246678
229709
259351
173888
280234
263357
221262
235100
214300
260671
280895
177106
254870
240345
262829
170521
326972
220543
169383
285752
262820
212938
235223
263025
174114
329190
175814
260330
237933
263495
177466
329115
168417
211462
320645
168740
265990
241339
256718
167564
330151
165122
214229
329594
216693
175818
334942
170790
261835
245785
262462
170091
329188
172818
217193
327647
212284
168830
277324
255677
220871
238965
260598
178260
322172
166699
259691
281288
167109
209704
329062
218492
170685
331710
173794
259962
242721
260655
172131
329503
170667
259680
240723
213036
255908
241099
255803
176635
330313
173607
256550
233925
218533
263367
287408
169975
263792
240233
260603
165126
320241
170035
254587
236579
215083
268391
301544
168749
210832
323204
223010
168823
330573
173202
261961
237188
255277
220550
242747
222572
270603
293385
174686
266725
241972
273759
168743
334974
180375
263846
246778
260689
171768
279523
255642
165350
328698
174863
248269
281220
236797
157871
261404
241143
205866
221348
248589
156890
303152
157844
242202
222639
240977
156096
258637
249333
204594
222671
195167
250183
263590
157774
251745
235398
255403
174621
327929
213452
172925
278839
247261
224294
254305
245108
163053
303588
158474
237424
222684
284365
173181
321631
165834
212836
328886
176968
261743
237127
263644
202617
339027
169242
208512
323248
211966
169978
330509
170998
257259
238252
250692
164138
321771
165983
215092
324500
205223
152545
250490
247028
210236
244714
258433
175871
331276
171717
262067
285418
168495
208074
316539
207460
164757
317855
171022
257733
229482
253836
169525
315653
169491
253746
236895
209335
253598
237174
252117
166937
325684
162200
249871
232613
206273
247203
275252
170241
260271
237151
257066
169736
317506
168428
253742
231047
218591
247571
278526
168995
212944
318600
209932
169599
323328
168533
251249
234904
253211
210806
225557
210227
252284
278319
170244
253237
230727
255396
168031
317173
161193
253426
233898
250439
169343
271712
248115
165803
320812
167592
253598
232071
254515
168723
268783
252187
212568
233012
255971
166465
309185
169402
262441
234722
254829
165728
276575
247419
212007
240960
210170
255310
279270
168750
254435
233666
252935
170518
320605
220986
166101
278063
253906
214071
239111
257537
168881
319110
167501
256942
230161
255179
174042
315189
168385
209826
319972
168343
256947
241468
262432
170092
319294
157579
196324
307969
203142
157769
303549
163198
244786
272673
261340
172974
326876
172681
200374
300757
201531
163004
264428
239708
204074
228026
242744
159019
302846
161595
247857
277079
171816
221059
331152
210938
175762
328499
170809
245484
235618
249903
157103
302090
158461
238020
218308
197421
237225
221411
244591
157400
299889
161385
241403
225120
199458
246144
270552
167883
261156
240173
258979
174166
329233
170610
252336
230628
215400
264282
282253
171158
216306
323970
213765
173756
329578
173830
265387
236796
259763
221028
234232
213031
261132
286352
172580
261942
243817
255989
169977
333938
168868
256950
226899
253963
213225
275926
246732
156469
305128
160523
241587
232086
261527
170982
280963
264928
216352
233984
265532
219005
328727
175332
259469
274827
249990
174814
288454
255655
220242
236641
206998
246672
271862
170357
243532
226798
246723
168408
327072
214052
169127
278488
258551
215994
240402
263197
170660
319625
169864
262380
244011
257172
176470
330298
169123
218574
329831
175118
257450
233801
253767
157477
309524
157407
196776
304640
205425
156988
307209
160874
242006
220007
242047
163018
302163
165125
196329
302930
203705
160376
268303
253149
212255
236369
259760
170049
320184
169999
255235
274282
168087
213906
323100
209691
174342
333233
170161
258516
243283
264080
169045
330832
172893
260180
240590
214135
254385
233844
253524
174803
304484
169510
257800
276970
215212
268106
292087
178442
260595
248778
261367
181854
326324
169629
261774
236432
218367
267026
414618
172349
214211
327695
220279
184720
339215
176628
272602
253138
277779
225979
247897
227973
277096
300089
182789
270480
248859
267977
177833
331561
174092
277748
250972
271040
181316
292929
274651
178338
334464
173388
268597
251872
276382
176549
301783
278294
222304
244395
273501
181587
352109
187157
263134
249208
267919
182455
296876
271411
225548
249928
221220
268451
300321
181655
273903
253957
265859
181539
343095
227705
174428
297557
263565
231497
250968
260349
179726
333263
172983
263936
245069
314507
175287
309203
162769
200460
301003
164663
244760
224686
242760
163307
296323
156458
192519
293499
196491
154815
301147
153486
237148
217463
231479
157936
294788
157637
202132
305498
199560
159150
265983
244041
204607
222298
248710
160524
309100
161900
242369
266693
165186
199131
308471
203933
163313
305096
159824
251524
224396
249007
161836
312148
162022
252070
231742
203587
242847
225824
241263
157332
308295
158072
248246
224970
205462
244709
267443
162239
245474
222280
245392
161302
305526
165512
247097
219094
203028
244813
264122
157968
199346
304761
203198
160060
305283
162472
249579
228749
242702
204108
227304
203047
247217
265369
165008
247108
224584
249848
159615
309244
163053
239818
221851
236803
162409
264467
244125
161984
308929
160960
253011
228027
245816
158910
262470
244761
205966
220331
249063
156266
307975
162885
244826
219933
246844
157429
264600
245209
204326
224398
199624
244844
266827
157973
246659
228090
232050
152196
295493
209284
164819
265318
250832
205117
231480
244623
164764
312707
157924
247288
227167
246735
164398
310415
163492
268507
314240
161399
248030
227666
247079
165102
313754
158319
201514
316141
213353
172338
309327
167761
244635
242070
264158
172804
323715
165584
211705
327641
215980
162006
260757
240662
201259
223462
242523
158688
303739
159509
247244
268687
162644
208961
324561
213936
173449
333003
163167
258192
Xput: 4323
