2021
914
1100
654
708
1096
1061
630
695
995
752
951
592
910
616
911
1433
170711
48055
144156
53407
186073
1286
157073
81600
196686
1309
224423
2094
220154
824
203968
1295
211836
1318
232176
1320
201294
108190
159800
107907
143749
88046
136005
84401
156204
48197
234498
41608
123090
90196
139048
90240
137473
79495
129377
82562
145044
44778
225259
38887
147415
41077
229109
39242
132489
60103
134677
60921
128260
66153
174521
1284
162489
63000
176057
1278
199776
1301
208017
957
226400
5332
210705
11008
189663
34900
134424
133037
89527
126517
98307
113890
125648
95320
124373
44220
249555
50196
140954
77350
149936
70552
157899
46623
193739
29148
177208
784
272780
823
183697
978
278282
817
192632
50503
198694
28441
197010
30399
239668
1290
213472
1283
302669
1285
254337
1284
246308
821
255115
1294
254548
1293
254719
1281
211829
1291
231281
1294
252889
971
243554
1296
246229
958
284279
1290
187821
1277
236812
1300
221704
926
225754
1253
255129
935
297881
959
197069
961
320531
958
200031
975
217450
960
208364
1264
284603
1298
208503
1293
319217
1278
251805
1293
258756
968
249462
1293
238324
1286
189641
1303
157893
1295
202878
1287
209351
964
209611
1297
211325
981
246910
1293
154113
1280
223972
1280
230943
923
234827
1257
245878
927
269353
957
187448
963
267513
1910
174574
946
223414
986
248859
1254
286050
1292
175848
1286
265587
1289
222505
1297
204866
980
217579
1285
200827
1278
191392
1284
155240
5609
231763
1291
251226
978
214803
1291
223262
981
265165
1281
181190
1279
213036
1275
198148
927
225224
1253
209107
791
227993
970
168032
827
281944
822
212322
802
10634950
958
275305
1257
268738
1284
160835
1286
269055
1297
242888
1297
235067
967
238279
1298
236164
1291
204228
1290
184714
1290
224108
1285
220000
964
216954
1286
249931
834
261951
1299
179965
1280
212782
1283
210035
916
203399
1260
199700
786
253450
987
190340
826
279071
828
183796
828
240976
962
251127
1261
323422
1278
195340
1277
248544
1309
223739
1285
223269
967
224915
1305
207273
1285
252265
1282
180839
1286
227137
1300
220074
969
238459
1299
250172
960
279376
1283
204018
1290
232621
1275
235206
919
1628218
1124
202290
791
238446
959
209027
823
273724
961
201058
822
231771
964
216818
1253
304505
1288
184999
1277
277658
1283
253764
1287
238412
964
228166
1282
220460
1271
213720
1304
167959
1298
201388
1293
206719
974
208450
1265
261711
958
252333
1278
181390
1283
194376
1278
230437
922
260571
1259
235718
789
298247
960
202860
829
291361
962
199829
826
11960082
977
224902
1263
224088
1289
167238
1291
234861
1283
197010
1464
207233
974
211699
1283
235310
1279
236250
1306
165987
1290
199372
1296
218970
978
210555
1284
205102
831
277968
1290
191043
1277
235689
1286
247708
927
242720
1260
235274
799
301774
823
202761
825
308956
1077
197258
823
257296
961
237095
1261
275255
1290
164759
1289
253967
1300
214998
1294
211129
970
219273
1295
203762
1290
249220
1304
201467
1301
251517
1295
232689
974
233166
1293
219592
834
275839
1314
180843
1301
213624
1333
213285
938
220984
1291
196005
947
233057
962
176303
843
235615
848
188213
969
611703
851
225344
1253
248593
1279
211854
1317
292944
1307
246876
1302
238536
988
254136
1315
261347
1285
245359
1297
196424
1307
213547
1282
205345
838
239597
1287
247409
962
300125
1288
177076
1296
221136
1278
204653
919
189842
1130
200641
932
248776
822
167713
827
227516
826
161972
972
213020
844
244812
1282
273343
1289
203878
1300
300255
1287
237177
1298
222163
966
185576
1279
199598
1283
193810
1294
170149
1301
198236
1292
219227
973
243394
1298
230993
963
244961
1299
163173
1279
211995
1282
233984
803
231141
1260
221718
794
258953
1168
184827
827
243006
956
191198
829
242189
967
228913
1254
290140
1288
218412
1297
264616
1293
209360
1297
19752950
981
208988
1291
216955
1277
202026
1293
172892
1293
217257
1285
221319
968
254084
1291
232641
828
311598
1295
194183
1261
235541
1346
243315
791
241793
1246
252914
795
288154
822
202051
828
257055
821
168118
829
202429
972
234142
1269
276756
1278
175997
1287
258289
1291
247620
1298
262988
961
221319
1286
210849
1285
206586
1292
161863
1299
248108
1295
245030
974
246421
1304
240455
974
304198
1297
193219
1298
245814
1288
222522
920
232400
1253
233336
802
251022
825
165417
822
250964
822
183804
831
233957
826
205869
1259
252786
1283
200805
1283
268629
1300
217847
1304
225083
966
227520
1285
223844
1290
213539
1289
185420
1305
227194
1294
243970
967
246681
1311
244292
963
298456
1289
172834
1288
235249
1283
223691
927
227813
1249
197000
810
304052
964
225731
826
313144
820
217061
969
245740
829
255820
1268
284229
1284
185881
1284
276289
1290
231609
1281
230096
961
227900
1276
236081
1284
240077
1288
186899
1292
194956
1285
210103
960
216684
1293
196143
828
234506
1313
195000
1282
252356
1296
238430
793
229630
1268
198569
934
248354
958
170822
824
241370
965
176070
824
223660
833
240151
1252
282348
1292
184610
1287
258029
1276
222877
1301
202563
1000
251629
1307
266881
1292
252519
1293
196016
1319
222672
1288
220233
969
251076
1279
229806
830
275765
1283
189940
1275
243927
1275
253000
928
9197246
1261
235336
798
267888
826
188157
968
292435
819
192519
962
190982
821
207116
1258
235674
1282
165274
1304
259756
1282
243489
1291
243209
972
259496
1293
240614
1277
234954
1290
196262
1288
235209
1291
240376
845
229892
1282
245845
954
279389
1286
190416
1277
221351
1274
208691
915
235541
1242
226511
788
289741
831
207862
1189
311277
824
201291
819
238033
816
238803
1258
327199
1288
212419
1293
304368
1311
217246
1287
221535
968
241322
1286
216843
1273
193087
1293
205133
1297
252339
1294
239778
834
3320670
1302
227040
995
277146
1285
185336
1284
241135
1291
218406
919
239499
1268
229204
912
276412
966
171205
841
280599
968
183766
823
226070
962
208859
1260
269996
1288
188073
1291
276854
1304
228005
1307
222235
970
238612
1290
239066
1288
217945
1312
199768
1292
236665
1290
245836
975
248303
1291
226108
970
297478
1284
198825
1286
220540
1285
229742
918
244483
1268
222585
972
265071
957
168070
829
276418
967
192267
821
219989
829
241050
1252
249279
1292
186217
1276
290735
1292
241583
1291
230734
971
215706
1282
227936
1269
251343
1291
198246
1289
245070
1285
239474
966
11885581
1284
241900
827
298336
1287
180337
1293
234385
1278
248379
923
227011
1259
216037
914
264393
965
174048
817
246246
821
159812
970
196176
824
209517
1253
241667
1291
193024
1290
298461
1317
235611
1324
248874
963
245843
1291
218593
1713
182079
1296
169425
1291
180071
1293
201153
974
199204
1284
219379
968
251208
1293
182585
1281
220671
1278
215134
917
196143
1125
200939
924
285231
841
188589
824
278378
943
212040
817
255651
970
249367
1260
267872
1289
268025
1297
325482
1292
243643
1284
255017
972
243467
1292
264846
1269
235171
1294
197413
1292
257395
1289
2348285
973
261015
1290
215032
824
259934
1280
190206
1284
221176
1281
231532
788
229242
1120
217380
919
249529
966
188091
803
287148
817
191054
825
213123
828
211182
1257
252039
1282
198731
1301
314531
1283
242381
1289
238930
841
245198
1283
238757
1272
229563
1289
191593
1289
258221
1287
232180
967
241816
1296
226176
826
288917
1281
179656
1285
228081
1284
214682
928
12841300
1256
213663
976
229224
821
157662
824
239783
818
179726
830
206929
963
204546
1253
292385
1786
184712
1293
281905
1291
237727
1286
248872
1292
243948
1285
231846
1286
244022
1292
180420
1288
195345
1291
206937
838
212597
1282
207741
972
233380
1288
168158
1295
210279
1285
228090
927
225408
1252
241334
924
318196
967
204975
826
247578
964
179865
838
197937
953
203947
1259
234781
1288
167617
1317
283313
1286
248038
1295
237449
973
258215
1287
229199
1298
239557
1288
178953
1294
213170
1273
201331
965
201571
1696
222265
833
261135
1286
172129
1282
202641
1284
913680
922
221322
1145
209060
926
242050
959
165896
833
246277
955
163585
821
242135
820
227812
1260
258168
1281
186808
1279
268018
1294
231545
1295
206084
990
252741
1302
254524
1275
243221
1295
203783
1297
233501
1296
229585
987
242014
1289
198930
818
246460
1277
167328
1273
223618
1278
207833
915
215749
1258
224208
908
250152
1487
192039
822
309885
951
11602520
813
274634
970
246859
1265
271653
1282
182628
1296
262891
1293
218041
1300
208335
966
259599
1285
244071
1278
239447
1286
171675
1297
207216
1293
231658
974
244426
1285
253199
968
305636
1283
176844
1279
215052
1289
217870
914
258290
1266
244722
917
243112
956
191960
819
308316
828
211509
964
270096
800
255598
2535
284045
1280
208876
1311
267780
1290
217809
1290
235465
968
245098
1294
239355
1296
233746
1296
197534
1298
258725
1329
242708
970
238229
1297
270341
975
281980
1285
193455
1296
265952
1292
265503
932
251844
1273
240584
793
269796
966
192427
826
234199
958
174408
831
201450
969
216192
1268
281113
1293
189903
1301
259856
1293
195084
1297
233729
832
230079
1288
226106
1280
246207
1301
197193
1294
261546
1291
261998
1006
234065
1286
211646
833
260818
1290
185731
1281
209088
1290
250705
918
224928
1141
215245
794
272454
1281
165416
961
233709
836
154816
976
256673
830
233184
1264
250515
1275
189845
1293
246646
1285
199972
1291
8746953
831
234882
1310
223097
1289
227286
1287
195276
1303
255179
1290
246128
979
247470
1291
270032
953
320690
1283
212853
1269
243035
1279
240539
919
240158
1252
230471
790
259564
956
205869
829
328455
958
208471
823
256610
827
262310
1264
316738
1277
199587
1289
266229
1291
247829
1320
256024
971
257750
1292
241771
1305
234796
1318
203239
1304
232316
1300
211770
971
238054
1307
238857
832
290789
1301
208724
1288
250321
1310
220444
922
230228
1274
219218
933
246053
836
184279
969
273746
816
198612
963
3248157
823
234551
1261
317911
1295
212410
1299
301856
1293
255111
1300
274534
827
262867
1289
264011
1307
271736
1310
199792
1308
243667
1308
247848
834
239471
1292
222267
824
255570
1309
185928
1299
237677
1296
221157
933
225293
1121
233829
926
290848
829
181950
832
279607
821
181625
830
222035
820
228227
1270
239045
1309
170100
1277
233877
1306
191093
1314
198199
829
197008
1298
193163
1295
188095
1295
193133
1314
256564
1315
220757
969
229497
1305
227925
835
253139
1307
182932
1308
214367
1302
8757512
936
247379
1159
214565
944
279430
954
179652
824
279434
825
184529
958
230443
822
225488
1255
279759
1302
192200
1301
273703
1313
222250
1297
227216
823
189760
1304
191502
1294
198435
1304
168938
1300
210189
1290
213384
974
215604
1300
212158
834
243626
1295
205796
1286
225654
1292
211859
934
208532
1716
227834
923
286078
948
214343
828
322474
828
197536
825
209192
978
212391
1254
243135
1300
188113
1315
248162
1300
211614
1309
210665
968
212160
1302
204228
1303
206066
1305
174223
1300
224514
1302
4247420
981
232056
1291
231183
831
257222
1304
184618
1305
222073
1654
216209
923
233245
1262
221987
934
271353
821
200046
833
279203
828
193091
822
249623
877
241621
1256
240848
1288
152670
1283
250962
1285
241454
1300
228596
980
248925
1306
234621
1283
210200
1292
181362
1313
241898
1297
202895
830
218864
1292
207008
835
290292
1291
194524
1284
259699
1310
265812
798
243160
1272
206476
929
240286
823
197885
827
299719
833
7307638
974
272558
968
254017
1261
301494
1299
216055
1302
273593
1301
197545
1305
193934
970
200860
1299
201239
1293
189862
1302
170257
1318
228985
1310
243536
976
233018
1307
220863
825
292200
1297
171548
1752
252335
1302
243213
922
202381
1267
231156
923
304640
820
186015
826
312999
822
168512
965
248374
843
229151
1267
298256
1302
196460
1306
279993
1307
222713
1320
201246
815
238300
1296
199600
1291
193045
1312
203386
1310
235038
1302
212973
997
228259
1304
224084
981
278011
1300
173122
1294
2637408
1296
243613
928
240201
1263
255316
933
297228
965
178971
832
226539
827
157023
823
210477
972
229976
1288
265360
1303
205734
1338
314256
1300
20811684
1312
238904
977
219768
1297
210664
1289
214588
1294
169961
1305
221649
1306
211340
985
217717
1288
214658
842
249853
1287
204067
1281
277609
1299
244445
928
249158
1272
251691
933
317437
957
179514
827
258540
841
174892
835
254694
830
257177
1263
324409
1302
202040
1298
313809
1295
253209
1309
243577
975
267389
1298
256014
1282
255355
1294
197199
1318
268087
1301
266098
979
226437
1295
230166
841
256801
1302
191834
1302
232855
1290
221158
948
243334
1270
246662
963
286505
824
182887
830
280686
971
195567
822
257562
975
266736
1279
310756
1299
195750
1331
308806
1308
205522
1308
250930
968
206714
1301
232954
1767
235966
1312
210882
1303
227623
1297
223926
831
243641
1296
250996
833
258079
1298
219336
1284
223787
1298
235353
940
210503
1266
247653
940
292282
850
164101
830
236933
826
186069
821
253162
973
238205
1260
259457
1291
166523
1303
250506
1308
191740
1293
190212
977
213884
1312
202237
1297
207698
1300
170998
1302
241588
1310
248201
970
239441
1302
228804
829
281947
1301
200213
1303
239386
1306
249867
930
259453
1124
253676
938
312361
951
184782
825
267339
965
868486
817
237634
826
265885
1262
295315
1291
182738
1287
254752
1310
220803
1302
216378
980
216887
1316
212600
1306
210901
1329
191821
1301
250452
1293
244367
Xput: 5477
