2003
879
1065
636
704
1045
995
592
695
894
550
1639
606
837
550
1179
586
247196
227766
213192
296533
255341
217468
250715
279857
194998
204571
295240
215325
293093
213556
232126
216350
295380
219373
293307
215254
252231
225225
215623
290875
211939
290337
211786
229304
218137
244515
291713
249416
208912
289850
155780
296874
212944
291813
216947
278009
154896
247615
290887
251211
219125
256548
292074
192780
216707
294542
218798
284025
210538
224374
248061
211614
248296
294337
257510
213898
229512
267053
308583
243637
282508
218865
234665
210904
291884
202630
239796
281778
217045
224997
218214
277408
210035
285971
216971
185091
290120
254216
216089
293257
218570
311163
173498
305106
217334
276370
200140
255832
239910
283797
205832
247074
284274
237142
206162
221067
239301
281440
213608
283287
249725
152748
239529
281622
239477
214738
282894
214703
227399
206488
295156
201501
286126
213084
222919
215921
244359
288823
207923
286529
211687
234960
215978
298157
222216
255130
292728
198739
214710
303556
226118
291260
214418
291782
152968
281207
221490
247415
293809
261993
157335
247398
285256
252610
209724
285094
220942
224944
208972
291513
249349
216382
247327
219633
245012
248918
302142
216655
293011
217841
233233
254072
279150
219872
320867
258304
189452
310113
207653
305400
215968
290291
223775
230412
216527
252790
358867
258660
218328
230594
214943
288136
210836
293825
221157
286875
152168
243940
292492
253783
218915
253227
236069
252842
215034
291647
221188
286712
213933
227160
252692
222105
255044
321087
268213
143919
294995
213277
297138
257540
283535
218898
232404
217869
290404
216048
244784
292873
151173
294795
216492
296162
205235
287364
214015
180346
292412
258408
216131
290042
215391
227203
212621
285703
209591
291050
216865
253735
226733
252844
216044
252626
288932
251978
151558
311339
245643
295313
219402
286762
255874
155245
253483
280889
255599
205911
292282
152770
289689
209366
296345
203652
287825
215841
235422
210736
251595
296643
219181
294699
159879
341183
215830
294254
220988
252850
293137
193679
222206
280194
217357
290779
212412
230066
212664
293782
217771
247285
286054
253120
158238
254318
282687
239741
202789
289832
151147
282896
216004
288259
249998
212474
252433
233379
245103
213517
283069
210846
292998
157600
295529
203983
278820
210696
288026
207243
177833
283021
210151
311205
230668
280484
153562
287276
213103
253719
291202
260895
211793
229372
213850
294302
208478
290058
208043
233500
206954
249563
285498
247165
213036
247968
229602
250890
213012
290474
221625
291188
157761
295857
290116
213894
245402
283750
245046
147423
279092
206065
279593
211134
282001
157625
281563
208702
280986
212815
240418
277433
137675
277793
238859
309273
213252
281586
157668
241419
290341
253826
213648
281942
218301
221000
208957
315852
232375
286712
212077
189516
286861
241786
204643
243438
276835
247481
150434
274525
205001
281789
207847
284374
188110
200353
246346
282607
245146
214651
282294
187729
289733
215674
285732
214266
293391
146469
293908
216184
240435
281113
217908
295064
154324
285095
199810
281907
213186
252045
227984
254139
217976
292088
208514
294799
214018
227819
213277
289619
214718
253325
289885
195762
215237
244771
294270
259966
214955
289610
154132
292279
223473
288361
246685
213458
195480
287497
253788
208686
289285
207495
290065
151802
282398
214352
276501
205423
289130
152819
255117
288988
213904
291897
217192
281344
154263
296966
206817
247687
286443
255151
155698
286940
207870
294128
216765
283348
215609
233275
215987
246964
284644
250587
210457
191824
289497
256633
218231
286158
212266
285796
154251
286457
252406
214985
245887
293587
191012
216517
290505
215279
295210
217790
287960
152804
293350
213893
294299
214614
257523
262746
251413
292544
214491
280659
217487
283397
154339
250178
295625
252598
215353
287341
148537
277659
215803
294760
215422
291792
215881
190541
286810
253765
209195
250044
286228
188601
219089
289083
216706
288870
212369
286372
195312
214124
258954
294055
248364
211251
224939
211408
291063
215048
293614
215699
286706
155788
285099
218028
251894
282851
201619
216937
208412
267291
204985
273073
199035
242207
233701
238189
220703
284895
209137
287671
151581
284495
220102
285175
219055
257177
278781
193775
212860
249264
286952
246237
212644
229701
262443
284390
215312
293767
240669
215173
188058
283246
251898
208435
293964
213945
229787
216560
294715
211390
293045
210672
289273
157513
245145
291336
222023
283741
215303
225600
224709
293499
219557
243286
283391
249543
151388
290961
211673
284934
216359
285685
152708
293323
217551
251707
282434
296016
211858
189373
283525
244749
214482
285608
213733
220025
217433
291687
250190
208943
254878
291212
190524
206330
291395
218275
288053
209980
232840
214372
302695
215483
291191
213060
249690
226504
208897
288791
208443
294587
210930
250624
230376
248414
290254
252934
208932
317356
163524
276932
204463
283289
210234
281883
142837
247692
262608
245346
206378
238298
265368
179708
200831
256141
210730
281108
202577
224608
245840
208820
235176
267118
248170
198403
219161
208325
268742
213984
288876
215834
228731
206179
287914
215275
250000
279201
208023
225022
212487
288324
210915
335320
214670
189514
283767
253414
215673
295316
208517
280748
147814
278113
215459
281303
209580
246434
223317
243337
214582
242395
291399
252013
214261
228995
215987
296008
213296
288168
252438
150805
242028
284322
243492
203177
296252
219090
228971
216455
296213
219775
292125
219402
227091
217452
252901
293951
214931
296953
218500
232131
218292
308309
250850
252684
290716
194870
217548
293864
217988
295283
214816
292072
155498
292147
215712
257726
282604
255650
151972
252919
281931
254003
205477
531685
300239
232491
229823
295367
254139
221102
253182
241058
261301
232632
302477
219077
277974
224047
228434
221777
287664
219126
278839
222586
197249
279995
217544
285599
218042
281909
213501
222151
209878
249448
310786
261020
216277
220310
204758
276524
208314
274471
216494
275028
162257
246812
277034
242645
203348
243821
213597
240490
204193
285590
204996
260321
197226
202238
218710
200093
235842
262999
227439
134935
252015
197174
266510
203045
274884
194955
207663
203294
253281
198298
222161
247765
138783
259975
191090
254037
198331
258241
192258
170068
252633
225881
195877
253018
199614
207075
198063
266440
198384
264239
200785
226295
207035
231416
197403
235540
267474
231285
140075
264573
202861
261096
202420
266849
229871
142688
235909
257414
226772
198636
281786
158624
280479
227187
297750
226723
296286
224947
230971
221581
268308
309014
231999
297371
163797
295678
216101
305157
239862
220351
249536
171325
189961
257800
191988
248919
184861
198217
194395
253589
191885
222079
253244
224390
135779
221913
257903
224637
193375
258704
140380
256285
190965
256834
222763
196564
229282
202210
219765
197448
259838
193413
252262
135945
264929
191473
255359
192673
253827
189542
166687
251697
188027
258626
185873
248879
132914
254510
184051
218400
260267
222733
186346
200895
193585
253048
190386
249028
196232
220522
222454
264116
284114
253457
222175
256824
238982
258904
213741
246688
203206
292028
153740
289301
254454
210246
252255
293389
257257
157672
294797
217506
291906
217719
295041
154005
298303
214065
290319
217162
254919
292598
157371
295251
218760
293745
217781
291307
156249
254609
294453
257884
216924
292770
211801
227776
215577
298616
219043
291122
215523
187388
293733
251065
221966
255215
290508
260944
155617
292133
217005
294057
215894
292333
194628
216869
256485
299646
249047
215791
290269
161889
296904
211230
289177
220303
295632
155887
297613
208959
257369
296204
219051
290241
156266
292824
217731
286035
212293
247196
232042
248273
217652
290867
213490
295376
219294
217839
213989
291583
218855
245736
284979
196894
216544
251649
281968
254743
267716
291543
154150
297498
217282
295037
256190
215409
196541
288982
246156
212940
289224
218707
290978
160220
288707
213783
288265
218082
315883
172299
261119
297510
222241
297121
219688
300168
157111
290963
223701
257301
296678
256811
157895
305628
219807
297400
224482
294604
224237
230311
219643
257054
303648
258832
223922
199421
287024
245484
205306
277135
199001
284316
150970
288874
239090
199872
245028
280016
189677
199879
285265
218365
286019
216438
282043
152814
294726
216137
286830
215284
248028
226667
220050
303753
227052
293312
220817
291296
155191
251315
293376
243891
218476
295724
156751
288545
217548
292670
218163
291441
220940
193491
293324
254410
218697
251705
284766
193533
214104
295813
209555
287654
217092
289617
195180
215376
254142
292227
253829
217814
235276
213635
299114
212863
284469
213683
296620
153413
296153
213580
254248
295105
212027
228844
213313
292169
214269
291171
218109
259005
230997
250189
210395
295985
210583
292539
155302
294540
217369
292221
216198
255341
291466
197481
214410
258077
288428
248938
217219
231053
214874
342195
215907
294032
258236
217801
188754
299575
259220
224574
297241
217881
236575
219495
303140
215885
300423
215308
294265
153358
260349
294760
221092
297488
217907
244987
217262
292759
216728
258006
287937
249560
150007
294032
212914
295485
207928
291323
155546
290807
217881
254079
295214
250336
214561
189076
294588
258346
212215
303807
213384
227845
214950
290629
253637
221078
258899
286262
196339
214316
286986
214519
287835
217225
228200
212896
308412
216009
289411
209531
245743
234923
212381
287845
202694
290231
212903
229112
207578
249493
283592
250425
214469
287166
154535
289561
205789
288653
207191
288085
150797
247506
290795
247205
214487
245946
282109
192923
215695
283242
209659
282143
255468
240096
245066
205996
239599
319764
233893
202539
206543
188998
268029
204479
266603
192693
216694
195349
261590
197021
223199
264213
194564
208726
193913
257124
196025
264610
187854
172773
258013
233735
191768
257389
196014
264796
139948
262650
190016
264246
193189
227273
208839
227269
191255
230449
261344
226441
193091
213285
195801
262703
195854
257809
230279
135157
256433
284963
253929
218826
291343
204173
217030
190658
267159
202675
272480
201646
212021
196455
235048
274027
195112
262423
195628
215991
198940
275794
202404
233414
270281
174894
195858
267895
196350
272228
200855
273481
143072
274098
201254
231905
269839
227284
149768
249187
289690
255619
221161
288632
217821
231735
214733
285286
250489
216396
247314
230418
254195
208863
288775
205400
276171
192581
210384
189232
261646
186392
260391
190259
162078
257975
243547
286075
210968
281182
215795
231801
215875
255740
295108
256036
216285
224427
206388
288173
208221
286246
211453
292078
170824
258124
283017
247717
215890
245665
229707
246229
209917
281609
225759
285159
213207
232904
253488
219930
256264
289417
245115
152948
293858
214420
294189
217578
294675
214972
224312
210567
286961
215169
251085
291929
155470
277052
191568
259792
195561
257914
197675
169203
267670
238720
198571
271627
201057
218543
196671
271408
197818
275076
193013
227184
213747
235062
197193
274982
293337
237221
144446
271052
196501
268008
202676
264264
226316
140930
222594
266434
233620
198939
260545
138589
265605
193548
264211
199096
262422
194643
205921
199591
234511
264860
199634
266141
137253
277785
194254
261690
190471
229951
266399
184939
189335
267513
188124
265537
192043
215220
192007
268052
194712
231393
260088
229146
148833
285545
298010
248440
215182
295250
151116
296446
209071
284256
252419
209317
254377
230423
253851
213892
293633
217565
291992
157416
296353
215197
292309
214247
283739
205115
183952
295457
215702
293040
213148
285875
157738
284447
210880
256086
287463
256891
217764
232645
216555
295280
213795
325035
211402
230064
214543
263395
298308
256923
216425
262692
225901
257040
216995
278100
211882
273867
154759
292041
248913
207724
249945
276293
252612
162772
298449
219899
298919
221892
293478
161106
289809
Xput: 4209
