52704980.952381
35973105.238095
35229531.428571
33691268.095238
36452871.428571
33941991.428571
31702914.285714
33098321.904762
31293421.904762
29790258.571429
30679315.714286
28303731.428571
31577386.190476
31903325.238095
30432134.285714
34142479.523810
35076642.857143
31378466.190476
32504553.333333
32915274.761905
30089145.238095
31134183.333333
31330937.142857
31694175.238095
31330372.380952
30588613.809524
29381196.666667
30333310.952381
30058760.000000
29996229.047619
29609198.095238
28930474.761905
30842226.190476
29104576.666667
29425717.142857
29353243.809524
29982024.285714
30871951.428571
30257881.428571
31548189.523810
29560279.523810
30920118.095238
29810979.047619
30574400.952381
28881102.857143
29958678.571429
29185354.285714
29162464.285714
29716656.666667
28747884.285714
29048283.333333
30580425.714286
31143289.047619
31256118.571429
30904564.761905
33075701.428571
31522463.809524
33198239.047619
34630032.380952
31751408.095238
32985012.380952
30804376.190476
30666678.095238
32385726.666667
30759724.761905
33372006.190476
31456398.095238
32715269.047619
30659299.047619
31385587.619048
31474973.809524
29962447.619048
31192848.095238
30080518.571429
31001960.952381
33966339.523810
31739381.428571
30198263.809524
29514946.190476
32023774.761905
30055427.619048
29477651.428571
30315380.476190
29341029.047619
30624830.476190
29588324.285714
31021275.714286
32278459.523810
29187297.142857
29077933.333333
28919609.523810
28665866.666667
30885729.523810
29524521.904762
30599981.428571
29778587.619048
29564625.238095
31449557.619048
30436914.285714
29963323.809524
29001450.476190
30363443.809524
30484907.619048
29638401.904762
30566703.333333
29250052.380952
32407568.571429
29305661.904762
28923119.047619
29278598.571429
29739364.761905
30447797.142857
30944595.238095
30165599.523810
29509161.904762
29447864.761905
32866180.952381
29374042.857143
29847373.333333
29453126.666667
31563880.000000
28513123.809524
30026247.142857
28238261.904762
29011463.809524
29455373.809524
30267640.952381
29133008.571429
30698225.714286
29425674.285714
31529612.380952
29133607.619048
30789779.047619
31164075.238095
29875561.904762
30371615.238095
30796881.428571
31512790.952381
31347819.047619
29455601.428571
31246407.142857
27723209.047619
29048461.428571
30207660.000000
28644196.190476
29569844.761905
29946121.904762
29259130.476190
31486972.380952
27387782.380952
33042180.000000
29840467.142857
30283219.523810
29928717.142857
30724783.809524
30552954.285714
32697538.571429
30116773.809524
31148486.666667
29953814.761905
30971983.333333
29923005.238095
30075499.523810
31426600.000000
30164187.619048
30056981.904762
31739866.190476
30743980.476190
31642295.714286
30885404.285714
31538916.666667
30644161.428571
29275217.619048
28950564.285714
30139048.571429
29019635.238095
30968189.523810
29306639.047619
30097328.571429
29929407.142857
29352197.619048
30203967.142857
29285040.952381
31029421.904762
30926711.428571
29421407.619048
30078674.285714
28192803.333333
31779282.857143
30422462.380952
29971612.380952
32781966.190476
29582413.333333
28958251.428571
29477310.476190
30041288.571429
29894567.619048
30006250.952381
30683340.000000
31866007.619048
29880171.904762
29032514.761905
30581466.666667
29042290.000000
30132733.333333
28588102.857143
30515465.714286
32575453.333333
29010249.523810
30862077.142857
29038104.761905
30948502.857143
31729074.285714
28917358.095238
28667136.190476
29990797.619048
29269977.619048
28197647.619048
30014172.380952
28474549.523810
30282163.809524
28907966.190476
29556572.380952
31665026.666667
30921578.095238
29519560.476190
29798126.666667
30535974.285714
29374634.285714
31020311.428571
31000955.238095
29176197.142857
29346383.809524
31819319.047619
29310345.714286
28526413.333333
28423913.333333
29087626.666667
28802358.095238
29833321.428571
29028591.428571
29866261.904762
30047773.333333
28710760.952381
30182287.619048
29699061.428571
29688983.809524
29747617.142857
32438290.476190
29631677.142857
29564844.761905
29924782.857143
29249571.428571
29064000.000000
29518438.095238
28688704.761905
28283064.761905
30211825.714286
28408624.761905
29030594.285714
28790910.476190
29057304.761905
30281178.095238
30051991.904762
30633030.476190
27979284.285714
30232807.142857
28212351.428571
28221660.000000
30670401.428571
28558135.238095
28408035.714286
29054085.714286
27070874.285714
29952060.476190
27259021.428571
27971545.714286
27840536.666667
28834342.857143
27684840.000000
29554060.952381
28804145.714286
30290470.476190
29090711.428571
31621470.476190
31656429.523810
32185972.857143
30380920.952381
28648543.809524
29606115.238095
29175950.476190
29958811.428571
26954103.333333
29181136.190476
29665205.714286
29018114.285714
28600757.142857
29316101.904762
29452201.904762
28889713.809524
30113546.190476
28718143.333333
28488806.666667
29239091.428571
29141054.285714
29646963.333333
28974631.904762
30703000.952381
29739752.380952
30148095.238095
30413436.190476
30521519.047619
30214591.428571
28421285.714286
30739821.904762
28831388.571429
29702378.095238
29045254.285714
29975209.523810
31018093.333333
29945467.619048
30601197.142857
30903730.476190
29112320.952381
31209486.666667
30341052.380952
31499884.761905
28927207.619048
28893546.666667
30838150.476190
30502757.142857
31333871.428571
31213886.666667
32229678.095238
30028791.428571
30785732.380952
29174406.666667
30422915.238095
29277902.857143
32005099.047619
28436701.904762
28726560.000000
31574359.047619
31597091.428571
30843990.476190
30148935.714286
29880717.619048
28791803.809524
29257230.476190
29311696.190476
29293917.142857
33208887.619048
31119354.285714
29364783.809524
29519970.476190
31370636.190476
28466444.761905
28848476.190476
28977516.190476
29189010.952381
28240752.380952
29659920.952381
29862974.285714
29604136.190476
29982485.714286
30847157.142857
28802039.047619
30009751.428571
29724996.190476
29662619.047619
28876103.809524
30433504.761905
29796826.666667
30256557.142857
29909986.190476
28922403.809524
29049744.761905
30625681.904762
31185810.476190
29259131.428571
30510932.380952
29436108.571429
30736056.190476
28823330.476190
28259286.666667
28732038.095238
28662903.809524
29833476.190476
28780227.619048
30322184.285714
30113418.571429
29251292.380952
29873400.000000
28994794.285714
29252146.666667
29817602.857143
28580071.904762
29214260.952381
29496977.619048
29082161.904762
31629898.095238
31554729.523810
28931122.380952
28175613.809524
30582042.380952
30040396.666667
31026731.904762
30943245.238095
31247697.142857
30336869.047619
31461338.571429
31139879.047619
30299791.904762
29438032.380952
30711144.761905
30225965.714286
29026700.952381
29598865.714286
30694248.571429
29881411.428571
30001502.857143
29446379.047619
28824532.857143
28431366.190476
31485080.952381
30594695.714286
29403825.714286
28891545.714286
30642190.952381
31519904.285714
28861422.857143
28759170.476190
30307557.142857
29486825.238095
30527176.190476
29537948.571429
29078261.904762
29468158.095238
30446370.952381
30054005.238095
29914288.571429
29804620.952381
28770798.095238
31516399.047619
30260648.571429
29217177.619048
29806488.571429
29427300.952381
29789044.761905
30174004.761905
29178829.523810
28764388.571429
29867805.714286
30295183.809524
30914956.666667
29140570.952381
29646589.523810
29590344.761905
30571550.476190
29159238.095238
28477741.904762
29719608.095238
31983592.857143
29173177.142857
28748940.952381
29708954.761905
30425892.380952
30122042.380952
28771268.571429
28983170.476190
28725256.190476
31948551.428571
28982490.476190
28955802.857143
29948956.190476
29274790.952381
29705539.047619
29028674.285714
28965180.000000
30519431.904762
30827226.666667
29573274.285714
30876851.428571
30221654.285714
30132486.666667
31935823.809524
29218301.904762
29100219.047619
28844330.476190
28549678.095238
28973735.238095
30915426.666667
31956699.047619
29897146.666667
30295047.619048
31620200.000000
29310461.904762
29046965.714286
28736710.476190
28870389.523810
28818440.952381
29047546.666667
29917216.190476
30190418.095238
29567355.714286
31736597.619048
30717554.761905
29464561.904762
29987024.761905
28937108.095238
29388352.857143
31516203.809524
30104446.666667
29294216.190476
29413056.666667
30702475.238095
28721564.761905
28829484.761905
31476944.285714
30256227.142857
29656958.571429
28731406.666667
29795747.619048
29986172.380952
30209045.714286
28332350.476190
29712831.904762
29645510.476190
29884377.142857
28888484.761905
30299644.761905
31441227.619048
29480101.904762
30804906.666667
28781479.047619
29759081.904762
29922682.857143
29928747.619048
30125568.571429
29976012.380952
29511877.142857
29876384.761905
30937966.666667
28707229.523810
28721965.238095
30465700.476190
28146666.666667
29836573.333333
30581926.190476
29401371.904762
30438584.761905
30682970.476190
31457098.095238
28736158.095238
30497661.428571
28854984.285714
28968641.904762
28556869.523810
29726123.333333
30256848.571429
32586755.238095
32177121.904762
29866334.285714
28817780.000000
28654220.952381
28543496.190476
31504233.333333
32028716.666667
31595286.190476
33689340.000000
33327489.523810
31418249.523810
30843906.666667
33056042.857143
30821416.666667
30945713.333333
30664282.857143
32163861.904762
31220168.571429
32612268.571429
31799909.523810
30514159.047619
31214234.285714
30129785.714286
31619768.571429
31488594.285714
29805403.809524
32822650.476190
31638058.095238
29361618.095238
30918276.190476
30436227.619048
31220147.619048
30704563.809524
31234789.523810
29629744.761905
30027200.000000
30153674.285714
32522629.523810
31268614.285714
30000881.428571
29987000.000000
31449720.000000
32130997.142857
31825390.476190
31286173.333333
30823303.809524
30215752.380952
29305837.142857
31963316.666667
31418790.476190
29933678.095238
29618802.857143
32194799.523810
31215071.428571
32637047.619048
30922016.190476
29964987.142857
28740056.190476
29169461.904762
29315428.571429
30214325.714286
29872287.142857
29089195.714286
28641707.142857
28397248.571429
28322812.857143
27935785.714286
28836034.285714
27580810.000000
27730582.857143
27637758.571429
29341065.238095
28842255.714286
29314435.714286
28067571.428571
28219690.000000
27590728.571429
27138129.523810
27524650.000000
27740937.142857
28992142.380952
29838088.571429
33137186.666667
32310094.285714
31040015.238095
32213171.428571
30338645.714286
31183525.714286
30169400.952381
30259025.714286
31805262.380952
30529904.761905
29983732.380952
31368917.142857
29953315.238095
29995497.142857
30245475.238095
31428606.666667
28950193.333333
29422910.476190
33848285.714286
33305623.809524
32360113.333333
31072206.666667
32832987.619048
31396916.190476
31409257.142857
30992458.095238
31515647.619048
30776535.238095
31696677.619048
31529380.952381
31926740.476190
31549922.857143
31266340.000000
31200412.857143
30722114.285714
31054641.904762
30006206.666667
32869122.857143
30510492.380952
31384058.095238
30047398.095238
32193392.380952
33135426.666667
30015047.619048
30128894.285714
29221833.333333
31181403.809524
29708503.809524
30295199.523810
31090110.952381
30966959.047619
31841962.857143
31786460.000000
31208700.952381
30346128.571429
33466042.857143
30811836.190476
30777152.380952
31077577.142857
30573039.047619
32205621.904762
32435210.476190
31783826.666667
31370579.523810
30953475.714286
30693413.809524
29662663.333333
29426768.571429
30291286.666667
30749096.190476
29377068.571429
33404505.714286
30004655.238095
30327931.428571
30258996.190476
32687322.857143
30271463.809524
30164004.761905
30829551.428571
30529758.095238
30639215.238095
32271540.000000
32040914.761905
31790877.619048
30284652.380952
31129784.761905
29743124.761905
31299529.523810
31296160.000000
30137130.476190
32214761.904762
31614733.333333
32757772.380952
30536923.809524
32736229.523810
32712589.523810
32639360.952381
29131072.380952
31129852.380952
29447546.666667
30110900.000000
32107219.047619
31725660.000000
30956558.095238
31705993.333333
28941607.619048
29016825.714286
31656910.476190
30843395.238095
30313838.095238
32668174.285714
32932163.809524
33039515.238095
30436501.428571
32034603.809524
31945889.047619
32224400.476190
31501766.666667
32610825.714286
30678238.095238
30617242.380952
31444535.238095
29598503.809524
29586054.285714
30003273.333333
30637735.238095
29212993.333333
30345677.142857
31050112.380952
29745165.714286
30425012.380952
32103408.571429
30849090.476190
31603296.666667
30255637.619048
31749752.380952
29844336.190476
30638202.857143
31810843.809524
33695719.523810
33110267.142857
29214547.142857
29022244.285714
30641872.857143
31078122.857143
31304507.142857
30091516.190476
32301420.000000
30519082.857143
29857565.238095
32034229.047619
31204957.142857
29790603.809524
29734829.523810
30248925.714286
32071818.095238
29483878.095238
30425556.190476
29839954.285714
31537224.761905
29223758.095238
30885104.761905
29813089.523810
28942438.095238
31231258.095238
31197251.428571
32345273.809524
30578826.190476
30754822.857143
32119012.380952
34900416.190476
29419571.428571
29184610.476190
30477387.619048
30911931.428571
29829808.571429
31183284.285714
32772146.666667
29754827.619048
31868792.380952
31695672.857143
30723587.142857
28922656.190476
28891711.428571
28724226.190476
29250717.619048
29176857.142857
29034774.285714
30028004.761905
31354758.095238
29182259.047619
29078110.952381
29818283.809524
28817950.000000
29481789.523810
31902484.285714
30865860.476190
31074500.000000
31696671.428571
30167913.333333
30096481.904762
30525116.666667
30066298.571429
31324476.190476
30713605.714286
29647618.571429
29854946.190476
30028962.857143
29187764.761905
29262230.476190
29958606.666667
29261229.047619
29731504.761905
29908148.095238
30331299.047619
29762793.809524
29581622.380952
28981078.095238
31541650.952381
29379165.238095
29925270.476190
29743462.857143
30509655.714286
31158094.285714
31927991.428571
33043205.714286
30767719.047619
32123183.809524
30377058.095238
29959205.714286
30945323.809524
30367062.380952
30758340.952381
30907457.619048
30610373.809524
