1640
862
762
630
1370
649
580
776
626
591
690
607
574
1086
617
888
623
949543
1086
578
662
564
529
966790
1241
587
685
566
533
977971
1026
1564
1002
752
745
973216
946
635
587
751
754
958747
1234
836
746
615
971
966997
934
644
746
645
796
951021
1288
641
742
678
1164
938938
1057
641
728
628
748
966512
907
656
740
624
610
953472
1021
658
727
618
1041
967623
925
645
732
620
823
946844
1127
680
720
614
1122
982297
928
637
718
621
1087
976547
933
652
742
643
824
975664
1280
881
733
769
737
992202
1055
1228
642
590
896
1040147
1174
647
737
755
727
1077962
1193
661
774
615
742
1037667
1092
1065
668
594
1071
1095051
1292
1074
750
774
724
1067284
871
1040
666
906
615
1042134
959
629
578
745
748
1066562
995
945
726
611
821
1072912
1173
657
759
618
723
1043479
879
1056
626
729
598
1039621
1322
648
726
615
1117
1045299
1034
854
737
623
1166
1034415
1023
858
750
613
1090
1107514
1197
927
736
618
768
1047007
1389
926
757
627
746
1035858
948
629
1098
753
735
1075096
1042
846
745
629
832
1062028
1264
909
734
614
732
1036324
1184
658
744
629
1168
1063562
1176
662
727
612
1246
1053385
1351
864
752
619
743
1072502
1161
697
727
621
1205
1029463
1016
1053
646
751
617
1075276
1140
1487
731
568
530
1048373
1034
773
760
633
578
1054290
1032
1092
779
728
616
1037110
1244
942
588
610
744
1056442
948
647
928
751
728
1058173
1024
775
640
1021
1946
1086487
1064
1109
809
653
743
1146234
1381
1165
797
632
633
1084443
1297
1120
738
626
738
1134275
1111
718
724
748
731
1093824
1234
877
932
791
617
1128833
1249
811
636
593
928
1105009
990
652
1091
744
735
1074900
1230
647
733
742
739
1165048
1025
869
746
628
997
1117294
1186
687
743
630
1218
1119792
1231
909
739
813
724
1104656
938
639
582
856
756
1089758
1231
880
758
613
745
1074841
1306
946
958
754
628
1104961
877
779
622
600
772
1135031
1125
1052
968
766
762
1091737
1389
897
757
610
770
1089449
1086
1256
773
734
728
1046538
1245
855
746
652
769
1070894
1190
650
584
1705
781
1052489
1034
852
768
619
748
1052579
943
628
789
613
770
1055686
1189
655
738
579
598
1094518
1251
656
739
765
736
1049046
1060
995
640
577
929
1102794
1269
902
909
771
732
1051825
1266
853
737
798
731
1061693
1338
929
595
764
1120
1073058
1172
1021
815
649
693
1099697
876
1158
767
744
614
1056708
1220
1122
653
573
859
1083202
949
636
576
746
761
1118314
943
1465
675
1024
667
1165148
1160
826
734
616
843
1092333
1391
1059
634
615
728
1124109
805
770
753
737
765
1053567
965
628
578
1188
769
1031925
1110
1090
600
784
750
1060357
1196
667
740
672
887
1053949
1280
975
737
615
909
1048993
1027
872
734
619
1036
1108114
1149
648
581
1049
759
1052129
805
763
798
737
633
1112849
1282
656
728
639
932
1080226
959
655
1040
758
742
1027441
1049
850
738
622
803
1050627
1159
805
629
589
1255
1042804
996
905
730
626
912
1071733
1150
674
734
618
1098
1092138
1403
1045
627
762
737
1045206
1312
910
1275
761
731
1064502
827
800
753
724
704
1065969
1217
657
599
904
746
1040851
1044
828
737
620
1110
1046055
1197
893
732
760
746
1079099
884
1046
630
614
612
1058699
1224
643
747
613
1074
1046135
1187
659
740
742
719
1108702
1298
653
730
625
1214
1042155
997
855
736
615
1181
1065811
1050
1112
773
1500
830
1057750
1213
902
742
622
922
1047452
1009
647
1143
757
731
1085408
1309
874
811
761
727
1053905
1338
868
742
619
730
1047755
1089
736
738
619
1133
1036636
1171
641
733
630
736
1087114
1046
1195
818
751
744
1049508
1080
758
576
746
771
1045528
1063
839
584
860
742
1041243
954
638
577
1215
746
1046089
948
758
624
587
923
1046339
965
640
577
1095
749
1056682
2013
652
581
798
754
1049265
826
780
621
1155
751
1069401
1224
873
726
774
729
1086118
902
1152
629
1098
741
1042194
1036
637
1141
752
723
1042885
1169
668
721
629
1095
1069407
1120
700
727
757
740
1066770
798
778
637
582
1119
1062058
1034
862
908
570
597
1057140
1214
949
737
740
744
1060802
956
634
582
1146
744
1040165
1265
926
597
764
743
1072407
1154
661
731
625
736
1048276
1401
919
766
611
736
1039136
1252
646
726
615
736
1051342
1305
903
757
621
753
1064713
1047
1152
777
624
755
1042925
1318
959
732
649
812
1052062
929
633
577
751
750
1100703
1173
665
742
743
749
1085296
949
646
591
738
767
1046489
1311
664
737
743
749
1041030
1327
898
774
621
735
1069835
1181
649
581
952
604
1046200
1394
697
586
1182
743
1066329
1264
660
581
898
762
1041547
1058
759
616
570
941
1074477
1352
669
742
627
1801
1051463
876
1145
640
671
591
1044646
1376
914
587
763
743
1053815
1122
688
742
618
1155
1043625
1402
917
780
654
640
1032486
796
767
772
619
624
1083963
1160
644
735
618
570
1049513
1301
1116
1094
646
761
1041214
958
641
590
756
779
1073706
1195
933
764
1002
754
1031166
1014
1421
848
744
733
1075954
1277
964
583
607
755
1054225
1093
700
591
727
763
1069806
856
1165
621
590
753
1044342
1393
889
745
624
740
1049861
1348
871
835
585
601
1040829
1402
985
733
617
723
1051512
1021
887
754
761
742
1064465
1032
1343
616
961
897
1042716
1012
889
730
750
741
1059104
1249
854
733
755
749
1037188
1396
838
1017
601
776
1046413
1187
645
584
720
752
1033556
932
655
594
754
770
1042998
809
775
775
748
736
1083719
1399
904
767
764
734
1051052
1191
661
745
620
1172
1045820
1348
790
639
700
734
1104038
1039
851
756
621
1031
1044403
1219
673
729
633
1082
1044202
965
1186
802
732
614
1051519
1297
907
1156
750
728
1049289
965
629
1203
753
734
1048608
1065
1124
969
787
737
1045137
2202
1107
893
762
621
1041917
1252
868
730
623
818
1091327
1155
649
587
598
759
1051049
1248
870
732
617
966
1038044
1038
1208
658
749
742
1049147
951
1159
643
571
886
1080101
1182
637
731
746
759
1054399
1163
990
768
644
733
1039436
1040
1205
650
606
600
1045064
1219
932
755
625
821
1031010
1787
714
749
764
724
1049604
1257
642
928
631
748
1049388
1210
1005
621
600
609
1084259
958
671
581
997
734
1024449
1233
866
739
765
745
1047620
1252
1328
641
1019
728
1036126
1293
923
746
632
733
1083285
801
771
622
985
759
1047891
1135
821
582
769
753
1061179
1054
1130
817
779
725
1035725
919
723
883
668
1279
1039847
1016
1265
1077
768
625
1056222
1220
1329
928
732
730
1038214
1215
645
738
621
1233
1052855
1402
872
754
629
750
1078457
1364
863
730
612
831
1081027
817
797
631
859
742
1042121
1225
639
918
771
738
1076500
1324
958
762
620
730
1044651
1331
1320
816
758
726
1053586
811
764
639
569
834
1041826
986
650
919
772
740
1043848
1226
913
748
635
915
1057681
1226
866
744
616
1000
1049242
921
653
747
750
742
1031934
1183
654
724
745
737
1095283
1280
857
1479
772
724
1034513
1341
1105
759
734
634
1034536
982
924
584
664
751
1078545
1299
642
763
611
753
1039342
1353
1143
624
760
735
1058349
1298
881
1133
756
727
1046836
815
786
766
728
740
1064476
1399
1052
654
1100
1098
1043305
988
961
758
750
731
1063750
1268
966
952
771
612
1033145
1229
1020
638
581
874
1083048
1820
725
1095
734
740
1040020
1248
861
735
744
727
1049467
944
636
581
1153
742
1047184
1245
843
598
744
756
1036962
1034
870
732
620
735
1069487
1034
859
936
627
826
1054473
966
645
729
612
1163
1046056
1299
657
730
612
1021
1040905
1306
968
737
619
740
1039294
1021
871
605
851
613
1059702
1188
670
727
617
1090
1080206
1265
886
1075
769
612
1034942
1233
657
747
629
1097
1043655
1007
881
731
749
750
1041304
1027
846
743
617
974
1033996
1331
880
582
720
746
1058445
950
712
579
1225
739
1053193
1331
854
588
659
740
1043330
1184
765
1047
767
744
1057225
1349
678
912
788
743
1074915
1023
1183
660
751
742
1091602
952
753
621
570
684
1026829
1392
868
587
617
753
1092908
1258
932
746
762
743
1061625
789
819
646
591
1078
1054308
1344
898
784
613
780
1058798
1190
648
731
621
732
1055354
1027
868
598
790
612
1053195
1209
944
751
635
740
1044521
1270
905
740
621
805
1067261
1367
859
947
776
727
1073516
1250
862
751
615
843
1040953
1394
851
730
616
816
1037711
1171
663
744
631
1178
1062161
1017
647
929
574
601
1043500
1186
644
578
716
746
1044179
832
1073
631
736
744
1060612
1240
661
572
911
743
1045528
1392
875
598
1263
733
1054476
1018
905
1301
667
1216
1048921
1221
867
980
629
759
1041608
1537
672
735
622
576
1067246
1026
841
601
760
736
1036726
1388
1121
647
751
755
1061065
1228
865
731
614
925
1081836
1385
890
750
623
599
1039260
931
630
733
766
750
1067218
1018
856
735
619
950
1042394
960
671
968
757
726
1044123
1044
868
641
1704
1023
1047473
1186
657
731
618
1088
1055419
932
636
580
774
768
1036451
1271
877
731
615
887
1037896
1229
847
589
738
747
1050731
1173
682
742
628
737
1058601
1265
945
586
602
763
1040887
958
647
916
772
742
1050147
877
775
620
569
948
1072283
1379
918
1158
759
751
1042221
1237
922
759
614
751
1043453
950
639
979
751
739
1087945
1112
728
750
618
1005
1030873
1360
877
586
774
740
1066590
1391
865
762
612
744
1035514
1317
699
581
744
744
1032567
1185
782
633
763
603
1042170
1399
679
586
657
751
1070404
1293
907
1194
594
600
1035683
1070
1030
637
600
741
1044241
966
647
596
1147
750
1047136
1402
926
1115
728
612
1023071
1246
1098
640
577
825
1049051
1191
651
745
632
1216
1030940
1003
883
746
743
727
1029273
1023
1016
617
725
599
1044885
1267
651
740
757
756
1035002
1246
935
596
634
753
1076254
1149
1154
821
736
726
1075713
966
652
793
630
792
1041687
1215
876
735
630
917
1050550
1278
961
928
743
758
1071173
1273
941
582
614
753
1040339
1285
930
734
811
768
1030323
1165
669
727
746
739
1056631
1297
859
1120
766
725
1038210
923
634
592
759
747
1076106
1024
868
1167
1018
738
1038416
1185
656
806
620
1041
1033380
1078
797
731
617
1160
1039176
1378
890
770
615
751
1065592
1198
660
583
948
608
1027472
1046
1154
773
623
795
1054571
1111
714
727
612
1220
1033388
1232
1143
638
575
843
1029922
1047
857
749
618
1205
1021384
1000
648
721
614
694
1031474
1167
809
629
571
1243
1061940
1248
927
746
622
915
1059369
949
651
961
747
716
1046650
810
777
613
1145
757
1039497
1403
885
733
613
837
1037587
1270
924
587
691
755
1071829
937
638
581
746
769
1034082
1289
643
728
615
1169
1038502
1067
856
729
617
1240
1077098
1181
657
738
739
727
1035643
1039
652
985
752
728
1042757
1180
635
728
617
734
1033122
1189
636
749
612
739
1028317
1352
877
755
629
832
1075137
1352
893
752
786
740
1031681
1205
655
772
618
965
1034869
1057
808
745
610
973
1025032
1165
659
599
819
738
1057036
1226
853
733
618
904
1030297
1186
666
789
620
604
1075335
952
656
642
611
780
1033451
1025
852
744
755
732
1074370
813
761
619
1034
755
1033433
985
646
590
1129
738
1084901
1036
831
753
609
1075
1028828
1042
1004
645
604
729
1035877
1223
984
808
736
747
1031972
1111
710
736
617
573
1052032
1029
1028
639
576
860
1027681
1364
902
733
765
743
1047784
1409
907
785
627
751
1023653
1215
903
736
616
894
1040532
1252
651
583
1033
767
1041803
1246
816
728
745
735
1022142
1237
851
734
629
787
1065833
1422
930
754
615
734
1023292
1025
1194
661
1100
751
1035627
1063
755
743
616
914
1028971
1317
899
800
629
624
1020617
1172
687
585
740
748
1058783
1244
863
727
615
952
1077067
1245
853
736
630
803
1072971
1239
867
746
624
884
1081946
1109
841
744
630
1199
1044511
1159
735
578
955
599
1032131
1051
852
751
620
731
1106675
1173
663
746
613
1184
1163197
1388
1103
760
734
736
1101112
1314
925
759
620
726
1089428
950
1028
642
618
613
1071697
1227
851
600
731
760
1117635
1006
644
974
763
726
1093422
1123
710
749
632
1100
1117408
1158
1513
782
741
613
1121177
1010
889
739
613
1113
1063041
1380
903
765
1091
746
1049408
Xput: 5693
