1939
883
1051
626
684
1273
1057
613
693
878
572
838
1327
917
594
984
774
606379
252747
1148
966
592991
1131
736
156929
674644
19879
44165
1236
656884
21896
8701
2953
671200
35241
17582
1236
513857
323673
937
1079
496199
351287
885
1122
414541
178659
34702
90785
420583
320267
939
1095
380244
433970
1217
1058
326645
254920
1246
91958
402625
271802
1324
49240
425614
388710
1329
773
394873
310261
946
1251
510442
310562
948
1079
604030
13283
1251
1963
698296
29679
922
1309
731244
39088
793
19425
534449
389709
1287
798
407460
507285
1236
817
405981
325873
934
1293
260985
457199
1122
2632
275853
438649
1156
765
420455
286605
1405
776
394291
300402
1313
779
275018
468595
1328
1063
367281
199403
944
89560
428474
164829
1389
2816
510787
194901
897
14150
464601
275313
916
88504
306722
465301
932
142423
165397
478813
902
109243
168323
334413
889
251605
194951
521259
926
18282
178119
648289
1348
10501
168303
455332
1295
223085
185097
304343
1410
305845
139094
506539
1425
132252
134062
490145
937
1062
192859
578062
936
1062
364215
299690
1219
35751
434911
287897
927
79371
400257
315625
940
208909
124654
579873
1323
64774
144380
588015
1254
801
310250
374277
790
77678
72312
684422
1028
3237
191345
697966
933
629
376890
511482
1332
775
320934
447845
1431
792
165501
529274
1424
1064
322152
253867
789
17478
427368
333052
985
1105
498883
294429
900
1090
411296
313135
948
1107
292754
626597
945
1052
124298
610268
882
1125
109872
449678
760
80834
190364
601884
941
1072
96903
761100
1389
1073
44846
653328
1244
761
177170
592126
1303
771
232519
652570
1322
798
68354
689234
931
1065
46049
812024
950
1078
169527
420520
1212
812
355319
383454
789
1075
422900
330775
932
122771
145757
667215
1228
2435
92399
636709
1211
1004
222232
585480
1023
3114
2516
744452
932
640
5509
762730
935
643
139291
614385
1233
785
138959
664298
1233
778
1040
838052
1222
1072
117889
510701
949
1056
248473
533366
924
1279
230846
517592
900
1104
223339
481409
789
1102
78799
795772
1349
1126
930
793614
902
1127
9867
640740
902
1088
114002
872070
969
1075
636
753484
1271
1392
660
584964
1212
947
13533
754495
1256
983
18591
942922
1388
839
1045
922355
987
1090
634
799280
940
1073
11675
664012
1180
1003
163494
628857
935
3592
126835
730631
968
1281
658
985522
1231
687
777
757237
1214
803
639
750025
962
1075
647
735532
1261
2461
1089
701466
938
769
1049
767494
1250
795
1028
736164
1254
794
1051
840263
1264
1079
654
601138
926
1074
62825
657141
935
1099
76980
701163
911
1117
77348
765298
928
1066
2023
914723
924
1104
956
821829
905
1093
920
658442
916
1114
640
942496
957
1092
641
765368
2002
1245
641
659323
1271
775
1045
769780
1280
779
1028
868138
1268
797
1043
775729
942
1065
645
794091
929
1260
630
619107
1201
813
740
744491
1273
3539
672
760517
941
1094
632
908410
1225
825
719
888072
1241
810
640
747345
966
1081
649
760170
965
780
1061
763574
968
962
1074
699682
1255
777
1108
714873
1265
792
1048
756322
1385
1081
631
596208
1125
1102
637
867632
966
1113
1039
801706
926
1111
766
746107
958
1084
622
922540
973
1086
918
714693
939
1297
926
592136
910
1158
641
890511
960
1068
643
751841
1235
1072
651
591489
1927
678
1068
699632
1277
953
1055
828543
1246
783
1097
740074
979
1294
646
758796
940
1129
636
604702
1852
844
621
681510
957
1078
613
727798
948
1298
655
879538
1254
814
737
770058
1219
793
744
746582
944
1051
625
786012
932
639
1044
731993
965
953
1069
746465
1249
787
1015
753844
1257
661
1049
741384
1255
1100
636
566462
2821
1130
647
730296
1180
1131
1034
741875
888
1107
631
793917
958
2430
793
888247
951
1088
901
757185
1039
1208
918
643880
934
1105
636
907756
949
1074
633
717931
1221
1078
625
632526
1223
778
1030
695066
1263
787
1037
877082
1266
781
1063
748244
970
1077
619
748086
954
1059
614
576271
1204
812
627
718336
1367
1129
614
735902
956
1074
627
846411
1248
815
743
774484
1247
818
648
734566
954
1073
630
728108
1284
774
1024
706885
947
644
1034
786434
1301
791
1051
746415
1235
955
1067
719209
1256
1058
636
580651
1520
2232
653
741805
960
1079
1016
765525
768
1134
633
697049
1275
1902
779
879335
965
1098
912
734483
908
1111
908
596339
923
1103
618
880361
945
1068
639
701082
1234
1062
645
616762
1415
966
1070
744825
1643
808
1048
901044
1267
795
1048
726518
973
1082
633
775916
1251
3701
1464
595848
1375
3232
785
898209
955
1090
633
809881
1241
2808
653
859286
1218
844
727
674345
1224
827
636
689587
1073
1106
645
680346
961
634
1056
716697
975
977
1060
738668
1276
794
1008
692050
1293
793
1021
731262
1261
1056
637
688455
992
1101
668
718244
1181
3273
1064
678425
942
1106
619
714456
965
1298
658
820651
969
1093
906
702029
915
1121
908
596352
970
1104
641
837122
978
1235
656
744348
1230
1060
630
584457
1253
786
1036
733085
1646
834
1060
744119
1248
654
1071
698295
960
1076
635
682561
799
1098
767
577817
1222
1028
645
751878
954
1091
624
668033
953
1079
751
879936
1233
827
727
740050
1244
840
619
794496
978
1096
626
705279
1344
792
1041
770819
966
655
1050
888579
1249
785
1068
716535
1239
789
1024
724477
1246
1077
747
563330
954
1079
629
693399
950
1076
1037
724554
922
1089
646
844626
938
1072
618
859435
959
3586
1105
748467
906
1116
1370
677662
926
1289
640
999476
973
1061
666
840829
1477
1072
650
559608
1761
695
1076
764073
1280
793
1026
990169
1444
1326
1080
755425
952
1057
627
743550
1871
1132
642
580251
1294
1074
632
808731
781
2080
666
739254
943
1076
634
862074
1232
989
758
691468
1223
811
620
691021
973
1195
641
756603
794
809
1063
762308
944
653
1034
743992
1242
782
1053
803114
1259
780
1054
746901
1262
1086
652
553059
966
1071
665
692037
976
1075
1037
744656
941
1091
619
776047
1278
1079
635
871871
965
1074
912
733057
918
1101
911
618334
898
1158
632
905005
1036
1443
1582
735568
1258
1069
639
590420
1260
784
1039
737240
1243
782
1025
881158
1266
785
1047
708527
949
1149
627
718178
949
1096
630
614611
1234
818
804
743968
798
4785
936
733376
979
1107
623
909861
1373
1625
786
740401
1205
822
636
757698
958
1084
630
688212
938
746
1032
743133
939
652
1060
798554
1256
800
1050
752049
1258
790
1049
709481
1273
1072
653
644061
957
2930
661
755316
1301
1953
1074
714982
918
1327
643
730435
1216
2613
778
851180
971
1310
922
672485
921
1441
944
606030
776
1593
651
881205
1205
1098
636
682855
1244
1052
627
556703
1408
815
1025
739830
1256
795
1046
835746
1308
793
1043
775913
937
1083
631
792216
954
1045
614
724072
1671
2297
639
814082
967
1082
617
798540
1272
1085
618
842698
1491
809
730
744973
1239
1445
645
702788
1070
1081
745
733718
952
637
1047
700629
940
779
1071
743359
1420
1095
1035
757532
1296
817
1047
748490
1267
1058
643
612158
1231
1792
736
759257
1014
1263
1030
759337
923
1109
652
808140
1570
2342
663
945076
791
1312
2048
858836
941
1106
1045
655935
937
1108
621
932404
1040
1457
1682
660747
1249
1067
629
581712
1240
795
1015
744934
1219
782
1035
1026318
1251
789
1025
670674
972
1072
634
737982
2320
1149
638
584843
1521
830
767
700192
955
1064
622
775274
929
1069
634
923753
1234
819
737
724440
1243
819
731
778451
1178
1144
1692
743511
1125
2801
1325
770248
978
776
1084
893657
1272
799
1027
728495
1261
792
1030
673616
1243
1083
642
627955
952
1095
627
748491
966
1076
1077
718965
919
1109
635
734323
1362
1860
676
897529
952
1099
925
735310
907
1110
1043
610463
911
1111
627
963839
973
1063
624
713979
1264
1090
621
570106
1253
782
1039
745972
1242
786
1027
825776
1274
780
1038
689191
987
1071
636
704191
1608
1363
627
627610
1604
843
622
725022
1165
1091
1571
738855
946
1095
639
928062
1236
680
744
753041
1230
810
616
702179
1063
1451
672
691164
1118
1322
1082
714929
958
645
1183
673786
1242
779
1027
684037
1246
790
1025
713987
1243
1054
644
627808
804
1091
623
719107
1103
1234
1029
774511
944
1125
646
699581
975
1108
634
894045
953
1177
924
743888
918
1128
911
612345
947
1115
627
878570
977
1057
635
782879
1239
1072
621
622127
1382
1114
1077
709915
1295
793
1074
862732
1251
785
1040
716530
961
1285
636
716017
1142
2092
777
559033
1497
897
1995
728352
786
1310
3245
786828
1142
1099
634
837793
1213
821
737
683727
1047
843
735
713956
979
1063
640
769630
991
768
1052
728405
786
871
2780
876829
1288
779
1040
761754
1225
791
1024
757842
1440
1158
633
581238
985
1082
623
876071
960
1069
1043
710898
926
1102
619
764346
1334
1111
625
907706
969
1098
1034
722482
935
1104
916
565709
929
1509
636
844438
970
1091
637
884308
1258
1085
631
613600
2148
821
1047
824926
1252
981
1049
1024687
1446
796
1051
805611
952
1086
628
778614
986
1092
634
583914
1239
794
611
724017
946
1078
765
780665
956
1107
634
875971
1225
811
773
668295
1467
812
730
708949
1217
1114
654
673894
953
777
1050
772052
943
648
1063
652949
1252
785
1026
683727
1245
772
1045
763914
1266
1044
642
661054
1277
2832
668
681716
1287
1092
1033
722365
939
1104
633
747224
1461
1096
740
841379
1385
1123
927
712046
922
1113
1017
599342
916
1095
767
888276
1055
1069
757
761102
3256
1123
639
602584
1236
787
1029
710869
1275
803
1041
803335
1236
794
1039
678176
946
1092
647
734375
1316
1091
616
628073
1238
821
640
743402
953
1079
638
722420
976
1280
662
886047
1223
818
727
774476
1068
958
1596
753290
992
1548
654
817476
1002
650
1071
707485
980
644
1061
709124
1254
794
1017
681012
1244
791
1039
684917
1246
1087
656
597063
965
1084
643
779848
802
1111
1046
786553
903
1087
1000
739117
957
1092
635
901270
970
1086
911
777254
922
1109
939
594382
915
1267
642
941220
971
1059
635
733459
1245
1048
629
581962
2061
703
1009
728060
1237
983
1058
962700
1271
797
1027
803882
957
1277
649
767225
953
1057
622
648754
1236
1017
632
746298
976
1094
642
813392
1358
3118
663
940243
1341
812
731
703586
1228
816
624
683868
991
1083
642
728543
982
660
1131
777191
982
768
1029
789146
1252
806
1035
717401
1244
777
1038
768485
1237
1072
635
561160
949
1303
628
703152
1258
1108
1040
710662
935
1108
624
757931
953
1061
631
886427
959
1067
893
732421
905
1170
915
554806
927
1111
652
835919
945
1075
753
785752
1248
1081
629
602660
1648
818
1034
728043
1265
964
1040
881731
1286
799
1032
721344
956
1258
628
719847
1290
1085
636
626427
1228
994
626
763884
949
2466
792
790507
965
1073
619
1030922
1226
816
739
738047
1247
831
631
793282
944
1079
630
738604
983
965
1064
686656
982
778
1061
684531
1243
800
1019
711902
1259
803
1031
823177
1276
1060
637
642073
979
1080
630
775968
1617
1286
1081
775586
915
1099
758
721890
980
1084
621
913718
990
1097
902
775875
941
1102
907
625492
911
1108
631
878283
998
1064
743
727075
1258
1068
624
616349
1689
829
1056
863889
1780
819
1061
953848
1257
776
1014
717789
2009
1159
641
775986
939
1362
672
576996
1241
827
615
716297
960
1069
621
726505
948
1093
619
865331
1243
813
742
670145
1250
825
614
704959
970
1075
625
740976
941
789
1044
799619
991
955
1059
767755
1276
796
1049
777920
1264
655
1029
723858
1252
1067
650
581148
1129
1215
630
811990
999
1183
1049
734638
953
1105
750
738807
966
1086
743
871021
1015
1534
931
755801
909
1107
929
586600
797
1120
858
935155
966
1083
639
760978
1490
1064
634
675819
1494
2778
1113
774771
1261
805
1037
930589
1289
792
1047
744047
969
1082
638
787099
969
1209
645
621703
1214
1009
630
760134
1017
1269
641
732734
973
1075
620
943912
1233
820
735
808128
1258
818
748
756093
1261
1101
641
782808
1105
1734
1150
744049
950
645
1053
723496
1258
781
1023
776816
1347
788
1066
706980
1263
1121
639
609531
1342
1245
631
839654
974
1082
1030
743291
905
1092
772
716192
937
1098
628
834255
Xput: 5335
