1616
827
737
608
1561
600
544
712
616
541
657
574
546
1411
579
548
526
2767
3489
970285
1361
936538
2670
1846513
866
956059
870
922424
878
924266
872
899879
870
931695
854
913598
867
949272
875
960879
867
992461
886
999135
868
1016186
868
1011251
878
1032319
866
1047960
872
1022817
869
1011236
886
1030617
851
1050478
870
1030807
686
1035889
803
1011408
676
996858
812
22052
2707
1025031
999504
1054428
868
27039
959992
25112
954344
30529
2860
2036479
879
24498
967054
1051109
869
985161
875
997845
873
22936
996760
1017399
864
989737
876
1003083
1297
20195
5327
1933310
875
1010354
877
1015637
874
986115
884
983844
868
1047406
859
1017404
867
27325
992042
1037994
874
991392
874
1038300
871
1051657
865
1053941
880
1005567
881
1040767
870
989692
868
1013472
875
1005480
853
1004899
742
988445
881
1018028
877
996808
877
1024986
885
1014364
872
1047956
877
990253
863
1014354
883
1009421
865
1032792
866
1042484
864
1009480
868
1030086
877
1027185
865
18819
977035
1012570
884
25025
1007592
1021638
867
25991
971903
30619
4431
2010734
866
25109
3270
1036546
5326
993216
4684
1015332
1862
1013913
980592
30154
3167
1025295
2078
2022979
870
1052375
849
26836
4616
2036881
872
1040728
855
1014534
867
1033631
860
1048603
864
997917
882
1019886
874
26861
995521
1003116
861
995453
856
1031309
874
1018759
870
987503
873
1026818
877
1032542
872
1052498
869
1011690
880
983334
866
1039049
872
1058828
884
997884
871
1012110
860
1018576
879
1048027
887
996888
865
1051568
866
1012060
882
1005872
882
1043568
817
1004693
871
1022060
861
1003811
864
1004018
862
1010065
872
29207
4784
1003945
979480
29999
5023
1013958
1780
976917
1436
994788
2343
994780
6013
998675
2217
1016993
3289
1009532
5059
1010141
996743
21225
5056
989859
5264
1923994
879
989202
860
25144
5285
2009215
866
996871
877
1028514
882
995006
1449
1016612
870
1034601
747
1008284
870
27405
1012765
1000941
865
1030104
854
991686
884
1013004
871
992045
736
1014119
886
1015001
867
997414
869
972892
857
995500
875
975846
747
1025141
873
1000521
872
985415
871
1030237
875
995381
862
984180
875
995033
877
990292
876
978346
872
960482
856
1002503
876
1010408
881
1031155
879
982649
862
972614
880
31395
2048
978130
973478
30160
1755
1021183
3048
1007073
4874
1004562
2185
991685
5018
985782
2159
1030275
2380
986475
1859
1000150
1017603
32076
2981
1042910
5846
1968855
871
999383
863
25913
4499
1987296
882
1039858
873
1024708
866
1005622
885
1001148
878
1003581
873
1017457
869
28654
960666
1007153
879
1033921
877
1015117
883
972857
872
1008017
729
975946
875
974235
878
1024447
870
1000941
752
1008561
878
985672
762
1014595
876
986045
737
1008078
880
966523
889
974176
882
1007890
878
1027892
885
997682
881
999142
874
975319
875
996491
892
989182
889
1004484
886
992622
870
992556
888
26205
5742
1000671
982390
29584
1759
999416
3333
1042536
978924
25862
5730
1007995
5564
2021068
744
28504
5709
992192
776
1967571
7472
21004
5567
2023021
880
1002601
884
1002856
881
25030
3340
2371923
876
1134485
875
1088691
884
1073028
895
1065732
879
1102980
876
1070341
870
1048120
778
1072272
869
1020504
866
1048120
878
1045782
887
1020943
868
1004927
876
1040985
881
987466
880
1001289
687
979654
811
1044641
854
1003271
879
971264
876
966912
879
963323
849
967751
876
991599
889
1012831
876
999437
859
1063730
874
1036211
873
1049263
882
988275
882
1004416
889
968534
877
967303
886
30343
3697
1948002
884
965299
894
25741
4690
1969960
881
31278
958638
29729
4808
1911929
891
28206
3047
1022645
970027
969875
869
22930
973338
976265
865
967591
894
1020416
879
967038
887
964185
885
1005407
892
978317
879
976348
870
975953
887
982857
753
975675
889
31372
934022
994504
811
981069
811
978118
890
1015321
914
1006305
880
1012915
874
966305
870
960772
887
998442
879
969130
882
975450
894
961066
888
940892
901
978504
876
1012484
888
982271
888
990020
879
1053706
899
1030345
882
997473
878
1002436
871
993786
887
994596
743
983724
898
997465
873
962092
884
1037203
891
29414
976997
991082
860
23504
960424
25756
6399
1968810
869
27815
3315
1004619
943492
27467
4582
1011074
4828
1033157
1010123
30107
5224
2037271
871
1035645
874
1013084
880
26762
5571
2011443
882
1040350
868
1002505
879
976477
867
1011366
871
1017365
738
1007495
870
27098
1029666
1008992
890
1016003
876
987080
879
989970
877
1002236
885
1009066
882
982925
876
1008958
884
982567
868
997352
871
1008977
886
1040029
876
976497
874
994104
873
975188
878
980269
1749
1005593
884
945256
882
1006968
893
1002256
881
986943
883
990376
889
974195
870
964452
880
971950
871
976887
881
29702
4542
996195
964484
30335
1957
987411
955127
29682
4042
1008910
1803
1002871
4525
1011094
2105
999725
4619
998790
2226
1003684
991805
20594
3191
997387
3429
1937039
877
1004280
889
29222
5493
1959359
1283
978211
871
1023682
874
998645
872
1016195
868
985170
Xput: 2025
