65860868.571429
66220541.428571
73350756.190476
60730123.809524
59918502.857143
59782031.428571
58690297.142857
58152520.000000
57943718.095238
57235196.190476
55839685.714286
55122180.952381
56746207.619048
58285068.571429
58627157.142857
58322994.285714
57680001.904762
58940009.523810
57348834.285714
56468887.619048
56292956.190476
56324173.333333
59280904.761905
60012417.142857
59582055.238095
57749260.952381
58228150.476190
57979836.190476
57168179.047619
56989183.809524
56805737.142857
59481720.000000
59402700.952381
58895015.238095
57781704.761905
58064561.904762
58323129.523810
58213681.904762
58651815.238095
57926182.857143
59011473.809524
61534879.523810
59181986.666667
58578836.190476
58257413.333333
58932169.523810
58815068.571429
59742051.428571
59057628.571429
60164076.666667
59345874.285714
59737278.095238
59006674.285714
58810121.904762
58096710.476190
58609055.238095
59268154.761905
58715716.190476
58522278.095238
58394091.428571
58906026.666667
58222847.619048
58095891.428571
58593295.238095
58606093.333333
59262435.238095
59004897.142857
59634171.428571
59784600.000000
58790184.761905
58618180.952381
58791491.428571
58944384.761905
58782876.190476
58686864.761905
58604186.666667
59203205.714286
58939977.142857
58557293.333333
58532316.190476
58784325.714286
60128594.285714
59973516.190476
60105653.333333
59243354.285714
58754120.000000
59990281.904762
59016091.428571
59383900.952381
59024706.666667
59215617.142857
59049003.809524
59413750.476190
58729651.428571
58292240.000000
57963954.285714
58679049.523810
58973026.666667
58783420.952381
58662167.619048
58529403.809524
58987779.047619
59258468.571429
59016592.380952
58407790.476190
59032237.619048
60044752.857143
59974643.809524
59598556.190476
58976403.809524
58645761.904762
59125535.238095
59201411.428571
59399478.095238
59781220.952381
60405954.285714
60280089.523810
60540766.666667
59625019.047619
59047523.809524
59158388.571429
59105186.666667
63914697.142857
64772127.619048
63356765.714286
63109504.285714
63137181.904762
62853539.047619
62583761.904762
61862379.047619
61979028.571429
63302739.047619
62713986.666667
62490293.333333
61664613.333333
61219619.047619
61319700.952381
61298984.761905
61551645.714286
61136245.714286
61796588.571429
61381788.571429
61798274.285714
60858205.714286
60516043.809524
60548786.666667
61398746.666667
62141769.523810
61703764.285714
61357855.714286
61128580.952381
61876689.523810
60932234.285714
60139493.333333
60201775.238095
60613084.285714
61584984.761905
65504965.714286
67177647.619048
64464626.666667
62749133.333333
62044081.904762
62157539.047619
61695190.476190
61542476.190476
61563026.666667
62842142.857143
62390880.000000
61672205.714286
60965391.428571
60611259.047619
61069569.523810
61740599.523810
61368139.047619
60855201.904762
60670666.666667
61550096.666667
61588099.047619
60962939.047619
61298270.476190
61235558.095238
61997013.333333
61907485.714286
61607499.047619
60877163.809524
60583714.285714
60694193.333333
60414813.333333
61203529.523810
60396792.857143
61065135.238095
61016906.666667
61133455.238095
60797819.047619
59981038.095238
59953499.047619
60759487.619048
61766918.095238
61301365.714286
60725380.952381
60156805.714286
60957767.619048
60606017.142857
59951207.619048
59927466.666667
60096560.000000
61296015.238095
61707803.809524
60964255.238095
60053508.571429
60109222.857143
60451876.190476
60870935.238095
60336700.952381
60483994.285714
60669920.000000
61235161.904762
60845757.619048
60173790.476190
59861304.761905
61316462.857143
59862243.809524
61423158.095238
60971563.809524
60791396.190476
60693786.666667
62047337.142857
61603280.952381
61093331.428571
61383297.142857
60660931.428571
60080702.857143
60536270.476190
61627752.380952
61377740.952381
61075721.904762
60610375.238095
61125471.904762
60899327.142857
61303752.380952
61877148.095238
60985756.190476
60948643.809524
60953249.523810
60796952.380952
60342920.000000
60642695.238095
60553649.523810
61135192.380952
60111390.476190
60186929.523810
60910020.952381
60809245.714286
60228481.904762
60030742.857143
59985950.476190
60324893.333333
60218596.190476
60746042.380952
60595255.238095
60654557.619048
60829028.095238
60052076.190476
60402207.619048
60005142.857143
60224167.619048
60602879.523810
60973382.857143
60679788.095238
60769150.476190
60790845.714286
60871626.666667
60700834.761905
60482413.333333
60298337.142857
60290892.857143
60463091.428571
60515841.904762
60378786.666667
60255876.190476
59875434.285714
59796584.761905
60258483.809524
61237180.476190
60933264.761905
61006642.857143
60893665.714286
61070485.714286
61674891.428571
61463283.809524
60849457.142857
61570401.904762
61502910.476190
61616140.952381
61295748.571429
61215544.761905
61365977.142857
60710219.047619
61850201.904762
61978236.190476
61415259.047619
61773902.857143
61511030.476190
61973815.238095
60957628.571429
60859203.333333
66725278.095238
66607723.809524
65277161.904762
64681484.285714
64289632.380952
63853045.238095
63080329.523810
63499636.190476
62832681.904762
62832018.095238
62883903.809524
64128912.380952
63703161.904762
63190878.095238
62839228.571429
63160594.285714
62950318.095238
62876226.666667
62964769.523810
62407723.809524
63689973.333333
65394609.523810
63115318.095238
62011179.047619
62250367.619048
62111742.857143
62506152.380952
62837045.714286
62415137.142857
62900017.142857
62745371.428571
62355828.571429
62393702.857143
61978523.809524
61688950.476190
62112076.190476
62882702.857143
62864121.904762
62394523.809524
61416462.857143
61546935.238095
61421400.000000
67861565.714286
66103371.428571
64975424.761905
65034394.285714
63986813.333333
63387110.476190
62679737.142857
62473419.047619
62866472.380952
62969943.809524
63200457.142857
62849594.285714
62828772.380952
62898972.380952
62021822.857143
62282859.047619
62733120.000000
62860306.666667
62972509.523810
64008279.047619
63443340.476190
63103819.047619
62709085.714286
62034059.047619
62403588.571429
62395175.238095
62311000.000000
62778415.238095
63479941.428571
63645096.190476
63172360.000000
63167618.571429
62172561.904762
61827683.809524
62093360.000000
62550599.047619
63373050.476190
63082104.285714
62471308.571429
62388184.761905
61789516.190476
61608310.476190
61608666.666667
61923287.619048
62407975.238095
62962880.952381
62282803.809524
62188382.857143
61940327.619048
62799205.714286
61820314.285714
62809748.571429
61201245.714286
61683017.142857
62073942.857143
61680441.904762
61485087.619048
61231478.095238
61078967.619048
61898980.476190
61713289.523810
62044520.476190
61269982.380952
61384638.571429
61213939.047619
62021037.619048
61772784.761905
61438946.666667
61404291.428571
67184093.333333
61728270.952381
61792558.095238
61855496.190476
61491567.619048
61188316.190476
60802563.809524
60933874.285714
60792140.952381
61778268.571429
61733563.809524
61456956.190476
61604198.095238
61001495.714286
61295402.380952
61525874.285714
62026386.190476
62573342.380952
62817514.285714
63729403.809524
61718184.761905
61164129.523810
60765323.809524
61088323.809524
61633561.904762
62559068.571429
62996093.333333
63038502.857143
62819584.761905
63034514.285714
62213375.238095
61622156.190476
61280245.714286
61375337.142857
61720516.190476
62291899.047619
61758687.619048
61506444.761905
61939278.095238
61763179.047619
62467278.095238
62632190.000000
61730300.952381
61918174.285714
61730198.095238
61389851.428571
61567710.476190
61061853.333333
60972540.952381
61151140.952381
61850634.285714
61982624.761905
62453706.666667
62165226.666667
61547533.333333
61568041.904762
61376714.761905
61311603.809524
61026891.428571
61327062.857143
61547571.428571
61542958.095238
61451712.380952
61250163.333333
61070750.476190
64413864.761905
66407980.952381
65261360.000000
65068177.619048
64291150.476190
64015636.190476
