1931
872
1081
630
709
911
888
745
602
977
608
840
716
905
570
1205
625
159718
43276
150967
47371
226030
1135
189512
52098
238393
1136
236716
1135
237413
861
225205
1140
248654
1116
248485
1140
201113
40008
190027
43670
185347
45701
202190
45296
203318
851
289893
1128
189489
25121
190688
26342
206641
701
230993
1109
245234
827
260157
849
158849
864
224826
860
157299
846
209218
717
215664
1087
249907
1126
164911
1117
235176
1136
208609
1117
234868
736
240455
1144
238256
1117
241243
1122
204130
1125
240226
1111
228395
868
237242
1123
250171
945
260024
1228
190175
1206
247942
1203
246676
904
253331
1167
231204
894
272117
777
196653
920
288113
923
197597
916
225681
922
251341
1202
299348
1207
235204
1211
315541
1221
259197
1223
262927
773
246090
1260
240947
1201
245138
1230
201625
1229
248333
1234
199551
948
219467
1240
236660
927
286080
1208
200729
1215
235215
1210
229332
882
229068
1194
225281
891
247490
924
197975
1002
264955
930
190034
909
214965
937
206496
1176
230771
1209
168492
1210
227730
1230
191566
1224
189361
929
194578
1228
198406
1215
199248
1210
163132
1217
198598
1227
200697
921
197855
1228
195444
928
227472
1231
165159
1210
271958
1212
225730
888
237910
1188
240403
899
291107
926
181673
934
269671
920
164882
925
207533
908
211939
1191
11133210
1211
162258
1220
254431
1224
235282
1235
240311
944
251570
1226
234981
1209
224374
1225
183113
1210
215353
1222
226924
934
244966
1233
263782
932
301147
1232
202200
1207
235905
1660
231238
897
227245
1203
232695
895
242695
922
158271
916
233911
930
164307
918
212438
920
219995
1159
264907
1209
184374
1205
270752
1234
220726
1299
217236
929
211949
1209
219586
1224
223591
1208
199620
1227
217424
1491
224826
931
214571
1252
221480
943
254678
1229
200108
1225
238277
1217
234213
897
5320526
1232
241306
898
272304
1369
189175
946
268936
921
187686
914
236671
926
248510
1182
259766
1205
180711
1236
274130
1201
238342
1247
220847
937
214076
1239
234385
1212
244410
1219
186577
1234
240045
1234
234204
927
229795
1253
240177
924
284343
1219
200037
1200
228329
1229
243931
909
214992
1194
228587
890
272245
1541
189450
920
264078
925
208960
924
252612
925
244670
1186
255098
1233
175313
1238
277136
1249
240294
1219
243211
939
249262
1207
244004
1241
240164
1227
195880
1244
214444
1235
210393
941
228316
1224
242935
934
283243
1223
204813
1234
232773
1203
237829
890
209415
1176
201045
910
239936
922
171765
939
255977
922
170354
937
202477
894
232133
1178
286608
1200
253628
1220
286712
1212
221920
1205
206562
935
202833
1242
207846
1238
202762
1203
179022
1216
20345843
1231
199803
935
193774
1219
213299
942
232670
1229
184080
1218
215211
1219
214097
886
200234
1183
210733
886
254767
920
169297
905
234853
914
167843
919
202108
918
210445
1170
239705
1220
185550
1229
277879
1228
217190
1216
215603
933
238752
1227
228499
1249
225525
1201
189285
1247
232142
1209
244682
938
222976
1237
222805
945
246754
1238
183294
1204
217461
1220
234623
910
250815
1199
244903
759
286928
934
163504
956
235644
942
165404
787
224428
925
215571
1183
248630
1233
170885
1222
242407
1220
213157
1247
210773
931
220608
1231
200744
1221
203125
1225
181497
1220
234045
1221
229385
934
212518
1255
216348
917
237865
1240
180588
1212
212885
1226
224284
911
221778
1645
236839
879
267589
935
199054
924
305636
930
188695
1487
230561
951
237710
1185
265454
1236
193478
1229
294217
1237
233600
1239
245879
941
235673
1213
238614
1228
207249
1215
180108
1213
222048
1219
214961
944
227272
1247
221060
939
254291
1213
177648
1208
218714
1204
207464
762
209047
1177
14117183
915
257165
1483
160865
934
242830
906
177096
936
219855
800
225410
1201
268075
1214
171859
1218
248062
1224
192296
1209
200731
918
225159
1247
194150
1216
228759
1234
191783
1241
213816
1233
189184
943
204703
1234
188214
924
266059
1226
183709
1206
236305
1221
220274
903
202304
1217
200226
895
243395
927
180562
942
254713
929
198625
948
231015
928
256342
1178
283138
1234
195628
1194
262557
1213
191704
1241
189263
938
203862
1216
235806
1618
226645
1212
194147
1235
227521
1230
217122
926
225021
1204
224076
952
247622
1225
161935
1195
212750
1213
1854120
905
224851
1175
192476
895
239120
759
221448
934
277683
921
192360
917
232809
925
226053
1200
269432
1220
165600
1213
270810
1216
247714
1230
226137
935
209123
1237
205692
1222
197483
1223
159063
1236
232220
1207
244322
783
229336
1238
227581
933
285224
1205
171511
1199
232352
1194
205705
882
189381
1178
208272
885
264445
1483
214778
922
293427
917
13640738
914
213440
924
232571
1330
251242
1366
206863
1212
289041
1276
232733
1243
227409
924
238200
1225
234489
1210
238751
1231
183252
1231
225039
1223
205179
933
192777
1222
193638
938
226377
1219
163655
1198
211424
1188
194698
885
201096
1173
211039
877
230877
914
164329
930
234243
928
161115
921
212941
926
218447
1190
244755
1660
182072
1212
284315
1228
220234
1237
221920
930
223528
1206
222961
1235
212558
1234
175393
1208
211211
1234
206274
919
249806
1223
248144
936
292495
1242
185443
1219
212117
1223
250620
886
249871
1170
255756
886
282571
961
1879891
901
251892
935
179603
929
228356
920
227915
1184
229506
1240
184012
1200
289461
1205
238017
1215
249743
937
260802
1223
253358
1225
235422
1213
171592
1230
235280
1218
253061
930
223150
1215
215911
784
247703
1238
169433
1209
224003
1214
214754
888
212659
1177
207512
891
268929
928
197781
929
286316
924
205642
921
248030
918
246112
1192
13536655
1232
172800
1209
270676
1224
257859
1215
251913
912
255260
1223
235286
1206
208775
1212
184813
1230
239853
1236
242551
938
236919
1216
224606
926
267594
1207
182966
1199
220469
1652
219632
900
219310
1199
220142
874
263692
927
195735
932
280563
936
183294
925
240590
904
238612
1189
289093
1221
189427
1223
297320
1242
219980
1207
216260
936
210099
1263
233258
1224
249318
1199
197389
1235
232849
1220
253776
939
251736
1211
239892
938
262802
1206
195985
1200
223657
1219
226924
903
226583
1192
240879
885
260384
917
184848
915
274393
924
177918
924
207030
926
219111
1195
259129
1212
174475
1218
261302
1232
262048
1220
4979366
912
244315
1213
235806
1194
242986
1216
198886
1233
219085
1206
212304
929
211181
1208
225417
923
298887
1223
218196
1212
264412
1219
226345
894
213330
1182
190188
854
256831
920
185142
922
279607
771
197953
920
252587
929
246799
1174
297953
1227
195779
1210
275377
1224
215751
1238
208927
925
206227
1225
213410
1220
195102
1207
160643
1236
197274
1229
204715
934
215833
1223
221829
927
266988
1238
182980
1209
223320
1214
9570496
899
260819
1189
266877
903
292896
923
209496
914
307399
920
209205
923
247742
938
245897
1191
265309
1200
183079
1237
258232
1222
232644
1214
228332
933
240813
1233
228134
1227
199992
1229
194972
1233
240405
1221
221465
932
218742
1211
223913
925
282844
1213
179980
1197
239376
1218
227898
890
233730
1199
243268
891
267345
981
201943
923
280883
1741
185176
930
233520
924
211287
1215
266661
1216
193306
1214
282168
1224
235134
1210
236538
917
235366
1225
237884
1217
223472
1205
163142
1243
210347
1217
216202
932
212747
1668
244181
930
292866
1219
186135
1208
9639362
1226
220414
888
243390
1183
262090
892
271400
910
184903
922
248148
917
152303
933
201900
924
231848
1187
261261
1206
191681
1206
270604
1222
222498
1236
198672
929
198980
1223
207298
1209
227190
1218
186622
1207
230457
1230
225144
926
227732
1226
209180
922
256699
1231
198648
1194
240298
1204
236624
757
241835
1189
234267
760
294806
929
182010
923
254270
933
179649
921
250663
902
240412
1181
302027
1200
196966
1204
282130
1215
237166
1206
201861
944
214244
1221
212666
1234
5061718
1238
184312
1242
226849
1216
220573
945
236634
1237
237748
934
275606
1204
194241
1222
220299
1227
236012
886
233237
1180
227210
893
246335
929
179805
780
226732
923
171625
941
236000
934
238371
1205
289617
1228
183949
1224
262292
1212
229963
1229
243378
942
237179
1209
246658
1227
236057
1239
190550
1215
225298
1235
222599
943
228043
1219
222915
943
289225
1242
168141
1214
235185
1206
230985
760
236899
1219
9919029
764
238311
927
183990
904
269409
916
164308
930
241155
935
235941
1174
279844
1207
183924
1236
284455
1232
222840
1230
238923
935
217060
1233
204201
1235
211370
1237
201444
1213
257970
1240
246068
939
252621
1216
246190
939
253259
1238
177239
1209
231057
1227
246177
908
241296
3592
250253
894
297846
1022
