24754930.000000
22628177.142857
23986574.285714
22781172.380952
22434002.380952
17952434.285714
17302611.428571
16673769.047619
17600942.380952
18105836.190476
16962410.000000
17203116.666667
18929017.142857
19551677.142857
22376002.380952
19349302.380952
22170038.571429
19947875.238095
19582778.571429
18765843.809524
21394458.095238
18936196.190476
19802951.904762
19167731.428571
18890360.000000
18880011.428571
19328702.380952
19784984.285714
18969291.428571
18972411.428571
18981400.000000
19490963.333333
19856279.523810
19758825.714286
19007980.952381
19303419.047619
19254653.333333
19540120.000000
19240175.238095
20130236.666667
23946642.380952
21989927.619048
20580716.190476
21257169.523810
20337935.238095
20052763.809524
19992497.142857
19814651.428571
20269889.523810
20312455.238095
20788631.428571
19858916.190476
19904365.714286
19827165.714286
19713721.904762
19652453.333333
19810712.380952
19705638.095238
20598642.857143
20061607.619048
19925817.619048
19585146.666667
19554582.857143
19894788.571429
19807036.190476
19623093.333333
19792963.809524
19775121.904762
19733628.571429
19501710.476190
20027688.095238
19768600.000000
19484302.857143
19619369.523810
19966397.619048
19461226.666667
20032310.000000
19566438.095238
19881302.857143
19613691.428571
19996597.142857
19646611.428571
23080628.095238
19586184.761905
20577675.714286
21893072.857143
19683689.523810
19550836.190476
19800931.428571
19429840.000000
19483112.380952
19808099.047619
20191545.714286
20057518.571429
20134815.238095
19509552.380952
19757093.333333
19678649.523810
20496300.952381
19868619.047619
19922771.428571
19786026.666667
19752767.619048
20333880.952381
20085752.857143
19698540.952381
19822314.285714
20109134.285714
19672514.285714
20105550.952381
19670670.476190
20302958.571429
19636230.476190
20255059.523810
19853520.000000
19773620.952381
20385539.523810
19544780.952381
20219399.523810
19641314.285714
20677888.095238
19815165.714286
19794449.523810
23818343.809524
20262130.000000
19613720.000000
19847914.285714
19839262.857143
19868681.904762
19783881.904762
20360879.047619
19996925.714286
19997828.571429
20051889.523810
19954960.000000
19857556.190476
19818975.238095
19864083.809524
22507713.333333
19821744.761905
19704539.047619
19724940.952381
19639262.857143
20555440.000000
22015476.190476
19861000.000000
20296082.380952
19801699.047619
19785782.857143
20197646.190476
19979038.095238
20415772.857143
20352742.380952
19825485.714286
19876030.000000
19742864.761905
20924301.428571
19662148.571429
19748255.238095
19658582.857143
19986344.285714
19854148.571429
19860805.714286
20015899.047619
19909093.333333
19848641.904762
19830011.428571
19787958.095238
19823687.619048
19740889.523810
20080154.761905
20304757.142857
19686769.523810
19763438.095238
20135483.809524
20259524.285714
20329047.619048
19680655.238095
19878455.238095
20559753.333333
20149904.285714
20369860.000000
19822040.000000
19891480.000000
19713003.809524
19811121.904762
19869123.809524
20174104.285714
19655483.809524
20161859.523810
19626449.523810
19837670.476190
19565106.666667
19779982.857143
20112563.333333
19748142.857143
19689059.047619
19871268.571429
22536894.761905
20175648.095238
19672350.476190
19845470.476190
20182329.047619
19960045.714286
19646634.285714
20271771.904762
19850420.952381
23607195.714286
19747110.476190
20031755.714286
19775500.952381
19823777.142857
19543653.333333
19893198.095238
20261480.952381
20076820.000000
20226702.857143
19738790.476190
19769584.761905
19889962.380952
19670394.285714
19602674.285714
20090277.142857
22374076.666667
19820259.047619
19814640.000000
20359047.142857
20407427.142857
19893689.523810
19791967.619048
19782687.619048
20454097.619048
19726632.380952
19931495.238095
19706123.809524
19771367.619048
19747053.333333
19731550.476190
20386453.809524
20417344.285714
19693792.380952
20317745.714286
19753868.571429
19815139.047619
20132441.428571
20220137.619048
19896853.333333
19890234.285714
21884961.904762
19940622.857143
20553208.571429
23044290.000000
21911118.571429
20557592.380952
20025984.761905
20104548.571429
20079299.047619
19819851.428571
19973510.476190
19997015.238095
19751443.809524
20218193.809524
19847188.571429
20021847.619048
20201606.190476
19818491.428571
19880805.714286
19763260.952381
19815131.428571
19760672.380952
20443741.428571
20297467.619048
20196107.619048
19844860.952381
20272209.523810
20473520.476190
19987371.428571
20296108.571429
19990384.761905
19923142.857143
19883855.238095
20364798.095238
20004700.952381
20041632.380952
19764051.428571
19876099.047619
19863699.047619
19838224.761905
20111706.666667
20100432.380952
20503257.142857
20572462.380952
19991083.809524
20417043.333333
19937746.666667
20515425.238095
16749248.571429
21216711.428571
19132649.523810
18274386.190476
18527395.714286
18265273.333333
19077958.571429
18353398.095238
19321175.714286
18142650.000000
19443290.476190
20502939.523810
19915019.047619
20532380.476190
20481829.047619
20372346.190476
20397984.285714
20002245.714286
20060314.285714
19845470.476190
19752638.095238
19992156.190476
20064000.000000
20119019.047619
19743697.142857
19855167.619048
20003948.571429
19762611.428571
20771398.571429
19824582.857143
19981952.380952
20386593.333333
20144284.285714
19932813.333333
20053034.285714
19903019.047619
20241917.142857
19994931.428571
20454919.523810
20261046.666667
19880552.380952
19940102.857143
20071047.619048
19688493.333333
20225530.000000
20400184.761905
20513743.809524
20075402.380952
19650451.428571
19847902.857143
20027476.190476
19819735.238095
20271282.380952
19882788.571429
19923072.380952
19686700.952381
20208204.285714
19804068.571429
20054321.904762
19634670.476190
19657763.809524
19884360.000000
19981878.095238
19646565.714286
20199587.142857
19859845.714286
19961731.428571
20319930.476190
20301228.095238
19831405.714286
20373967.619048
19817874.285714
19826708.571429
19824051.428571
19981024.761905
19662836.190476
20291232.857143
19892142.857143
20042790.476190
19888285.714286
19816049.523810
19983815.238095
20780830.952381
20417505.238095
19924200.000000
20085516.190476
20150939.047619
19814506.666667
19859632.380952
19914428.571429
20025068.571429
19908790.476190
19837000.000000
20541804.761905
20002588.571429
19871843.809524
20069175.238095
20057026.666667
19974449.523810
19752670.476190
19849201.904762
20054030.476190
20474539.047619
20104758.095238
19712632.380952
20406010.476190
20613191.428571
20121381.428571
19665790.476190
20090159.523810
20406566.190476
19765638.095238
19775459.047619
20540265.714286
20329170.000000
19918106.666667
20437128.095238
20498769.523810
20140870.476190
19895348.571429
20431675.238095
20123316.190476
20305942.857143
20368998.571429
19863495.238095
20104899.047619
20137379.047619
22148756.190476
21968029.523810
20695396.190476
21580723.333333
20632420.952381
20549958.095238
20968624.285714
20644678.095238
20722715.238095
20958537.142857
21079055.238095
20495817.142857
20866720.000000
20324034.285714
20568939.047619
20802360.000000
20352268.571429
21013002.380952
20670245.714286
20665459.047619
20507514.285714
20456992.380952
20661613.333333
20673748.571429
20493224.761905
20494777.142857
20549680.000000
23324438.095238
20982127.619048
20927854.761905
20730752.380952
20639807.619048
21058148.571429
20505984.761905
20517377.142857
24514654.285714
23610283.809524
22006188.571429
22363180.000000
22292894.761905
21591596.190476
25593249.523810
21401681.904762
23945864.285714
21283670.476190
24615211.428571
24312210.476190
23708823.333333
20886556.190476
21014809.523810
21026441.904762
21519900.476190
20797398.095238
24549395.238095
20963784.761905
21049986.666667
20684000.000000
20684420.952381
20787834.285714
20989986.666667
20645704.761905
20644457.142857
23259288.095238
21424047.619048
20967604.285714
21078068.571429
20658980.952381
20818268.571429
20980853.809524
20601920.000000
21095767.142857
20746598.095238
20614640.000000
20478365.714286
20669106.666667
20721074.285714
20367373.333333
20540316.190476
21288883.809524
20820152.380952
20483344.761905
20338005.714286
24662961.428571
21536002.380952
20674523.809524
20400123.809524
20474413.333333
20658222.857143
21065447.142857
