879
323
581
275
461
561
183
246
178
253
185
258
182
218
522
191
575
204900
204197
206843
202959
204555
203499
201988
197954
200275
194314
202155
198986
202409
198969
217005
208531
198125
199897
199631
203337
207120
186464
134138
144174
149959
148711
158299
149343
146683
155729
146156
146625
161701
170066
146856
154329
149267
147578
147395
145131
141743
153929
142072
139470
209140
195525
144059
139331
154923
138807
147515
144492
156932
143514
152053
147999
148894
146769
148211
160020
196002
137602
147002
139202
151044
144099
153031
166864
215023
174964
142961
150276
147210
165555
164044
176780
171394
178454
173649
180011
154210
158391
191255
174970
205932
214818
218283
213867
190530
186116
174460
181232
173230
177211
175098
181313
169382
159988
143255
184000
197396
184497
174890
173051
170754
153421
164585
163200
181834
165290
161084
162897
168085
155957
162803
160707
159276
160021
150939
163838
157713
171769
158280
161706
167734
189418
194782
181415
201392
188053
199676
193436
189643
191084
183275
182059
151294
164573
153615
154648
152822
164603
153530
155487
157584
166607
156236
155389
164127
151796
159263
154684
161061
153689
156738
160573
161915
156946
166592
157267
158453
153648
163556
157560
180917
157098
142039
136765
130249
144785
138706
136606
132162
140809
141992
130042
138333
166729
196450
202527
204390
232049
196654
203320
197316
206723
197963
207144
225770
220403
201622
202793
204102
197594
206854
206501
200055
199375
203165
212649
231643
202431
206337
210404
206160
221767
219501
213555
209170
205172
205651
205612
205888
204385
221829
209602
224892
234215
210559
222501
212920
223759
215979
216983
224163
192803
214628
205973
208923
204694
206925
205964
206351
206770
203317
206259
208385
203752
205148
202649
206780
203361
201517
206229
203585
208374
204777
212804
203057
204429
204481
200631
202053
199212
205379
203251
205165
206673
201358
203704
206752
203143
214375
207656
205953
199757
204468
204360
204140
205058
198677
204367
203031
220184
220395
214403
218995
205572
209059
213313
207968
225358
209866
219489
201137
217133
212311
215679
209933
217032
216119
216634
214809
202893
207647
203046
202644
207574
207233
201670
205879
201693
206849
202089
205666
207687
206352
214314
233336
201475
206433
206198
221063
202379
209167
208553
206130
201190
201867
201584
207154
205400
214398
204925
206331
215253
203031
203905
199563
204360
216601
201320
150718
210974
206954
191891
215337
180701
167409
186408
161323
155341
218057
208067
204241
206637
200144
202652
198788
205551
208410
214643
202947
207833
202791
204390
199187
208348
211054
208981
207102
174366
155568
147875
147993
132876
134106
135982
133491
135948
131445
138224
139099
133313
137340
135201
136954
137639
133397
142014
153091
172036
150997
161693
142515
159117
154212
153744
144156
149983
145333
140287
144219
148375
155885
155360
156095
174096
153380
173071
159573
156985
206406
205530
209098
204501
210060
198750
157168
156045
152152
152166
158535
159923
160235
164576
178083
183092
186485
190538
187697
182630
185059
173655
153376
138810
167012
149262
143973
141032
151230
145219
200532
202036
202891
202153
197849
203338
203018
203332
195801
214610
215633
208460
214434
212865
185189
150194
161009
148779
143986
172000
168218
139484
146455
132310
139846
140387
136663
137434
146300
136191
141570
166255
177068
167929
149818
159446
148160
154908
150394
159975
151593
138969
214403
233006
243935
177571
191504
179155
166066
165183
168250
212212
219277
202405
205504
200166
196307
200697
202048
201559
200223
196621
201993
201067
197297
197943
186256
183154
202589
194034
199894
178959
146211
136044
153003
150401
167373
175835
152548
163691
143928
173617
218567
199612
199961
204120
198116
163195
160157
166169
150040
157602
164462
156808
162415
168412
157956
162101
156043
168961
163711
157015
152735
167345
157989
160522
159328
167335
154974
162310
166099
155929
155710
170718
165147
153736
199594
184217
159225
154774
166028
154288
192396
198731
214001
228394
206865
202638
211153
204648
206180
198417
210544
203987
196229
212228
196407
200450
196597
207950
194915
198267
202066
203709
204981
235912
223232
208426
204853
204107
203754
203946
203353
202913
204448
205055
203775
155811
146124
136302
135638
136063
141464
143556
152934
142778
220961
221105
207114
206968
201992
207443
212696
234509
215029
212581
221908
204447
212693
211286
222678
217108
219818
223594
206559
213488
200049
205596
196642
203714
196642
202296
199702
195269
197801
201772
196355
202316
219387
215340
196383
201332
200480
202026
198909
205266
196264
201770
198350
203630
195994
196594
200702
205394
198957
196350
202498
226174
177954
153879
149567
156195
169380
137682
155971
149201
170412
163698
179047
135437
139032
132777
138657
139170
135378
139657
131943
142252
134092
166627
153530
158213
153154
144420
137884
135763
135313
136650
131902
135325
135782
136388
132415
135874
136554
137741
131345
136945
157349
145104
137140
139461
152320
155974
157604
150495
151888
151257
159555
155453
153069
149537
161330
144783
156640
148097
161806
203717
205166
199026
207161
199095
203181
200411
200173
204461
200204
203456
205934
205020
201155
200031
208405
204010
206903
203600
196048
209655
200499
207551
198338
204412
203094
199446
199265
203551
204163
200652
199913
204270
214656
227920
199561
229680
227793
170236
194624
193049
176925
154141
206329
206605
211284
202265
205735
204284
206535
200963
200619
177718
181321
157796
162699
176846
157638
168540
177756
143846
138471
140202
138718
135287
139410
140488
138623
204496
142721
144657
156118
154783
152764
158783
152052
159742
150085
151895
141285
152285
148025
149905
164990
195655
207526
200183
203176
194058
200160
152981
213834
213631
203821
197947
199697
207958
202471
193216
142741
139786
199380
195628
195945
198195
198885
192622
184182
148753
139240
146387
145857
142773
145234
141288
148363
146486
201792
195197
201856
196616
145197
148475
137481
142778
144011
149488
139670
144741
145444
150256
139516
201010
198057
201477
198241
196570
151174
137565
155453
145255
159607
140178
163418
146530
145457
133870
146864
138438
197388
195855
196300
195061
206986
185446
151184
132688
135309
140999
135498
140893
134410
138238
191307
228435
217335
208300
144113
143596
135974
145937
135780
141043
134370
144843
136161
147113
206811
226243
209937
165337
138034
161619
188463
167472
170485
238796
171438
159222
161400
200214
174494
198658
166874
163288
158663
157270
160676
157566
150057
160196
153366
140379
140337
158168
162560
151446
154698
157016
137177
152191
141229
228817
218550
213544
209730
190007
155895
149386
140659
139024
137650
155030
202152
211997
225519
227821
227575
209328
205741
205857
209838
205433
213917
205274
206692
208557
214650
209387
215864
208609
226654
218417
232579
223375
238170
211208
212187
204589
237649
223993
206310
208959
205653
215894
207515
209606
210121
209569
204246
208543
207975
209911
203337
202615
215354
200363
209277
204491
212486
208542
207522
205918
217263
234279
226393
207298
212681
204936
204258
205863
213630
207093
201836
198620
207666
200512
199691
195463
204603
200020
227743
205204
198951
199952
200506
205760
203486
199595
205015
208101
206984
205333
209641
210609
210441
214234
234752
239945
205905
212617
198260
215122
202032
210756
195150
198904
202554
176891
170845
202728
215565
215618
188342
189401
224211
158715
137903
150064
135327
206164
202148
194877
139441
154271
200165
207805
200580
201325
202371
205412
203368
208303
195232
168970
184692
170568
172410
173177
162006
175262
164103
173159
163002
157639
146203
136636
133351
136017
193414
205727
197182
205886
199898
204107
203447
197745
213377
214879
204960
210528
254178
221456
199323
209468
202008
201462
198679
206201
206901
222889
207285
199102
206123
199198
161313
140751
155259
153818
140195
143942
210467
197910
189129
196096
214050
199757
222073
208967
199810
198534
200923
196410
205052
197380
199766
196903
199802
193953
226331
227232
185279
228184
195223
201195
209823
207107
208691
202075
205475
207424
201913
213212
183775
153000
159974
146296
145722
147616
145802
136585
185208
202622
200863
194465
207572
204193
205872
200544
219258
198096
183948
152367
237195
224802
215117
243715
240998
221170
209338
212927
189348
178597
208281
190858
150978
156951
140145
217720
216050
223987
213330
206346
139198
140543
143427
136224
146812
143589
146434
146281
153176
157611
216597
212955
213155
211584
210125
218379
208094
213840
209682
220339
208897
207786
212332
217189
207945
212272
213883
218527
214650
232997
233361
229536
209666
205566
201559
160653
139210
149218
145317
134208
139745
136735
144669
140223
135004
143584
143147
141518
149443
169378
204110
142662
142743
140241
148015
140328
138260
143838
142249
143084
167355
161948
140128
141379
136192
141230
141637
184683
138915
142547
149923
140882
143197
143178
148426
160798
158859
138483
148386
137229
142622
134892
174094
153322
165102
145675
148369
137985
143560
136482
151674
137507
146172
140839
146847
146077
158287
167056
180587
169286
153678
160414
169438
168546
158909
165650
156884
174858
171636
178619
180382
179261
175793
171008
165314
168230
169522
166395
159409
160599
159533
155811
228402
188668
169776
170366
200493
190628
186395
179135
177152
169600
193900
197159
162411
138008
168522
164488
159096
159980
169623
162240
161985
163739
153281
170632
166285
171035
159946
172310
158496
158182
164691
177251
166013
157916
150635
206014
166101
141771
148460
166776
154897
154237
142498
136465
149660
137451
144670
136019
138306
157310
158695
163237
162622
154033
162121
166509
191277
188781
203142
162717
179337
234673
221996
230369
219136
218453
205862
179461
185209
229023
225311
236433
188680
179156
162927
196979
199621
209316
198919
209208
206446
205285
204846
208090
200600
205768
211934
202514
204859
207302
208370
201898
202371
203408
200603
201876
197535
201753
208396
200495
210860
204041
206220
201630
209508
229946
237959
217842
210493
205032
212555
208372
210938
204825
212320
207744
211721
206088
218237
207667
214143
207146
219599
211646
210645
204166
208243
203116
221764
245212
227118
213799
214040
172959
183016
189446
193551
200462
191956
232924
218170
220013
227102
216952
175377
230140
180465
147568
145765
138301
153877
139278
142106
218917
219084
174399
152788
143813
158325
144956
151365
143828
159103
163892
179864
159926
179014
163281
183599
149888
149137
133649
129264
138236
127835
133771
130154
132770
131898
135066
140246
131621
141905
135268
133069
134292
143027
144502
132556
148968
139613
142653
131539
134922
132616
134481
130292
140116
233966
180153
183102
166864
175827
158648
168422
188640
182078
160631
167675
159395
206371
164593
162190
161495
147737
143136
150230
144778
152443
139578
153398
151235
147530
141881
140363
217171
213342
215886
164220
163859
181062
187288
171926
144425
155276
144645
165986
168285
142661
143263
143888
146887
162126
205690
193384
148741
146860
164264
141546
144881
147986
142431
142660
146596
153876
139269
149770
149549
203851
206488
206600
205656
203527
213379
206123
203661
211330
210635
208244
202819
211549
205113
214934
228207
206806
205920
207867
208708
209657
228215
232704
210553
222022
225237
223867
249684
212657
223278
176420
177941
213877
167486
141939
158936
142970
157378
151052
163636
139137
134401
136797
147393
138057
136997
137071
142451
138050
135351
149324
150476
138027
135316
150034
149344
160415
157578
231931
247881
236410
199385
204089
201750
164102
146610
142772
204146
207722
208092
209178
211403
203419
209581
204012
204726
205615
206542
202098
200692
202831
161138
143810
151881
162436
175083
168256
192316
173554
179444
184450
208439
168406
173565
197889
197742
204184
201851
214255
199385
207539
202618
204851
209191
206402
202702
206128
232579
235398
171980
162902
159917
159572
162292
171874
187790
152730
168236
170198
153818
147641
140322
137624
144910
133371
131828
141026
161167
174871
165946
169436
149266
141561
169689
148285
134469
134978
140605
146928
151870
146707
157710
154112
153345
150464
154253
149025
144168
146755
151899
151325
147461
154003
155937
149824
148681
153507
149602
162686
151098
154964
152737
165470
154631
155683
158651
195516
223231
230001
236340
200913
229944
229314
217721
217383
228918
213628
220677
225836
156143
155110
157476
138131
144069
132234
138341
133172
144461
135982
139182
136748
128130
144647
137721
137520
136655
206433
199397
204245
200524
220769
207002
211257
206590
232584
188864
162474
150401
148514
145856
163000
147946
144416
146253
148574
214332
227293
205967
209239
157888
132724
170119
217881
153036
145370
157748
158023
156714
151599
156440
165127
157626
158368
159758
161662
160463
160961
170646
162458
139763
145653
131849
146820
158182
136411
130900
135530
136888
135413
132658
135346
137382
136284
130028
136543
136514
137012
131548
137408
136915
134642
162024
206693
203840
203750
203143
220950
223791
199780
207206
202954
213866
232568
217723
208392
201295
210513
205685
203690
207200
230119
227475
216482
218691
201462
223581
203220
231997
201247
219895
203725
201434
219941
207574
149345
213102
207705
205927
203443
200620
208504
198644
209462
224223
214936
230139
241154
226678
274080
221129
226924
237713
225038
212989
216270
224620
212857
224563
208316
220364
211043
213324
210680
218277
212152
210249
208584
244526
220145
227069
213949
213576
208213
209591
205692
208139
215293
210519
210197
209250
217480
225739
227596
219924
204362
215373
205026
205028
208518
213347
208297
203473
208455
208830
207320
204610
210171
204991
217361
209430
211169
209459
215386
208988
209355
211319
212839
212894
212073
215245
214713
208052
211371
211972
209259
215252
210255
213202
221924
218105
218470
216455
210725
223960
212609
222983
204382
209282
204634
205402
202325
209648
208755
211661
208259
201662
217922
223492
213617
215910
205596
208669
210422
203223
219176
203518
210686
198770
166479
150977
157782
221553
244059
240280
206187
214981
212510
236800
215036
219620
223489
204942
189924
173200
222620
219765
203681
156702
149149
151782
151591
151554
146905
139244
137892
141766
138060
135453
151585
137066
153102
153002
165606
162462
152558
147677
153398
155688
145803
187191
150340
152547
147407
150129
150948
135504
158761
138345
164119
148700
148700
155941
154503
160863
151129
157082
150826
152919
140296
160268
148012
150111
153122
169151
157820
157950
142783
162031
142574
213684
224930
219900
216906
210018
209043
210885
204615
210226
211833
218763
213963
221226
206771
220458
209584
213012
206905
209763
211713
221643
209464
211455
216721
217138
208347
215097
213689
206084
224682
218745
216339
202950
187706
145582
136568
139885
180784
151237
143095
140767
202683
198798
165256
139051
142550
145619
142405
172384
210752
222236
201992
202304
153530
161824
140919
204479
197616
200351
208782
196537
166914
161734
155410
159882
142701
144743
139086
146539
143045
140915
143581
149805
146201
145181
175067
172174
167698
161648
167331
163513
190972
180562
163944
185793
166685
215485
210099
205518
228578
218888
210221
195358
176945
161015
144248
138647
132370
141620
140178
136617
159468
144884
143292
158624
142856
151601
151846
153242
147305
150590
157915
145780
153586
151410
150197
145440
146458
136619
149326
136982
145475
141927
163349
158651
143921
138901
144261
145957
142451
139361
163378
165100
161036
161626
168213
182887
208339
186483
179333
207827
206385
200543
190364
134557
146806
195866
196561
198964
196508
203958
197299
209593
196137
210654
198704
201519
197431
205958
196764
227563
202381
198601
212999
207593
206473
202943
214057
203607
208285
204318
215054
199388
208164
Xput: 5554
