1947
877
1048
618
720
1317
1019
601
674
905
549
853
636
826
814
1550
809
2306
962448
1446
1128
686
927
23319
934840
942
951
569
777
980724
861
940
1278
864
953
948458
1517
768
1020
728
982
17690
960395
1278
1139
929
709
1005417
1627
677
1814
772
1017
18252
948050
1317
928
730
597
946682
939
1126
637
850
2143
29556
942966
1331
756
1399
1019
988519
1303
755
1433
619
1000
19387
8471
7762
2492
923317
1237
24952
5707
7346
5899
10226
3253
986041
1825
11443
1006137
893
1110
27263
9655
1037560
1243
742
1250
23377
5540
7447
5589
10011
4884
1055670
2890
8626
2849
10767
7792
2042260
965
1069
608
1786
2783
32496
1009748
1118
1043
725
1013
1040580
1664
800
1102
1014
612
1039233
1386
983
1148
614
1165
23877
1050725
997
1045
911
1164
23222
1020476
1353
773
758
1225
25493
1021952
1172
1091
620
710
22905
1014224
978
760
1032
712
25139
10429
1020309
787
1043
619
19488
1031273
1575
1048
1212
2985
25383
6579
4610
8503
2763
10541
1009481
6741
1040957
1157
598
920
27866
10690
15868
11916
17811
10356
1109444
1003420
1255
1155
1009
616
1082822
1411
652
988
743
995
26156
6793
8709
6143
8816
8219
1032004
1495
11432
4106
987856
774
30650
934
10611
1052190
1257
1354
1058406
1256
863
1038
605
2704
1043028
1347
1205
1046
598
974
1031993
1407
642
1411
822
991
24980
1021212
1475
859
600
1030
21317
8488
1000666
1258
653
966
20940
1053191
820
747
928
1204
18837
9761
1021255
823
967
1188
1052108
813
1323
1154
1047
738
14797
6777
1007348
1411
764
1007
26049
5616
8054
9579
3953
9848
2064678
1685
717
1946
791
1102
24759
3291
10429
2229
10666
993471
35599
1788
9316
9151
1050929
1220
28277
4959
9509
4995
7704
3572
1009496
1623
10320
7755
3134
8677
1021086
4879
1012454
966
1052
609
28618
1032255
1273
1399
661
987
27399
1011958
1123
1063
611
1282
1066789
1351
1353
1272
626
1082
1088016
1314
1534
1084
608
954
19879
1038518
946
1093
898
709
1044442
1833
1316
1085
738
1021
17832
1070814
1700
958
709
740
1015119
976
1297
1009
1022
786
17312
1034965
1255
790
1093
879
1064167
2177
804
1037
652
1925
22406
7296
7954
4617
1007946
1237
28206
8156
5883
8559
7666
8167
1056685
2170
9575
1041916
898
1086
27221
8226
1016061
1247
643
959
28033
3264
8658
6331
10916
6030
1041862
2718
9626
2195
10974
8380
2046689
969
1102
635
1087
1591
28233
1036857
988
1073
607
1112
1075650
1705
685
1491
1043
1250
1042211
1627
655
1740
774
994
19335
1016657
831
1077
880
754
18830
1066894
1654
691
696
1041
18689
1027676
963
1300
631
904
21259
1038558
1152
793
1025
614
19572
10802
1012232
802
1060
764
25210
1053921
1259
1053
642
956
20366
5179
7802
4204
8902
8094
1025318
3190
1011041
1251
705
992
26974
8117
8348
1363
11981
3352
1078808
1022866
1302
1124
1018
614
1079161
1720
859
885
1302
1039
27106
3338
8856
4463
9610
9035
1032268
1597
11701
4640
1004565
775
29913
790
10399
1022853
1232
1923
1064318
1472
774
1075
608
968
1043308
1335
1020
621
1357
1074
1048682
1277
875
1021
606
981
19038
1018507
1591
679
711
1041
19805
8457
1015433
1231
645
993
22711
1078445
990
651
1005
1034
24109
9839
1006364
943
1082
619
1087299
947
1186
1050
1077
749
18442
4711
1021508
1253
773
1004
27020
6310
7663
7934
6649
8302
2101975
1294
692
1612
655
1001
23791
7986
7355
7120
7387
1004967
35721
1682
9188
9482
1010173
1225
33547
4908
8703
4015
12445
6553
1025126
2663
8390
9272
4144
9776
1059955
5542
1021741
980
1394
760
23334
1022277
2002
1053
631
982
22992
1060033
1089
1276
629
1015
1050069
1669
1498
1037
724
1000
1047999
1989
1147
1091
629
966
19331
1029673
1532
1267
1145
674
1076655
1455
827
1104
1052
1014
17417
1032978
1677
936
712
903
1039407
982
1156
745
1139
723
16695
1013522
1647
796
1014
900
1035979
1411
924
1032
605
971
16049
7851
6592
4465
1017196
1212
27312
7237
6850
10169
8918
3751
1045205
2026
9841
1124961
892
1087
31274
4515
1089587
1249
649
1011
27664
7970
5796
5492
11611
3607
1088677
10768
1537
3858
12181
8946
2168102
892
1064
752
1336
566
29341
1098422
951
1037
726
1020
1098158
1630
663
1311
1082
1756
1100467
1458
992
1048
727
983
16249
1072122
1373
1082
898
584
19834
1079481
1636
679
705
1220
20499
1070544
984
1045
619
560
25407
1067361
964
744
1127
1574
23905
10499
1064737
813
1047
611
18395
1083406
1516
1118
757
981
21012
5019
6848
8541
2997
11444
1034332
5569
1086967
1259
674
875
24740
7955
7543
8981
8432
5200
1075204
1044467
942
1121
1015
611
1063808
1449
844
1186
1027
1021
16530
4117
11656
3483
11067
8642
1070240
1331
12181
6340
1025116
909
31864
1436
9800
1038189
1233
1411
1053368
1434
1103
1133
609
1020
1054956
1369
1217
1051
809
993
1060847
1313
651
1007
740
1003
20504
1047996
1369
778
765
1017
25588
7707
1062305
1278
643
1001
21205
1039389
928
739
907
903
19056
11451
1052226
794
1073
748
1081294
989
1219
769
1070
799
14596
3611
1041843
1230
756
1015
17331
8666
6899
9031
6075
10473
2080034
1439
856
1133
612
5195
22012
5536
7306
7408
9362
1027455
32465
4837
8819
9234
1027890
1202
28782
3168
13204
6102
8268
7560
1097335
1066
10790
4601
9350
2914
1089507
5696
1067788
795
1371
730
31389
1066658
1675
1088
630
1152
22546
1040245
802
1061
608
998
1048879
984
671
2180
1867
1018
1074830
1538
1072
1369
780
999
19243
1084897
1252
1123
1040
627
1053349
1366
813
1342
778
981
16549
1035128
1329
899
711
603
1052101
1012
1156
746
1177
599
16573
1077378
1654
795
1018
1014
1040916
1714
790
1028
829
854
14075
9419
6598
6130
1050557
1222
25477
7712
4442
10149
9942
4433
1064322
1676
11027
1026569
910
1096
29506
9056
1034207
1244
653
968
28925
8988
6325
7950
9334
3818
1040080
5432
3936
4340
13310
8043
2150292
830
1596
758
1038
611
25984
1033288
820
1333
737
1479
1110329
1543
890
1167
1083
605
1062843
1320
646
878
1078
1030
18640
1145669
824
1203
1016
742
22784
1029801
1224
763
600
840
23938
1059355
797
1070
633
556
24864
1060992
986
636
1055
741
20855
10110
1027998
798
1046
819
23147
1038890
1362
1046
747
1005
20102
5229
7356
8986
3432
12380
1037620
6177
1027963
1255
631
1388
25775
7232
7254
8435
9441
4519
1045312
1077456
1274
1139
1010
615
1074022
1728
830
1333
646
1025
25624
4307
10814
3318
12136
8023
1046506
1066
11984
4605
1036009
908
25851
1509
10269
1057598
1247
1036
1063562
1658
1168
1044
624
857
1049251
1675
1077
741
689
1079
1048627
1786
1009
1047
598
975
18231
1060029
1472
852
890
1041
24072
7759
1025927
1274
637
978
21463
1131856
809
748
913
1360
19809
8491
1095134
1094
1197
761
1057304
768
1063
622
1421
774
21212
8117
1087738
1250
757
1156
26764
13481
3590
15563
3456
10364
2129369
1324
646
986
899
1014
28705
7416
7895
3210
12663
1004517
31871
1685
9934
11860
1017553
1234
28204
3683
11149
6386
9675
5281
1050694
1082
11362
11237
3272
4954
1025053
5998
1070788
791
1033
626
29190
1024904
1695
1085
970
1021
23639
1069815
1089
1070
609
1009
1049188
1481
1182
1084
728
1006
1067328
1634
868
1131
605
1032
19460
1090898
1241
1146
1020
631
1081757
1683
846
1106
773
1151
16304
1030102
1361
937
874
758
1097278
1031
1248
1373
1076
608
22216
1140563
1484
765
1040
974
1091197
1385
643
1408
1050
1018
25337
7771
7926
9380
1121785
1238
25937
7918
6707
13795
6326
5866
1157726
1248
12379
1128507
902
1467
30365
6998
1155127
1261
658
1505
28161
5824
8745
7555
9479
7770
1107092
5261
5834
8973
12545
9033
2251402
923
1051
621
3391
650
26144
1154204
991
1086
637
1118
1154716
1490
1061
1309
1042
620
1097711
1399
662
1047
666
1000
22422
1079732
792
1045
881
746
20760
1045303
1587
694
707
1023
24275
1032911
825
1303
1182
753
18535
1073890
1005
737
1058
625
20792
7964
1074782
794
1050
616
23724
1075485
1476
1042
627
980
17338
3684
7992
9817
7372
9861
1105342
3823
1066859
1154
601
779
26360
9254
9385
4713
13305
8584
1086698
1051468
954
1115
899
701
1070466
1430
940
1097
755
1006
26855
5300
11591
1608
14976
5833
1066204
2550
10495
9040
1084135
841
31327
2896
12354
1071753
1139
976
1166561
1248
1054
1133
765
1032
1074873
1425
1100
751
605
1005
1054008
1551
650
897
1406
1062
19257
1062802
1229
659
900
1038
21922
8025
1069561
1225
629
1028
27390
1027820
785
1602
2739
1184
19355
7975
1041361
955
1054
618
1070379
1411
1675
759
1023
606
22281
1638
1066640
1238
774
1022
26821
8637
3636
11626
8904
6258
2213568
1683
619
1223
748
2792
25390
3998
10235
2657
12602
1024778
37846
2872
10143
11228
1016428
1205
33745
3647
10469
9697
7744
7601
1070818
2344
8395
14896
1691
8095
1056396
3265
1092611
944
1076
762
36484
1033178
1273
1362
893
2270
29735
1059203
863
1186
605
1238
1035082
969
762
1384
619
1012
1078038
1678
851
1389
627
985
19537
1041154
945
1113
1039
1002
1052010
1219
671
1072
731
1021
20449
1040591
1230
1271
707
743
1064459
986
1437
1103
1252
741
24789
1034128
1265
959
1136
1014
1058959
1635
792
1033
632
2059
25765
8089
5811
8550
1016756
1235
22368
8206
4442
12890
9113
5119
1079417
1690
9303
1071394
897
1092
31813
7502
1027627
1260
653
987
27728
6248
9638
4527
16290
4249
1045897
3250
8413
7771
11450
7602
2109418
946
1148
811
1065
621
26594
1021630
953
1403
954
1032
1063184
1650
781
1011
1120
562
1054334
1660
663
1115
762
1047
20168
1041305
816
1269
1005
768
17004
1034174
1377
789
611
1140
24804
1069364
750
1305
763
593
16606
1028634
995
739
1038
593
25549
7566
1022593
791
1089
615
20637
1024261
1549
1114
753
1024
20501
3445
8371
11289
7556
3998
1068371
3201
1048564
1253
634
1390
25264
7952
8331
5818
10884
3989
1029933
1033504
1087
1127
1041
604
1057607
1311
653
2060
785
1027
27893
4021
12249
2802
11231
8591
1022791
780
10078
8449
1018972
909
29822
5490
11739
1025578
1252
1042
1055013
1480
776
1041
2867
1094
1046708
1877
950
948
959
1023
1037006
1454
845
1451
764
1043
18425
1039397
1360
792
608
1147
20388
9225
1025255
1253
642
992
22990
1039300
1215
607
915
928
21037
6087
1074853
789
1559
674
1053493
818
1177
707
1063
739
22917
3278
1046777
1594
935
998
28841
8095
7783
13812
1216
11343
2081284
1543
647
938
591
1133
26865
5305
9478
5880
10501
1078245
35409
3182
8803
12923
1069434
1237
30921
3500
10395
5179
11784
7905
1096242
1216
10943
12209
2760
8638
1048693
4906
1068879
963
1073
621
32065
1042406
1339
1048
727
1014
24208
1021174
812
1333
622
1008
1073247
980
1054
1970
691
1063
1056946
1400
651
1870
980
1003
20658
1041002
1092
1257
1050
602
1058053
1291
1045
1205
629
1009
18258
1054323
1570
913
722
767
1044733
873
1210
822
1122
730
22480
1064787
1797
1006
1062
891
1045832
1342
932
1055
610
969
20716
7877
3203
11038
1053400
1242
54356
14770
10590
18637
17623
8598
1076735
2008
13507
1023174
895
1120
38421
5959
1069841
1232
643
857
26815
5305
9915
9355
9750
8409
1084036
6135
9540
8650
12045
10745
2215266
973
1395
632
1043
614
24936
1044685
969
1118
1991
1066
1083160
1567
669
1205
930
565
1050764
1694
669
1682
619
2155
22244
1039202
1133
1122
1021
752
29401
1024936
1072
780
598
1003
21446
1040768
801
1120
794
928
26768
1035178
974
638
1047
932
17726
9089
1013188
791
1033
620
27139
1041252
1572
1048
628
839
24542
3663
8967
9634
8094
6656
1057958
5509
1044419
1222
646
2192
29204
11105
9343
9282
9233
5061
1071042
1103753
1061
1665
1283
632
1112720
1782
840
1026
617
1010
28515
7752
9240
3648
12015
9044
1081921
1481
9741
15639
1049800
787
30506
1494
12778
1096664
1283
1050
1045918
1467
775
1376
652
2234
1102288
1318
1149
737
726
1016
1042198
1516
791
1163
620
965
23692
1039680
1637
683
711
1026
19539
8381
1024990
2121
722
1066
21820
1037005
985
675
978
1063
20106
7814
1022030
966
1066
617
1048949
839
1069
766
1011
612
15292
6603
1086783
1182
709
933
27147
4687
9445
11175
8399
4241
2137756
1245
707
1005
677
950
24963
6208
8937
4754
12372
1049764
32560
5343
9156
8126
1104305
1241
32290
3920
7915
8170
12033
4071
1036689
1320
12286
12387
1689
8150
1027184
5278
1034441
969
1050
616
29089
1029812
1479
1035
834
1067
20331
1043161
958
1058
624
1009
1044549
1079
912
1999
671
1739
1057504
1409
854
1042
730
1017
19961
1070413
951
1102
1177
615
1031631
1504
813
932
744
1028
21035
1034940
1274
926
732
607
1043216
1611
1278
933
1037
718
16223
1073258
1275
871
1033
988
1043253
1313
770
1019
669
978
22363
7726
6134
10373
1020818
1224
28390
6687
5847
10489
11001
1236
1034045
1681
9303
1105439
883
1099
29677
8198
1110247
1211
650
864
34479
2980
10095
6976
9426
8012
1023221
5650
5205
8719
9749
8158
2109935
799
1217
1023
1038
737
25675
1053194
988
1073
615
1181
1054491
1466
844
1189
1336
641
1036834
1715
996
1056
735
1018
24843
1032478
Xput: 5598
