0.996000
0.996000
0.998000
0.996000
0.998000
0.994000
0.998000
0.996000
0.998000
0.996000
0.996000
0.994000
0.996000
0.998000
0.996000
0.998000
0.838000
0.758000
1.000000
0.854000
0.938000
0.736000
0.772000
1.000000
0.904000
1.000000
0.902000
1.000000
1.000000
0.730000
1.000000
1.000000
1.000000
0.734000
0.906000
0.704000
0.708000
0.736000
0.810000
0.970000
1.000000
0.798000
0.966000
1.000000
1.000000
1.000000
1.000000
1.000000
1.000000
1.000000
0.872000
1.000000
0.982000
0.814000
0.866000
0.704000
0.700000
0.730000
0.802000
0.856000
1.000000
1.000000
1.000000
1.000000
1.000000
0.866000
0.960000
0.718000
0.884000
1.000000
1.000000
1.000000
1.000000
0.774000
0.816000
0.812000
1.000000
1.000000
0.804000
0.920000
0.962000
0.916000
0.726000
0.828000
0.702000
0.850000
0.846000
0.952000
1.000000
0.836000
1.000000
0.986000
1.000000
0.814000
0.946000
0.846000
0.984000
1.000000
0.808000
1.000000
0.702000
1.000000
0.700000
0.704000
0.758000
0.716000
1.000000
1.000000
0.702000
0.782000
1.000000
1.000000
1.000000
1.000000
1.000000
0.990000
0.826000
0.800000
0.830000
1.000000
0.994000
0.836000
0.814000
0.938000
1.000000
1.000000
1.000000
1.000000
1.000000
1.000000
1.000000
0.976000
0.978000
0.830000
1.000000
1.000000
0.940000
0.840000
1.000000
1.000000
0.704000
1.000000
1.000000
1.000000
1.000000
1.000000
1.000000
1.000000
1.000000
1.000000
0.968000
0.732000
0.732000
0.748000
0.816000
1.000000
1.000000
0.896000
0.964000
0.832000
0.828000
0.928000
1.000000
1.000000
1.000000
0.786000
0.978000
0.732000
0.808000
0.790000
0.994000
0.988000
1.000000
1.000000
1.000000
0.800000
1.000000
1.000000
1.000000
1.000000
0.718000
0.996000
0.842000
0.880000
0.894000
0.762000
1.000000
0.864000
1.000000
0.926000
1.000000
1.000000
1.000000
0.764000
0.996000
0.996000
1.000000
0.960000
0.866000
0.822000
1.000000
0.846000
0.880000
0.892000
0.854000
0.946000
0.830000
0.908000
1.000000
1.000000
1.000000
1.000000
1.000000
1.000000
1.000000
1.000000
1.000000
0.708000
1.000000
1.000000
0.984000
0.972000
0.838000
0.938000
0.846000
0.866000
1.000000
0.800000
1.000000
0.938000
0.792000
0.878000
0.706000
0.784000
0.792000
1.000000
0.994000
0.918000
1.000000
0.896000
0.816000
0.926000
1.000000
0.902000
1.000000
0.820000
1.000000
0.824000
1.000000
1.000000
1.000000
1.000000
0.814000
0.880000
1.000000
0.916000
0.922000
0.928000
0.980000
0.810000
0.868000
1.000000
0.704000
0.706000
1.000000
1.000000
0.862000
0.828000
0.718000
1.000000
1.000000
0.970000
0.802000
1.000000
1.000000
1.000000
1.000000
0.846000
1.000000
0.822000
0.842000
0.844000
1.000000
1.000000
0.866000
0.980000
0.834000
0.700000
0.956000
1.000000
1.000000
0.880000
1.000000
1.000000
0.998000
0.700000
0.814000
1.000000
0.864000
0.742000
0.760000
1.000000
0.712000
1.000000
0.958000
0.884000
0.760000
1.000000
1.000000
1.000000
0.854000
1.000000
0.944000
0.774000
0.700000
1.000000
0.904000
1.000000
0.964000
0.826000
1.000000
1.000000
1.000000
1.000000
1.000000
1.000000
0.776000
0.860000
0.886000
1.000000
0.828000
0.774000
1.000000
0.728000
0.700000
1.000000
1.000000
1.000000
0.776000
1.000000
1.000000
0.958000
0.900000
0.854000
0.872000
0.712000
0.778000
0.782000
0.800000
0.912000
0.882000
1.000000
0.710000
1.000000
1.000000
1.000000
1.000000
1.000000
0.852000
1.000000
0.704000
0.802000
0.716000
0.984000
0.992000
0.814000
1.000000
0.866000
1.000000
0.866000
0.876000
0.834000
1.000000
1.000000
1.000000
1.000000
0.794000
0.858000
0.964000
1.000000
0.780000
1.000000
0.966000
1.000000
1.000000
0.932000
0.840000
0.952000
0.912000
0.882000
1.000000
0.804000
0.706000
0.812000
0.770000
1.000000
1.000000
0.704000
0.908000
1.000000
1.000000
0.786000
1.000000
0.756000
0.994000
0.994000
0.816000
1.000000
1.000000
0.700000
1.000000
0.770000
0.982000
0.760000
0.956000
1.000000
0.850000
1.000000
0.872000
0.888000
0.730000
1.000000
1.000000
1.000000
1.000000
0.702000
1.000000
1.000000
0.766000
1.000000
1.000000
0.758000
0.976000
1.000000
0.822000
1.000000
1.000000
1.000000
1.000000
1.000000
1.000000
0.958000
0.814000
0.896000
1.000000
1.000000
0.772000
1.000000
0.742000
1.000000
1.000000
0.820000
0.800000
1.000000
1.000000
1.000000
1.000000
0.986000
0.714000
0.734000
0.734000
1.000000
0.842000
0.708000
0.828000
0.966000
0.816000
0.780000
1.000000
1.000000
1.000000
0.970000
1.000000
1.000000
1.000000
1.000000
0.978000
0.700000
0.866000
1.000000
0.844000
0.836000
0.910000
0.832000
1.000000
0.896000
0.812000
1.000000
1.000000
1.000000
1.000000
0.710000
1.000000
0.712000
0.988000
0.804000
0.904000
0.712000
1.000000
0.722000
0.876000
1.000000
0.982000
0.886000
1.000000
1.000000
1.000000
1.000000
0.708000
0.904000
0.700000
0.764000
0.834000
1.000000
1.000000
0.856000
0.802000
0.700000
0.844000
1.000000
1.000000
1.000000
1.000000
0.740000
1.000000
1.000000
0.942000
1.000000
0.704000
0.856000
0.856000
1.000000
0.704000
0.882000
0.706000
1.000000
1.000000
1.000000
1.000000
1.000000
0.884000
0.934000
1.000000
1.000000
0.972000
0.784000
1.000000
1.000000
0.764000
1.000000
0.824000
0.806000
1.000000
0.982000
1.000000
1.000000
0.838000
0.864000
0.706000
0.862000
1.000000
0.810000
0.848000
0.958000
0.706000
0.842000
1.000000
0.746000
0.806000
1.000000
1.000000
1.000000
0.780000
0.790000
1.000000
0.720000
0.848000
0.846000
1.000000
0.740000
0.880000
0.712000
1.000000
1.000000
1.000000
1.000000
1.000000
1.000000
0.740000
0.960000
0.854000
1.000000
0.762000
1.000000
1.000000
0.702000
0.724000
0.882000
0.890000
0.852000
1.000000
0.904000
1.000000
0.922000
0.998000
1.000000
0.726000
0.742000
1.000000
0.708000
0.788000
0.906000
0.700000
1.000000
0.722000
1.000000
1.000000
1.000000
1.000000
1.000000
0.776000
0.802000
0.716000
0.996000
1.000000
0.854000
0.704000
1.000000
1.000000
1.000000
0.758000
1.000000
0.894000
1.000000
1.000000
1.000000
1.000000
0.950000
1.000000
0.964000
0.868000
0.808000
0.822000
1.000000
1.000000
0.822000
0.804000
0.826000
1.000000
1.000000
1.000000
0.952000
0.964000
0.716000
0.750000
0.700000
0.874000
0.784000
1.000000
0.700000
1.000000
0.878000
1.000000
1.000000
1.000000
1.000000
1.000000
0.842000
1.000000
1.000000
0.714000
0.784000
1.000000
0.740000
1.000000
0.848000
1.000000
1.000000
1.000000
1.000000
0.896000
1.000000
1.000000
0.798000
1.000000
0.706000
0.968000
0.976000
1.000000
0.884000
0.872000
1.000000
0.938000
0.986000
0.804000
1.000000
1.000000
1.000000
1.000000
1.000000
1.000000
