1798011630
297504
1328
1692
14260
3849
1563
1293
1179
1125
872
15992
1431
1652
990
1440
3954
1363
939
859
99879
1503
4355
1466
1047
1450
3624
1595
1341
3274
1113
19754
15877
24363
19858
1294
26803
1383
994
22488
612138
4236
4591
15294
16461
1034
21284
1307
15281
18441
1600
4582
5025
5640
7620
4063
6780
5857
4406
4584
588890
4090
5117
4551
5956
3229
8084
9121
4457
6923
2047
6009
10190
1971
25038
1444
945
19590
1211
14320
592276
1491
13058
4879
1298
1017
20988
1809
4100
4026
4377
5289
6118
4206
6516
7256
5608
9693
6392
8553
612245
2387
7432
1116
6087
3307
6857
6048
4190
6005
8134
8786
7073
7214
6323
5942
5872
5529
5982
5763
592862
2000
1481
1050
8287
6699
7120
8225
4040
9863
4321
5706
5865
3748
8360
3940
11954
9614
4865
11215
605439
2986
6192
4489
4651
4018
5986
6193
3644
7059
3482
2032
3270
2576
2398
1079
4279
5945
4099
6395
593952
4143
4527
4012
4275
4840
7310
9372
3951
5361
3621
5011
6635
3919
7182
3634
5123
6055
3934
7177
2042480462
291558
4060
4624
1899
1782
2154
23610
4297
957
904
4368
1208
17137
1820
1513
1454
6664
1281
1080
971
84547
1291
17251
546697
1535
4056
1181
2729
1123
1312
1925
12156
1228
3628
966
3925
984
903
829
912
167740
3096
14081
1749
1742
3773
28594
1621
967
2962
3423
6103
6111
3623
8275
3410
5380
5851
5438
5768
627073
3216
14866
3929
1529
1145
2488
23473
5304
1178
901
13611
1502
991
4898
15868
2195
12693
1072
15877
614737
1425
13796
2035
1435
6279
1264
3098
919
5223
3268
7325
5842
3738
7374
3174
7212
6345
6708
8989
613438
1316
1359
10266
1406
2309
12368
2550
3077
7560
4530
9246
7176
3776
6878
6973
4676
9422
4384
6495
609587
1998
2453
3639
5770
5482
8149
5384
2508
3785
2091
3112
2469
2045
2782
3395
4674
3365
3935
5995
607662
1755
1212
1480
5030
2846
6105
6178
2760
7430
3203
6935
7077
3747
6492
2875
8101
6116
3840
5835
631489
1506
3670
2924
12514
2066
9196
32303
1643
48238
1188
1045
1684
11075
2279
1720
1645
1399
1317
1551
1189047
1738
1291
14671
5195
8601
1698
18557
1355
1087
1199
3643
890
812
886
3938
955
911
820
902
148914
1930
6942
501242
4152
4815
2484
1596
920
1078
1162
1299
1156
1912
1417
1226
1190
1218
1265
3394
189089
2215
3114
16214
2404
10254
2030
17185
4440
5450
2166
2141
1800
1338
2100
2747
6068
5753
4379
6356
615996
1801
1458
947
12666
1192
7955
3189
2972
1341
879
5207
5245
3667
6881
4470
6925
5858
3645
6888
577029
2000
1539
3173
5850
2099
13692
3286
3686
3699
1769
1631
5878
4015
6117
4145
7452
6752
3892
6156
585790
3389
7105
3642
7695
3572
6443
7715
3613
6730
5183
6530
7255
3061
6618
5221
6751
6093
3835
6467
582250
3858
6227
4663
5849
3815
6722
5372
4466
3989
2578
2243
3076
3375
2788
2809
3379
5136
4741
6063
588103
13480
1480
2871
999
25410
2451
3139
5214
2598
1813
2097
2294
1538
4846
6248
5875
5519
4267
7689
577258
3972
5802
3396
6446
5431
10553
10280
4441
6406
4825
5427
6407
4423
5391
4760
5921
5615
5157
3335
1078357
2421
1896
1205
1244
2564
1404
1345
1359
1413
1264
1478
1486
1135
1421
1169
1289
1653
2267
1026
145930
4462
11727
511916
2517
1931
5030
4379
4276
5387
1978
2424
1967
1992
2411
1334
4631
1859
1297
1566
143587
2173
3415
2090
4670
4631
4981
5002
4518
6739
5468
6982
5536
3655
6546
3494
6345
5420
3596
7198
586483
3222
6153
4571
6620
4223
8086
6640
4010
5141
5227
6418
6359
4208
5582
4634
5953
5127
4112
7816
572081
3929
5985
4509
6441
4739
7054
5157
4966
6186
3779
5647
8073
4169
6441
4688
6224
5681
4349
6469
572900
3856
7263
3427
7132
3880
6411
7066
3031
6289
3507
6653
5363
3759
6656
4580
7309
5103
4276
6703
565503
3778
5882
4556
6748
4400
6627
11082
5847
6113
4103
6006
5978
4160
7259
4185
5805
6558
3768
7556
569143
3826
16342
3266
2372
1486
1889
3512
3254
14358
3037
2754
1592
901
3443
4228
5840
5526
4660
6620
579892
3739
6342
3454
6228
5429
6206
6201
4722
5812
3853
6341
6344
4699
6548
3964
5597
5421
4067
7573
1088050
4372
1518
1759
1311
2213
1468
1248
1178
1354
1156
1451
1310
1292
1438
1211
1463
1406
1072
1347
123534
1272
1674
499260
1375
1360
1603
1656
1465
2764
1867
1681
2434
1704
1422
11058
1920
11391
1563
1543
102792
4940
3424
2021
1599
4268
5768
5452
4146
7410
3980
6479
7356
3129
6706
4419
12760
6424
4900
5543
562353
3786
6119
4264
10242
7552
5871
7122
3470
5641
5393
7566
5539
3616
6668
4820
5882
6897
4597
8067
564050
4675
5911
4367
7493
4508
5606
5453
3958
7117
3646
6747
6669
3634
7119
5335
5996
6529
3902
6169
577931
4251
6959
3590
6496
5565
5556
7030
5139
5934
4815
6323
6170
4918
6704
3592
5424
6224
3941
7418
567618
2822
5082
3425
5722
4705
5982
6878
4983
5405
3783
7535
6915
5812
6557
3528
7123
6422
2701
6128
575333
2968
6270
2093
5461
6137
6518
5739
3712
6868
4798
5399
6013
5739
5756
4151
7524
5286
3989
6790
564436
5507
5443
2154
15443
19959
1541
1482
938
940
1223
13119
1289
1326
1725
918
12654
2021
1010
4314
1060696
2901
1446
1709
1427
864
1624
1489
1334
1443
1275
1507
1359
1231
1437
1192
1522
1490
1070
1341
149500
2035
2221
522204
1327
1223
1399
1821
1541
3298
2421
1553
1962
1504
1814
5552
2181
1451
14976
1929
117558
2589
2205
2159
1541
2204
5571
6243
3857
5377
5148
5951
6375
4818
5824
4484
6638
6435
4018
7319
567750
1978
1781
2219
14128
11242
1812
2413
1596
1565
1623
5754
4816
3678
6342
5589
6086
5211
4466
6039
566052
3182
6670
4012
6468
4686
6391
5496
4361
6845
2869
6240
7345
3229
6291
5166
7941
5931
4662
6222
562702
2726
15704
3363
5706
1483
1024
17257
1218
1313
14615
1917
1977
1177
1280
1310
6292
6486
4905
6813
565267
2706
1432
2811
7203
2128
6082
4489
3540
5620
4634
2628
2953
1943
2641
4862
5379
3950
2627
2139
553324
2846
1932
1382
7848
2085
13464
4501
4443
1477
1947
4036
2094
5341
5930
4233
7727
5209
4465
7355
570281
4403
6299
3700
6341
5785
5265
6416
4453
7273
4277
6773
5630
4675
7159
4118
6798
5939
4188
7889
1076586
4341
1321
1014
3928
1333
1244
1347
4435
1180
1038
16169
1761
997
935
1230
922
1193
898
948
99348
3716
2183
488729
3548
3074
2790
1642
2002
2290
1787
2279
2251
1988
2489
1595
963
1244
857
906
149883
1474
2300
1540
20987
2455
2177
2116
1748
4545
1507
1779
2067
4286
6052
3518
6201
5362
4410
5813
559318
3488
5629
5387
7459
11602
6066
6567
2701
6158
4529
5358
6403
4282
5829
3739
6836
6278
4005
6396
566611
4476
5310
4271
6495
4941
5903
5516
4011
8830
3209
6584
7348
3448
6956
4527
5955
6070
4357
6520
566987
4194
6888
2197
13478
2951
1369
1404
3077
7407
3278
6133
6574
4704
5940
4673
7257
5145
3616
6704
627243
3098
6339
4865
6363
4857
5907
6870
4414
5452
5105
5833
7527
3236
6642
3751
5989
6213
3641
7046
566690
3994
4499
3920
6698
5394
6428
5640
3247
6628
4385
5860
6027
5755
6151
4373
6988
5613
3679
6561
566693
3569
7781
1433
11138
3249
1137
3704
4486
6434
4085
6647
6289
4403
6404
8837
8746
6690
4607
7451
1101443
3788
1289
2828
1299
3011
1243
3040
1343
1382
1148
1466
1433
1268
1584
1132
1704
1274
1066
1291
142211
1766
1901
521579
1557
1246
1584
1542
1473
2272
2010
1513
1907
14133
2015
1782
1374
1476
908
921
133831
1986
1476
17295
2582
1785
2317
2049
1890
1947
2419
15014
3041
2232
2691
4238
7485
4756
4436
6368
568775
3569
5179
5086
5750
4672
7602
6775
3798
5282
4121
7128
8150
3313
6832
4641
6409
5542
4460
7625
575975
3225
4854
2809
6789
3645
7187
6266
3322
6921
4387
6770
5428
4446
7528
3662
6058
6160
4982
5398
567082
3961
7639
1230
5309
4522
6211
5658
5216
6063
4875
6227
6650
4774
6561
5115
5376
5844
4290
7258
567121
2676
1440
2990
5833
3540
13483
2938
3066
1477
1321
4627
5005
3966
7393
2837
5709
5483
4823
5572
554662
7011
5392
4783
7424
4238
6391
5512
4443
6887
3621
7580
5578
4216
7680
3968
5913
5682
4348
5990
559933
3599
1507
4009
5627
2076
12974
2293
2529
1008
5967
5044
5076
4897
6829
4990
7161
7524
2896
5715
1013483
1365
18986
1419
1461
888
918
1330
842
1137
1217
1205
1438
1123
1117
1145
903
1186
835
914
67564
2061
2755
300847
2339
1670
15857
2738
1731
1431
2278
2030
2059
1325
1514
1590
1819
1870
1323
2009
48345
2012
1901
1298
7322
2231
5516
6165
1418
6828
2663
5414
5407
3414
5924
3328
4615
6480
3543
5477
599075
1848
2257
1370
4343
4096
4843
4686
2377
5461
5109
4911
5049
3911
7157
5012
4868
5529
3605
5535
594506
1899
1948
1713
1690
1669
3623
3633
4834
6061
3474
5384
5411
3485
5031
3605
3852
2386
2480
1619
569182
1550
1645
3925
1978
1397
3796
6578
4671
1427
1232
947
3297
4340
6281
5349
2122
4292
3235
5043
587159
2280
2737
973
3410
4293
5338
4338
3939
5053
2600
3343
2785
2618
2457
2130
5244
8699
2634
5706
576421
1850
2271
1395
4016
4202
7323
6389
5205
5880
5567
5794
5304
3222
3330
3656
3830
6259
1763
2702
583149
2215
2041
2111
2675
2348
4556
6400
1926
5524
2305
6794
4717
2789
5809
4074
5589
5464
4410
5432
1028278
1191
16845
1412
1046
1436
991
1267
873
932
2485
14087
1740
1016
969
1221
953
1303
889
901
57791
2063
2938
545340
2213
2152
2406
2711
2132
1862
2603
2268
2498
1938
1994
1718
1570
1881
1638
1465
94218
12105
2208
1556
7123
1540
1556
9305
1506
2461
1780
5804
5094
4576
5514
4115
6438
6470
3421
5080
582675
3496
5037
3288
3446
2846
5160
6047
3604
5225
3636
3690
2044
2517
3976
5139
5821
5234
3521
5900
568711
2146
2154
1323
4108
4236
6389
6468
2771
5545
3712
5565
5692
3446
5892
4019
5127
6270
5546
5409
592919
2793
5060
2026
4504
3274
6457
4863
4107
6484
3256
5192
5284
3504
5317
4344
5587
4376
3934
4961
605028
3113
5800
2170
5871
2118
3936
3295
2083
5023
3384
2843
3211
2470
1001
4490
5466
7352
2545
5097
574231
3111
5902
2197
5033
2112
4622
5597
3731
5320
3567
5522
4903
3989
4491
2893
1862
2668
2357
5576
575347
2032
5157
2495
1472
884
3758
2946
3327
2511
2539
2129
4720
4109
4337
1173
2218
3475
4013
5032
1122616
1651
982
3000
1224
2797
1375
1337
1192
1456
1061
1153
1426
1237
1486
1149
1644
1268
1090
1258
118298
1720
13239
499563
4412
2123
3580
3277
1813
2843
2202
2005
2145
1493
2244
1410
953
1207
829
949
98899
4717
3873
2984
5514
3299
12543
3001
2344
3364
2430
5635
3582
1783
1643
4003
4145
5586
3736
4505
585622
2255
2054
1598
1950
1314
4976
5154
2721
6424
2991
4709
2776
2993
2363
2219
3456
5846
4817
5355
551491
1803
1890
995
13181
1514
1505
14121
2297
2267
1939
3429
5786
3243
3864
3151
5173
3559
1815
2681
547165
1450
4957
2291
1252
1351
3274
5467
4407
4707
2734
6664
5002
2655
5453
3871
5035
5766
5101
7252
583641
11952
1651
2816
1299
825
4260
4479
4138
6661
3650
4606
4653
3069
6512
3809
4441
8574
3965
5645
339426
2727
2240
1667
1668
1872
1664
1887
1549
2389
3299
3681
4176
2326
2180
1571
2025
1908
5049
3220
544127
1430
3694
2031
2403
1292
2475
13366
2269
2458
1064
13288
1676
1393
1350
863
12822
1715
1146
1453
842984
1379
1527
1044
1043
819
1023
1234
988
1174
2196
1358
1445
1112
1197
1307
1253
1508
846
885
85527
2132
2208
550624
1730
2037
1810
1698
1980
1863
942
1239
1493
1131
941
2182
1490
1999
1814
7073
91406
12292
2079
2461
1971
1829
2189
2416
2374
3481
3085
13614
2711
2238
1185
13539
2069
2951
1443
4622
583841
1873
4962
1443
12805
2740
2139
2305
1652
1934
1533
1747
2199
2657
1807
1374
1488
3293
2372
4713
581625
1815
10927
1573
1990
1285
3721
7691
3000
4798
3053
5948
4593
4346
5977
3304
5769
9563
6559
4720
587508
1600
1977
3046
5014
2982
4499
6444
2695
5093
5117
5548
5056
4083
5789
4220
5221
6652
3360
4239
594338
1373
1754
1110
3856
964
3647
2463
3690
14162
12724
2524
1415
1676
1333
1364
979
1282
1001
1590
583408
4129
14082
1462
1533
852
13476
2614
2412
2161
3061
4888
5423
3406
6096
4230
2111
3254
2400
5982
579516
1410
11448
1415
1235
1548
1204
4585
3342
5391
3969
5655
5171
3966
4966
3836
4653
6086
4216
4160
1109738
1513
3675
1303
2748
1347
1219
2285
1156
1308
1638
1210
1229
1230
1425
1275
1321
1608
1101
929
122159
2094
1940
250570
1494
1801
1473
1742
5090
2343
3519
2066
2726
2129
1470
1277
928
1187
907
942
62114
5616
2037
1703
1792
1680
5592
3826
3408
6474
2879
12217
4187
1562
1062
1228
4150
6724
3468
5193
584645
1762
12261
2088
2073
1698
1797
1522
1515
1965
1584
2675
4765
2621
3129
2684
1645
3491
2970
7705
563697
2984
4006
2471
5514
4475
5967
13032
2756
5599
3681
5005
4934
6347
4634
1668
1949
3081
3784
3380
564186
2634
2340
1943
1501
1261
5289
3094
3375
5806
2714
6364
5456
2691
5881
4296
5976
5347
3724
5083
595956
11720
1683
1394
2236
2596
5423
4894
3198
6739
3092
2643
3533
976
3524
3005
7208
5599
3549
5456
581593
1296
10572
1228
1970
1275
1344
5322
4511
5092
3367
5674
5728
3181
5011
4215
3579
3686
1428
3513
574786
1381
6769
2485
1323
1190
1314
4236
3181
5474
3207
4638
3258
3039
1740
1997
2784
5180
3793
5170
1105662
1508
3680
1306
2898
1300
1448
1537
1210
1502
1254
1396
1507
1219
1241
1159
1602
1207
1048
1223
121530
2076
1911
252913
1323
1580
1765
1666
14145
1989
1785
1312
2289
1389
1500
2190
1090
1200
869
904
71488
3679
1789
1638
1956
1488
1547
4416
3069
3391
2481
1685
1887
2592
4490
2239
5990
3995
5384
17311
493568
2159
1737
7862
2760
2535
1978
2278
1563
1846
1938
1763
1804
1356
1506
2291
2038
1559
1256
1826
534790
2432
2206
1709
1718
1293
3857
4660
4680
4425
3357
5484
5703
3248
5027
6654
5786
4288
4454
5511
592909
12171
1928
907
2665
3075
6699
4148
2735
6786
5224
4616
5713
4632
4969
5236
6938
4409
4320
4499
595156
1305
1350
3214
5232
2060
4106
2984
2757
4947
2087
5429
3243
2865
2483
1149
993
5987
4923
5954
572529
2070
2713
1253
1300
1318
4529
5430
4939
6473
3965
6325
4786
4540
4866
4825
3012
2801
1763
2712
556269
1424
2076
3489
5225
2296
18100
2331
1857
1581
1263
1450
16653
1679
1349
1395
971
1252
788
965
1011901
1442
19606
1327
1484
917
923
1325
855
2098
1336
1356
1403
1184
1157
1151
929
1234
830
996
86782
12563
2059
528393
1341
1597
1498
1386
1708
2821
1903
2556
2321
1833
2300
1871
1049
1263
859
895
99884
17380
2721
2410
3089
2745
1288
14569
2277
2218
1332
1944
2192
1363
2838
1388
1869
3683
3148
6497
583030
14002
2094
1649
1590
1756
3690
4439
3917
5518
2683
2616
2163
1371
4682
2928
6668
4960
3281
5915
542250
2583
5276
2040
4195
2042
13375
5059
4051
2052
1912
2901
5240
3529
4924
3238
5842
2383
2448
1582
546973
2421
4786
1561
2401
3983
2799
13096
4024
1470
1469
2419
3262
3099
4934
3936
5199
6138
4445
5446
593755
2447
1938
1294
1308
861
13774
2553
3763
1331
1096
2702
2270
1155
1305
2530
2271
1360
4361
5084
586887
1519
3449
1373
2587
1926
4768
15114
1987
10514
1934
10466
2574
14186
2039
2030
1866
1944
1311
1509
558174
1569
2332
1770
2219
1379
14233
2691
2254
1590
1251
1269
1462
920
5710
1462
2828
2466
2070
4837
1093689
1300
12753
1219
1394
1131
2599
1337
1175
1171
1436
1195
1591
1066
1264
1371
1249
1486
1067
909
109223
1835
1951
522298
1362
1571
1428
2465
1911
1471
1446
1100
1435
1239
1476
2103
1532
2100
1458
1380
97245
11071
2580
1764
1665
1262
1770
3806
3768
2357
4942
5604
12216
2531
2651
2569
4618
6446
3644
4846
589806
12933
2165
1353
16187
1657
1903
1876
1525
1926
1849
2040
3586
1897
1661
1595
1610
1935
1294
1511
568812
16549
1982
1281
1473
951
1444
953
815
13377
2515
2363
1938
3199
5136
3461
13575
3011
1732
1591
551124
1694
1368
2211
2240
2151
1799
1403
3056
13778
2081
2300
1376
1275
1430
2375
4734
3144
2559
1961
571414
1425
1755
1249
954
3168
4802
4941
3027
5966
4285
3747
3109
2951
3642
1278
2418
4966
4574
5736
575969
3390
4743
3426
4316
2423
7655
4697
3608
5624
3856
5430
4668
6635
4985
4137
6896
5500
2387
5743
590271
1412
2007
2978
13090
3213
2262
1654
2293
23033
1783
1619
1334
1290
1255
1237
935
850
1217
2807
1088181
1490
1795
1571
1006
1571
5330
2416
1300
1167
1155
1371
2392
1294
1091
2318
2207
1257
1096
2016
126455
2018
2122
248590
1846
17399
2101
2884
1530
1417
3769
1383
1284
866
884
783
1210
1645
1266
1362
57259
1999
2072
1471
5590
1662
14105
4849
4875
1917
2097
2487
2895
1354
3772
3098
4360
5982
2873
5926
583007
2865
4728
2119
3772
2074
4343
4929
2323
5852
2158
3624
3309
1408
1875
1710
3518
5996
3192
5635
575183
1276
9487
1263
1517
953
3682
7625
2707
5527
3431
6572
5295
3467
5996
3052
1981
2912
2086
4797
569023
1437
4198
2515
1411
1273
4252
2645
3849
3561
2432
2051
7282
1083
946
14094
2735
1541
882
3905
593066
1553
1466
885
1276
888
1289
3083
2072
22645
2478
1461
1218
1408
1394
1247
1235
1411
927
888
336493
2300
3004
1639
3671
2419
4535
5266
3597
3307
2396
1882
2637
2011
2315
1798
2141
1934
1704
1986
563958
1696
2415
1667
3525
1488
1253
1430
915
13543
2380
2756
2548
1336
1478
1604
2154
5063
909
3336
855675
1367
11926
1811
1263
1248
1441
1642
1103
1223
1451
1279
1556
1129
1259
1349
1285
1526
1079
915
84244
2251
2007
513687
1703
1860
1737
1708
1792
3421
1785
1947
2444
1736
1902
2223
1075
1234
851
926
90637
10908
2475
1648
1861
1567
1856
4126
1502
6110
2818
5184
4412
5308
6237
3632
5661
6631
3309
6439
584372
2173
2094
1336
3772
3813
4861
4346
3758
5860
2801
2753
1880
1355
4054
2602
6169
5856
3117
5201
566005
3445
8710
4586
4982
4818
5685
4864
3869
6462
3376
6244
7039
2317
2725
1698
2640
5952
1628
3072
554677
1434
1903
2786
4257
2816
14206
3042
2551
1695
1134
1378
1160
1243
1297
12294
1802
1945
968
1030
580219
2405
12981
1635
1082
1182
3398
3959
2807
4537
2525
3467
2397
2109
3455
2827
5914
6545
2961
5426
585643
1644
1652
919
4589
4273
4834
8288
2585
5627
3281
5557
5446
3411
5884
3056
1943
2772
2386
5344
571057
1441
1799
2913
4229
4605
2795
6280
2140
14986
1411
1212
1702
891
4211
2537
5580
4908
2828
5642
1108136
1515
3880
1340
1173
1248
1425
1365
1248
1359
1212
1505
1459
1167
1348
1450
1284
1526
1039
918
114780
1806
10535
251752
1395
12237
2304
4415
1185
6301
4599
1420
1528
4729
4068
1345
1224
4810
1142
3887
81565
3150
1460
4357
1352
2302
7238
6431
1328
1273
2224
9005
24267
22067
15971
10763
12247
12676
12181
8872
290236
2990
1335
2458
1314
2804
2400
2532
2296
2320
2263
2207
2303
2188
2335
2269
2395
2256
2164
2037
322998
5987
1515
1378
1202
4173
1291
4519
1158
1437
909
2590
1977
1251
1243
1184
1360
1228
3786
1057
302131
4029
4625
1023
12035
1211
1314
1345
1198
1044
1530
1827
1608
1156
1282
1361
931
2811
2781
2059
324815
1607
1421
1541
6377
4424
1787
1324
1154
1438
1175
4456
4423
1282
1324
1127
1325
5989
5686
4940
322727
2589
1842
1245
1205
3683
1419
1512
2373
1793
2112
978
2710
2923
4865
3521
1208
2299
2345
2531
318203
1446
1599
889
1107
1262
1223
1494
1481
1046
2277
1444
1542
2743
1001
1158
1798
1500
848
5027
535711
1322
1637
1106
1100
1062
1185
1599
996
1429
1176
1240
1578
938
3955
1578
1166
2886
1110
947
74043
1310
1517
251350
1439
924
1115
930
1040
1429
11917
1504
1470
905
929
1221
2599
1622
12272
2458
58004
2908
1968
1261
1352
1246
954
1544
900
1991
1322
3821
1285
2258
2089
11834
12132
7466
6491
9555
296836
1504
1540
920
2954
1243
3025
1218
2610
2682
1418
1370
1277
919
1205
2379
2349
2150
2341
2069
303174
1419
1227
971
1167
1235
1273
12685
1386
1110
1319
1067
1309
2044
1658
949
2144
1686
1133
960
294446
1340
1570
986
1083
848
1221
1467
2162
1462
1147
1424
1618
1113
1252
1113
3399
1767
901
918
297629
2370
13379
1243
1148
861
1110
1145
959
1386
921
1074
1507
1144
1016
1618
12275
1743
1010
934
278894
1354
17676
1491
1043
1056
1634
1087
841
2509
1282
1279
1827
924
906
1172
17161
1739
996
952
273987
1419
2714
1294
1392
1433
3057
1378
1161
1324
1320
1365
1681
855
2638
3066
2688
2368
1968
3315
541882
1381
11046
1184
3467
1319
1309
2120
1200
1445
1089
1244
1647
1165
1472
1128
1411
1622
1120
954
53950
1281
12762
221874
1700
1283
1003
1739
1210
1445
1494
1277
1584
1152
954
1184
1000
1237
826
905
85912
1734
1301
1051
1058
15060
1273
953
1651
1445
903
910
1355
14498
13508
1291
1541
1531
1316
1340
298484
1527
984
13770
1521
936
1094
1787
1237
1112
2437
1284
1598
878
1461
1243
1328
1703
1140
928
306716
1421
1232
972
1128
1306
1330
14820
928
1052
1304
1281
1309
2039
1103
1364
971
1554
1710
970
283743
1356
1024
904
1155
924
12322
1569
1168
2458
1513
1333
1455
886
1191
1452
976
1229
855
907
304912
2285
1379
1293
1593
1266
1132
1660
1019
1932
1228
1301
1432
1138
950
1295
1581
969
818
1300
303029
1175
1347
945
941
929
10624
1385
855
1342
1243
1096
1228
830
905
11475
1046
1329
845
883
291355
1344
1357
936
930
1043
1007
10213
949
1299
816
1240
1265
803
1024
12471
1003
1300
860
952
523136
1324
1147
845
1051
1072
1077
1350
1942
11444
902
1347
914
815
1220
826
935
1213
826
925
80979
1045
1346
293551
1423
886
1210
1300
954
3159
1220
1851
1637
1687
1294
1191
1333
1240
1124
1427
80083
1262
1135
13937
1227
916
1013
1063
10296
1180
1247
1066
1340
912
1024
1436
9992
1318
853
971
299739
1155
1310
953
942
1036
11095
1893
970
990
1091
933
1108
934
1210
10325
982
1363
834
892
288878
1269
10417
1275
999
1638
2661
1385
984
2649
1706
1581
1328
1057
1371
1426
1339
1602
1220
2169
297650
1279
10355
1403
1491
3161
1166
2674
1194
1687
1109
1374
1367
1235
1271
1207
1496
1695
1050
924
307306
1337
17661
1818
1318
1336
1414
1192
903
931
1119
1723
982
825
1313
832
931
1229
860
926
307023
1498
1474
1096
947
1004
1359
2310
12156
1499
1273
1103
1731
1183
1094
1371
1389
1552
904
905
288168
1351
1521
870
1083
4182
1124
1220
14527
1349
1021
1094
1865
1179
1279
1248
935
1225
826
892
519501
1297
1575
1068
1048
1084
1038
1609
1236
1047
2615
1229
4261
1188
1297
1383
1262
1474
866
906
77083
4166
15136
298379
4105
4186
1351
11654
1245
1213
1131
3912
1797
1445
1233
2260
1239
1600
1086
958
65570
2906
3172
4344
16278
1218
1326
1638
1143
4090
2800
1298
2096
2734
3206
2834
2766
3453
2239
5085
304070
8373
2006
3080
1465
1223
1290
1500
2606
2437
2242
2375
2320
2444
2350
2239
2360
2174
2093
2019
292883
4385
16958
1359
1255
1198
1286
1213
1133
1288
4454
1449
1620
11861
2031
1649
11543
1325
2876
2547
298933
4071
8341
1399
939
3184
1263
3636
1181
1721
1125
1220
1365
1065
1215
2520
2349
1410
2610
4804
303649
4269
8784
1195
3066
1214
3565
1651
1100
1240
1819
1356
1370
1113
1469
1171
1122
1555
1211
965
297047
4187
23856
1368
1471
1179
1515
1537
1209
2145
1141
1756
2603
1316
1415
1651
1228
1601
870
2738
335279
1336
9727
1233
1193
3593
1778
1305
1029
2279
1155
1232
1758
1152
1189
1659
1347
1686
2239
3716
538615
4169
8118
4679
5346
1272
1391
1310
1262
1491
4009
4761
1314
1164
1434
1132
4307
1286
834
1225
82897
4711
18412
270546
1806
1452
1309
1689
1177
1304
1272
1384
1654
1071
1296
821
2991
3382
4794
13847
63205
8710
3667
2052
4033
5897
2421
2396
5220
5498
2394
2400
5137
5837
2364
2062
4871
21772
14876
14278
300817
1596
1434
1345
1423
1158
1260
1531
1216
1208
2411
2958
2274
2330
2355
2477
2394
2217
2328
2098
266422
2681
1295
19370
1492
1295
1002
1226
864
1215
2149
12876
1277
1386
983
1263
968
1239
873
992
284687
1572
1162
898
1303
12969
1535
1200
985
948
961
1652
1312
1217
1311
1170
1619
1259
872
1247
310499
2573
1482
1206
1314
1125
1698
1350
1283
1441
1209
1707
1256
1210
1341
1158
1413
1310
868
922
317049
1491
1167
1285
1360
896
990
1621
20009
1303
1461
1813
1324
853
906
1140
956
1210
816
913
270046
1340
1131
952
1096
10457
1520
1311
881
1243
1449
1373
1473
1133
1210
1081
1507
1643
900
946
516858
1388
964
1017
921
942
1089
2339
1410
13949
906
1398
949
847
1237
832
927
1254
1001
1607
62089
1090
1384
309226
1276
880
1115
1347
941
11515
1057
925
1375
855
1027
963
10258
978
858
1520
49195
3152
1300
3944
2591
2455
2273
2235
1858
2635
3514
3021
2982
2948
3074
2612
3327
2864
2381
2959
262899
10730
1414
1277
1320
2879
1302
1460
1174
1879
1305
1313
1288
1148
2310
2657
2907
2590
2665
11220
278693
1285
9978
1380
1043
2796
1296
2979
1270
3125
1318
1247
1535
2385
1256
1718
1552
1705
1118
942
284976
1946
2497
1250
3463
1266
1207
1573
1183
1346
1236
1593
1592
1133
1227
1144
3213
4526
1103
1316
316196
1497
1104
1109
1004
1393
1287
1292
944
1308
1129
4390
1184
852
14527
1319
987
1210
861
1001
297222
1478
1174
993
1201
918
15725
2000
1235
1290
875
1381
1598
1184
945
1411
1277
1262
851
893
282969
2607
1556
1149
1213
1659
1239
1361
1163
1184
1134
1417
957
1319
4387
1298
3650
19959
928
1343
513715
1319
1078
1069
918
990
1130
901
13237
1009
1236
974
1209
877
913
1164
932
1176
840
894
87954
1092
1455
297005
1136
864
1131
1357
928
916
10909
1314
1838
1253
1633
902
911
1238
842
930
61803
1309
1358
14021
1171
973
1297
1040
850
1350
10111
1030
1151
916
1131
913
11222
1389
871
910
287406
2072
9281
1779
1861
1693
2646
2015
1672
1881
1667
2025
1896
1431
1906
1654
2105
1581
1281
1890
342140
2020
1730
7163
1570
1064
8381
1382
1304
7173
1050
15911
1232
949
1395
877
917
1227
855
927
289025
2633
1933
5203
2111
2041
7571
2046
2291
2512
2174
2151
2490
2131
2645
1485
1446
979
849
1303
310236
2450
1818
2546
2438
3837
4298
3506
3156
2611
3473
3968
3792
2359
4343
2303
2245
3842
3259
1753
300038
12002
2387
2414
2119
1874
2400
2480
2476
2111
1805
2531
2641
1987
1934
3146
2794
1696
1002
951
287214
2257
3538
2433
3532
2906
3730
3387
3520
3597
3508
3379
3366
3548
4254
3323
2525
4362
2623
2316
514982
2784
4107
2392
3422
2549
3626
3411
3541
3555
2321
3888
2586
3241
3927
3101
3666
2344
2203
2394
35717
3096
2398
322799
2276
2409
4268
2496
2589
3740
3579
3343
3869
2385
3622
3596
3493
2576
3578
2251
53629
2504
2505
2307
4304
2598
3690
3428
3410
3359
3519
3553
3392
3472
3442
3429
3554
3388
3790
2186
290870
2252
3516
2423
3471
3246
2631
3658
4119
3525
2405
3646
3377
3400
3448
3169
3766
3434
3323
1590
279596
2579
2377
1964
2548
2576
4137
3597
2624
3879
3682
5014
2526
2312
3989
2149
3962
3639
3521
2524
266590
2278
3503
2234
3703
3545
3518
3382
3412
3409
3228
3431
3976
2553
3485
3529
3424
3414
3600
2339
272552
2256
2680
1857
5009
4610
2033
2585
2180
3876
3482
3679
2903
3512
3774
3621
3642
3575
3378
2663
277559
2497
2637
4588
3633
2334
3802
2628
3647
3634
3409
3630
2724
3794
4514
2389
3639
3672
3523
2650
271371
2492
2718
2094
4035
3634
4224
3714
3540
3687
3441
3630
3015
3430
3651
3382
4450
3535
2409
2487
509330
2303
2296
12679
2071
2100
2576
4117
2029
2357
2309
2520
2216
1600
2449
1662
986
1250
867
921
51111
2572
1639
309273
2299
2408
3877
2501
2313
3874
3436
4442
2577
2139
3895
3476
3612
3793
3665
3107
46600
2696
2548
2317
4302
3627
3655
4428
3427
3505
2374
3682
3608
2575
3665
3427
3645
2863
3866
2408
327616
2447
2295
12739
1800
1871
2191
5823
2377
2384
1981
2115
2371
2302
2403
1634
1490
1009
853
1258
283398
2217
2469
13261
2231
2325
2306
2118
1990
2480
3361
2444
2710
2007
1957
3221
1251
1384
880
921
281119
2463
1772
2501
2397
3886
3772
2715
3575
3502
3380
2804
4452
2447
3641
3443
3016
3642
2219
2019
279376
2286
2662
1896
3844
3814
3820
5438
2295
2585
3857
3625
3560
2512
3660
3728
3579
3668
3539
2631
268687
2256
2616
3510
2500
4316
2522
4598
3393
3713
3618
3658
3687
4317
2669
2094
3923
3702
2948
1846
267781
2235
3580
2031
11491
2775
1867
11424
2010
3336
2384
2429
2060
1304
1282
1406
967
1289
864
904
570423
2145
2153
7876
2155
2185
2388
2329
1654
1676
29178
1576
1529
968
929
803
914
911
1101
950
20596
3119
2449
342288
2318
3304
2549
2594
3391
3225
3262
3424
2454
2942
12295
1328
1739
1162
1025
13190
42792
12439
2690
2052
1857
2107
2587
2294
2006
1948
2316
1986
1732
2308
2428
1348
2361
1452
18963
1694
313452
13207
2237
1663
1776
6933
2322
3310
3177
2271
3488
2495
2284
1620
1509
887
948
1251
833
894
280725
13259
2943
1909
2106
1394
1914
7893
2090
2014
19286
1307
1509
1005
941
1161
936
1259
862
884
270097
2282
2573
2387
4314
3586
3662
4389
2374
3733
2254
4091
4505
2406
3607
3586
3631
2732
3738
2626
274695
2316
2557
2612
4026
2972
3777
2721
4344
4121
2378
3670
4395
2371
3616
3405
2252
3723
3570
2592
275412
3885
2661
2134
3956
3498
3618
3758
3881
3655
3425
3730
4438
2132
3980
3530
3614
3631
2586
2664
268744
2544
1765
2537
2841
3774
3756
3770
2222
5264
3106
2744
2157
3925
3458
3644
3551
3393
2514
1651
521481
2215
2128
1571
6530
2135
1778
9365
2200
2041
3196
1806
16235
1265
1551
908
940
1271
881
916
36766
2948
1927
297751
3091
2224
2957
2450
2059
1743
2476
2439
4575
2408
3738
3426
2912
3702
2618
2532
54736
2965
2634
4115
3778
2986
2394
6546
2223
6524
3368
5653
5655
2216
6697
1965
5277
2516
3474
3894
313808
3290
2657
3254
3362
3312
3460
3429
5298
2430
2148
3616
3623
3456
3424
3572
3717
3353
3597
2248
283070
2583
1801
2467
2734
3763
3808
2708
3640
3654
2571
3837
2337
3961
3662
3454
3695
4380
2471
467080
2065
2449
1771
11112
2682
2473
1777
12091
2105
1789
2373
2759
2367
2026
1954
2254
2342
2143
2083
1698
298470
2570
1833
2397
2834
3594
3934
3855
3239
3376
3176
3471
3381
3482
3400
3610
2657
3515
3201
1741
463665
5057
3418
3311
3417
3253
3703
3713
2917
3414
3694
3386
3699
2905
3419
3366
3458
3426
3147
3590
439227
2249
2525
2595
4778
2405
4468
2624
3449
2696
3704
3633
4379
2397
3752
2132
3832
3654
3441
2455
551314
2262
2581
2616
3957
2348
3752
4338
2315
3457
2398
3724
2963
3483
3571
1941
3398
3789
3681
2479
37198
2590
2598
272393
3936
2307
2548
4224
2580
3500
3218
3454
3944
2368
3534
3393
3410
3506
2311
2498
57472
2875
2642
3713
3493
3277
2479
7214
3581
5351
2000
4592
4755
3909
4974
2974
3619
4125
2857
3715
435226
2326
2536
2612
3547
3378
4151
4072
1981
2470
2414
4358
2697
3227
3347
3416
3490
3454
3352
2179
283169
2277
2586
2385
3692
2568
3582
3455
3472
3414
3469
3542
2664
3417
5126
1961
2521
3793
2141
2632
290046
3254
2775
4296
2370
2447
4578
2524
4404
2521
5068
2409
2325
3625
3369
3427
3518
3826
3373
2516
306583
2318
2512
2602
3558
4210
3863
2613
3983
3243
2337
4185
2670
3320
3314
3420
3541
3465
3331
307443
2092
4174
1932
1968
7325
1767
8770
2166
2442
2217
2097
2104
2354
2572
2096
2117
2625
1627
936
974
358862
2312
3377
4247
2601
3762
1749
3555
3424
3476
3894
4872
3293
2726
3313
3528
3438
3447
3525
2558
697999
2556
2540
3928
2213
2070
11236
2306
2250
2502
2139
2035
1804
1201
1257
1465
1261
1240
856
926
68185
1273
1536
464469
2447
2106
7908
2207
1615
8677
1271
1751
12527
1185
1530
927
920
1257
867
922
65746
2173
11101
2110
2588
2705
2299
2080
1899
2428
2151
2417
2420
1910
2343
7784
7993
12045
11532
12209
353351
4802
4651
3461
6938
3472
5259
4462
3299
5215
3143
6436
3751
3417
5383
3133
5890
4860
3625
6183
286060
3570
2696
2562
4015
2324
5047
3056
2299
2770
4481
3422
2539
3657
3409
3656
2609
3387
3520
2245
261556
2259
2504
4032
2770
4113
2699
3596
3495
4201
3336
3405
2402
1875
4210
3542
2597
4228
2392
2442
355456
2520
1895
8415
2724
2007
5170
2364
1936
17783
1195
1623
1002
850
1273
862
908
1222
826
910
250839
2442
2660
3880
2593
3734
3695
2632
3624
3707
3503
3657
2934
4216
2669
3489
2690
4537
2490
3079
428921
2293
2695
3152
4446
3598
2317
6054
3754
3685
2325
3524
2853
3509
3651
2372
3899
3420
2537
2983
485471
2637
3792
3450
3745
2416
2521
4433
2345
3928
3272
2547
2406
4464
3686
2428
3972
3550
2573
4705
43318
3002
1650
457443
5138
2527
1781
2696
1995
2532
4420
2616
3974
2265
2583
4797
2254
2218
4740
1289
84372
2264
2291
4397
6698
4555
2307
3600
1628
5636
3777
1998
5570
4071
4958
3236
4021
5703
4163
2025
327022
4327
2961
2179
2621
1921
1971
2918
2163
4163
2362
2701
4139
2388
2655
4544
2238
2206
5214
1220
437830
2270
2654
4513
2368
2366
4712
4276
2426
2611
4777
2733
4078
2542
2329
5456
2525
2478
5110
1308
486562
6349
5686
4500
4569
2150
3367
2757
4465
2338
2344
4786
2249
1818
4582
4074
3783
2524
3862
2016
427820
3925
2534
2121
4767
2376
4594
2722
4416
3675
3584
3607
2460
4338
2276
2180
2223
2313
4934
1215
293069
4391
2303
2290
4585
3172
2663
4255
2355
4448
2352
4859
2615
2340
4727
2326
3681
2397
4101
2720
288637
4195
2867
4463
2836
2063
2036
2993
2398
2455
5093
2364
2490
2581
4943
2449
4518
2339
1874
4637
562023
4155
2793
2070
2372
2217
4876
2186
1622
3625
4070
2252
2287
5467
2223
2108
2447
2665
4494
1315
41087
1905
1536
483157
2560
2184
1657
2676
5527
2491
2283
2576
3675
3182
3672
2090
2611
3864
2318
1265
111104
5363
4066
4021
5447
4585
1757
5253
3637
5453
3896
3900
5377
3439
5562
3902
4615
4376
3624
3753
316901
4273
3519
2289
4421
3735
2642
4127
2202
3719
2417
4248
3109
2184
4317
3563
3621
2606
3792
2274
285557
2573
2361
2862
2692
2164
5814
2721
2227
2659
3800
3875
2706
4529
3691
3369
2630
4432
2387
1280
327533
5155
3134
2203
2047
2213
2737
2505
1954
1943
2368
2660
4945
2182
2646
4333
4541
2454
2370
4428
316675
2571
2143
2280
2740
5060
2292
2024
2253
2610
3756
3676
2587
3875
2620
3936
2484
3894
2387
2990
278386
3544
2510
3344
4159
2336
2620
4091
2344
3398
3409
4474
2543
3957
3442
3644
2592
3863
2383
2778
298534
5508
2592
2006
2175
2450
2344
5660
2335
2293
1819
5382
3243
1946
2584
4458
2190
1670
6723
3145
635675
2179
2543
5157
2750
2524
2151
2027
2124
2595
4192
3650
3049
2186
4667
2086
2545
4342
2402
1233
53782
2470
1590
408377
2148
2473
5528
2531
1970
2167
2023
2367
2346
2358
4679
2338
4376
2099
2458
4281
77072
2524
2919
2486
5259
1563
6070
5503
4061
2890
2246
4737
2232
1849
4331
3807
2690
4059
2404
2754
507797
Xput: 1544
