3186541.428571
2630155.714286
2188410.000000
1873681.428571
1522270.000000
1532975.714286
2860487.142857
2002517.619048
1875482.380952
2835628.095238
2842520.000000
5895818.095238
5134453.333333
3228893.809524
2319313.809524
2449329.523810
4255445.714286
4406371.904762
4243506.666667
2843789.523810
3485290.000000
2794782.380952
3300520.000000
2771464.761905
3716426.666667
3584194.285714
2907020.476190
7073963.333333
2497269.523810
2628706.190476
5175091.904762
2228052.380952
2203029.523810
2177703.809524
4493125.714286
4428363.333333
5454993.809524
2979364.761905
2746894.761905
5554832.857143
4619569.523810
3172478.095238
3456836.190476
3940161.904762
3381613.809524
2591996.666667
3447243.809524
4500893.809524
4275572.380952
2633381.904762
2544211.428571
2995512.380952
3624756.190476
3294836.190476
4720763.809524
4459885.714286
2588710.476190
2788728.095238
3117250.000000
5425134.285714
3704440.000000
2808558.095238
3951196.190476
4143724.761905
4223665.714286
5160287.619048
3481874.761905
3287620.000000
4644897.619048
3931196.190476
3182200.476190
1962703.333333
2032497.142857
5437321.904762
4117774.285714
1910820.000000
3463276.190476
3988664.761905
4188328.571429
2588236.190476
3341657.142857
3591093.809524
2605461.428571
2152140.952381
4959603.333333
4752588.571429
2949094.285714
3418521.904762
4156041.904762
2828918.571429
4473488.095238
2169520.000000
5662290.476190
4556923.809524
3442425.714286
2015212.380952
1958948.095238
5814267.619048
2318502.380952
3691779.047619
3217618.095238
4111904.761905
4414920.476190
2886371.428571
15111731.904762
13709133.809524
11826824.761905
12918208.095238
11904341.904762
11681437.619048
5786360.000000
2267685.238095
1816871.428571
1963524.761905
4491107.619048
4633122.380952
3508080.000000
3985171.428571
3844729.523810
3680484.285714
1989916.190476
2061530.952381
3187629.523810
2741073.333333
1760558.095238
2067370.476190
2296045.238095
4319907.619048
4034289.047619
2472701.904762
2452070.000000
2295716.190476
4087112.380952
4188000.476190
2976645.714286
3201212.857143
3139147.619048
4483797.142857
3543662.380952
3489545.714286
3354788.571429
1983720.000000
2199396.190476
4448180.000000
3030785.714286
1941286.190476
3487138.095238
3693527.619048
4038424.761905
2989660.000000
3515698.095238
4245758.095238
2933750.000000
1821608.571429
1925941.904762
5494217.142857
3696926.190476
2011411.428571
1560400.000000
3862521.428571
4598768.571429
2933239.523810
3382325.238095
3746829.047619
4124545.714286
2899849.047619
1883960.000000
1914320.000000
4973031.428571
1652213.333333
1535064.761905
1647148.571429
1754618.095238
5237069.047619
3544647.619048
2467914.285714
2620095.238095
2439045.714286
2566340.952381
2265927.619048
5695204.285714
3352768.571429
1622366.190476
2782901.904762
3130287.619048
3553172.380952
2493338.095238
4440501.428571
4644601.904762
2102204.285714
1749190.000000
2237445.714286
3461313.809524
5383080.476190
2698572.380952
2122659.047619
1994288.095238
1711223.809524
5018876.666667
2742770.000000
2863738.095238
2411899.523810
3081745.714286
3532100.952381
1849436.190476
3015965.714286
3562125.714286
2382800.000000
2088152.380952
1943825.714286
1588391.428571
4181081.904762
2739971.428571
2389579.523810
1740749.523810
2266813.333333
2148563.809524
2064232.380952
2890918.095238
1682427.619048
1746407.619048
1726436.190476
1800080.000000
3496176.666667
4187016.190476
2061980.000000
2045175.238095
2044398.095238
2075583.333333
2866237.619048
3719290.476190
2143996.666667
2484483.333333
1759116.190476
2127601.904762
1910505.714286
3741185.714286
1984088.095238
2101540.000000
1711390.476190
2485293.809524
2734815.238095
4066193.809524
2927157.619048
2221763.809524
2775998.095238
2284714.285714
2385193.809524
4457188.571429
4064756.190476
2281060.476190
2146330.000000
1981881.904762
3557765.238095
2564063.333333
2516618.571429
2422457.142857
2484482.857143
2070045.714286
1727461.904762
2805606.190476
2466233.809524
3674240.000000
2233991.904762
1722141.428571
1724751.904762
1965600.000000
3059298.095238
2004481.904762
1595485.714286
1686260.000000
1779210.476190
1666412.380952
2716663.333333
1881338.095238
1427378.095238
1838396.190476
2371204.285714
2541365.714286
1605086.190476
2186976.190476
1873053.809524
2179903.809524
1875057.619048
1646173.809524
2285796.190476
2190721.904762
1913880.000000
2348398.095238
2428270.000000
1731130.000000
2664793.809524
1992930.476190
2176881.904762
2126290.000000
1885821.904762
2068481.904762
2254852.380952
1527814.285714
1598400.000000
2076276.190476
2580389.523810
1918668.095238
1608936.190476
1503378.571429
1459865.714286
1662675.714286
2804714.285714
1734485.714286
1366152.380952
1515211.904762
2054877.619048
1879743.809524
3039883.809524
2297112.380952
1909707.619048
1770104.761905
1790883.333333
1961327.142857
2568756.190476
2213226.666667
1949613.333333
2067832.380952
1794060.952381
1720076.190476
2833671.428571
2566066.190476
1758693.333333
1465560.000000
1985106.666667
2391913.809524
2458925.714286
1998602.857143
1735407.619048
2185060.000000
2034271.904762
2223545.714286
2538148.571429
2911213.809524
1735028.571429
1821498.095238
1477303.809524
2157526.190476
3194755.714286
1528492.380952
2086717.142857
2048816.190476
2675820.000000
3149230.000000
2744290.000000
3165405.714286
1953005.714286
1660120.000000
1530652.380952
1591856.190476
1905908.571429
1975688.571429
2510292.380952
1921662.857143
2376527.142857
2132252.380952
2601830.476190
2279055.238095
1994906.666667
2056620.476190
2018756.190476
2142531.428571
3210558.095238
2228973.333333
1722868.571429
2034613.333333
2007074.285714
2306716.190476
2042238.095238
3417617.142857
2017840.000000
1708870.476190
1496295.238095
2000297.142857
2673139.047619
2503558.095238
1812707.142857
2010737.142857
1888680.952381
2134758.095238
2183556.190476
2394665.714286
2234309.047619
2082400.000000
1792975.238095
1993665.714286
3502367.619048
2491043.333333
2229102.380952
1372390.476190
1873434.285714
2334809.523810
3413340.000000
2599945.238095
1533361.428571
1528988.571429
2133860.000000
3162516.190476
1841328.571429
2046235.714286
2383980.000000
2235251.428571
2236030.000000
2276971.904762
2575475.238095
1986159.523810
1574950.476190
1590418.095238
1663792.380952
2680494.285714
2249786.190476
2107671.904762
2245981.904762
2480723.333333
2469729.523810
2174178.571429
1739405.238095
1775487.619048
2090060.000000
2145855.238095
2201655.238095
1521041.904762
1621214.285714
1374988.095238
1803364.285714
1994556.190476
1487059.047619
1552390.000000
1840780.952381
1822000.000000
1819724.285714
2520763.809524
2528019.047619
1363898.095238
1667090.000000
1744538.095238
2749458.571429
2855763.809524
2269548.095238
1915220.476190
1883867.619048
1949857.142857
2782799.523810
2603467.619048
2090729.047619
2152937.142857
2480432.380952
2426222.857143
2102841.904762
3275356.190476
1923897.142857
2318499.047619
1516636.666667
1710632.380952
2023794.285714
2748628.571429
2245062.857143
1744302.857143
2041339.047619
1837090.952381
1962748.571429
3355260.952381
2042794.285714
2452427.142857
1597395.714286
1606912.380952
1703921.904762
2876636.190476
2088495.714286
1813063.809524
1666300.000000
2074041.904762
2141446.666667
2972081.904762
2701260.000000
1576481.904762
1602805.714286
2081581.904762
2844038.095238
2505520.476190
2445346.190476
3042074.761905
2458280.000000
1953321.904762
2024233.809524
1749040.000000
2893213.809524
2630979.047619
1629660.952381
1578940.476190
2112233.809524
2134180.952381
2973794.285714
2657462.857143
2329994.285714
2653041.904762
2015735.238095
2050967.619048
1823085.714286
2935302.857143
3120862.380952
2750055.714286
2263243.809524
2299641.904762
2117301.904762
2290180.952381
2106738.571429
2548770.476190
2159385.714286
2233000.000000
2241758.095238
2546426.666667
2180463.809524
1368033.333333
2267098.095238
2430884.761905
2922117.619048
2129156.190476
2320738.095238
2304747.619048
2041109.523810
1880126.190476
2334006.190476
2748309.047619
1803159.047619
2183869.523810
1837558.571429
1879543.333333
2312614.285714
2721584.761905
2327943.809524
2126050.000000
1796910.476190
1418950.000000
1714933.333333
1986438.095238
1915100.000000
1694546.666667
1814764.285714
2400391.904762
2088754.285714
3186541.428571
2630155.714286
2188410.000000
1873681.428571
1522270.000000
1532975.714286
2860487.142857
2002517.619048
1875482.380952
2835628.095238
2842520.000000
5895818.095238
5134453.333333
3228893.809524
2319313.809524
2449329.523810
4255445.714286
4406371.904762
4243506.666667
2843789.523810
3485290.000000
2794782.380952
3300520.000000
2771464.761905
3716426.666667
3584194.285714
2907020.476190
7073963.333333
2497269.523810
2628706.190476
5175091.904762
2228052.380952
2203029.523810
2177703.809524
4493125.714286
4428363.333333
5454993.809524
2979364.761905
2746894.761905
5554832.857143
4619569.523810
3172478.095238
3456836.190476
3940161.904762
3381613.809524
2591996.666667
3447243.809524
4500893.809524
4275572.380952
2633381.904762
2544211.428571
2995512.380952
3624756.190476
3294836.190476
4720763.809524
4459885.714286
2588710.476190
2788728.095238
3117250.000000
5425134.285714
3704440.000000
2808558.095238
3951196.190476
4143724.761905
4223665.714286
5160287.619048
3481874.761905
3287620.000000
4644897.619048
3931196.190476
3182200.476190
1962703.333333
2032497.142857
5437321.904762
4117774.285714
1910820.000000
3463276.190476
3988664.761905
4188328.571429
2588236.190476
3341657.142857
3591093.809524
2605461.428571
2152140.952381
4959603.333333
4752588.571429
2949094.285714
3418521.904762
4156041.904762
2828918.571429
4473488.095238
2169520.000000
5662290.476190
4556923.809524
3442425.714286
2015212.380952
1958948.095238
5814267.619048
2318502.380952
3691779.047619
3217618.095238
4111904.761905
4414920.476190
2886371.428571
15111731.904762
13709133.809524
11826824.761905
12918208.095238
11904341.904762
11681437.619048
5786360.000000
2267685.238095
1816871.428571
1963524.761905
4491107.619048
4633122.380952
3508080.000000
3985171.428571
3844729.523810
3680484.285714
1989916.190476
2061530.952381
3187629.523810
2741073.333333
1760558.095238
2067370.476190
2296045.238095
4319907.619048
4034289.047619
2472701.904762
2452070.000000
2295716.190476
4087112.380952
4188000.476190
2976645.714286
3201212.857143
3139147.619048
4483797.142857
3543662.380952
3489545.714286
3354788.571429
1983720.000000
2199396.190476
4448180.000000
3030785.714286
1941286.190476
3487138.095238
3693527.619048
4038424.761905
2989660.000000
3515698.095238
4245758.095238
2933750.000000
1821608.571429
1925941.904762
5494217.142857
3696926.190476
2011411.428571
1560400.000000
3862521.428571
4598768.571429
2933239.523810
3382325.238095
3746829.047619
4124545.714286
2899849.047619
1883960.000000
1914320.000000
4973031.428571
1652213.333333
1535064.761905
1647148.571429
1754618.095238
5237069.047619
3544647.619048
2467914.285714
2620095.238095
2439045.714286
2566340.952381
2265927.619048
5695204.285714
3352768.571429
1622366.190476
2782901.904762
3130287.619048
3553172.380952
2493338.095238
4440501.428571
4644601.904762
2102204.285714
1749190.000000
2237445.714286
3461313.809524
5383080.476190
2698572.380952
2122659.047619
1994288.095238
1711223.809524
5018876.666667
2742770.000000
2863738.095238
2411899.523810
3081745.714286
3532100.952381
1849436.190476
3015965.714286
3562125.714286
2382800.000000
2088152.380952
1943825.714286
1588391.428571
4181081.904762
2739971.428571
2389579.523810
1740749.523810
2266813.333333
2148563.809524
2064232.380952
2890918.095238
1682427.619048
1746407.619048
1726436.190476
1800080.000000
3496176.666667
4187016.190476
2061980.000000
2045175.238095
2044398.095238
2075583.333333
2866237.619048
3719290.476190
2143996.666667
2484483.333333
1759116.190476
2127601.904762
1910505.714286
3741185.714286
1984088.095238
2101540.000000
1711390.476190
2485293.809524
2734815.238095
4066193.809524
2927157.619048
2221763.809524
2775998.095238
2284714.285714
2385193.809524
4457188.571429
4064756.190476
2281060.476190
2146330.000000
1981881.904762
3557765.238095
2564063.333333
2516618.571429
2422457.142857
2484482.857143
2070045.714286
1727461.904762
2805606.190476
2466233.809524
3674240.000000
2233991.904762
1722141.428571
1724751.904762
1965600.000000
3059298.095238
2004481.904762
1595485.714286
1686260.000000
1779210.476190
1666412.380952
2716663.333333
1881338.095238
1427378.095238
1838396.190476
2371204.285714
2541365.714286
1605086.190476
2186976.190476
1873053.809524
2179903.809524
1875057.619048
1646173.809524
2285796.190476
2190721.904762
1913880.000000
2348398.095238
2428270.000000
1731130.000000
2664793.809524
1992930.476190
2176881.904762
2126290.000000
1885821.904762
2068481.904762
2254852.380952
1527814.285714
1598400.000000
2076276.190476
2580389.523810
1918668.095238
1608936.190476
1503378.571429
1459865.714286
1662675.714286
2804714.285714
1734485.714286
1366152.380952
1515211.904762
2054877.619048
1879743.809524
3039883.809524
2297112.380952
1909707.619048
1770104.761905
1790883.333333
1961327.142857
2568756.190476
2213226.666667
1949613.333333
2067832.380952
1794060.952381
1720076.190476
2833671.428571
2566066.190476
1758693.333333
1465560.000000
1985106.666667
2391913.809524
2458925.714286
1998602.857143
1735407.619048
2185060.000000
2034271.904762
2223545.714286
2538148.571429
2911213.809524
1735028.571429
1821498.095238
1477303.809524
2157526.190476
3194755.714286
1528492.380952
2086717.142857
2048816.190476
2675820.000000
3149230.000000
2744290.000000
3165405.714286
1953005.714286
1660120.000000
1530652.380952
1591856.190476
1905908.571429
1975688.571429
2510292.380952
1921662.857143
2376527.142857
2132252.380952
2601830.476190
2279055.238095
1994906.666667
2056620.476190
2018756.190476
2142531.428571
3210558.095238
2228973.333333
1722868.571429
2034613.333333
2007074.285714
2306716.190476
2042238.095238
3417617.142857
2017840.000000
1708870.476190
1496295.238095
2000297.142857
2673139.047619
2503558.095238
1812707.142857
2010737.142857
1888680.952381
2134758.095238
2183556.190476
2394665.714286
2234309.047619
2082400.000000
1792975.238095
1993665.714286
3502367.619048
2491043.333333
2229102.380952
1372390.476190
1873434.285714
2334809.523810
3413340.000000
2599945.238095
1533361.428571
1528988.571429
2133860.000000
3162516.190476
1841328.571429
2046235.714286
2383980.000000
2235251.428571
2236030.000000
2276971.904762
2575475.238095
1986159.523810
1574950.476190
1590418.095238
1663792.380952
2680494.285714
2249786.190476
2107671.904762
2245981.904762
2480723.333333
2469729.523810
2174178.571429
1739405.238095
1775487.619048
2090060.000000
2145855.238095
2201655.238095
1521041.904762
1621214.285714
1374988.095238
1803364.285714
1994556.190476
1487059.047619
1552390.000000
1840780.952381
1822000.000000
1819724.285714
2520763.809524
2528019.047619
1363898.095238
1667090.000000
1744538.095238
2749458.571429
2855763.809524
2269548.095238
1915220.476190
1883867.619048
1949857.142857
2782799.523810
2603467.619048
2090729.047619
2152937.142857
2480432.380952
2426222.857143
2102841.904762
3275356.190476
1923897.142857
2318499.047619
1516636.666667
1710632.380952
2023794.285714
2748628.571429
2245062.857143
1744302.857143
2041339.047619
1837090.952381
1962748.571429
3355260.952381
2042794.285714
2452427.142857
1597395.714286
1606912.380952
1703921.904762
2876636.190476
2088495.714286
1813063.809524
1666300.000000
2074041.904762
2141446.666667
2972081.904762
2701260.000000
1576481.904762
1602805.714286
2081581.904762
2844038.095238
2505520.476190
2445346.190476
3042074.761905
2458280.000000
1953321.904762
2024233.809524
1749040.000000
2893213.809524
2630979.047619
1629660.952381
1578940.476190
2112233.809524
2134180.952381
2973794.285714
2657462.857143
2329994.285714
2653041.904762
2015735.238095
2050967.619048
1823085.714286
2935302.857143
3120862.380952
2750055.714286
2263243.809524
2299641.904762
2117301.904762
2290180.952381
2106738.571429
2548770.476190
2159385.714286
2233000.000000
2241758.095238
2546426.666667
2180463.809524
1368033.333333
2267098.095238
2430884.761905
2922117.619048
2129156.190476
2320738.095238
2304747.619048
2041109.523810
1880126.190476
2334006.190476
2748309.047619
1803159.047619
2183869.523810
1837558.571429
1879543.333333
2312614.285714
2721584.761905
2327943.809524
2126050.000000
1796910.476190
1418950.000000
1714933.333333
1986438.095238
1915100.000000
1694546.666667
1814764.285714
2400391.904762
1791217.142857
2179163.809524
2202872.857143
1818588.571429
1725792.380952
1518489.523810
2145750.476190
3188694.285714
2465146.666667
2116969.523810
1971186.666667
2168483.809524
3144983.809524
2316470.476190
1648097.142857
1651302.857143
1601584.761905
1927691.428571
2528332.380952
2264540.952381
1737213.333333
2000620.952381
1840020.952381
2115920.000000
1710725.714286
2566059.047619
2192996.190476
1873318.095238
1971341.428571
1985295.238095
2679575.238095
2391000.000000
2061539.047619
1728813.333333
2296689.523810
2641560.000000
2072337.142857
2082904.761905
1903474.761905
1757648.095238
2451849.047619
2176910.476190
1943394.285714
1787807.619048
2321668.571429
2148171.904762
1809071.904762
1661891.428571
2301936.666667
2723321.904762
1952321.428571
1785078.095238
1744125.714286
1723390.000000
2165698.095238
2644570.952381
2296320.000000
1684792.380952
1631822.857143
1649728.095238
2138891.904762
2004678.095238
2580348.571429
1841733.333333
1507170.000000
1688899.047619
1582099.047619
1454421.428571
2094893.333333
2345996.190476
2235280.000000
2362778.095238
2770466.666667
2607120.000000
2618796.190476
1897860.952381
2220489.523810
2056798.095238
1753700.952381
2142280.000000
2171728.095238
2588202.380952
2235560.476190
2056889.523810
1930371.904762
1911703.809524
2398326.190476
1774721.904762
2063691.428571
2131954.285714
1962339.047619
2125933.809524
2548188.095238
2187780.476190
1913671.428571
1932885.714286
1964675.238095
2360013.333333
2383438.095238
2344281.904762
2585820.476190
1789573.333333
1761163.809524
1803691.428571
2446623.333333
1868417.142857
2124826.190476
2045565.714286
1798851.428571
1810032.380952
3139622.857143
1737497.619048
1794946.666667
1823337.142857
1919000.000000
1995897.142857
3092853.809524
3120306.666667
1460918.095238
2369660.952381
3093721.428571
3269268.571429
2277921.904762
2167548.571429
2348104.761905
2984074.285714
1927832.380952
1969175.238095
2388874.285714
2231689.523810
2591575.238095
2205718.095238
2089371.428571
2168295.714286
2746551.904762
2140743.809524
2059697.619048
2410777.142857
2304826.190476
2276520.000000
1756890.000000
2050240.000000
2814530.000000
2148613.809524
1719648.095238
1772006.190476
2316960.000000
2585771.904762
2269540.000000
2098066.190476
1698587.619048
1719001.904762
3068121.904762
2318826.190476
2634420.000000
1862883.809524
1747341.904762
1942938.095238
2980841.904762
1799146.190476
2102815.714286
1596703.809524
2041320.000000
2045766.190476
1986884.285714
2339516.666667
2170108.095238
1662388.571429
1803699.047619
1694429.523810
1884918.095238
2773401.428571
2172819.047619
1489215.238095
1557577.142857
2114739.047619
2268130.000000
2332263.333333
2470588.571429
1990313.809524
1479163.809524
1681480.000000
2402783.809524
2199490.000000
2946013.333333
1763439.047619
2013693.809524
1857996.190476
1638033.809524
1707970.000000
2510059.047619
1538516.190476
1607816.190476
1585695.714286
1909845.714286
1997531.904762
2908731.428571
1856230.000000
1570740.000000
1914825.238095
1647231.428571
1761896.666667
2477218.571429
1627070.000000
1631084.761905
1579793.809524
1605978.571429
1709171.428571
2162987.619048
1990727.619048
1607440.000000
1823210.476190
1954360.000000
2153689.523810
2230276.666667
2574352.380952
2143562.857143
1446261.904762
1937958.095238
2053509.523810
2543036.666667
1855530.476190
1878158.095238
1590164.285714
1673981.428571
2117080.000000
2769465.714286
1802208.571429
1590114.285714
2070451.428571
1878470.476190
1820638.095238
1977036.190476
2704890.000000
2106659.047619
1776889.523810
1695553.809524
2055152.380952
2472983.809524
2472335.714286
2301000.000000
1702545.714286
2266745.238095
2425520.000000
1780484.285714
1967708.571429
2502040.000000
2032826.666667
1352004.761905
1535470.476190
1555196.190476
2163849.523810
1598690.000000
1411798.095238
1621918.095238
1987089.523810
1973047.619048
2223390.476190
2280866.190476
1960956.190476
1941952.380952
1644104.761905
1641146.666667
2046773.333333
2450177.142857
1627205.238095
1869065.714286
2224381.904762
2215347.142857
2765383.333333
3090535.238095
1468747.619048
1487348.571429
1660153.333333
1819201.904762
2949504.761905
1855605.714286
1699028.571429
1789240.000000
1781761.428571
2156544.285714
2999830.476190
2045844.761905
2199310.952381
2484992.380952
2656841.904762
2375295.714286
2395059.047619
2062942.857143
2202045.714286
1629897.142857
1851436.190476
1793308.571429
2352049.523810
2222563.809524
2191255.238095
1929666.666667
1481535.238095
1670409.523810
1971737.142857
1970969.523810
2050577.142857
1860948.571429
1618169.523810
1433139.047619
1532055.238095
2329830.476190
1469150.952381
1607899.047619
2014915.238095
2077283.809524
2231847.619048
2956807.619048
2698932.857143
2091811.428571
1781845.714286
2331351.428571
1628996.190476
3067604.761905
1553713.809524
1585192.380952
1619725.714286
1814291.428571
2079287.142857
2829364.285714
2221811.428571
1817657.142857
1765920.476190
2218713.809524
2749730.476190
2369448.095238
1677498.095238
1813595.714286
1839533.333333
1851296.190476
2016619.047619
3573813.333333
2093274.285714
2131523.809524
1516657.142857
1486074.285714
1851438.571429
2554026.666667
2279994.285714
2255304.761905
1835580.000000
1737496.190476
1872716.190476
3265839.047619
1739017.142857
2380261.904762
1896556.190476
1528494.285714
1838581.904762
1737227.619048
2214210.000000
1986950.476190
1539388.571429
1549038.095238
1790320.000000
1834920.000000
1869511.904762
1516600.952381
1403803.809524
1499775.238095
1827229.047619
1821661.428571
2270422.857143
1681090.476190
1746860.000000
1911657.142857
1880049.523810
2784169.523810
1873596.190476
1463320.476190
1801213.333333
1881801.904762
1783171.428571
2469188.571429
1980472.380952
2549128.095238
2156660.000000
1857716.190476
2134333.333333
2032617.142857
2399841.904762
2465195.238095
1576363.333333
2116398.571429
1770527.619048
1788660.952381
2312820.952381
1961081.904762
1519440.000000
1659440.000000
1681556.190476
2105091.428571
2634478.095238
1797627.619048
1467721.904762
1370655.238095
2004920.000000
2702078.095238
2474228.571429
1820480.000000
1822660.952381
1521240.000000
1359786.666667
1748792.380952
2475192.380952
1603032.857143
1490436.190476
1545034.285714
1928645.714286
1766462.857143
2941737.142857
1806733.333333
2173510.476190
2021295.238095
1887161.904762
1905600.000000
2306680.000000
3185475.238095
1470072.380952
1685777.142857
1937928.571429
2499771.428571
2583853.809524
2559746.666667
1720390.952381
2124388.095238
1700864.285714
2030958.095238
2750411.904762
2729895.238095
1548895.238095
1271598.095238
1641712.380952
2505828.095238
3162644.285714
2523723.333333
1843678.095238
1556258.571429
1560809.047619
1426020.000000
2601703.809524
1518410.000000
1678558.095238
1856550.000000
1825285.714286
1825632.857143
2611417.619048
1874490.000000
1848013.333333
1779152.380952
1813809.523810
1807290.000000
2802188.095238
2863667.142857
2070800.000000
2325156.190476
2325952.380952
2961730.952381
2282257.619048
2627007.142857
2592990.476190
1521312.380952
1959598.095238
2146780.000000
2509001.904762
2581921.904762
2482996.190476
1669685.714286
1755696.190476
1769916.190476
1865288.095238
2699181.428571
2351118.095238
1699342.380952
1711721.904762
1577218.095238
2454201.904762
2479285.714286
1984171.904762
1567113.809524
1744104.761905
2171699.523810
2012941.428571
3146979.047619
2346368.095238
1424160.000000
1905900.476190
2149093.333333
2771570.000000
2353484.285714
2232666.190476
2090588.095238
2192532.380952
1877053.333333
1621139.047619
1862765.714286
2082580.476190
2133226.666667
2029688.571429
1939948.571429
1731112.380952
1524457.142857
2016584.761905
2007133.333333
2010049.047619
2308210.000000
2138746.190476
1568554.285714
1801293.333333
1643224.761905
2378600.000000
2513832.380952
2010470.476190
1737714.285714
2154916.666667
1602436.666667
2114779.523810
2153971.428571
2482668.095238
2006803.809524
1650925.714286
1324452.857143
1750067.619048
2021960.000000
2466110.476190
2339889.523810
1571198.095238
1428441.904762
1675184.761905
1663302.857143
2920975.714286
1435234.761905
1336605.714286
1597215.714286
1758339.047619
1893971.428571
2385944.761905
2178274.761905
1988375.714286
1992474.285714
1636348.571429
1789405.714286
1568667.142857
2665413.333333
1906763.809524
2593483.809524
2200521.904762
1914916.190476
2029335.238095
1672394.285714
2605074.285714
2408291.428571
1455992.857143
1625984.285714
1557893.809524
2249367.619048
2793786.190476
2625383.809524
1515636.190476
1422683.809524
2916918.095238
3163020.952381
1916856.190476
1941161.904762
2232550.952381
2498055.238095
2124105.238095
1746200.952381
2312593.333333
1516228.571429
1478493.333333
1596900.000000
2501250.000000
2165691.904762
1435204.285714
1355150.000000
1944632.380952
2695721.904762
2210644.285714
2051416.190476
2263018.095238
2099645.714286
2007671.904762
1868768.095238
2205984.761905
2115857.142857
1847414.285714
2101253.809524
1959314.285714
1940233.333333
1836289.523810
1827908.571429
2437731.904762
2017465.714286
2041100.952381
1813190.000000
1702408.571429
1913165.238095
2487360.476190
2032492.380952
2475581.904762
2005187.619048
2010965.714286
1920255.714286
2316770.000000
2045493.809524
2251341.904762
2340203.809524
1758216.190476
1772211.904762
1449635.714286
2589443.809524
1850556.190476
2468765.714286
1951288.095238
1650018.095238
2011499.523810
1696301.904762
3597757.142857
1628122.857143
1707465.714286
1931538.571429
2432106.666667
2035702.857143
1881752.380952
2733449.523810
2338074.285714
1616398.095238
1960454.285714
2041824.761905
2425638.095238
1811929.523810
2203075.238095
2710467.142857
2355657.619048
1761785.238095
1174036.190476
1941443.809524
2648830.000000
1857248.095238
2329383.809524
1999168.095238
1744294.285714
2131808.095238
1587468.095238
2372373.333333
2237310.000000
1562376.666667
2004187.619048
2056867.619048
2552864.761905
3230941.904762
2275465.714286
2364419.047619
1759949.523810
1922433.333333
1639135.714286
1707580.952381
2004142.857143
1937206.666667
1310855.238095
1515005.714286
1778657.142857
2545120.952381
1547194.761905
1311140.952381
1568232.380952
1729478.095238
2101731.428571
1728627.619048
2035018.095238
2059607.619048
1541095.238095
1964518.095238
1983653.333333
2081791.428571
1966950.952381
1987858.571429
1928858.095238
1607443.809524
1979749.523810
2555820.000000
1556289.047619
1597431.428571
1578963.809524
1542462.857143
1514598.571429
2122930.952381
2683382.857143
2157683.809524
1721474.761905
1895687.619048
2033836.666667
2590170.000000
1689359.047619
2211313.333333
1646715.714286
1822283.333333
2481183.809524
3038162.380952
2527240.000000
1728549.523810
1743821.904762
1872245.714286
1804591.428571
3148519.523810
2645944.761905
1716942.380952
1409605.714286
1503763.809524
2512602.857143
2564780.952381
2417891.428571
1512241.904762
1797172.380952
2002423.809524
2284120.000000
2349543.809524
1952428.571429
2954920.000000
1705777.142857
1700114.285714
1568081.904762
2860973.333333
1616283.333333
1607291.904762
1697678.571429
1535855.238095
1862307.619048
2292436.190476
2065872.380952
1905813.333333
1664426.666667
1821986.666667
2249897.142857
1995558.095238
1782382.380952
1610222.857143
1861697.142857
1452200.000000
1552860.952381
2277921.428571
2449059.047619
1755342.857143
1455971.428571
2062156.190476
1906198.095238
1468931.428571
2558860.952381
1881986.666667
1940770.000000
1962462.857143
1656398.095238
1606424.285714
1437811.428571
1975644.285714
1831704.761905
1278059.047619
1509454.285714
1496335.238095
1658341.904762
2043893.333333
2462099.047619
1303960.000000
1676559.523810
1709325.714286
1988137.142857
2531868.571429
1761735.238095
1838068.571429
1429091.428571
1564063.809524
2141280.000000
2561699.047619
1887438.095238
1406504.761905
1635310.476190
1974697.142857
1866720.000000
2445904.761905
2333438.095238
1707603.809524
1905200.000000
1546405.714286
1898348.571429
2365295.238095
2131024.761905
2039199.523810
2012288.095238
2299769.523810
2108028.095238
1706571.904762
2530121.904762
2341481.904762
1773050.000000
2031391.904762
2418451.428571
2424641.904762
1907262.857143
2193605.714286
1651024.285714
2298822.380952
1310468.571429
1850040.000000
2002908.571429
2274005.714286
1399678.095238
1435258.095238
1427973.333333
1383993.809524
2732245.714286
1233185.714286
1679920.000000
1798691.428571
1831470.000000
2128661.904762
2163761.904762
1692508.571429
2417175.238095
1320173.333333
2114582.857143
2112133.333333
2217965.714286
2335527.619048
1767272.380952
1367032.380952
1674302.857143
2024575.238095
2514195.238095
2527558.095238
2194899.047619
1526653.333333
1514287.619048
1544474.285714
1637632.380952
2747542.380952
1756786.666667
1433735.238095
1401240.000000
1823182.857143
1841044.285714
2550325.714286
2715695.238095
1655021.904762
1558763.809524
1883790.476190
1767661.904762
1939095.238095
1948641.428571
2316712.380952
2150927.619048
2009013.333333
2003508.571429
3316295.238095
1981670.000000
2785110.476190
1477125.714286
2046757.142857
2298223.809524
2541074.285714
2341875.714286
1995860.000000
2861056.190476
1957647.619048
1804363.809524
1510730.000000
2202223.809524
1695264.285714
1779688.095238
1754584.285714
1647604.285714
1988086.190476
2278000.000000
2643125.714286
1404471.904762
1592422.857143
1985718.571429
2003927.142857
2289561.428571
2328411.904762
2027527.619048
2596212.380952
1750154.285714
2024150.476190
2843514.285714
1367554.285714
1845641.904762
1849525.714286
2255053.333333
2207413.333333
1676989.523810
2227912.380952
2684602.857143
2036750.476190
1533011.428571
2047529.523810
2187869.047619
2121424.761905
2300074.761905
2449318.095238
1702051.904762
1881711.904762
1793173.333333
1897896.190476
3303651.428571
2031756.190476
1938243.809524
1482796.190476
1979055.714286
2052029.523810
2834374.285714
2254752.380952
2008415.714286
2033849.523810
1672693.809524
1688965.714286
3043329.523810
1667191.904762
1665821.904762
1500198.095238
1634954.285714
1650508.571429
1973607.619048
2206459.047619
2218171.428571
2174163.333333
2376163.809524
1953830.476190
2531497.142857
2414851.428571
1728956.190476
1673476.190476
1805617.142857
2284327.142857
2123282.380952
2118018.095238
2521405.714286
1786466.190476
1658899.047619
1675895.238095
1833621.904762
3182996.190476
2332196.190476
1915166.190476
1669761.904762
1881198.095238
2196651.904762
2158680.000000
2437648.095238
2425584.761905
2123198.095238
1556560.000000
1440932.380952
2520870.000000
2606460.000000
1362653.333333
1563016.666667
1558334.285714
1957865.714286
2386420.000000
2477680.000000
2058480.000000
2741623.809524
1805683.809524
1661470.000000
1605098.095238
2634737.619048
1384744.285714
1471920.000000
1656706.666667
1979337.619048
2198031.904762
2612552.380952
2298546.666667
2304200.000000
2030542.857143
1697956.190476
1861323.809524
2620213.809524
2839537.142857
1901398.095238
1746428.571429
1624626.666667
1932899.047619
2304769.523810
2636063.333333
2189382.857143
1899935.238095
1697329.523810
1574672.380952
2564348.571429
2351497.619048
2496476.190476
2158059.047619
1850064.761905
1976247.619048
1599205.714286
2141352.857143
2374316.190476
2370036.190476
1840973.333333
2092500.000000
1775201.904762
2050560.000000
2172087.619048
2270769.523810
1955028.095238
2777125.714286
1551750.476190
2492906.190476
2773586.190476
2153043.809524
1774384.285714
1541499.047619
2377643.809524
2691824.285714
1417740.000000
1468628.095238
1568105.714286
1915895.714286
1970760.000000
2809071.904762
2373244.285714
2150756.666667
1329618.095238
1459791.904762
1676165.238095
1880419.047619
1848111.904762
1832453.809524
1816085.714286
1639720.000000
1941059.523810
2869420.476190
1857918.571429
2021581.904762
1744752.380952
1596467.142857
1833259.047619
2972820.000000
1978073.809524
1689419.047619
2127748.571429
1928716.190476
1989131.428571
2906334.285714
2245148.095238
2041878.571429
1473494.285714
2049946.666667
2064474.285714
3404246.190476
2493759.523810
2242230.000000
1362208.095238
1969720.000000
2576395.714286
2571261.904762
1684490.000000
2297581.904762
1568626.666667
2172834.285714
2051007.619048
3324319.047619
2329504.285714
1996533.809524
2085600.000000
1691043.809524
2096208.095238
2861436.666667
2353305.714286
1401456.190476
1798948.571429
2052072.380952
2220286.666667
1892346.666667
1684980.000000
2077601.904762
2588299.523810
2065626.666667
1733121.904762
2360412.857143
2297285.714286
2039788.095238
1632510.000000
2491640.000000
2650831.904762
1787686.190476
1548650.000000
1546431.904762
2240748.095238
2203250.000000
1996860.000000
1559580.000000
1445153.809524
1690016.190476
1580277.619048
2472572.380952
2098925.714286
1808478.095238
2151573.333333
1500676.190476
1607059.047619
2279912.380952
2638685.714286
1340354.285714
1422891.428571
1613483.809524
1890318.095238
2122899.047619
2219259.047619
1879028.571429
1640434.285714
1712928.095238
1906104.761905
1922154.285714
1902780.952381
2090910.476190
2558106.666667
1904588.571429
1495778.571429
2156628.571429
2868422.380952
1719563.809524
1830169.523810
1696443.809524
2183706.666667
1610060.952381
1940180.000000
2228236.190476
2333245.238095
1495700.952381
1610883.809524
1834733.333333
1967769.523810
1803213.333333
2206880.000000
2000788.571429
2609365.714286
1502721.904762
1358131.428571
1627878.095238
2251005.238095
1905252.857143
1422280.000000
1506478.095238
1622312.857143
1963813.809524
1669530.000000
2854774.285714
1463756.190476
2106211.904762
1368940.000000
1265103.809524
1525044.285714
1853975.238095
1427140.000000
2013084.285714
1558960.000000
1472476.190476
1475498.095238
2530108.095238
2065988.571429
1855752.380952
2613283.809524
1791636.666667
1797990.000000
2437834.761905
2899055.714286
2039044.761905
1417672.380952
1604428.571429
1509691.428571
2598359.047619
1667616.190476
1499929.523810
1782085.238095
2195635.238095
2204441.904762
2498660.952381
2293196.666667
1683527.142857
1653809.523810
1679594.285714
2135830.476190
2813381.904762
1976078.095238
2388034.285714
2321052.380952
2172923.809524
1821247.619048
1945763.809524
2586710.476190
1919108.571429
1902935.238095
1858394.285714
2167206.666667
2537264.761905
1680438.095238
2953426.666667
2490975.238095
1762499.047619
1495114.285714
1554942.857143
1542529.523810
2223244.761905
1630815.238095
1741529.523810
1845121.904762
2192201.904762
2148406.190476
2306958.095238
2216272.380952
1917746.666667
1634230.000000
1641168.095238
1949480.000000
2245654.285714
2500641.904762
2322147.142857
1637360.000000
1444521.904762
1444563.809524
1407662.380952
2637565.714286
1505943.809524
1379152.380952
1443571.904762
2399112.380952
2570078.095238
2323706.190476
2163130.000000
2471452.380952
2331688.095238
1746978.095238
1954940.000000
1833736.190476
2352522.380952
2377689.523810
2310354.285714
2003978.095238
2165060.000000
1773646.190476
1636358.095238
2523507.619048
2208556.190476
2036400.952381
1614821.904762
1642969.523810
1698727.619048
1638016.190476
2582057.142857
1837512.380952
1251955.238095
1351736.666667
1625647.619048
2019053.333333
2396402.857143
1224168.095238
1487040.000000
1729351.904762
1593442.380952
2029471.904762
2349370.476190
1830318.095238
1821996.190476
1551174.285714
1628873.333333
1804826.190476
2628025.714286
1917620.000000
1459281.904762
1415594.761905
1696078.095238
1563785.714286
2151619.047619
2117216.190476
1725619.523810
1361286.666667
1443741.904762
1659571.428571
1402415.238095
2060076.190476
2028213.333333
2030832.380952
2059392.380952
2235520.000000
3824840.476190
2125956.190476
1385851.428571
1392751.904762
1597701.904762
1970491.428571
3428430.476190
1969354.285714
1850432.380952
2452558.095238
1787636.190476
1873308.571429
2750182.857143
2502379.047619
1856673.333333
2096390.952381
2171241.904762
2187695.238095
1901074.761905
2598258.095238
2486005.238095
1981108.095238
1624991.904762
1980921.428571
2005460.000000
2018956.190476
2545638.095238
2387395.714286
1937908.095238
2163836.190476
2137781.904762
2413158.095238
1648060.000000
2820771.904762
2792467.619048
2294693.809524
1703353.809524
1618863.809524
2860800.000000
2376737.619048
1895853.809524
1823888.095238
2169236.190476
2607955.714286
2171796.190476
1929979.047619
2351974.285714
1623840.000000
1974753.809524
2658674.285714
2742370.000000
2281510.476190
2077434.285714
2910266.666667
1956205.714286
1900625.714286
2687231.904762
1573687.142857
1714113.809524
1875030.476190
1887374.285714
2091459.047619
1929659.047619
3495842.857143
2634732.857143
1500168.095238
2175376.666667
2059179.047619
2115500.476190
3358395.714286
2607053.333333
1472479.047619
3052150.476190
1681367.142857
1898219.047619
1589716.190476
1957239.047619
1873359.047619
1334918.095238
1825405.714286
1952689.523810
2159019.523810
1725453.333333
1582784.761905
2097208.571429
1990253.333333
2061125.714286
3153807.619048
2035754.285714
1648262.380952
2479313.809524
1642162.380952
1632108.095238
1999985.714286
1533982.857143
1328083.809524
1620191.904762
1484468.571429
1564185.714286
3131498.095238
2134418.095238
2143941.904762
1572747.619048
2101875.238095
2210531.904762
3071798.095238
2364400.000000
1712194.285714
1594064.761905
2537105.714286
2604856.190476
2487829.523810
2460810.000000
1950888.095238
2158361.904762
2087947.619048
2374935.714286
1931102.857143
1902410.000000
1805138.095238
2088392.380952
2125531.904762
1866822.380952
1594333.333333
1729200.000000
1791060.000000
2272773.333333
2106668.095238
2118888.095238
1492861.904762
1599615.238095
2033937.142857
2389157.142857
2113077.142857
1855059.047619
2241883.809524
1648022.857143
1911792.380952
1664752.380952
3120160.000000
2403268.571429
1967860.952381
1767199.523810
1964163.809524
2130028.571429
2130755.714286
2485402.857143
2046381.904762
1963932.380952
1662913.809524
1602863.809524
2511011.904762
2036347.142857
2954551.904762
2261970.000000
1705290.000000
1878476.190476
1683138.095238
2843885.714286
2132000.000000
1624535.714286
1884053.333333
2146656.190476
2462639.523810
3153600.000000
2734009.047619
1949322.380952
2408716.190476
2646930.000000
2864010.476190
2138419.523810
2844321.428571
2891467.142857
2303466.190476
2168026.666667
2415021.904762
2788988.095238
1559655.238095
2043380.476190
2149554.285714
2651862.380952
2998345.238095
2398528.571429
2233870.000000
2029259.523810
1952657.142857
3259190.000000
2041458.095238
2035448.095238
2610369.523810
2307068.571429
2725185.238095
2290516.666667
3484840.000000
3011580.952381
1699849.523810
1746426.666667
3205993.333333
3140345.714286
2090896.666667
3520571.428571
1994004.761905
2346668.571429
1487144.761905
1673800.000000
1588719.047619
2125319.047619
1470622.857143
1649826.666667
2056329.523810
1874721.428571
1620723.809524
1885874.285714
2137094.285714
2022789.523810
2354925.714286
2150330.476190
2346391.428571
2632401.904762
1531187.619048
1775115.714286
1922663.809524
2390292.380952
3094060.000000
1557640.000000
1645696.190476
1778761.904762
1998334.285714
2203021.904762
2780599.523810
1961155.714286
2221107.619048
2055131.904762
2110755.714286
2020833.809524
2800887.619048
2471342.857143
1507295.714286
1605927.142857
1983220.952381
2303211.428571
2038321.904762
1970960.000000
1868969.523810
2298331.428571
2051174.761905
1809417.619048
2130014.761905
2532492.857143
1935268.571429
2419935.238095
1753159.047619
1750786.190476
1849270.000000
3086930.476190
2626955.714286
1975828.095238
1602613.809524
1732058.095238
1970510.952381
2578034.761905
2426581.904762
1833490.000000
1624160.000000
1401794.285714
1467327.619048
2257551.428571
2298047.619048
2049160.000000
1615150.476190
1434952.380952
1574979.047619
1815464.761905
2994973.333333
1613051.904762
1375335.238095
1804697.142857
2274118.095238
2217467.619048
2920688.571429
2135007.619048
1830680.000000
1938834.285714
1843062.857143
1968188.571429
2028497.142857
2811857.142857
2279886.666667
2575577.142857
2459588.571429
2475893.333333
2220519.523810
2993060.952381
2682974.285714
1442201.904762
1851192.380952
2095956.190476
2530720.000000
2304173.333333
2130965.714286
2128363.809524
1395194.285714
1505192.380952
2236598.095238
2554118.571429
2294218.571429
2109998.571429
2125685.238095
2771379.047619
2636257.142857
2056986.190476
2950762.857143
2600381.428571
1968653.809524
1815346.190476
1686960.000000
1932870.000000
1955177.619048
2379364.285714
2405345.714286
1999120.952381
1715131.904762
1747781.904762
1610476.190476
1393552.380952
3007288.571429
2033587.142857
2334851.904762
2041392.380952
2235131.904762
2165752.380952
1389790.476190
1975789.047619
1333234.285714
1892276.190476
1481050.000000
1646836.190476
1727050.476190
2339731.904762
1592893.333333
1729093.333333
2147440.000000
1872033.333333
2008054.285714
2885779.523810
2002670.476190
1897760.000000
1442698.571429
1596291.428571
1840471.428571
2812728.571429
1763574.285714
1583494.285714
1692814.285714
2028414.285714
2112308.571429
3118706.666667
2302912.380952
1911538.095238
1433836.190476
1718322.380952
2034690.476190
2638459.047619
1830388.571429
1769500.952381
1819411.428571
1894329.523810
1871069.523810
2686481.428571
2061190.476190
1659494.285714
1663415.714286
2194777.142857
3716389.523810
2684592.380952
1971683.809524
1988025.714286
1975406.666667
2485731.428571
2603276.190476
2423347.619048
1869082.857143
2088880.476190
2319548.571429
2656395.238095
1993969.523810
2336554.285714
1930342.857143
1775255.238095
1805500.000000
2436130.000000
2266340.000000
1506486.190476
2120648.095238
2435730.000000
2615000.000000
1930661.904762
1649081.904762
1730024.285714
2169894.285714
2798769.523810
1671847.619048
1489114.285714
1900242.380952
1768798.095238
1638174.285714
2588130.476190
2222414.285714
1690788.095238
1621865.238095
1551609.047619
1642308.571429
2174125.714286
3450727.619048
1797217.619048
1634809.523810
1584906.666667
1625807.619048
2024971.428571
1924327.142857
1750243.809524
1846364.285714
1804583.809524
1818969.523810
2480541.904762
2348658.095238
1899316.190476
1875011.428571
1881768.571429
1974758.095238
1880980.000000
2419701.428571
2093121.904762
1683809.523810
1737609.523810
1807992.380952
2917219.523810
2096790.000000
2089596.666667
1955646.190476
1512358.095238
1683582.857143
2036501.904762
1776731.428571
1804551.904762
1787356.190476
1757720.000000
1777739.047619
2601782.857143
1630185.238095
1500457.142857
1900513.333333
2048705.714286
2195493.333333
2853057.142857
2290693.333333
2440761.904762
1688676.190476
1619287.619048
2041066.666667
3165207.619048
2308643.809524
1618640.000000
1656452.380952
2018304.761905
1927478.095238
2887336.190476
2382170.000000
1869157.619048
1878130.000000
1811534.761905
2035688.095238
2619696.666667
2301448.095238
2069948.571429
1674421.904762
1543763.809524
2077030.476190
2512158.095238
2727214.761905
2458236.666667
2366384.285714
2182552.380952
1938073.333333
2436932.380952
2474327.619048
2369040.000000
2877055.714286
1871211.904762
1764207.619048
2110130.000000
2299383.809524
2595894.285714
2419292.857143
1462780.000000
1538406.190476
1826210.000000
1917730.000000
2160784.761905
2102854.285714
1649775.238095
1548638.095238
1628113.333333
1703141.904762
2871043.809524
2199037.619048
2213843.809524
2126521.904762
2520957.142857
2406403.809524
2451335.714286
2383171.428571
2583095.714286
2539058.095238
2204478.095238
2172032.380952
1799448.095238
1749695.238095
2206872.857143
2767840.000000
1830850.476190
1698177.142857
1659043.809524
1642898.095238
1743019.523810
3043542.857143
1702127.619048
1432436.190476
1606668.571429
1674742.857143
2035611.428571
2180226.666667
1741649.523810
1549648.095238
1704567.619048
1684377.142857
1851365.714286
2738523.809524
2166454.285714
2239721.904762
2483580.476190
2253754.285714
2267619.047619
3260440.476190
2993677.619048
1514640.952381
2002788.571429
1858565.714286
2249301.904762
2488150.476190
2462946.190476
2455961.904762
1670354.285714
1840948.095238
2373712.857143
2613920.952381
1949949.523810
2068548.571429
2193196.190476
1874982.857143
1913081.904762
2676008.571429
2796443.809524
1870939.047619
1768910.476190
2085584.761905
2071628.571429
1812798.095238
2914483.809524
1625095.714286
2485003.809524
1790661.904762
1555915.714286
1477432.380952
2883771.428571
1674848.095238
1871190.000000
1658200.000000
1754476.190476
1800877.142857
3220430.000000
2228763.809524
1973673.333333
1928581.904762
1892215.238095
2101921.428571
3195660.952381
2187527.619048
2162213.333333
2737947.619048
2055268.571429
2375621.904762
3211395.238095
1591571.904762
1911740.952381
1858655.238095
1672823.809524
1729020.952381
2720520.000000
1426041.904762
1406991.904762
1437330.000000
1601051.428571
2934300.476190
2546714.285714
1991729.523810
2248333.333333
2507095.238095
2724169.523810
1574679.523810
2046626.666667
2788521.904762
1638360.000000
1493236.190476
1972895.238095
2092463.809524
2997160.952381
1831128.095238
2305664.761905
2209059.523810
1975993.809524
2126990.476190
3070779.047619
2487910.476190
1682243.809524
1919371.904762
2195518.095238
2513870.476190
1814424.761905
2410451.428571
1656837.619048
3028918.095238
2392333.333333
2293954.285714
2103904.761905
2317187.142857
2326767.619048
3669009.047619
2489029.523810
2228984.761905
1551572.857143
1635520.000000
1830728.095238
2604087.619048
2166940.000000
2000638.095238
1880718.095238
2190493.809524
2121336.190476
1604290.476190
2610151.904762
2142671.428571
1807699.047619
2298840.000000
1655348.095238
1785461.904762
1413766.190476
1378742.857143
1384916.190476
1277398.095238
1354028.095238
1511393.809524
1446954.285714
2052125.714286
1795603.809524
1817230.952381
1857041.904762
2170478.095238
2006457.142857
2589209.523810
2914373.333333
1627747.619048
1511989.047619
1976062.857143
2093443.333333
3307076.190476
3057862.380952
3063432.380952
2525897.142857
2178254.285714
1766038.095238
1715209.523810
2335588.571429
1359758.095238
1502476.666667
1693801.904762
2188253.333333
2239639.523810
2663651.428571
1849369.047619
2109904.761905
1969361.904762
1804440.000000
2024085.714286
2060653.333333
2381695.238095
2113115.238095
2183798.571429
2599761.428571
1761491.428571
2055403.809524
1539849.523810
2955697.142857
1832963.809524
1746342.857143
1513066.666667
1505916.190476
2078196.190476
2385602.857143
1871001.904762
1549936.190476
1575350.476190
1851611.428571
2072245.714286
2035260.952381
2741186.666667
1910634.285714
1529885.714286
1816678.095238
1740462.857143
2101471.428571
1646540.000000
1821934.285714
1932531.428571
1572702.857143
1875337.619048
2508080.000000
2179270.476190
1813685.714286
1589108.095238
1669207.619048
1471159.523810
2860733.333333
1765731.428571
1524658.095238
2076139.047619
1708537.142857
1774430.476190
2566683.809524
2694026.666667
2045262.857143
1690259.047619
1670927.619048
1673965.714286
1991221.904762
2634186.666667
2063093.333333
1834083.809524
2080946.666667
2173712.380952
2256380.000000
1605739.047619
2880011.904762
2661040.952381
1711436.666667
1573110.000000
1623925.714286
1676945.714286
2722308.571429
1445400.000000
1831420.952381
1947198.095238
1870151.904762
1814550.000000
2420142.857143
2235184.761905
1515611.428571
1437081.904762
1978836.190476
2105683.809524
2655266.666667
2252470.476190
2065057.619048
1895632.380952
2016489.523810
1997026.666667
1737276.190476
2270655.238095
2561115.714286
3032779.047619
1611826.190476
1515244.285714
1573000.000000
1449598.095238
2079208.095238
2003007.619048
1646186.666667
1958634.285714
1563643.809524
1575171.428571
1854422.857143
1470600.000000
1780521.904762
1460481.904762
1612720.000000
1608409.523810
2675592.380952
2030925.714286
1773533.333333
1468327.619048
1509091.428571
1581121.904762
2225590.476190
2044116.190476
1928779.047619
1548887.619048
1595234.285714
1809168.095238
1673634.285714
1785083.809524
2017978.095238
2002960.000000
2022261.904762
2162334.285714
2186489.523810
2830008.571429
1677280.476190
1462601.904762
1457735.714286
2094013.333333
2656257.142857
1780413.333333
2516081.904762
1877434.285714
1781234.285714
1681967.619048
2655594.761905
2887153.809524
1906540.952381
2830597.142857
1644110.952381
2154692.857143
2033961.904762
2376179.047619
2385908.571429
2056580.952381
1869841.904762
2933880.000000
2071434.285714
1830184.761905
2832472.380952
2609438.095238
2093236.190476
2184291.428571
2025626.190476
2060313.809524
1655611.428571
3035527.619048
2607142.857143
1704076.190476
1488382.857143
1668001.904762
1892377.142857
1851643.809524
2135796.190476
2355481.428571
2110931.428571
1939173.809524
1882059.047619
2726754.285714
2052730.000000
1425489.523810
1607527.619048
1606206.190476
1939211.904762
2644790.000000
1805652.380952
1779197.142857
1970032.857143
1832723.809524
1922670.476190
2390623.809524
1765956.190476
1895473.333333
1851255.238095
1843819.047619
2162851.428571
2603043.333333
1967005.714286
2072379.047619
1835894.761905
1726961.428571
1752948.095238
2460116.190476
2096790.000000
2534839.523810
1768011.904762
1785801.904762
1620657.142857
1575440.000000
2397102.380952
2261449.523810
1801580.476190
1823466.666667
1744834.285714
1804072.380952
1682459.047619
2948535.238095
1686441.904762
1632352.380952
1555320.000000
1544994.285714
1470512.380952
2744382.857143
1719478.095238
1538354.285714
1653466.666667
1751489.523810
1825226.666667
2680476.190476
2177422.857143
1682964.285714
1479807.619048
1632958.095238
1912796.190476
2398177.619048
2054261.428571
1822563.333333
2147648.571429
2407699.047619
2173512.380952
1843640.000000
1552527.619048
2697659.523810
2168173.809524
1814180.476190
1665897.142857
1885931.428571
1801699.523810
2398259.047619
2059296.190476
1649188.571429
1720196.190476
1713110.476190
2304636.666667
2411930.952381
2376681.904762
1658133.333333
1556730.476190
1781162.857143
1686710.476190
2765711.904762
2192780.952381
2345904.761905
2137121.904762
2002819.047619
1948152.857143
2569350.952381
1520423.809524
1923560.000000
2353992.380952
2194850.000000
2140388.095238
2276144.285714
2693880.000000
2161197.619048
1736358.095238
2039816.190476
1903361.904762
2001998.095238
1756428.095238
2588471.904762
2615034.761905
1916009.523810
2209367.619048
2164657.142857
2567109.523810
3444687.619048
2312817.142857
1611310.476190
1609600.000000
1756226.190476
2426441.904762
1758520.000000
1823179.047619
1516283.809524
1585691.904762
1833154.285714
2830999.047619
1851909.047619
1767780.952381
2121543.809524
1521487.619048
1764502.857143
2620478.095238
2013537.142857
2046539.047619
2153530.476190
1628198.095238
1620148.571429
1755194.285714
3032993.333333
2440186.190476
1175603.809524
1410693.333333
1561605.714286
1455803.809524
2071122.857143
1983922.857143
2172655.238095
1922041.904762
1986921.904762
2445220.000000
3226369.523810
1726688.571429
1301811.428571
1730525.714286
2033876.190476
2183965.238095
3034356.190476
1763199.047619
1427868.571429
1841631.428571
1893523.333333
1919459.047619
2819563.809524
2204274.285714
1795824.761905
1768099.047619
1627609.523810
1714923.333333
2921143.333333
1912678.095238
2681214.285714
3070102.380952
1825565.238095
1975628.571429
1555559.523810
2109681.904762
2795680.952381
1318597.619048
1689986.666667
1793843.809524
2100949.047619
2199870.952381
2210603.809524
2008949.047619
1914140.476190
2164896.190476
2262221.904762
2432913.333333
2479891.428571
1690740.000000
1442110.476190
1429560.000000
1603201.904762
2093500.000000
1891038.095238
1728509.523810
1826900.000000
1708794.285714
1702456.190476
2999848.571429
2270362.380952
1774974.761905
1573120.000000
1793356.190476
1946285.238095
3062006.190476
1764594.285714
1540572.380952
1908800.952381
2311787.619048
2563931.904762
2554497.142857
2188386.666667
1675543.333333
2044870.952381
2464713.333333
2824763.809524
1917054.761905
2295971.428571
1730001.904762
2282739.047619
1968525.714286
1952462.857143
2095897.142857
2019909.523810
6095633.333333
3143094.761905
2498484.285714
2298027.142857
1875910.000000
1663682.380952
1632690.476190
2898168.095238
2538941.428571
2477460.952381
2130948.095238
1977349.047619
1821070.952381
1635738.571429
1329841.904762
1415477.619048
1889869.047619
1746080.000000
1798234.285714
2028210.952381
2378139.047619
1753311.428571
1445110.476190
1772818.095238
1862152.380952
1971241.428571
2345163.809524
1905198.095238
1488120.000000
1643573.333333
1764620.952381
1713123.809524
2551720.952381
1936958.095238
1650009.523810
1784285.714286
2170019.047619
2223605.714286
2759035.714286
2072549.523810
2078567.619048
2116158.095238
1649885.714286
1671632.380952
2728369.523810
1874240.000000
1897060.000000
2011527.619048
1743140.000000
2262198.095238
2205781.428571
2683363.809524
2269786.190476
1926340.952381
2705015.238095
1799475.238095
1799855.238095
2124071.904762
3265068.571429
2033648.571429
2192812.380952
2106208.571429
2215688.095238
2614237.142857
2573431.904762
2797254.285714
1461358.095238
1926398.095238
2784578.095238
1681154.285714
1550638.095238
2675514.285714
2102781.904762
1852810.000000
1907552.380952
2241738.095238
2390186.190476
2115560.000000
2546786.666667
2664560.000000
1881931.428571
1980415.714286
1879538.571429
3345662.380952
1632627.619048
1499158.095238
1816760.000000
2368664.761905
2550820.952381
3341645.714286
2518150.000000
2349154.285714
1773305.714286
1621678.095238
2125420.476190
2897729.523810
3100363.809524
1896563.809524
2189380.000000
2311695.238095
1969309.523810
2416262.857143
2808055.238095
2628251.428571
1927156.190476
2536963.809524
2862207.142857
2684855.238095
2581057.142857
2318038.095238
3914219.047619
2546647.142857
1728062.857143
1757166.190476
1687070.000000
2544984.285714
3597879.047619
2862463.809524
1551089.047619
1669390.000000
1993164.285714
2713090.000000
3343716.190476
2163268.571429
2157623.809524
1869800.000000
1690710.000000
2854443.809524
3439974.285714
2519571.904762
2227270.000000
2139059.047619
2031913.809524
1992349.523810
3114961.904762
2918015.714286
1823370.000000
1506491.904762
1634334.285714
1679703.809524
2953790.000000
2292384.285714
2477896.190476
1824186.666667
2293740.000000
1888453.333333
3201532.857143
2571332.857143
2289445.714286
1571941.428571
1481878.571429
2644754.285714
3133106.666667
2641622.857143
2663956.190476
2669864.761905
1996699.047619
2973619.047619
3360757.142857
2307300.000000
2707405.714286
2529887.619048
1677441.904762
3714853.809524
1719910.000000
1547114.285714
1497429.047619
1607871.428571
1867447.619048
1869424.761905
1806872.380952
2431600.476190
2407342.857143
2228450.000000
1614944.761905
1955675.714286
2179578.095238
3730114.285714
2136825.238095
1398514.285714
2871801.904762
2852378.095238
3047189.523810
1719146.190476
2460967.619048
3726224.285714
2405291.428571
2564253.333333
2164845.238095
2425665.714286
1767362.380952
2601195.238095
3212376.666667
1720687.619048
1953612.857143
2004402.857143
1805480.952381
2035224.761905
2335844.761905
1477216.666667
1808729.523810
2212443.809524
2620201.904762
2713892.380952
3058380.476190
2309965.714286
2200495.714286
2199779.047619
2173488.571429
2492820.952381
1670976.190476
3871869.523810
2207697.619048
2162179.047619
2076345.238095
1913864.285714
2031231.904762
2224221.904762
2709120.000000
1813289.523810
1639224.761905
1574307.619048
2010990.952381
2361856.666667
2454760.000000
1390874.285714
1373131.428571
1722786.666667
1735710.476190
2094436.190476
2587894.761905
2136891.904762
1492461.904762
1686276.190476
2262017.142857
2701690.952381
2696520.476190
1852038.095238
1560550.476190
2055298.095238
2134352.380952
2486301.904762
2391876.666667
2053393.333333
2145118.095238
2410812.380952
1860333.333333
1785178.571429
2002019.047619
2697939.047619
2154009.523810
1488847.619048
1545884.761905
1944235.238095
2839230.476190
1837950.476190
1861923.809524
1953240.000000
1945038.571429
1848462.857143
2960315.238095
2237531.428571
2124891.428571
2003570.952381
2127708.571429
2115013.809524
2064834.285714
2284529.523810
2102909.047619
2481358.095238
1621201.904762
1728160.476190
2118801.904762
2372929.523810
2423620.952381
1838634.285714
1575586.190476
1552542.857143
1803541.428571
1779454.285714
2943691.904762
2672566.190476
1787228.095238
2109500.952381
2601443.809524
2780374.285714
1996198.571429
1827920.000000
1370750.476190
3046063.809524
1747998.095238
1819794.285714
1507579.047619
1663182.857143
1978227.142857
2366851.428571
1592380.952381
3108485.714286
1541583.809524
1947474.285714
1869354.761905
1543660.952381
1595059.047619
1916805.714286
2306144.761905
2047000.000000
2322779.047619
2489751.904762
2579650.476190
1833708.571429
1735919.047619
1727223.333333
2643266.190476
2857325.714286
2832512.380952
1759415.714286
2463616.190476
2348421.428571
2344700.000000
1867303.809524
2211236.190476
2245790.000000
2228571.904762
1975291.904762
2273914.285714
1670721.904762
1911636.190476
2434811.904762
2698980.000000
1849790.000000
1709270.476190
1736975.238095
1678537.142857
2902633.809524
2793328.095238
1712046.190476
1891538.095238
1805343.333333
2038674.761905
2213419.047619
2222908.095238
2301329.523810
1757912.380952
1484518.095238
1482958.095238
2030617.142857
2355694.285714
2335022.857143
1815881.904762
1871000.000000
1694230.000000
1665132.380952
2914163.809524
2491680.476190
1676630.476190
1499785.714286
1384192.380952
2697051.904762
2305093.809524
2043238.095238
1856916.190476
1888713.333333
1876261.428571
1758853.809524
1707249.047619
2203083.809524
