23377722.857143
22215958.571429
23008773.333333
20973758.571429
21695790.476190
22702250.000000
20916155.714286
20964362.857143
21594672.857143
19333958.571429
19530594.285714
19849810.000000
19667897.142857
19731102.380952
20943671.428571
21200135.714286
22646689.523810
21521030.476190
21552651.428571
21325318.095238
21216262.857143
21468460.476190
21228262.857143
21066255.238095
21159175.238095
21707160.000000
21896163.809524
21609396.190476
21495516.190476
21510948.571429
22125314.285714
21674076.190476
21640714.285714
21802565.714286
22288241.428571
21624228.571429
21803586.666667
21825066.666667
21668868.571429
21845344.761905
21829721.904762
25306173.333333
21716129.523810
21968520.000000
21697209.523810
22269110.952381
21624737.142857
21834683.809524
21652278.095238
21664881.904762
21659691.428571
22091867.619048
21642062.857143
21583241.904762
21806874.285714
21974026.666667
22246553.809524
22176812.380952
21627344.761905
22199594.761905
22062010.952381
21529784.761905
22198974.285714
21763803.809524
22198423.333333
21754434.285714
22161499.047619
21915283.809524
22398727.142857
22266135.238095
22452451.428571
21924632.380952
22121059.047619
22052622.857143
22220103.333333
21772798.095238
22325163.333333
22407764.761905
21723720.000000
21440478.095238
21711838.095238
21604160.000000
21607832.380952
21744889.523810
21844245.714286
22471623.809524
22020775.238095
21773055.238095
22414013.809524
22220900.476190
22195976.666667
21923220.952381
22083933.809524
22408734.761905
21828405.714286
21724958.095238
21770923.809524
21826394.285714
21752819.047619
21781192.380952
21676973.333333
21812948.571429
21845495.238095
22136528.095238
21792596.190476
22097722.380952
21838080.000000
21824874.285714
21975740.952381
21840643.809524
22089062.857143
22047093.333333
22062064.761905
22086994.285714
22060253.333333
21848019.047619
21907171.428571
21878771.428571
21832527.619048
21893116.190476
21634937.142857
21652367.619048
21757476.190476
21857712.380952
22176390.952381
21976194.285714
22281334.761905
21720881.904762
21674862.857143
21741078.095238
22029879.523810
21740737.142857
21690200.000000
21773476.190476
21936325.714286
22040594.285714
22093502.857143
21968640.000000
22067640.000000
22767938.095238
22227841.904762
22098784.761905
22123481.904762
22083220.952381
22133800.000000
21951045.714286
21951824.761905
21963041.904762
21957060.952381
21911632.380952
22205758.095238
22142851.428571
22103516.190476
22183866.666667
22207358.095238
22010331.428571
22025236.190476
22033121.904762
22064961.904762
22007685.714286
25243804.761905
22139152.380952
22346550.476190
22310958.095238
22189022.857143
22009005.714286
22036440.000000
21891984.761905
22014773.333333
22499468.571429
21869889.523810
21869022.857143
21961908.571429
21971617.142857
21885680.000000
21814859.047619
21778386.666667
21707742.857143
21668049.523810
21776798.095238
22298350.000000
21694847.619048
21972615.238095
22044422.857143
22575027.619048
22120453.333333
22173617.142857
21982754.285714
21897853.333333
21762739.047619
21808325.714286
21936299.047619
22024683.809524
22138869.523810
21966304.761905
21905830.476190
21855961.904762
21887687.619048
21864860.952381
22002891.428571
21902495.238095
21828430.476190
21774815.238095
21947819.047619
21797807.619048
21921259.047619
22002344.761905
21868476.190476
22024912.380952
22255760.000000
21934678.095238
22067906.666667
22054140.952381
22092996.190476
21975245.714286
22272660.952381
22030550.476190
21990910.476190
22015691.428571
21938761.904762
21716681.904762
21727426.666667
21999280.000000
21900552.380952
22167188.571429
21881209.523810
21911779.047619
21870489.523810
21830598.095238
22436080.952381
21905323.809524
21851609.523810
21858607.619048
21993064.761905
22206594.285714
22038434.285714
22016249.523810
21984620.952381
21779306.666667
21768131.428571
21935697.142857
21886918.095238
21945921.904762
22061358.095238
22069060.952381
21992565.714286
22180478.095238
22047161.904762
21997360.000000
22479210.000000
21974540.952381
22103569.523810
22147104.761905
22305255.238095
22281548.571429
22209184.761905
22276761.904762
22150563.809524
22065680.000000
22012238.095238
21962373.333333
22142207.619048
22105923.809524
21935512.380952
22049895.238095
22069702.857143
22098240.000000
22063118.095238
22089739.047619
22037680.000000
22073735.238095
22047306.666667
21952070.476190
22131360.000000
21975474.285714
21922445.714286
21900668.571429
21869845.714286
21959499.047619
21930200.000000
21796200.000000
21776700.952381
21808857.142857
17909318.571429
18759090.000000
19687774.285714
19022705.238095
18640447.142857
19493838.571429
18815647.142857
18578838.571429
18142805.714286
19203915.714286
19691257.142857
18763507.142857
18603111.428571
18835618.571429
18471812.857143
19069518.571429
19816604.761905
19292641.428571
21721375.238095
21731803.809524
21683672.380952
21626318.095238
21562506.666667
21630137.142857
21930064.761905
22048984.761905
24920144.761905
24198430.476190
23599268.571429
23457601.904762
23634265.238095
23239272.380952
23103659.047619
22672588.571429
22558213.333333
22390005.714286
22440123.809524
22296312.380952
22186032.380952
22486360.000000
22234918.095238
22684824.761905
23002293.333333
23069180.952381
22847230.476190
22740062.857143
22749708.571429
22792878.095238
22826603.809524
22712670.476190
22614735.238095
22740746.666667
22697904.761905
22540384.761905
22604803.809524
22600710.476190
22574610.000000
22442571.428571
22643739.047619
22865436.190476
22829280.000000
22994710.476190
22784299.047619
22757508.571429
22718746.666667
22649209.523810
22783131.428571
22836556.190476
22809312.380952
23000291.428571
22860491.428571
22870432.380952
22838592.380952
22733226.666667
22760150.476190
22665767.619048
22551737.142857
22672815.238095
22567942.857143
22522268.571429
22546514.285714
22804548.571429
22567744.761905
22777340.952381
22689638.095238
22784598.095238
22711375.238095
22590480.000000
22586194.285714
22701045.714286
22645053.333333
22527047.619048
22668695.238095
22596680.000000
22625523.809524
22607742.857143
22491161.904762
22444699.047619
22639392.380952
25269755.238095
22829493.333333
23074255.238095
22774895.238095
22840712.380952
23026449.523810
22886200.000000
22763403.809524
22858910.476190
23456931.428571
22867971.428571
22773455.238095
22695668.571429
22754914.285714
22693912.380952
22677737.142857
25671118.571429
22759403.809524
22527211.428571
22592702.857143
22611720.000000
22613567.619048
25424518.095238
24119887.619048
23972419.047619
23811723.809524
23653777.142857
23607672.380952
23290009.523810
23154552.380952
23402487.619048
23125449.523810
23151217.142857
22998238.095238
23031931.428571
23046952.380952
23004666.666667
23194388.571429
23086142.857143
22925116.190476
22934649.523810
22920841.904762
22887144.761905
23186169.523810
23175392.380952
22987036.190476
23009160.000000
22738931.428571
22801158.095238
22794053.333333
22771622.857143
22820375.238095
22974314.285714
22859180.952381
22778659.047619
22849651.428571
22862100.952381
22777243.809524
22566918.095238
22684700.952381
22934512.380952
22966312.380952
22995106.666667
22900942.857143
23004411.428571
23112495.238095
22902318.095238
22727619.047619
22758127.619048
22850775.238095
22980579.047619
22795580.952381
22897249.523810
22848180.952381
22868674.285714
22913144.761905
23183697.142857
23033017.142857
22901601.904762
23043062.857143
23134331.428571
22948455.238095
22997177.142857
22823866.666667
22676403.809524
22964624.761905
22722281.904762
22735767.619048
22789045.714286
22977457.142857
22932921.904762
22755293.333333
22946144.761905
22940878.095238
22685845.714286
22648007.619048
22687950.476190
22668091.428571
22625460.952381
22726794.285714
22787655.238095
22845640.000000
22848356.190476
22701040.000000
22727184.761905
22716527.619048
22682163.809524
22669862.857143
22637939.047619
22683026.666667
22792807.619048
22700333.333333
22695620.952381
22720638.095238
22598580.952381
22718297.142857
22733083.809524
22477403.809524
22428668.571429
22615920.000000
22507942.857143
22626895.238095
22798144.761905
22652369.523810
22780436.190476
22798817.142857
22798323.809524
22649089.523810
22591689.523810
22628148.571429
22887733.333333
22776333.333333
22580952.380952
22597262.857143
22571876.190476
22561674.285714
22703327.619048
22573864.761905
22523354.285714
22618308.571429
22583681.904762
22505192.380952
22680270.476190
22591186.666667
22520824.761905
22626660.952381
22537841.904762
22520373.333333
22498617.142857
22432480.000000
22428375.238095
22529906.666667
22771369.523810
22719927.619048
22671480.000000
22647933.333333
22923348.571429
22844396.190476
22750681.904762
22857272.380952
22873310.476190
22962466.666667
23039626.666667
23128419.047619
23035531.428571
22887104.761905
22814714.285714
22566729.523810
22744436.190476
22790222.857143
22833866.666667
22760851.428571
22710699.047619
22782620.952381
22739876.190476
25187789.523810
22734950.476190
22602786.666667
22609710.476190
22498560.000000
22629009.523810
22549620.952381
22585268.571429
22456000.000000
22553440.000000
22671788.571429
22525680.000000
22483965.714286
22655533.333333
22825735.238095
22680556.190476
22538986.666667
22419089.523810
22436687.619048
22456127.619048
22608689.523810
22483777.142857
22391222.857143
22518790.476190
22360053.333333
22448323.809524
22486714.285714
22629182.857143
22230419.047619
22226575.238095
22387026.666667
22240194.285714
22209091.428571
22310845.714286
22233569.523810
22384836.190476
22372845.714286
22372655.238095
22450556.190476
22648641.904762
22641664.761905
22441081.904762
22444676.190476
26794058.095238
22581611.428571
22593272.380952
25626563.809524
24829729.523810
24075885.714286
23699889.523810
23581889.523810
23265632.380952
23338335.238095
23430312.380952
23512617.142857
23486036.190476
23161314.285714
23237040.000000
25881305.238095
23131034.285714
23111720.000000
23107020.952381
23095518.095238
23100779.047619
23053198.095238
23013727.619048
22985308.571429
23157819.047619
23123234.285714
22864678.095238
22842013.333333
23199255.238095
23092209.523810
22986158.095238
23081988.571429
22999969.523810
22982142.857143
22840525.714286
22786180.952381
22873403.809524
22859613.333333
22952544.761905
22971855.238095
22984074.285714
22945384.761905
23121746.666667
26166699.523810
24850129.523810
25036554.285714
22853112.380952
22932998.095238
22718207.619048
22786876.190476
22936634.285714
22978569.523810
22823443.809524
18754445.714286
19359700.000000
20065232.857143
19310657.142857
19906098.571429
19002925.714286
18981312.857143
18663622.857143
19878474.285714
19462605.714286
19370488.571429
19283515.714286
19474225.714286
19376617.142857
19365362.857143
19317380.476190
19965072.380952
19481271.428571
18905557.142857
20264257.142857
19557307.142857
20267424.285714
20010222.857143
19384884.761905
22741365.714286
22912226.666667
22817386.666667
22771681.904762
22778788.571429
22890820.952381
22827569.523810
22936552.380952
25274175.238095
24404076.190476
24744314.285714
24556506.666667
23949285.714286
23813586.666667
23706102.857143
23553948.571429
23776407.619048
23440026.666667
23458752.380952
23331657.142857
23092540.952381
23293259.047619
23313441.904762
23253312.380952
23277087.619048
23143786.666667
27272098.095238
23371643.809524
23396228.571429
23363281.904762
25490535.714286
23154304.761905
23182914.285714
23025601.904762
23190240.000000
23224321.904762
23097788.571429
23075114.285714
23183870.476190
23025060.952381
22954699.047619
23006523.809524
22806980.952381
23027916.190476
22936678.095238
22925712.380952
22998390.476190
22832360.000000
22881198.095238
23136356.190476
23145007.619048
23171396.190476
23163739.047619
23101946.666667
22902483.809524
23108158.095238
23034007.619048
22966601.904762
23015912.380952
23003175.238095
22883055.238095
22881491.428571
22855584.761905
22768754.285714
22923207.619048
23137386.666667
22875739.047619
23041982.857143
22790198.095238
22929369.523810
22812859.047619
22808687.619048
22819403.809524
22760760.000000
22898613.333333
22899681.904762
22743521.904762
22834078.095238
22740801.904762
22735676.190476
22745539.047619
22701390.476190
22421550.476190
22657809.523810
22608849.523810
22781668.571429
22812937.142857
22921354.285714
22889980.952381
22823184.761905
22756626.666667
22712200.000000
22460870.476190
22590760.000000
22631542.857143
22699539.047619
22755731.428571
22641721.904762
22822923.809524
22803531.428571
22724198.095238
22818280.000000
22613323.809524
22577820.952381
22537072.380952
22601531.428571
22614438.095238
22751127.619048
22599645.714286
22780986.666667
22686626.666667
22681257.142857
22652089.523810
22756761.904762
22886695.238095
22899034.285714
22809257.142857
22690285.714286
22729201.904762
22531979.047619
22537579.047619
22596308.571429
22510445.714286
22745499.047619
22540257.142857
22559967.619048
22490742.857143
22695969.523810
22579624.761905
22546641.904762
22561413.333333
22660152.380952
22709613.333333
22660232.380952
22553733.333333
22638171.428571
22498592.380952
22474523.809524
22542192.380952
22577142.857143
22597093.333333
22792973.333333
22726270.476190
22706320.000000
22639918.095238
22721935.238095
22893209.523810
22761361.904762
22730114.285714
22696255.238095
22683737.142857
22698544.761905
22641537.142857
22566057.142857
22473666.666667
22631994.285714
22395352.380952
22393171.428571
22402445.714286
22518668.571429
22440558.095238
22431622.857143
22350369.523810
22352550.476190
22393360.000000
22429777.142857
22389346.666667
22399935.238095
22528011.428571
22406556.190476
22577706.666667
22828089.523810
22533299.047619
22388594.285714
22415274.285714
22707887.619048
22661969.523810
22734390.476190
22780910.476190
22634440.000000
22578169.523810
22683379.047619
22677449.523810
22694640.000000
22602771.428571
22765211.428571
22667533.333333
22675960.000000
22797935.238095
22688217.142857
22622255.238095
22609154.285714
22695660.952381
22824586.666667
22737822.857143
22800979.047619
23050620.952381
23054198.095238
22960544.761905
22868375.238095
22664567.619048
22689228.571429
22586979.047619
22664647.619048
22790201.904762
22866476.190476
22895230.476190
22833424.761905
22659514.285714
22811885.714286
22865853.333333
22888354.285714
22686220.952381
22824634.285714
22721674.285714
22899068.571429
22865205.714286
24355472.380952
22836413.333333
27547882.857143
22930238.095238
22865219.047619
22632647.619048
22561394.285714
22626302.857143
22769030.476190
22776864.761905
22994459.047619
22955531.428571
22894908.571429
22985152.380952
23015293.333333
22859565.714286
22691641.904762
22696180.952381
22762032.380952
22833158.095238
22918451.428571
22732234.285714
22741118.095238
22729937.142857
22588036.190476
24479190.952381
24376365.714286
23090799.047619
23403561.904762
23274127.619048
22648057.142857
23283582.857143
23370770.952381
23630721.428571
23208307.142857
23628670.000000
23071284.761905
23281095.714286
22822240.000000
22808476.190476
