51847842.857143
36449508.095238
34231021.428571
31202475.238095
31846927.619048
32055855.714286
32269522.857143
30529190.000000
29363780.000000
29554412.857143
27932575.714286
29937656.190476
32417380.952381
30042080.000000
28531069.523810
30688177.619048
29320847.142857
30863582.857143
29009618.095238
29226338.095238
28858651.904762
28216334.285714
30028572.380952
28325554.285714
29004720.000000
28796367.619048
28662916.190476
29231962.857143
28014770.476190
28426816.190476
30032138.095238
29005947.619048
28502674.285714
28509201.904762
28189576.190476
28658168.571429
33185511.428571
28996950.952381
28252586.666667
28254368.571429
31279256.190476
29563558.095238
28888248.571429
31178220.952381
29928365.714286
30138154.285714
29763038.095238
27614730.476190
29619167.142857
28596799.523810
29621652.380952
30014262.857143
28096437.142857
29776820.952381
28765551.428571
30534585.714286
29736666.190476
28329026.190476
30108686.666667
29162045.714286
28421954.285714
29952984.285714
28621448.095238
29806903.809524
28390158.095238
29500110.476190
29426198.095238
28914976.190476
29471026.190476
28044919.047619
28329922.857143
28268502.857143
28470172.380952
29111034.285714
29079992.380952
28975664.761905
28783354.285714
28040883.809524
29330779.047619
30985457.142857
29325432.380952
29067393.333333
28589967.619048
28104574.285714
29448944.761905
29289404.761905
30821543.809524
28709547.619048
28232408.571429
29436765.714286
28415705.714286
29456010.476190
28667258.095238
28501270.476190
30177462.857143
29171250.476190
28440816.190476
28187457.142857
27961620.952381
28942868.571429
28684960.000000
28446755.238095
29072322.857143
27305970.476190
28697136.190476
28729334.285714
27881427.619048
28525545.714286
29774772.380952
28199268.571429
28379618.095238
27384471.428571
29523088.571429
30808771.428571
28156409.523810
27674724.761905
29809393.333333
29817345.714286
29520293.333333
31146848.095238
27635332.857143
28509268.571429
28571574.285714
28482310.476190
27622728.571429
28331367.619048
29236804.761905
30863147.619048
28278577.142857
28679490.476190
28519122.857143
28783073.333333
29031648.571429
29129923.809524
28201098.095238
29232702.857143
29351846.666667
27950504.761905
28260001.428571
28679695.714286
28142640.000000
28637680.952381
27457105.714286
28376223.809524
28658692.380952
29960198.095238
27887492.380952
28272044.761905
28336675.238095
28149859.047619
29089084.761905
28099008.571429
29326036.190476
28007373.333333
29550987.619048
30115193.809524
28030580.952381
30330480.000000
33842567.619048
32430946.666667
29130210.476190
31055885.714286
29478325.714286
32290334.285714
29179293.333333
30300148.571429
29163037.142857
28347344.761905
28279201.904762
28750659.047619
28334590.952381
27808360.476190
28224124.761905
28374601.904762
27935910.476190
28399016.666667
29591712.857143
27853528.571429
28980973.333333
28518955.238095
28660486.190476
28349142.857143
29632174.285714
30246744.761905
27709948.571429
28446179.523810
28537855.714286
28133193.333333
28323241.904762
28436121.904762
28058730.952381
29336772.857143
28295218.095238
29496282.857143
31029770.476190
28121770.952381
28386251.904762
28322181.904762
29398458.095238
28312448.571429
28104388.095238
28428929.047619
28536975.238095
28746811.428571
27830879.047619
28602235.714286
28825924.285714
28534461.904762
28141407.619048
30935483.809524
28232950.000000
28453801.428571
28247661.904762
28052038.095238
30121078.095238
28117609.047619
28495313.809524
28640036.190476
28341546.666667
27976543.809524
29425244.285714
28346308.095238
27687087.619048
29313350.476190
27765608.571429
29211416.666667
29149529.047619
28087104.761905
29380326.666667
28158585.714286
30237282.380952
30689863.333333
28136918.095238
30020274.285714
28346095.238095
29197998.571429
29046803.333333
30007984.761905
28563561.904762
28364505.714286
30174846.190476
30983783.333333
29935051.428571
29368796.190476
28632927.619048
29094805.238095
28264311.904762
28973483.809524
27794507.619048
28510426.666667
29804162.380952
28184331.904762
28922261.904762
29518872.380952
27576641.904762
29483302.380952
31530929.047619
32194489.523810
28971422.857143
31734093.333333
29567866.190476
29156001.428571
28535480.476190
29211067.619048
28171077.142857
27498024.761905
28638226.666667
29051103.333333
28637058.571429
28495627.619048
27745078.095238
28690529.523810
27541526.666667
28026705.714286
27644665.714286
29637129.523810
27804248.571429
29206554.285714
29332844.761905
28096858.095238
28584286.666667
28334699.047619
28021075.714286
26992330.952381
27569064.285714
25778515.714286
29264518.571429
26408491.428571
27480504.285714
27270432.857143
27895880.000000
27008560.000000
29172475.714286
26939002.857143
29019134.285714
26913940.000000
26299504.285714
26975642.380952
28317759.047619
28122153.333333
29106364.761905
28770551.428571
27776586.666667
30648600.952381
28176840.952381
30076228.571429
27436326.666667
30388495.238095
28413753.333333
29506092.380952
28343106.666667
29408336.190476
29968015.238095
28334528.571429
27616521.904762
29271309.523810
28783715.238095
27201820.000000
28988710.476190
28414740.000000
28483841.904762
28052352.380952
29061106.666667
29822503.333333
29892387.142857
27173775.238095
27979714.761905
27549467.142857
28308053.809524
28682506.190476
28859541.904762
27423334.761905
28104359.523810
29494886.190476
29289988.095238
27937617.142857
28398728.095238
27856873.809524
30293530.952381
27377420.476190
29975751.428571
28248740.476190
28023829.047619
29358514.761905
28372768.095238
28567816.666667
28307630.952381
31177183.333333
30105675.714286
28279063.809524
27596271.904762
27725518.571429
29407443.333333
27935825.238095
27992507.619048
28255614.285714
28426635.238095
30895559.523810
28436356.666667
28235771.428571
28208010.952381
27689940.476190
28606355.714286
29057895.714286
28099490.476190
29210244.285714
28649684.285714
28589251.904762
28393826.190476
28741782.857143
28386062.380952
28213286.190476
27787489.047619
29189710.476190
28437503.333333
28807212.857143
27783571.904762
30653238.571429
27682298.571429
29681774.285714
28542439.047619
27707015.238095
28599900.476190
28039626.666667
28242921.428571
28504600.952381
28614051.428571
29848600.952381
28681625.714286
27780116.190476
29270828.571429
28552204.761905
28310220.000000
29514392.380952
29442177.142857
27972691.428571
29716251.428571
30993109.523810
28701580.000000
28224680.952381
27864356.190476
29158208.095238
27896738.571429
28509301.904762
28305636.190476
29328888.571429
28065566.666667
29813359.047619
28210757.619048
28748732.857143
28635229.523810
29331529.523810
30988856.190476
28590250.952381
28590009.047619
30190111.428571
28597322.857143
29091963.333333
28443141.904762
29240100.476190
30056945.714286
27161651.428571
28193519.523810
29384476.190476
28813681.428571
29528132.857143
29825813.333333
27985298.095238
27892985.714286
30349387.142857
28926074.285714
28135300.000000
28342879.047619
28590854.285714
28744188.571429
28143705.238095
28117940.000000
28139663.809524
28451700.476190
28634459.047619
28829685.238095
29552881.904762
28547999.047619
29035645.238095
29165244.761905
27755335.714286
28106177.619048
27646997.619048
29018050.952381
28256990.476190
27674569.047619
28096899.047619
28338560.000000
28225921.428571
27857512.380952
29636657.619048
31250886.666667
27847520.000000
29113578.571429
27749909.523810
29718721.904762
28386876.666667
28188520.000000
29475790.000000
28299876.190476
28613267.142857
28477705.714286
28050234.285714
28959077.619048
28333827.619048
30933999.523810
29433660.000000
28517766.666667
27973593.809524
27729771.428571
30320599.523810
27254304.761905
28453956.190476
28085735.714286
28078172.380952
30234447.142857
28199427.619048
28798389.523810
28042030.952381
28088555.238095
28164379.523810
29383541.904762
28308648.571429
28115866.190476
27855421.904762
28549205.238095
30240843.809524
28056853.809524
29113652.380952
31004246.666667
28276358.571429
28387836.190476
28506088.571429
27847160.952381
30599058.095238
28669110.476190
27962883.809524
27885386.666667
30050869.523810
28378813.333333
27686670.476190
29157724.761905
29249344.761905
28451720.952381
28682949.523810
27917350.476190
29087469.523810
28441704.761905
28939155.238095
28395604.761905
28100056.190476
29213584.761905
28244340.000000
28907405.714286
29500289.523810
28667913.333333
30715673.333333
28242432.380952
29259023.809524
30687474.285714
29167844.761905
29859160.000000
28842942.857143
28201154.285714
28043643.809524
28130460.000000
29207783.809524
28547714.285714
28526702.857143
28566569.523810
28173637.142857
28254007.619048
28386514.285714
28215641.904762
29074008.571429
28339524.761905
29020014.285714
28064725.714286
29125830.476190
30692848.571429
30951767.619048
28383787.619048
29377957.142857
28590219.047619
28298165.714286
28751641.904762
27625750.476190
29828450.476190
27696805.714286
28546334.285714
27821734.285714
29447794.285714
29806152.380952
27735094.285714
29502600.000000
29132648.571429
28024736.190476
29150889.523810
28844207.619048
28094963.809524
28551287.619048
28440040.000000
29495352.380952
27600791.428571
29317127.619048
28179029.047619
29110021.428571
28707202.857143
28262036.190476
28051386.666667
28693406.190476
27893988.095238
28901591.428571
28415803.809524
27976307.619048
28465553.809524
29292533.809524
29064078.095238
28132881.428571
28096208.095238
27432137.619048
28612890.000000
28893042.857143
28566063.809524
28834474.285714
30134784.285714
28593930.952381
30054952.380952
29947489.523810
28448406.666667
28131524.285714
29069295.714286
29311004.761905
29169020.952381
28160226.666667
28329082.380952
28365652.857143
28131742.857143
28655733.333333
28080721.904762
28620737.619048
28352566.190476
31186440.952381
27912918.095238
28502824.761905
28158565.238095
30679370.000000
29880234.285714
28088305.714286
28346497.142857
29146130.952381
30826109.047619
28328280.952381
28537110.476190
30124933.333333
28417911.428571
30109596.190476
27930677.142857
29823462.857143
27885832.380952
28582432.380952
27796855.238095
30641359.047619
28599493.333333
28368169.523810
29035185.714286
28560943.809524
28191719.047619
30327273.333333
28329036.190476
28217856.190476
28203552.380952
29104133.333333
28312988.095238
27997538.571429
28556664.761905
29507885.714286
30224105.714286
30097219.523810
28306594.761905
29580715.714286
30779040.952381
28426448.571429
28656651.428571
28151627.619048
28549943.809524
27668090.952381
27997461.428571
30429767.619048
29847474.285714
32009021.904762
29427220.952381
29715865.714286
29567168.571429
29661760.000000
28406344.761905
27278837.142857
26547750.000000
25835504.285714
27214061.428571
25783720.000000
27561882.857143
26500916.666667
26646147.142857
28361352.857143
27243481.428571
27159821.904762
27145990.000000
27006684.285714
28199219.047619
30927086.666667
28131638.095238
28263367.619048
28402900.952381
31026406.666667
28318712.380952
28619561.904762
27344314.285714
28127380.000000
27864938.095238
28203965.714286
29884504.761905
27692777.142857
28993267.619048
28500848.571429
28316582.857143
28087132.380952
28808789.523810
30013171.428571
28525655.238095
28116692.380952
28340481.904762
28467557.142857
27787197.142857
28190996.190476
27761747.142857
30912835.238095
29841857.619048
30793398.095238
27858651.428571
27807698.571429
28547017.142857
28335350.952381
29370209.047619
30921943.333333
27734730.476190
28248748.095238
27974794.761905
28249015.238095
29508467.619048
27749610.476190
28608217.619048
28300537.619048
29206991.428571
28912133.333333
27858482.857143
29180182.380952
30082290.000000
28686335.238095
28575104.761905
28583564.761905
28174000.000000
29337288.571429
27796712.380952
30771780.000000
30659761.904762
29788071.904762
27616590.000000
30182142.857143
28154220.952381
28350822.857143
30845081.428571
28528090.000000
27466122.857143
27248310.476190
27775517.142857
28892490.000000
28432240.476190
27675706.666667
28179332.380952
28135317.142857
28203868.571429
29056134.285714
28927372.380952
28523765.714286
30008454.285714
29250522.857143
28259245.714286
28300367.619048
31154795.238095
29942847.619048
32121060.952381
29297405.238095
31994222.857143
31777233.333333
30685554.761905
28487103.809524
31295900.476190
29007563.809524
27818124.285714
29274781.904762
28135556.190476
27647890.952381
28534901.904762
29195949.047619
28355809.523810
29538478.095238
27848586.190476
28150281.428571
27606220.952381
28423386.666667
27368789.523810
29108744.761905
27991456.190476
28805235.238095
30021719.047619
28415590.476190
27875510.476190
29265165.714286
30873678.095238
28333174.285714
27616481.904762
29790240.000000
27992584.761905
28303215.238095
29360934.285714
27826884.761905
27747265.714286
27747601.904762
28236214.285714
28135622.857143
27896800.952381
27887479.047619
29779977.142857
27825100.952381
29972742.857143
28001516.190476
28593422.857143
30847314.285714
29970179.047619
27825323.809524
28234109.523810
28149503.809524
27951655.238095
27431794.285714
27645771.428571
28519637.142857
28497153.333333
27675667.619048
27848093.333333
29819791.428571
27833977.142857
29823744.761905
27623003.809524
29002174.285714
29699474.285714
28275675.238095
28279549.523810
30157547.619048
28177744.761905
27573256.190476
29716839.047619
29480989.523810
28294559.047619
27535826.666667
27371606.666667
28139499.047619
28077724.285714
29386980.476190
27361461.904762
27971254.285714
27874212.857143
30824495.238095
28938860.476190
27629777.142857
28253303.333333
28068372.857143
28810981.428571
27234300.952381
27947957.142857
26743942.857143
28105056.190476
28000282.857143
28355562.857143
27539733.333333
27770210.476190
28902127.619048
29938940.952381
28391997.142857
27992858.095238
30246937.142857
28169753.333333
27690984.761905
27864426.666667
27633792.380952
30706153.333333
27618749.523810
30571356.190476
30673948.571429
28411468.571429
28399638.095238
28572096.666667
28639064.285714
29757091.428571
30523448.571429
28508487.619048
27979590.476190
28125560.000000
28461887.619048
28095840.952381
29881229.523810
27645003.809524
27883885.714286
29643016.190476
28278726.666667
27763914.285714
27638201.904762
28127564.761905
29042361.904762
27507376.666667
27927284.761905
30491071.428571
27846069.523810
27993954.285714
29339608.571429
27585186.666667
29235054.285714
27745690.476190
30566440.000000
28157342.857143
28308276.190476
28459408.571429
27900503.809524
27702778.095238
29211811.428571
27989192.380952
27190498.095238
30717059.047619
27923728.571429
28064254.285714
30689102.857143
28295518.095238
28337546.666667
28131543.809524
45771695.238095
34026434.285714
31139819.047619
31531696.666667
32294625.714286
31969726.666667
29874628.571429
31496532.380952
29420082.380952
31008780.476190
28572600.000000
28251778.095238
27960364.761905
29837610.476190
27897059.047619
28425119.047619
28414240.000000
27504145.714286
28285642.857143
28000520.000000
28453925.714286
27861558.095238
28304396.190476
27649494.285714
29028737.142857
28290595.238095
29223444.761905
27865002.857143
28114795.238095
30446589.523810
27393805.714286
29601093.333333
27054367.619048
27655338.095238
