43378196.666667
29305838.571429
27730825.714286
27989362.857143
28357250.952381
28086741.428571
27599581.428571
28522997.142857
26347454.285714
29351050.000000
27801019.523810
27162505.714286
30547804.285714
29888433.333333
29194203.809524
28042428.571429
28474053.333333
29690461.904762
28597794.761905
29453306.666667
27938221.904762
29571784.285714
33538153.333333
30333863.809524
28240970.476190
28818733.333333
28248101.904762
29308496.190476
28414976.190476
28935326.666667
30726131.428571
28168080.952381
28265174.285714
28330781.904762
30582890.476190
28994585.714286
28870512.857143
29132531.428571
29314580.952381
29317272.380952
28416320.952381
30620080.000000
27810406.666667
27818404.761905
28489350.476190
27623300.000000
29061571.428571
27790527.619048
28498895.238095
27528465.714286
28522203.333333
28352094.285714
30883069.523810
27872396.190476
29360875.714286
29880047.619048
28439079.047619
29531682.857143
28824315.238095
27839874.285714
29432834.285714
29624216.190476
27493734.285714
28185050.476190
28096723.809524
28520221.904762
27620583.809524
30729561.904762
28452773.333333
29181884.761905
27602932.380952
29833718.095238
27977540.952381
30040065.714286
28063977.142857
31593104.761905
28149074.285714
27448729.523810
30057764.761905
29597682.857143
28936955.238095
28758620.000000
29341720.952381
29499935.714286
30364573.333333
29254990.476190
29736639.047619
31669222.857143
26731641.904762
28018820.952381
27643547.619048
28081454.285714
28088384.761905
28020621.904762
27871173.333333
27637943.809524
28231797.142857
28069012.380952
28312551.428571
28233534.761905
28352527.142857
27827887.619048
28726603.333333
28053283.333333
28513329.523810
28041245.714286
28574512.380952
27739198.095238
28445271.428571
29400538.095238
30187544.761905
28202382.857143
31388892.380952
31775054.761905
28116728.571429
26626957.142857
28337258.095238
28706087.619048
28474817.142857
28840738.095238
28413406.666667
29553128.571429
28110337.142857
28497252.380952
28322555.238095
28559876.190476
28160824.761905
28786701.428571
28163412.380952
27670502.857143
29918093.333333
28549228.571429
28430546.666667
28498574.761905
29396204.285714
29857242.857143
28315814.285714
27744198.095238
28421780.952381
28620121.904762
28421715.238095
28499505.714286
27670920.000000
28169061.904762
29940619.047619
27940739.047619
28739617.142857
28475082.857143
28494111.428571
28333576.666667
28309155.714286
28615775.238095
29264262.857143
28047698.095238
28196964.761905
27977868.571429
28548771.428571
28949660.952381
28842415.238095
28318385.714286
27975382.857143
27673543.809524
29954249.523810
28527493.333333
29010052.380952
28211569.523810
28482556.190476
29135736.190476
28565810.476190
27509438.095238
29881902.857143
27061768.095238
28453466.190476
29678243.809524
28309933.333333
28045384.761905
28930834.285714
28174617.142857
29039323.809524
28351242.857143
27462205.714286
29500611.428571
27806768.571429
30644820.000000
27967860.952381
28441522.857143
28316118.095238
28296907.619048
28299285.714286
28129099.047619
27489580.000000
29909007.619048
29239633.333333
28247286.666667
27260587.619048
28908842.857143
29296962.857143
27828913.333333
29850171.428571
28403641.904762
27897853.333333
29425798.095238
28781349.523810
28964645.714286
27928457.142857
29748234.285714
28121138.095238
29613716.190476
27383845.714286
28418565.714286
28151323.809524
29693591.428571
28364836.190476
29049094.285714
28136638.095238
28151170.476190
30101819.047619
27430216.190476
28071082.857143
30489192.380952
27800661.904762
28146822.857143
28230325.714286
28997076.190476
27732100.000000
27989202.857143
28204187.619048
27400444.761905
29571356.190476
27274044.761905
27991194.285714
29659912.380952
28583867.619048
31335189.523810
28107100.952381
29113353.333333
28323286.666667
29167069.523810
28786176.190476
29423746.666667
28748179.047619
27707313.333333
29757105.714286
29305808.571429
27707887.619048
28157849.523810
28272817.142857
28266632.380952
27409630.476190
27858453.333333
27968480.952381
28370388.571429
28057653.333333
27448781.904762
27536034.285714
28429619.047619
29805716.190476
28427974.285714
27697500.000000
30438735.238095
28133751.428571
28058925.714286
29702206.666667
28491140.000000
28359231.428571
28268129.523810
28039340.000000
28479743.809524
27999475.238095
29573504.285714
28139694.761905
27031073.333333
28430786.666667
26939160.000000
28309782.857143
27575581.904762
28096726.666667
28683748.571429
28141870.476190
27750245.714286
28290570.476190
28029054.285714
27439346.666667
27545598.095238
27830509.523810
29691358.095238
27799512.380952
28222720.952381
30543118.095238
29687165.714286
28120251.428571
27557313.333333
29226747.142857
27135498.571429
26483895.238095
28546861.428571
26923144.285714
25008998.571429
26271398.571429
26639365.714286
26704411.428571
26453478.571429
26772057.619048
27763451.904762
27735065.714286
27788419.047619
27516583.809524
28148504.761905
27631435.238095
30048154.285714
29841590.476190
28536364.761905
28374719.047619
28374634.285714
27961540.952381
27570370.476190
27206012.380952
29801339.047619
29806519.047619
28074481.904762
27888216.190476
28535718.095238
27379556.190476
27478875.238095
27585774.285714
28083642.857143
28132313.333333
27694552.380952
28203050.476190
28300055.238095
28534999.047619
30722377.142857
28125186.666667
26922346.666667
28247007.619048
27651730.476190
27938701.904762
29472173.333333
27289273.333333
28053321.904762
27552598.095238
27200878.095238
28248933.333333
28098035.238095
28266085.714286
26752938.095238
27336211.428571
29108267.619048
27453911.428571
28777333.333333
28936704.761905
28072256.190476
28012951.428571
27630958.095238
29794371.428571
27454598.095238
28231144.761905
27491172.380952
28181427.619048
28205814.285714
27855447.619048
28856711.428571
29922676.190476
30790989.047619
27927377.142857
28287432.380952
28462924.761905
28527957.142857
27722268.571429
27930081.904762
27899876.190476
28170070.476190
27882047.619048
28278354.285714
28155243.809524
28234138.095238
27630500.000000
28208887.619048
29807042.857143
27782846.666667
28242701.904762
28216277.142857
28310829.523810
28317199.047619
29163024.761905
29148866.666667
31505110.476190
29657549.523810
30943532.380952
29478958.095238
29367345.714286
29906000.000000
30443302.857143
30973658.095238
28305720.952381
27781461.904762
29115383.809524
28471865.714286
28673892.380952
29015757.142857
27371257.142857
29992254.285714
27450260.000000
30106590.000000
27756808.095238
28176807.619048
28373754.285714
28521368.571429
27653021.904762
28473058.095238
27984019.047619
28472089.523810
28347749.523810
27634186.666667
27685397.142857
29175764.761905
27904109.523810
27801950.476190
29356942.857143
28826313.333333
41757279.047619
33545806.666667
34870155.238095
31913718.095238
33198558.095238
32369321.904762
29702520.952381
30660560.000000
30328680.000000
29122748.571429
29822815.238095
30997564.761905
28107243.809524
30129041.904762
28951443.333333
27967457.142857
28573509.523810
30453756.190476
28121902.857143
30793050.000000
28549813.333333
27855653.333333
28029809.047619
27803306.666667
28378875.238095
32171686.666667
29435527.619048
28432181.904762
29359559.047619
28238186.666667
28590007.619048
29886584.761905
27597145.714286
29726205.714286
27467429.523810
29816421.904762
27917691.428571
27859560.000000
28206080.000000
27861692.380952
29793585.714286
27129372.380952
28159483.809524
28067678.095238
27943540.000000
29637112.380952
27305428.571429
29529123.809524
27275323.809524
29567233.333333
27925295.238095
27756061.904762
29546574.285714
27920968.571429
27937818.095238
29693077.142857
30397852.380952
28675870.476190
27805466.666667
28504944.761905
29946272.380952
31937853.333333
28275230.476190
29877964.761905
30552901.904762
29449279.047619
30752073.333333
30796694.285714
30315622.857143
28604965.714286
32566723.809524
29951674.285714
31776927.619048
28174470.476190
29738937.142857
30181436.190476
26755221.904762
29379584.761905
29216888.571429
30781223.809524
28785807.619048
28245144.761905
27794279.047619
29505099.047619
29538217.142857
29223975.238095
27985786.666667
27673335.238095
28196160.000000
29214077.142857
29354000.000000
29369131.428571
29522128.571429
28316326.666667
29384444.761905
27896291.428571
30688217.142857
26326198.095238
27695034.285714
29119513.333333
29483861.904762
28471324.761905
29318796.190476
31363571.428571
29107293.333333
29225632.380952
28175742.857143
28092667.619048
28297269.523810
28000381.904762
28432751.428571
28266532.380952
30025050.476190
29286072.380952
28389269.523810
29445128.571429
29127497.142857
29158097.142857
29259722.857143
27984994.285714
29217242.857143
29240235.238095
29019180.000000
27982852.380952
30538550.476190
29313937.142857
27904686.666667
29499666.666667
29432253.333333
29362659.047619
28146022.857143
28259620.952381
29286741.904762
28409810.476190
27727227.619048
27749579.047619
30176601.904762
28981393.333333
27937980.000000
29805741.904762
28014739.047619
30833548.571429
27786877.142857
27950662.857143
28564064.761905
29421503.809524
29255769.523810
28221386.666667
28891460.952381
28517490.476190
27796782.857143
29363234.285714
28096260.952381
29311140.000000
27527811.428571
28197811.428571
30140316.190476
29248743.809524
27695351.428571
28947067.619048
28142971.428571
29573972.380952
28688340.952381
26975118.095238
27799919.047619
30704124.761905
28151389.523810
27990423.809524
27866801.904762
30083819.047619
29357376.190476
27518475.238095
28991036.190476
29182138.095238
28859080.952381
27720757.142857
29456692.380952
28792962.857143
29016502.380952
27783666.190476
27810159.047619
27454632.380952
27144696.190476
27560874.285714
28136367.619048
28651519.047619
27119631.904762
28369099.523810
29956173.809524
27384779.523810
30532294.761905
28297632.380952
30920945.238095
27856203.333333
27779950.952381
28947805.238095
30700348.095238
28025553.333333
28344110.000000
30584414.761905
27125005.714286
30855155.238095
27563490.476190
27631522.380952
28702773.809524
27605902.857143
28193400.952381
27813191.428571
28860614.285714
27759151.428571
28245038.095238
29698500.000000
28213286.666667
27969030.476190
27891093.333333
28272069.523810
29296500.952381
28117778.095238
29478079.047619
28185719.047619
28083062.857143
27944927.619048
27831028.571429
28312145.714286
30848210.476190
28057290.000000
28261452.380952
27887508.095238
29856602.380952
28775652.857143
27843306.190476
29951107.619048
27520421.428571
28134980.476190
27572667.142857
29698029.047619
27711589.523810
27892886.190476
27720559.523810
27648114.761905
27509667.142857
28455291.428571
30491793.809524
28101781.428571
27959177.619048
29393410.952381
29854299.047619
28282056.666667
27745052.857143
27963003.333333
27605717.619048
29737526.666667
28172009.047619
28119110.000000
28057802.857143
27285792.857143
26152117.142857
27494100.000000
26372847.142857
27150408.571429
27077937.142857
27667040.000000
26828344.285714
28771447.142857
27941874.285714
27042917.142857
29039337.619048
28230934.761905
29090974.761905
27438207.619048
28048091.428571
29524354.285714
28043433.333333
28901144.761905
27326827.619048
29606286.666667
27782185.714286
29138336.190476
30880503.809524
30727612.380952
27716119.047619
27943813.333333
27304631.428571
29114097.142857
29762012.380952
27191816.190476
28648764.761905
28991372.380952
29145292.380952
27531124.761905
28180305.714286
27941105.714286
27583175.238095
27962271.428571
28216376.190476
28361014.285714
28361268.571429
28838460.952381
29213737.142857
28318706.666667
29853244.761905
27734288.571429
27892003.809524
29722806.666667
30477405.714286
27835552.380952
30261076.190476
28176663.809524
28813697.142857
27786211.428571
28264591.428571
28216527.619048
27786477.142857
28109549.523810
27987775.238095
28169810.476190
27197350.476190
27388227.619048
27236359.047619
28304150.476190
28060190.476190
29081101.904762
28797394.285714
28647743.809524
27889255.238095
28084580.000000
28830724.761905
27723342.857143
27441314.285714
28981772.380952
28109194.285714
28302700.000000
29840106.666667
27847583.809524
27360044.761905
29069834.285714
28085383.809524
28806243.809524
28268338.095238
28284293.333333
28799443.809524
28177203.809524
27709680.000000
29412819.047619
28222420.952381
28461368.571429
28294994.285714
28118476.190476
28515150.476190
28677179.047619
28502757.142857
28067340.000000
27692236.190476
27276177.142857
28657940.000000
27393877.142857
30504190.476190
27972371.428571
31528737.142857
31842619.047619
28972375.238095
29193728.571429
29073610.476190
30699010.476190
28451935.714286
29434785.238095
28955708.095238
27809699.047619
29314141.428571
28368980.476190
28213806.666667
28148145.714286
28121938.095238
28306176.666667
27729704.285714
28092977.619048
27892478.571429
28243954.285714
27719233.809524
29341449.047619
27989916.190476
27881552.380952
27910065.714286
29697025.238095
27609331.904762
27298177.619048
28321416.666667
27431274.285714
29676250.000000
27522101.428571
27744212.380952
27540041.904762
29517286.666667
27964970.952381
27874434.761905
27827397.619048
27622029.047619
27414380.952381
28560081.428571
28022380.476190
27980426.666667
27924912.380952
28316890.476190
27569377.619048
27353548.571429
29766401.904762
27363301.428571
28521414.285714
30562120.476190
29077554.285714
28989748.095238
27510981.904762
28236017.619048
29969937.142857
27871016.190476
30545345.714286
27876284.285714
28650882.380952
28153173.333333
28021613.333333
27541255.714286
27640277.142857
28278369.047619
27638721.904762
28289620.000000
28784831.428571
28141453.333333
27595175.238095
27417059.047619
27206800.000000
29709684.761905
27860821.904762
27422958.095238
29481080.952381
28190094.285714
29589202.857143
30359919.047619
27487016.190476
28970308.571429
27413899.047619
28208494.285714
27234063.809524
30436152.380952
27678956.190476
29619819.047619
28266340.952381
27712178.095238
28008318.095238
27868801.904762
28116318.095238
27876803.809524
29631023.809524
28963032.380952
28033938.095238
27929388.571429
30814595.238095
27210996.190476
28698542.857143
27388420.952381
30034335.238095
27804663.809524
27401000.000000
27737620.000000
28022381.904762
27191136.190476
28247722.857143
28926157.142857
27707783.809524
29921525.714286
28655838.095238
28150269.523810
27690172.380952
27596147.619048
29683881.904762
27777706.666667
28201768.571429
27979577.142857
29814483.809524
29448899.047619
28392984.761905
29181465.714286
28870617.142857
31211032.380952
28266965.714286
29514170.476190
28125683.809524
27869983.809524
28136370.476190
27614279.047619
28088328.571429
27999677.142857
28966841.904762
28051919.047619
28167520.952381
30528544.761905
29699665.714286
29214397.142857
27820526.666667
28019937.142857
28824160.476190
29654042.380952
30432980.000000
27924982.857143
29617552.380952
27571740.952381
29442806.666667
30646220.000000
28310104.761905
30007495.238095
28049926.666667
29123828.571429
28091134.285714
28534524.761905
27794192.380952
28998445.714286
27803960.000000
27759760.952381
27744391.428571
27882593.333333
29581668.571429
28799385.714286
27552797.142857
28600102.857143
27489014.285714
29317926.666667
27337485.714286
29777554.285714
27922409.523810
27688273.333333
28011283.809524
27570864.761905
27500587.619048
29319895.238095
28023658.095238
27425355.238095
28896812.380952
27903897.142857
27675019.047619
27796190.476190
27553847.619048
27737233.333333
27425480.952381
27855766.666667
