1916
863
1036
613
705
1040
1011
589
723
846
558
1184
589
1263
764
979
703
258009
66232
1095
34327
10900
1128
282263
32725
49299
1123
108734
1120
414113
924
735
1046
42674
1185
432198
1217
756
1225
613
34603
321290
111022
1041
1329
1043
722
540005
5367
953
1059
965
93603
344515
56363
1215
894
689
11373
527523
43724
1545
1659
1096
104646
211749
203533
1277
759
1031
18501
372014
26056
827
1064
883
1055
514900
20284
58493
973
773
1040
424668
5675
43955
1249
765
60360
327244
99941
1211
682
699
84455
334549
957
46083
1234
658
129274
312596
21147
805
763
1077
116165
287097
909
90541
946
18219
19172
542644
941
1072
778
24454
113570
293269
14691
8629
1211
136433
45875
350096
1157
1077
2046
182313
949
328993
1238
650
848
89222
1216
285232
173896
805
1042
1040
752
349550
163216
1235
1047
785
1039
339538
98069
970
1041
845
903
368196
107507
1391
1192
1047
621
425044
859
1051
768
1055
633
449739
12180
1417
1249
971
1036
388079
22897
971
1511
715
1218
504605
820
1261
1088
825
1013
506272
1762
784
1065
737
1041
352838
93942
925
1085
1081
732
493380
1477
659
1396
778
1034
378060
1118
1722
1358
767
614
478244
885
1095
954
1069
732
430862
93091
1276
764
1117
2011
526629
1275
791
1046
686
1585
468219
1279
1142
846
2306
1398
438505
1558
1292
1067
610
985
380169
48534
1073
784
604
1402
411140
65604
951
1119
975
940
391153
150490
1208
891
1010
909
332093
8614
1495
660
983
606
614774
927
1059
629
1026
747
382374
31670
1166
1344
754
1015
645918
1422
630
1047
1049
625
509387
1443
794
1025
616
992
407916
1427
653
1272
1055
612
544767
1542
1077
753
615
1084
432120
1749
656
1283
771
613
463450
1457
784
768
1045
750
532068
1171
1089
752
1035
621
483463
1082
1073
1341
763
1019
487580
1305
775
1026
744
1031
494272
811
630
1312
847
1030
473184
1649
768
1074
610
1050
371590
972
766
1059
1099
605
539451
1763
809
1051
746
1011
368268
1349
1112
901
1352
641
536598
1000
1447
755
1035
624
429285
860
1134
745
1237
1053
566985
1464
792
1229
738
1018
510542
1507
1241
709
568
925
482039
1797
793
1159
720
1042
469167
1565
1281
796
729
1008
547671
973
813
1046
748
1126
433122
1289
924
973
1057
881
391212
934
1113
633
1119
572
493912
865
1055
766
1028
616
393095
1806
1097
1055
752
1043
480749
1864
817
1018
1023
619
411956
1272
658
1133
878
1030
418672
1659
771
1022
1012
612
474518
1273
1516
802
793
1048
422232
1534
654
1012
756
618
483988
1937
714
1220
1065
616
540571
990
1306
759
2073
648
488603
872
1790
1087
630
1201
538347
1333
793
1431
793
1023
629694
817
832
1875
948
1038
337313
1262
741
1535
1435
1669
307990
818
771
1294
1088
771
607327
2006
819
1178
616
990
452285
960
1131
1044
626
1274
526678
1200
1125
931
1102
736
399396
1402
1166
851
1247
1032
499102
1421
808
1212
1123
1012
401253
1346
1078
778
737
1057
390969
1517
998
1281
739
1007
360080
1360
1053
740
735
1082
482340
1002
796
1725
641
1319
343250
1277
776
619
981
913
502957
1031
1120
752
1036
612
554165
978
1080
809
1047
783
386173
1229
755
1076
637
1020
601480
1645
795
1161
1005
623
453633
1506
797
1058
727
1011
427295
1640
1071
1060
911
886
466629
1255
1181
1097
969
1989
535123
1244
781
1392
613
598
503416
1130
792
964
1079
748
439116
1136
1332
1174
1036
735
414961
879
1078
1050
625
1436
494400
1367
770
1251
633
1419
447867
843
1328
1100
614
1050
364829
1568
780
1007
633
1055
341325
1097
766
1028
957
709
440057
1753
803
1070
632
1021
351712
861
1083
1048
741
725
533030
810
927
1595
1103
629
405694
810
1135
1133
1071
1010
480155
1968
837
1247
733
1042
475875
1617
1099
620
787
989
403887
1592
768
1254
777
1016
360457
1260
1068
894
720
109650
333058
1001
890
1046
750
114268
344860
1381
836
743
1061
140888
324515
933
1083
962
917
81922
458468
803
1265
666
1068
81594
321541
1238
655
866
1080
79788
391662
1410
760
1026
1029
616
435467
1498
778
1034
740
1029
443695
1232
638
1047
1148
85996
376912
1466
988
733
848
1180
457138
1254
666
874
1183
9741
389218
1173
798
606
1047
772
507438
1170
1061
771
1008
617
460242
806
1543
1053
612
973
511009
1516
674
1879
641
1000
552587
854
761
1067
603
1033
442030
1568
810
1122
764
1039
381640
948
778
1063
1188
629
456221
1370
726
1264
767
1016
364575
798
1265
1055
947
627
459120
873
1088
811
1031
727
352377
980
1090
635
1138
1032
442259
1901
836
1185
778
868
464098
1432
1068
742
778
1024
451706
1643
699
1158
621
1047
350415
1523
1129
750
746
1023
486327
988
965
1472
766
1032
514648
1503
890
1037
1014
892
483481
1399
1147
742
1041
604
561455
1087
1076
775
1023
624
405822
1544
800
1040
740
997
549109
1471
776
1019
1036
618
442420
1772
714
1294
793
1009
466912
1549
767
1271
1062
629
493846
1256
1328
751
612
1321
403161
1455
659
989
745
733
463292
1443
785
613
1061
768
406597
923
1337
807
1046
620
437253
810
1060
1034
629
1177
340024
1623
805
1085
731
1023
559600
827
629
1072
763
1028
366454
1522
1187
1084
604
1035
361067
1082
1139
1088
1295
633
546258
1483
770
1242
645
1079
350890
994
1303
985
1230
653
432767
1030
1075
634
1698
643
384970
806
1071
761
1022
1032
461319
1430
789
1017
768
1020
461554
1371
1067
620
732
903
408227
1549
781
1264
648
1066
357856
1326
1081
966
776
1044
458201
1153
650
1023
830
1054
502435
1610
800
758
1005
911
460130
1292
1156
760
1044
607
494106
1192
1288
1068
893
4968
336121
1703
681
1054
754
1011
472975
1648
797
1106
1017
615
441468
1644
801
1068
750
1008
418586
1504
649
1361
1288
642
492866
1430
1108
759
731
1030
464924
1269
691
1168
1056
633
464667
1546
1108
806
1238
645
489723
892
1202
630
1221
647
503196
818
1303
1104
761
1000
434142
1653
814
1070
622
996
574952
895
770
1142
759
1023
484737
1546
842
1484
641
1043
404476
1241
854
1069
922
940
550788
1487
1020
1098
912
1020
329094
1186
1149
1051
732
621
596062
820
1082
1804
1095
745
329872
1050
1238
740
1050
1028
480571
1269
860
1453
646
997
422241
1634
965
1127
619
1032
448089
1823
687
1569
618
2136
343846
1637
1091
780
710
1025
418990
1079
647
1058
818
1022
383928
1398
803
743
1051
2606
461521
973
1269
785
1019
614
410965
879
1096
769
1042
738
386130
1561
1030
1286
735
1016
575280
1403
642
1317
1046
638
454933
1463
785
1023
661
1026
348884
1488
797
1044
1126
612
542011
1772
1095
753
762
1423
481590
1468
671
1019
747
604
558612
1455
687
710
918
961
517258
813
1505
801
1069
636
393929
820
1086
1052
609
1460
502592
1694
812
1245
652
1030
562449
993
640
940
2118
1130
449908
1773
807
1100
621
1002
469999
885
756
1288
1043
606
513131
1436
793
1238
628
1027
395356
1436
1161
958
702
1095
505072
1016
1099
624
1052
611
416460
1045
1074
758
1039
1016
546180
1959
822
1236
637
1209
404867
1241
983
699
571
975
436777
1644
764
1181
729
949
362498
1391
1109
762
756
1031
384388
949
771
1042
753
1027
510433
1370
792
739
1057
918
385144
1408
1162
999
1043
757
537352
865
1453
774
1020
625
371192
1683
824
1008
751
1004
550737
1495
764
1246
1060
632
488398
1620
811
1147
627
1042
422804
1787
829
1570
941
578
455441
1814
1088
770
616
984
420786
1399
703
1557
658
701
497320
1838
891
630
1809
790
551551
983
1288
705
1972
656
455842
999
1143
1463
1057
1024
458822
1391
790
1246
643
1013
500275
895
761
1301
963
1030
365377
2306
708
1172
756
1052
338975
815
919
1211
1032
658
469820
1625
675
1625
784
1019
323811
1069
1466
1076
749
727
528452
824
1040
974
1066
626
373641
1090
1095
626
1091
1009
459927
1829
822
1208
647
1017
396648
1615
1295
795
623
1009
453894
1581
784
1048
618
999
330295
1604
1060
870
742
1027
445323
983
1002
1031
1166
1083
375931
1771
671
1161
1039
901
391507
1153
1724
807
1021
603
561300
1324
1384
727
1479
2165
405268
1485
1065
1072
1387
1082
453355
1860
813
1062
1001
626
446077
1843
831
1060
612
1051
363514
1701
805
1034
893
708
537010
1270
1127
978
790
1018
455511
1500
661
1688
791
606
472899
1748
855
766
1029
618
486168
965
1195
1068
1081
737
430945
804
1310
1063
635
1026
546573
1492
782
1200
608
1030
527905
1062
782
1087
790
1019
454933
1810
798
1103
623
873
408026
887
1044
1080
1037
610
607389
1290
874
1235
748
1008
400159
966
1440
920
611
718
597609
994
1277
753
1012
644
301949
870
1319
763
1042
1020
585302
1551
786
1081
632
1008
456314
2071
1112
893
616
999
419198
1776
806
1074
738
1040
369097
1564
1103
755
735
1024
502084
1345
800
1033
647
1014
449835
1756
688
729
1130
1772
450874
969
1141
1107
1099
603
631717
952
1234
1999
1113
1775
334904
1475
1270
1110
751
1047
534445
1533
749
1304
1032
624
419661
1612
801
1160
617
984
367523
1245
651
1054
1024
5402
387123
1246
1055
742
614
21696
396992
1658
800
1038
624
580
551000
2028
842
637
1052
617
416648
959
1282
643
1031
621
488028
858
1296
1019
641
1042
474323
1806
757
1181
598
926
515407
816
757
1035
739
1341
506425
1300
659
1288
4497
1227
375805
1117
1275
1081
1083
742
501782
1613
795
1436
824
1019
389496
792
1086
1068
629
591
490174
853
1067
774
1039
602
325796
979
1171
771
1027
1030
509669
1970
848
1044
620
853
348015
1699
1095
752
617
999
406897
2077
823
1078
772
1037
414388
1453
1069
967
750
1033
488197
1292
677
1676
1025
1057
468833
1970
825
739
1049
912
523136
1141
1247
1033
1061
608
541975
819
1123
624
1349
2744
457922
1448
820
1063
972
1030
627539
1749
834
1067
1027
614
450998
1699
1183
1076
629
983
447719
1888
823
1036
914
707
470815
1441
954
982
1939
1066
434576
1389
789
1258
749
622
425192
1224
866
939
1283
742
516125
1033
1755
788
1042
630
467186
828
1084
1053
904
1029
400162
1337
1078
1130
611
983
562991
1088
780
1437
743
1023
374630
1368
855
1084
622
976
371087
975
762
1033
1215
646
482591
1343
787
1036
640
985
387690
784
1105
907
1192
762
507739
869
1514
659
1247
750
434178
999
1131
748
1025
1010
540780
1733
829
1072
638
2218
374359
1247
1138
994
642
1051
484230
1407
880
1141
675
1045
387456
1778
1212
638
693
885
536704
1280
1088
1042
746
1004
528106
1744
799
619
1066
1039
550380
931
1083
619
896
566
558143
985
1085
630
1719
637
444480
1089
1041
1059
760
1004
559532
1475
778
1239
1054
609
429499
1478
784
1222
646
995
409260
1788
805
1039
883
740
458259
1631
1120
1476
618
1002
456666
1829
848
1029
757
604
416923
1134
837
614
1554
802
448236
962
1190
764
1203
604
486367
844
1329
1056
617
1028
461553
1473
782
1239
619
1429
473091
1184
778
1049
795
1036
459748
1859
823
1086
733
1040
408875
813
1108
1141
1038
622
514466
1802
820
1222
730
1038
347287
1186
1115
1041
963
638
525869
832
1073
903
1036
616
459871
952
1135
755
1053
892
595553
1651
819
1044
625
845
512451
1450
1106
759
744
1007
421898
1763
665
1060
759
1022
417962
1348
1065
644
1192
905
508603
1223
763
1601
866
1051
510200
1390
840
1119
1095
900
451089
1147
1117
840
1015
600
529699
795
1252
752
1043
735
372006
1916
684
1635
799
1015
545794
1539
912
1126
1047
604
402443
1678
819
1259
782
1013
343432
1290
780
1221
915
697
459555
1544
1075
765
613
1056
519061
1610
667
1053
615
608
455392
1486
679
830
1090
606
514894
1040
1130
647
1346
667
471725
1067
1278
1171
757
1011
422565
1236
1199
1172
617
1045
626938
1711
956
1066
632
1022
448830
1805
815
1037
608
879
302662
804
736
1279
1114
616
504248
1788
816
1049
624
968
350914
1003
1109
922
1435
630
565073
895
1059
620
1703
789
399772
868
1096
758
1187
1013
465008
1614
794
1073
616
878
378577
2016
1296
749
603
988
392463
1622
930
1045
616
1028
388165
1507
1007
1517
1140
957
422451
1235
1039
1275
632
1143
491535
1795
1019
632
1032
897
461038
1042
1103
944
1013
613
543427
942
1079
628
1040
742
456174
2063
850
1173
610
1029
550728
1452
793
1270
1372
633
450018
1564
668
1042
759
1025
407820
1354
807
1048
1201
613
543184
1758
1098
884
602
986
528245
1250
969
1023
633
701
534913
1503
855
875
1039
841
476547
834
1324
1305
1080
639
502610
992
1080
1008
757
997
440203
1412
776
1031
618
1063
525101
992
758
1038
751
1028
448076
1761
809
1070
748
1036
384207
1017
846
1063
914
703
523793
1617
791
1234
634
984
376383
1123
1144
1050
638
1016
537689
851
1155
769
1042
605
366826
897
1463
776
1005
893
608774
1287
810
1248
669
1012
399400
1386
1275
897
600
1033
403667
1611
659
1525
802
1020
371002
1787
1103
782
1058
1048
450719
974
790
1040
667
2110
436989
1430
801
733
1039
1043
363320
795
1156
667
1047
619
463419
919
1085
755
1055
621
348702
1569
798
1021
1006
1009
461665
1618
668
1259
1080
618
462508
1632
806
1052
734
1001
347664
1611
799
1013
1009
616
496688
1817
1082
760
627
978
481721
1760
799
1043
760
610
526117
1486
881
722
1036
762
463862
1190
1152
789
1013
603
386150
818
1076
1043
772
1032
479410
1236
799
1454
686
1026
478625
1267
691
2071
671
1082
357254
1555
665
1735
782
1011
432046
1428
1454
1122
1056
621
477075
1267
849
1007
619
4810
307819
1233
1112
918
866
582
468408
828
1990
822
1039
736
365544
962
1073
622
1048
1054
610375
1781
816
1044
607
879
527960
1407
1378
855
610
979
456843
1576
768
1070
621
999
355255
1994
1106
740
732
894
442229
1297
812
1073
615
979
449906
1924
715
1120
1034
899
471170
1013
1101
958
911
566
510509
1027
1125
763
1022
601
445462
1285
795
1038
629
1027
529497
1398
754
1068
1017
629
371776
1358
677
1030
748
1037
382687
1793
812
1093
902
582
384298
1760
927
1063
765
1040
425592
1753
679
1562
783
623
374153
1414
810
612
1335
790
454123
796
1195
761
1078
612
607247
989
1080
1212
769
1246
598134
1809
1027
1269
1022
909
676543
820
771
1047
746
1029
447530
2008
796
1262
616
1012
492474
1105
782
1057
1210
647
651744
1741
794
1067
738
1033
448203
1149
1189
1281
787
648
591490
1030
1075
783
1379
2142
405285
880
1212
749
1035
1028
503002
1507
829
1236
736
1016
431065
1677
1125
774
722
1002
523693
1609
856
1528
648
1011
285876
1444
874
1683
783
1037
495080
743
705
836
928
995
499975
1753
805
618
1083
1031
560477
962
1142
749
1036
608
635385
1015
1080
640
1773
645
347121
1468
1098
1241
751
999
516158
1628
802
1126
1043
626
459582
1376
720
948
583
942
479347
1639
609
974
944
575
524956
1558
1051
1098
597
1030
423492
1245
664
2148
669
720
477480
1560
1100
785
1033
748
539463
1982
1187
903
1117
614
473008
1241
1631
1054
617
1033
508128
1626
805
1261
626
994
479232
866
744
1219
749
1035
476020
1665
828
1049
1098
1011
370134
842
1526
1076
1037
9755
577652
1234
645
850
768
25280
345155
930
1082
917
716
99365
565444
978
1077
662
1086
158294
310072
817
1068
619
1248
176925
354295
1259
771
1239
628
15356
471468
1284
1072
841
723
88398
379747
1266
775
1278
634
216303
178294
1254
1072
900
708
237482
218876
993
759
1052
621
184474
293591
1492
1203
766
1042
118759
324338
782
1116
747
1064
49605
466472
808
1066
624
1604
80197
337631
1219
658
1031
807
165062
468591
1564
1320
1062
966
567
513696
1383
1060
1045
663
28292
401565
1275
786
1260
926
211731
282670
1340
1067
788
747
78070
398747
1610
1080
1051
617
569
521664
1257
815
742
1046
628
540355
821
1439
796
1051
612
460985
906
1085
1061
633
1030
480902
1647
811
1393
619
871
582325
822
825
1068
638
1031
463519
1609
795
1024
632
1003
374136
1095
770
1053
1063
605
520369
1433
1118
1072
735
1015
418132
844
1096
1039
741
617
467686
875
1243
608
1052
607
397137
1456
1105
772
1099
1013
539277
1619
801
1150
616
867
492088
2013
1167
760
622
969
499153
1785
669
1247
745
1025
404874
1641
1062
744
725
895
513623
1204
754
1075
636
1028
510425
1473
778
728
1052
898
573719
960
1452
643
1012
611
583229
1080
1341
755
1016
619
406872
1770
846
1275
791
1041
592592
1414
778
1035
1016
609
467937
1623
800
1132
609
1037
435258
1480
785
1045
892
697
558508
1344
942
714
760
1052
507898
1537
795
1047
630
693
509191
1077
832
1009
1088
637
469220
1014
1735
777
1045
614
516015
893
1131
1061
781
1025
537419
1384
783
1382
795
1051
490565
1054
762
1278
649
1015
391856
2027
835
1193
626
1207
409354
848
754
906
1561
791
496419
1793
808
1045
758
1023
405937
833
1289
1059
783
622
624411
914
1065
628
1165
756
376694
910
1094
785
1017
1016
505644
1388
783
1040
610
984
408887
1486
1063
1130
750
1038
376525
1261
657
1674
1808
33238
373017
1270
1076
827
719
63667
409944
988
766
1084
628
97239
426232
1776
805
625
1001
893
407022
1364
1143
754
1017
597
523118
1059
1180
601
1083
751
391375
1218
659
1063
1036
85011
580867
1343
662
1058
1035
616
506983
2125
837
1036
753
1028
366679
1616
821
1046
933
699
465354
1453
967
1229
617
1032
458999
1381
653
1008
756
602
462191
1092
811
632
1061
771
549034
829
1067
767
1208
640
485518
1454
1162
1039
617
990
484155
1675
1114
1078
622
989
514439
821
980
1053
629
1047
424865
1545
674
1295
988
1038
372131
1075
787
1576
1065
615
531658
1790
803
1064
624
964
354290
995
1126
1040
622
979
480745
827
949
828
1293
801
424048
1345
1117
766
1327
1053
503514
1502
777
1061
618
999
496613
1377
965
1099
761
1028
549420
1491
1074
1048
745
1034
405853
1346
925
847
749
58954
424832
1023
1007
1075
776
10925
544834
1430
1083
625
1003
892
508028
950
1093
970
1026
618
633498
941
1059
955
1044
624
400645
1473
905
1388
784
1034
509742
1344
667
1895
1053
618
447201
1791
855
1020
731
1012
402246
1647
1080
1045
899
674
509960
1333
1044
750
776
1013
460733
1778
674
1520
778
616
398966
1466
840
736
1041
598
574043
1077
1071
747
1050
619
518887
1352
1222
915
1165
1056
375383
1360
780
1019
735
1024
478246
1373
858
1064
626
1400
455871
1641
841
1047
738
999
374502
1286
964
1113
907
721
629535
1782
673
1404
645
1030
391740
1419
1161
909
814
717
562694
995
1079
775
1027
625
339671
830
1908
794
1044
1244
641970
1396
673
1050
772
1008
443671
1631
1074
882
617
1044
475211
1643
650
1070
618
1050
414549
1552
1666
863
740
1049
505937
1143
766
1051
645
1029
456497
1775
816
606
889
885
484835
936
1109
635
1041
603
574160
1180
1258
746
939
687
341642
1291
720
976
868
952
448969
1192
723
947
940
560
480774
1456
778
1219
648
1046
380020
1790
792
1223
905
568
483548
1334
938
1105
740
1024
435535
1761
676
1235
627
702
471897
1750
833
629
1012
604
466881
1303
1299
615
1953
2288
471410
1000
1083
1048
771
1015
432452
1343
773
1259
648
1163
639832
825
953
1081
746
1033
438673
1670
796
1082
640
999
356142
997
905
1090
1027
612
494845
1888
697
993
752
1035
322662
1128
1143
1054
612
686
495846
991
1278
907
1069
629
427306
937
1099
613
1147
1017
546696
1619
830
1042
607
866
459812
1795
1128
744
737
1050
427596
1248
673
1140
751
1021
332385
1734
1100
626
813
1035
463871
1384
1153
1115
617
1352
420295
1409
668
602
1066
1038
532515
819
1383
752
1291
771
599521
1061
1084
771
1061
638
377990
1690
834
1251
804
1039
554340
1589
990
1155
1028
618
416237
1409
1159
1102
755
1013
414429
1803
786
1065
909
571
470621
1781
1094
759
618
991
519051
1630
792
1233
766
616
524951
1726
836
766
1039
608
406647
949
1092
768
1012
607
626211
813
1207
1038
616
1929
464660
1613
649
1225
709
1043
623484
1053
1150
1105
627
1015
439850
1471
797
1073
745
1036
480479
948
811
1092
1026
621
724224
1501
665
884
603
1044
493900
922
1294
1044
642
1163
531886
1113
1057
639
1156
606
402576
812
2016
823
1011
988
638800
1632
825
1044
604
858
495539
1650
1067
870
606
1010
564185
1692
2029
1179
763
1030
380065
1465
1082
736
732
916
565565
1141
794
1035
622
1422
656085
1774
798
614
1208
920
545458
1045
1117
758
1029
629
607155
868
1315
751
1065
756
456850
1466
1020
1335
643
1048
527059
1643
802
1043
909
576
436391
1616
801
1033
626
986
432596
1360
787
1054
1021
642
525823
1384
1065
917
604
1458
442525
1559
633
1047
613
591
475361
1445
791
969
1072
730
432436
915
1111
969
1052
1119
558529
1275
1134
1040
626
960
465948
1457
685
1375
790
1041
598081
1122
765
1037
975
1058
523405
2186
825
1233
618
991
426633
1026
777
1102
1055
606
493238
1307
1025
1155
763
1002
403330
939
1119
1132
611
2227
544255
995
1168
750
1043
740
323720
987
1079
772
1031
1028
591207
1356
780
1223
610
1012
471996
1633
1107
823
738
1021
447191
1424
882
1087
744
1010
375805
1412
1069
955
768
1031
436195
949
775
1050
610
1046
430588
1446
1265
782
1022
896
506428
1289
1124
838
1011
600
460984
1067
1081
980
1027
614
431771
1247
672
1623
917
1015
605876
2158
819
1245
1049
619
551626
1439
782
1446
638
1002
433894
1468
789
1035
1019
637
446159
1471
1070
766
612
999
471629
1647
683
891
4563
886
500669
1492
659
635
1106
779
530569
820
1499
1360
1123
631
508941
1095
1132
1041
918
1075
441385
1413
852
1057
608
979
618462
811
791
1930
786
1028
450708
1598
883
1128
609
856
395154
891
760
1266
1077
614
546536
1428
965
1091
633
992
433748
772
1099
1056
729
590
640536
830
1058
797
1054
639
331528
819
1360
621
1448
1049
534756
1842
665
1269
782
1026
440707
1491
1074
631
607
1032
452100
1779
658
1010
986
1080
480441
1357
1078
771
724
896
510409
989
651
1054
622
2685
516058
1602
783
744
1039
891
585281
975
1109
633
1302
565
655816
876
1055
801
1035
617
393500
1606
796
1315
660
1179
554941
1495
849
1023
1043
618
415347
1605
815
1216
619
1113
452807
1570
786
1265
1035
642
559239
1508
1291
793
612
1029
494859
1250
817
1066
627
709
526938
1502
892
983
1087
756
470766
812
1107
764
1038
620
495078
807
1431
1018
1024
1040
532514
1730
835
1054
634
990
586179
1346
677
1468
737
991
414583
2019
826
1038
744
1038
450511
1346
778
1041
1058
622
613413
1574
677
1461
1516
1069
420027
783
1123
1057
735
605
549883
1074
1375
765
1031
736
314428
990
1082
791
1007
1020
587167
1558
756
1249
692
960
411370
1570
1085
641
721
899
485927
1334
1165
1077
632
1003
353629
1796
952
748
742
1037
522157
1199
1067
1046
645
1367
499300
2223
748
1104
1065
910
536819
998
1297
815
1026
608
535084
810
1128
634
1036
756
320662
1582
792
1029
757
999
509952
1843
824
1230
1015
607
430573
1632
803
1125
624
990
410160
1236
837
1254
903
750
492195
1360
1096
736
603
900
384167
1483
993
1144
764
609
447250
1458
975
814
1033
631
521723
964
1531
745
1272
638
575575
817
1083
1117
739
998
552355
1635
659
1264
753
1030
574188
1010
755
1033
848
1026
434775
1744
802
1156
721
1070
465388
961
759
1051
1246
632
590308
1453
1414
1129
634
1004
428280
1010
1091
1244
771
611
727303
883
1090
625
1211
760
436679
1093
1386
745
1030
998
609191
1348
779
1020
617
970
423938
1271
1242
751
794
1257
428260
1761
652
1465
776
1031
407970
1369
1056
629
1189
916
522407
1341
981
1094
627
1361
503192
1813
817
627
1006
920
523486
1253
1342
800
1014
607
612370
988
1066
772
1035
612
424771
1554
1023
1077
634
1047
567631
1616
800
1028
1041
621
513602
1641
795
1039
617
1028
434465
1266
707
1247
1042
623
505772
1608
1436
758
624
1315
510880
1423
1094
1059
633
624
460543
1218
810
624
1485
807
468532
1209
1063
735
1039
605
551884
872
1263
1256
805
1019
446171
1699
793
1053
613
988
476222
1097
638
1577
619
1059
450838
1309
1104
1305
622
978
418305
889
767
926
1047
762
471296
1747
1006
1529
614
1049
278812
780
1501
1036
614
692
448099
1060
1063
776
1030
613
412584
798
1189
895
1057
1022
588389
1335
783
1016
616
1008
456161
1631
1268
779
608
1013
534189
1261
928
1181
758
1006
439296
1800
1087
629
1150
872
440514
821
764
1054
1084
1059
501019
1352
776
744
1045
913
521879
1034
1137
621
901
563
491928
918
1123
618
1035
613
398033
1516
804
1037
768
999
540461
1484
659
1471
1031
613
424629
1276
791
1017
626
988
443262
1755
663
1726
1054
630
427519
1301
954
753
2544
1311
467637
1284
704
1081
830
720
431746
1781
812
768
1036
627
510018
906
1175
1065
982
573
413603
850
1094
1054
614
1455
517401
1400
784
1022
631
1029
555833
1291
776
1043
645
1027
487894
1966
821
1210
739
1030
392282
1105
821
1060
1099
628
550031
1528
768
1254
789
1032
415983
796
1286
1020
628
723
626071
868
1100
904
1016
614
426438
1491
1097
761
1045
893
549553
1254
731
1336
675
947
492069
1627
1274
751
741
1025
530405
1263
737
1421
631
1046
380352
1784
1105
652
706
903
544180
1044
765
1264
657
1251
454949
1370
782
627
1058
912
422872
960
1281
780
1008
608
653771
928
1332
772
1029
1663
460601
1614
808
1042
749
993
569957
1630
1153
1061
1013
748
439041
1673
701
897
829
1046
302474
1561
762
1238
1009
624
460929
1945
1017
1012
632
1042
435057
1417
1062
1058
616
698
474596
1804
683
622
1104
769
508307
1282
1110
992
1083
625
469452
1004
1065
1014
1095
1041
509746
1673
828
1170
614
855
553698
886
784
1041
761
1019
464188
1799
824
1042
620
1004
351934
1033
751
1261
1076
620
590016
1764
818
1223
634
859
382423
879
1502
1091
736
600
572398
1206
1459
949
1044
748
433533
1109
1321
807
1027
1018
563436
1821
687
1279
636
1041
450170
1279
1052
759
632
985
384868
1601
782
1273
653
1026
394481
1786
961
1160
711
1030
563956
872
754
1047
736
1044
501881
1534
785
606
1092
907
516070
1301
1144
682
1041
602
443660
870
1311
754
1026
733
403466
1239
844
2016
886
1023
540709
1504
783
1049
1033
620
420028
1492
787
1024
748
1014
378937
1798
800
1211
1046
612
568187
1492
1080
743
742
1020
521601
1745
677
1714
776
884
600645
1077
1341
836
1749
2608
694302
815
1118
766
1023
616
625676
833
1135
1045
639
1043
514694
1498
665
1325
3217
1088
571152
1050
802
1661
812
1027
450987
1455
821
1064
831
1659
371176
1005
948
1078
902
596
601079
1458
1063
1038
629
1027
452061
953
1107
1033
772
730
553317
826
1068
793
1031
1272
584364
854
1330
749
1030
1001
712594
1490
777
1245
635
1017
512341
1633
1069
928
607
1001
527157
1632
786
1216
643
1005
460925
1405
1328
1252
744
1458
646079
1210
781
1073
631
1049
577909
1793
821
602
1108
1011
582463
789
1107
758
1029
602
553920
959
1249
772
1023
628
362444
1186
1214
1073
958
1055
597942
1470
820
1037
1027
611
456811
1451
790
1252
631
1077
406952
1263
780
1031
1257
12199
503170
1165
867
1028
612
64158
399227
1176
601
962
589
193327
346025
1002
727
561
1299
215280
314857
752
989
567
1466
208002
308257
744
966
814
1349
132168
415018
1273
773
1048
609
117290
397893
979
935
1082
735
98293
335408
1275
784
1241
636
227983
139502
968
764
1034
929
277859
298622
1252
652
1002
750
301148
120486
932
1085
936
713
363385
311498
813
1057
625
1036
312579
99930
975
1061
634
2989
450230
218952
1237
766
1008
620
189863
196320
1262
1060
959
621
165553
Xput: 12570
