23127620.000000
24137134.285714
21520895.714286
21371427.142857
20730031.428571
21118217.142857
21477145.714286
21598329.047619
18891331.428571
18686467.619048
18389680.476190
18594273.333333
18794711.904762
18213131.428571
20660554.285714
20254590.476190
20228504.761905
20452720.000000
20509318.095238
20507870.476190
20916746.190476
20692063.809524
20375836.190476
20759826.190476
20384156.190476
20702824.761905
20753278.095238
21054222.857143
21095105.714286
20304598.095238
20330666.666667
20320521.904762
20962318.095238
20483348.571429
20698539.047619
20369622.857143
20710436.190476
20499626.666667
20326175.238095
20199664.761905
20257024.761905
20519361.904762
21337632.857143
20641462.857143
21012274.285714
20784321.904762
20738979.047619
20641527.619048
20544407.619048
20526769.523810
20658883.809524
20891243.809524
20746257.142857
20709600.000000
20720521.904762
20674059.047619
20542310.476190
20609415.238095
20876205.714286
20881900.952381
20466780.952381
20715108.571429
20765950.476190
20463518.095238
20495899.047619
20886480.952381
20694697.142857
21308785.238095
20879255.238095
20603763.809524
20402729.523810
24509849.523810
20450758.095238
20420266.666667
20377426.666667
20752662.857143
20845750.476190
21121650.000000
20637440.000000
20594453.333333
20335424.761905
20677212.380952
20299188.571429
20782354.285714
20873702.857143
20758680.000000
20743527.619048
20696232.380952
20598960.000000
20535641.904762
20337476.190476
20609497.142857
20795992.380952
20680222.857143
20595822.857143
20654897.142857
20495259.047619
20569224.761905
20553594.285714
20630321.904762
20670603.809524
20808998.095238
20590329.523810
20714304.761905
20592548.571429
20617607.619048
20512655.238095
20680546.666667
20738758.095238
20910476.190476
20705866.666667
20769828.571429
21244787.619048
20758047.619048
21215715.714286
20679529.523810
20686139.047619
20858260.952381
20806483.809524
20860352.380952
20643392.380952
20708401.904762
22682720.000000
20586714.285714
20586102.857143
20915681.904762
20915521.904762
20687971.428571
20616295.238095
20631668.571429
20618813.333333
20582344.761905
20544274.285714
20718207.619048
23989322.857143
20762398.095238
20674727.619048
20728571.428571
20550352.380952
20460034.285714
20292384.761905
20522331.428571
20769198.095238
20852794.285714
20680925.714286
20630455.238095
20581386.666667
20584022.857143
20411963.809524
20473908.571429
20595841.904762
20732129.523810
20688739.047619
20842758.095238
20765643.809524
20738009.523810
20582245.714286
20561207.619048
20819053.333333
20920504.761905
20711535.238095
20820636.190476
20610110.476190
21103684.761905
20496394.285714
20481213.333333
20553207.619048
21693723.809524
21393684.285714
21803486.666667
21658103.333333
20941308.095238
21362663.809524
22784765.714286
20971559.047619
21938306.666667
21604864.285714
21804214.761905
20817706.666667
21382647.619048
20592476.190476
20686647.619048
20613571.428571
20943412.857143
20845596.190476
20655925.714286
20751230.476190
20620432.380952
21104175.714286
20418904.761905
20379125.714286
20510632.380952
20745078.095238
20824571.428571
20678655.238095
20601417.142857
21014435.238095
20551582.857143
20600131.428571
20524940.952381
20813262.857143
21249304.761905
20971510.476190
21021535.238095
21174430.476190
20719786.666667
24185718.095238
21708571.428571
21060464.761905
21247841.904762
21015588.571429
20988097.142857
21161110.476190
21020520.000000
21473682.380952
21016200.000000
21403361.904762
21516100.952381
21353982.857143
21433988.571429
21356961.904762
21374066.666667
21442078.095238
21133790.476190
21200525.714286
21452253.333333
21573072.380952
21233767.619048
21313596.190476
20762718.095238
21172257.142857
20927657.142857
21069066.666667
21243885.714286
21318080.952381
21069478.095238
21300550.476190
21182274.285714
21500904.761905
21486912.380952
21332403.333333
21226426.666667
21442516.190476
21866235.714286
21417110.476190
21309403.809524
21127220.952381
21250714.285714
21234767.619048
21064647.619048
21253668.571429
21822262.380952
21282253.333333
21166325.714286
21207259.047619
21128921.904762
21076047.619048
21181645.714286
21470916.190476
21571809.523810
21342095.238095
21960858.571429
21061422.857143
20953163.809524
21474434.285714
21034761.904762
21222169.523810
21401291.428571
24005114.285714
22606838.095238
21832921.904762
21724007.619048
21596110.476190
21350960.000000
21223291.428571
21621276.190476
21425693.333333
21376060.952381
21363969.523810
21732987.142857
21027493.333333
21155556.190476
21183440.000000
21343003.809524
21573220.952381
21429094.285714
21354767.619048
21502388.571429
21153320.000000
21304379.047619
21113714.285714
20316235.714286
20360491.904762
19084287.142857
19593318.571429
19065819.047619
18737478.571429
18945288.571429
19362290.476190
18964878.571429
19568198.571429
19411379.047619
18825974.285714
18300040.000000
18590059.047619
19321868.571429
21355409.523810
21556685.714286
21598024.761905
21569276.190476
21433377.142857
21914466.666667
21292994.285714
21421365.714286
21268278.095238
21164184.761905
21740480.000000
21678401.904762
21617956.190476
21459144.761905
21280544.761905
22057197.142857
21191554.285714
21402489.523810
21637720.000000
21959471.904762
21403220.952381
21589750.476190
21543798.095238
21519849.523810
21258862.857143
21451920.000000
21597201.904762
22333660.476190
21848272.380952
21593346.666667
21450739.047619
21393653.333333
21328019.047619
21357100.952381
21119382.857143
21737417.142857
21706415.238095
21905902.857143
22211624.761905
21619459.047619
21508318.095238
21444725.714286
21441190.476190
21486114.285714
21528908.571429
21427249.523810
21451236.190476
21424744.761905
21213712.380952
21292556.190476
21121923.809524
21339982.857143
21624718.095238
21507925.714286
21294222.857143
21388921.904762
21275891.428571
21267118.095238
21028232.380952
21159506.666667
21496272.380952
21447384.761905
21381640.000000
21374146.666667
21170550.476190
21737858.571429
21165352.380952
21325573.333333
21427533.333333
21590939.047619
21471361.904762
21409394.285714
21329377.142857
21187548.571429
21229550.476190
21043146.666667
21350533.333333
21560318.095238
24540698.571429
21395533.333333
21387150.476190
21127152.380952
21391405.714286
21258935.238095
21256238.095238
21526622.857143
21540060.952381
21476005.714286
22060500.476190
21485826.666667
21443704.761905
21176173.333333
21353567.619048
21658748.571429
21527300.952381
21511316.190476
21325607.619048
21340259.047619
21968404.285714
21423207.619048
21344070.476190
21515417.142857
21682706.666667
21683740.952381
21498131.428571
21391020.952381
21253944.761905
21157464.761905
21450841.904762
21201017.142857
21514432.380952
21596238.095238
21422068.571429
21515201.904762
21297668.571429
21354956.666667
21126224.761905
21682404.761905
21695813.333333
21788487.619048
21307843.809524
21320546.666667
21302377.142857
21234163.809524
21246832.380952
21096723.809524
21281361.904762
21549596.190476
21679706.666667
21377815.238095
21405651.428571
21130163.809524
21231889.523810
21200628.571429
20998520.000000
21286881.904762
21816744.761905
21240080.000000
21624331.904762
21149200.000000
21205641.904762
20961481.904762
21071200.000000
21282982.857143
21399720.000000
21161321.904762
21091939.047619
21074059.047619
21396702.857143
21011718.095238
20946841.904762
21079127.619048
23195051.428571
21216769.523810
21061055.238095
21175598.095238
21231276.190476
20991725.714286
20944792.380952
21050608.571429
21191432.380952
21265508.571429
21246499.047619
21288942.857143
21340118.095238
21158005.714286
21162133.333333
21153704.761905
21232186.666667
21387843.809524
21367430.476190
21362561.904762
21329302.857143
21142392.380952
20928213.333333
21181729.523810
21421617.142857
21544752.380952
21434508.571429
21151110.476190
21280735.238095
21129379.047619
21092615.238095
21054329.523810
20873617.142857
21412346.666667
21444066.666667
21304700.952381
21264160.000000
21174340.952381
21179502.857143
21109344.761905
21210780.952381
21275596.190476
21354539.047619
21335540.952381
21321691.428571
21360638.095238
21098104.761905
21109533.333333
21008607.619048
21473674.285714
21368144.761905
21340940.952381
21130158.095238
21142234.285714
21184403.809524
21646013.333333
21024767.619048
20963072.380952
21393078.095238
21550872.380952
21427790.476190
21454432.380952
21113169.523810
21262089.523810
21069055.238095
21330817.142857
21418529.523810
21586379.047619
21332678.095238
21202184.761905
21089622.857143
21200171.428571
20909049.523810
20985140.952381
21263238.095238
21406838.095238
21314847.619048
21255531.428571
21177493.333333
21254668.571429
21096108.571429
21022430.476190
20868615.238095
21447390.476190
21370089.523810
21477017.142857
21428238.095238
21320120.000000
21123510.476190
21199916.190476
21239211.428571
21374693.333333
21466777.142857
21269137.142857
21261196.190476
21312260.952381
21115560.000000
21076872.380952
21093451.428571
21362588.571429
21512358.095238
21490217.142857
21384457.142857
21447047.619048
21270380.952381
21364493.333333
21121540.952381
21147278.095238
21472238.095238
21424811.428571
21302137.142857
21320619.047619
21113040.000000
21117539.047619
21026116.190476
21151971.428571
21313908.571429
21478481.904762
21194007.619048
21362222.857143
21336847.619048
21100420.952381
21084114.285714
21053485.714286
21328133.333333
21528931.428571
21503264.761905
21174596.190476
24232813.333333
23758920.000000
22427091.428571
22030687.619048
21673487.619048
22097360.000000
22081914.285714
21932285.714286
21825523.809524
21867706.666667
21810460.952381
21638358.095238
21856428.571429
21954998.095238
21991243.809524
22007586.666667
21920878.095238
21909813.333333
21801674.285714
21633213.333333
21583053.333333
21875264.761905
21960424.761905
22006777.142857
21765190.476190
21831760.000000
21923880.000000
21806883.809524
21636407.619048
21577558.095238
22093190.476190
22196687.619048
22030224.761905
22535020.000000
21846870.476190
21780752.380952
21692396.190476
21822790.476190
21943240.000000
22137514.285714
21886849.523810
21872445.714286
21935323.809524
21659977.142857
21525302.857143
21585400.000000
21647643.809524
21908030.476190
21799988.571429
21921975.238095
21960969.523810
21736051.428571
21637333.333333
21372064.761905
21439977.142857
21845891.428571
21815900.952381
21791091.428571
21721714.285714
21532068.571429
21637544.761905
21432384.761905
21719596.190476
21598754.285714
21768742.857143
21605765.714286
21627571.428571
21715944.761905
21644121.904762
21303655.238095
21438220.952381
21663040.000000
21769786.666667
21704310.476190
21537365.714286
21551779.047619
21502447.619048
21298114.285714
21413801.904762
21267904.761905
21608735.238095
21692144.761905
21570285.714286
21657302.857143
21455769.523810
21333028.571429
21271262.857143
21352908.571429
21512920.000000
21952782.380952
21540712.380952
21514167.619048
20676715.714286
20362425.714286
20977768.571429
20436434.285714
19315710.000000
18836501.428571
19274926.666667
19462068.095238
20521757.142857
19169135.714286
18956834.761905
19735735.238095
19002154.285714
19156867.142857
21522276.190476
21340592.380952
21674914.285714
21850392.380952
21873556.190476
21806700.952381
21760889.523810
21494596.190476
21512320.000000
21328407.619048
21431910.476190
21896876.190476
22020590.476190
21903278.095238
21995150.476190
21920700.952381
21715908.571429
21525158.095238
21616188.571429
21873895.238095
22025977.142857
21844660.952381
21835558.095238
22167457.142857
21680468.571429
21628201.904762
21498375.238095
21719207.619048
21822626.666667
21842556.190476
21999440.000000
21886763.809524
21694617.142857
21570424.761905
21540619.047619
21600243.809524
21980569.523810
22098371.428571
21860897.142857
21899657.142857
21909026.666667
21777800.000000
21781078.095238
21683072.380952
21841175.238095
21911761.904762
21819443.809524
21947331.428571
21644070.476190
21437401.904762
21538662.857143
21428843.809524
21666259.047619
21805942.857143
21666310.476190
21777531.428571
21713095.238095
21494266.666667
21606478.095238
21391299.047619
21581900.952381
21719133.333333
21822470.476190
21741314.285714
21821413.333333
21560443.809524
21545674.285714
21465847.619048
21302276.190476
21594219.047619
21832849.523810
21714361.904762
21701546.666667
21609106.666667
21409405.714286
21621845.714286
21371569.523810
21625967.619048
21752093.333333
21819493.333333
21698771.428571
21683302.857143
21510190.476190
21498916.190476
21421588.571429
21598632.380952
21841630.476190
21826723.809524
21539394.285714
21900030.476190
21432009.523810
21578571.428571
21252306.666667
21365283.809524
21717120.000000
21897540.952381
21500628.571429
21640525.714286
21349032.380952
21284904.761905
21198542.857143
21248238.095238
21343327.619048
21574377.142857
21592916.190476
21515878.095238
21496175.238095
21317281.904762
21142392.380952
21179824.761905
21322691.428571
21666773.333333
21798758.095238
21523272.380952
21605866.666667
21637419.047619
21567950.476190
21326940.952381
21201824.761905
21518969.523810
21759862.857143
21471662.857143
21631533.333333
21489116.190476
21378721.904762
21560620.952381
21357466.666667
21273706.666667
21403196.190476
21459466.666667
21494129.523810
21442091.428571
21115739.047619
21151539.047619
21066836.190476
21225331.428571
21385114.285714
21353038.095238
21266512.380952
21302708.571429
21249752.380952
21197533.333333
21123960.000000
21058457.142857
21470220.952381
21522428.571429
21287689.523810
26011647.619048
21353689.523810
21428971.428571
21380196.190476
21198041.904762
21261998.095238
21442826.666667
21518306.666667
21644927.619048
21546908.571429
21320628.571429
21270958.095238
21337885.714286
21349662.857143
21761805.714286
21753346.666667
21682973.333333
21680045.714286
21604998.095238
21584748.571429
21311447.619048
21370542.857143
21651060.952381
21753933.333333
21774859.047619
21739681.904762
21639293.333333
21490603.809524
21667697.142857
21465491.428571
21555493.333333
21699500.952381
21829000.000000
21746358.095238
21617251.428571
21530394.285714
21351051.428571
21285636.190476
21433060.952381
21682729.523810
21702855.238095
21374893.333333
21589577.142857
21489373.333333
21353211.428571
21379180.952381
21211680.000000
21542525.714286
21797386.666667
21561287.619048
21573104.761905
21451700.952381
21288131.428571
21434013.333333
21281146.666667
21517765.714286
21666731.428571
21477883.809524
21488784.761905
21609504.761905
21286910.476190
21278426.666667
21124169.523810
21301380.952381
21533040.000000
21606059.047619
21419702.857143
21449196.190476
21243695.238095
21347264.761905
21073900.952381
21048417.142857
21487188.571429
21757066.666667
21408057.142857
21548881.904762
21357476.190476
21257908.571429
21189908.571429
21083750.476190
21132662.857143
21296198.095238
21427001.904762
21540986.666667
21421716.190476
21207146.666667
21115274.285714
21236554.285714
21109308.571429
21340933.333333
21388704.761905
21275038.095238
21326525.714286
21420836.190476
21273224.761905
21196702.857143
21021560.000000
21248085.714286
21508001.904762
21318022.857143
21511982.857143
21261480.000000
21107114.285714
21249868.571429
21167746.666667
21239116.190476
23923485.714286
22642135.238095
22591598.095238
22144346.666667
21705916.190476
21716304.761905
21667316.190476
21852514.285714
22250285.714286
22166560.000000
21894415.238095
22045076.190476
21928367.619048
21931921.904762
21630384.761905
21664001.904762
21967047.619048
22093986.666667
21999817.142857
22078398.095238
21990005.714286
21761632.380952
21835540.952381
21606120.000000
26551153.809524
21963030.476190
