44863251.428571
31524767.142857
30783474.285714
28328635.714286
28628665.714286
30301111.428571
27547725.714286
27572081.428571
28261431.428571
27304699.047619
28889334.285714
26642178.571429
26565378.571429
28517678.571429
32167685.714286
27171603.333333
27197645.238095
28790412.380952
28767331.428571
29815950.476190
28049939.523810
31412233.333333
28085540.952381
29395099.047619
28966813.333333
28408314.285714
29127394.285714
27465977.142857
30790420.952381
28072229.523810
29326912.380952
29107911.904762
29024251.428571
27904151.904762
30326523.333333
28641777.142857
29709681.428571
28649441.904762
28463373.333333
33172137.142857
33576422.380952
28533351.904762
27433672.380952
27980345.714286
28027097.142857
29818678.095238
29114506.666667
27670466.666667
27978453.333333
27857148.571429
28887990.476190
30212624.761905
30543713.333333
28764044.761905
29026394.285714
30716866.666667
30208520.000000
28605547.619048
28661405.714286
28968852.380952
27587184.761905
27912606.666667
27891377.142857
28535996.190476
28491523.809524
29753858.095238
32334248.571429
30384752.857143
31759800.000000
30172367.619048
29971407.142857
29720519.047619
30329122.857143
28921019.047619
31402445.714286
28507988.571429
30067330.476190
28490117.142857
30313125.714286
28771924.761905
28332518.095238
28178300.000000
30029322.857143
28363768.571429
29934440.000000
29060149.523810
28751195.238095
29356980.952381
30367453.333333
29623488.571429
29049532.380952
28291116.190476
27928107.619048
27591833.333333
27872217.142857
27732214.285714
30902569.523810
27178542.857143
28150035.238095
27892023.809524
29254082.857143
28357795.238095
31111982.857143
28512168.571429
28848918.095238
28423303.809524
29764517.142857
28686376.190476
28266399.047619
27995999.047619
28353568.571429
29111483.809524
28063596.190476
28191463.809524
27357000.000000
28905060.952381
28462217.142857
29983611.904762
27911609.523810
28610820.000000
28839767.619048
28946412.857143
30202400.000000
29881547.619048
28607069.047619
28443289.047619
29749303.809524
29086841.904762
27791985.714286
27654353.333333
28015557.142857
30839180.952381
28274882.857143
27476220.000000
28793284.761905
28729640.000000
26515020.000000
28405957.142857
28377990.476190
28639282.857143
29850917.142857
27891269.523810
30244302.857143
28262847.619048
29336582.380952
27665321.904762
28866682.857143
28227430.476190
28830728.571429
30773579.047619
28431397.142857
28589961.904762
28522379.047619
28792349.523810
28383229.523810
29632078.095238
30310240.000000
27839151.428571
28512048.571429
28652855.238095
27500885.714286
27875808.571429
27906884.761905
29060005.714286
28080291.428571
28068344.761905
27720617.142857
28907336.190476
28074094.285714
28633280.000000
28517845.714286
28880145.714286
27963780.952381
28895668.571429
29032551.904762
29002777.142857
30360823.809524
29525412.380952
28323633.809524
29023416.666667
28485364.761905
28884140.000000
27735417.142857
29878574.285714
28423405.714286
28443638.095238
28235619.047619
30135820.952381
28343070.476190
28573116.190476
28833727.619048
28085450.476190
28172099.047619
28509023.809524
30457647.619048
27363005.714286
29515254.285714
27408263.809524
27520764.761905
29947427.619048
29357431.428571
28562333.333333
28360637.142857
30294466.666667
30120653.333333
28463541.904762
28241617.142857
29443036.190476
27673602.857143
27556822.857143
28058680.000000
29234997.142857
28182955.238095
28937537.142857
28073821.904762
27780167.619048
30042243.809524
28920451.428571
31301000.952381
31329057.142857
28311535.238095
28663301.904762
28817385.714286
27855020.000000
28944827.619048
28213940.952381
28170530.476190
28798853.333333
27158816.190476
28234091.428571
28195015.238095
27427294.285714
27260457.142857
30244645.714286
28371398.095238
29975180.952381
28701056.190476
29548091.428571
29680955.238095
28534963.809524
28700964.761905
28831504.761905
27965311.428571
30824962.380952
31850846.666667
29144336.190476
27649808.571429
27865316.190476
28776948.571429
30719965.714286
28959814.285714
28357923.809524
28717440.000000
28737580.952381
28594920.952381
28990893.333333
28720069.047619
28272436.190476
28378740.000000
27822981.904762
27844053.333333
29286938.095238
27531972.380952
30502607.619048
27819602.857143
27408958.095238
27997806.666667
28601860.000000
29035676.190476
28439944.761905
28815284.761905
28554273.333333
28163037.142857
29627430.476190
28098898.095238
27819334.285714
27957630.476190
28107450.476190
27690920.000000
28187512.380952
27557669.523810
28696839.047619
29738964.761905
30634970.476190
30006855.238095
30297278.095238
27818319.047619
26849167.142857
27179944.285714
26754654.285714
27703131.428571
26627555.714286
27112561.904762
29779058.571429
26561045.714286
26700650.000000
28882970.000000
25996659.523810
26389940.000000
26056332.857143
25545680.000000
27223800.000000
28326019.047619
27586911.428571
28982218.095238
28743756.190476
28854639.523810
27607919.047619
27616690.476190
30424540.000000
28268261.904762
28467092.380952
28518240.000000
29491501.904762
27601948.571429
28724461.904762
29038317.142857
27741873.333333
27767123.809524
27995579.047619
28674204.761905
28415970.476190
28841308.571429
28164575.238095
28230730.476190
29534647.619048
29030800.000000
28403546.666667
30555338.095238
28254825.714286
27681981.904762
28164201.904762
29768582.857143
35579347.619048
29538604.761905
28607460.000000
28494437.142857
31539251.428571
29428639.047619
29531588.571429
29776788.571429
29158162.857143
29901007.619048
29619569.523810
29481789.523810
28924565.714286
27674299.047619
27905920.000000
28022109.523810
28010460.000000
28254054.285714
27768172.380952
29050481.904762
27864026.666667
29923949.523810
31191587.619048
28037594.285714
28906707.619048
28753175.238095
29113535.238095
28542100.000000
28723633.333333
28052219.047619
29779480.952381
29843494.285714
27848622.857143
29402980.952381
30247034.285714
28290849.047619
27736450.476190
30324043.809524
28687599.523810
28442039.523810
30184813.333333
28670942.857143
28692952.857143
28415415.238095
27014218.571429
27382369.047619
27362084.285714
27695212.380952
27990304.761905
30475233.809524
28011795.238095
27776983.809524
28378328.095238
28078911.428571
28970234.761905
28066780.952381
28168610.476190
28240119.047619
28225887.619048
28471178.095238
29703504.761905
28465385.714286
29099547.142857
29761492.857143
28873251.904762
28052562.857143
27558416.190476
27257701.904762
29766478.571429
27490793.809524
28297622.857143
28904860.952381
28474124.285714
27162881.904762
28870006.190476
28351011.428571
30226975.238095
28350326.666667
27778770.000000
27070674.761905
27687388.571429
30324241.904762
29642525.238095
28953491.428571
27858799.523810
27592188.571429
29291100.952381
27544915.238095
29562090.952381
31363785.238095
30574976.190476
29354160.000000
29237023.333333
30899861.904762
29137830.952381
28594074.285714
28097302.857143
30639238.095238
27926391.904762
28286954.761905
28519723.333333
27853787.142857
28044514.761905
27886351.428571
29498100.476190
27482879.047619
26848795.238095
30384054.285714
27941715.714286
28902040.476190
28127340.476190
28300611.904762
28659702.380952
27386467.619048
29379283.333333
29704053.333333
29468844.285714
28016292.857143
28076164.285714
27477381.428571
28369899.523810
28293494.761905
28583274.761905
31074265.714286
29263361.428571
28523515.238095
28451920.476190
28153210.952381
28868880.476190
28470326.666667
27612574.761905
28447611.904762
27635003.333333
29179045.714286
27954756.666667
27384940.952381
27674594.761905
28178767.142857
27853176.666667
28624885.238095
28803489.047619
28799101.428571
30992825.238095
28141185.714286
28042144.285714
28410526.666667
28896685.238095
27428233.333333
30800332.380952
29580695.714286
28031193.809524
27645449.047619
30629411.904762
29378608.095238
29154037.142857
28202632.380952
29641282.380952
28216033.809524
31145918.571429
28684742.380952
30360962.380952
28562469.047619
27649149.047619
29170452.380952
28347564.761905
29107585.714286
27856243.333333
28319669.047619
29063881.428571
28672423.333333
27727993.809524
28219670.952381
28980414.761905
31298901.428571
28300839.047619
29457967.619048
28844142.380952
27724525.238095
28941329.047619
30453445.238095
29033371.904762
27657506.190476
27826586.190476
28026334.761905
27580724.761905
29518228.571429
27738112.857143
29913482.380952
30226983.333333
28458702.380952
28265056.666667
28192081.428571
28754557.619048
30375351.904762
28492490.476190
28836316.190476
27572917.619048
28491574.285714
27696567.142857
27621648.095238
27757269.047619
29489596.666667
27572150.952381
29071130.000000
28061649.523810
28602221.904762
28781490.952381
28349103.333333
28691648.095238
28768790.952381
29024258.571429
28300295.714286
28807021.428571
27947723.809524
28814455.238095
25766325.714286
30394215.714286
27146274.761905
28560164.285714
27340312.857143
27660508.095238
28356902.380952
28497084.285714
28635733.809524
28764510.476190
27725839.047619
31035133.809524
27907864.285714
28200836.666667
28291783.333333
27520193.809524
28370142.857143
27234030.000000
28764050.952381
27865863.809524
28177486.666667
27880145.238095
28460690.000000
28248954.761905
29387207.142857
27733990.000000
29809748.095238
28322573.809524
28517754.761905
28410276.190476
30624661.904762
28405817.142857
27430069.047619
27973356.666667
27599860.000000
29687777.142857
27273072.380952
29853494.285714
27365838.095238
30187316.190476
28624890.476190
28177190.476190
28210606.666667
27632460.952381
28074896.190476
28307555.238095
28332867.619048
28692084.761905
28868336.190476
28814355.238095
30739069.523810
29339755.238095
27470699.047619
27178828.571429
28291783.809524
27945249.523810
29550818.095238
28464345.714286
27926434.285714
29460713.333333
28869300.952381
30999477.142857
28068400.952381
27640543.809524
27335481.904762
27513179.047619
28578253.333333
27623864.761905
28055581.904762
28905629.523810
27388639.047619
29027068.571429
28393664.761905
28536475.238095
30223442.857143
27907205.714286
28076170.952381
30300178.571429
28798476.190476
28673479.047619
28591910.476190
28886988.571429
28295501.904762
27775552.380952
27842645.714286
28148936.190476
28202846.666667
28147172.857143
27524934.285714
29363000.476190
30471954.285714
28759992.380952
28373347.619048
28554639.047619
28779798.095238
28508574.285714
29761743.809524
28260427.619048
29728605.714286
29127094.285714
29903280.000000
28155768.571429
27723121.904762
29492494.285714
28210164.761905
29746160.952381
30252723.809524
30949540.952381
28692515.238095
28313002.857143
28115007.619048
28041822.857143
28337202.857143
29399754.285714
29990419.047619
27444617.142857
28007621.904762
27050115.238095
27492122.857143
28675934.285714
27289791.904762
26215875.714286
28388909.047619
26287907.619048
27763425.714286
28420328.571429
27102752.857143
26531240.000000
26663167.142857
27871990.000000
27518725.714286
29164343.809524
29761569.523810
27899933.333333
27462351.428571
28814274.285714
27704605.714286
28179380.952381
28697146.666667
28300165.714286
28197952.380952
30057810.476190
29935741.904762
28476894.285714
29142038.095238
27895749.523810
28007875.238095
27284114.285714
27445239.047619
28956736.190476
29913150.476190
28845604.761905
27868952.380952
28887061.904762
29729082.857143
28281835.238095
29185759.047619
29291900.952381
29324685.714286
27853207.619048
31660823.333333
30481583.333333
30144009.523810
31725941.904762
29906677.142857
29332477.619048
28087115.238095
27732494.285714
28462351.428571
28485617.142857
27939192.380952
27513971.428571
28617539.047619
28693009.523810
28489391.428571
29182990.952381
28985697.619048
27920337.142857
29164735.238095
27985947.619048
28134242.857143
27173965.714286
29137859.047619
29300137.142857
27030473.333333
30265264.761905
31161147.619048
28639297.142857
29657832.380952
29575503.809524
28089865.714286
27515423.809524
28228756.190476
27598506.666667
29450210.476190
27154482.857143
28369600.000000
27109651.428571
29315562.857143
27529327.619048
27464010.476190
27037888.571429
28343637.142857
27352926.666667
28708154.285714
27534103.809524
28431122.857143
28305088.571429
28181240.952381
27974997.142857
27987485.714286
28767532.380952
27644320.000000
28400003.809524
27998435.238095
30145204.761905
33028200.952381
30392231.428571
30792652.380952
29356187.619048
29183780.000000
29467640.952381
28859440.000000
29533501.904762
29880061.904762
29552506.666667
28749758.095238
29315225.714286
28958854.285714
32006406.666667
29101972.380952
28879641.904762
29020393.333333
30758734.285714
28648878.095238
31748831.428571
29455313.333333
29740342.857143
28222294.285714
28597632.380952
27877912.380952
28716923.809524
27890406.666667
29925731.904762
28730642.380952
28321892.380952
28274214.285714
29025906.666667
28653744.761905
27876074.285714
29283420.952381
27720204.285714
29468476.666667
28478129.523810
29063833.333333
30483334.285714
29445138.095238
28864972.380952
28344720.000000
27297932.380952
28061126.666667
28277930.476190
28864803.809524
28231364.761905
30759503.809524
27735277.142857
28179489.523810
27273256.190476
26970227.619048
28390385.714286
27914424.761905
30361996.190476
30835910.476190
28153743.809524
27883140.000000
29751667.619048
28413450.476190
28036293.333333
27502640.952381
28038159.047619
28843114.285714
28843524.761905
27670471.428571
28129000.952381
28671753.333333
29666854.285714
29810377.142857
30198289.523810
28063449.523810
28191272.380952
28363005.714286
28491707.619048
28724708.571429
28100194.285714
28154275.238095
30396640.952381
27665928.571429
29490045.714286
27530240.000000
28297667.619048
27395678.095238
30335721.904762
27556113.333333
29739544.761905
28070603.809524
28826056.190476
27472718.095238
28621260.952381
27827811.428571
28123367.619048
28177774.285714
30299722.857143
27516512.380952
28156530.476190
27725668.571429
30465403.809524
27400500.000000
27436651.428571
28282811.428571
28678615.238095
28570656.190476
28267119.047619
27944192.380952
28713549.523810
30980640.952381
28202861.904762
30566290.476190
28120845.714286
27732529.523810
29724947.619048
26977020.952381
28826009.523810
27426387.619048
27631613.333333
28628151.428571
28107536.190476
28996504.761905
28370308.571429
28234147.619048
28127795.238095
28077398.095238
28735329.523810
30295632.380952
29519844.761905
31885598.095238
27749970.476190
27970294.285714
28974932.380952
29511325.714286
30362692.380952
29553020.000000
27633493.333333
29265897.142857
29045175.238095
29110566.666667
27771249.523810
28414300.000000
28290392.380952
28640398.095238
28439437.619048
27974264.285714
29823446.666667
29675562.857143
30620548.571429
27825706.666667
27350306.666667
29655509.047619
28669850.000000
27910819.047619
30290989.047619
27488009.047619
29484500.952381
28332707.619048
29234681.904762
28427892.380952
29418382.857143
28552067.619048
27691777.142857
27818549.523810
30496511.428571
27479163.809524
28611549.523810
27765707.619048
27517911.428571
27225826.666667
27416940.000000
29447466.666667
28395807.619048
28094111.428571
28693126.666667
28493103.809524
28669921.904762
28008128.571429
28255309.523810
28045470.476190
27305746.666667
28628147.619048
27637787.619048
30281580.952381
27131500.952381
28483980.000000
27478508.571429
27838065.714286
27675694.761905
29275030.952381
