2029
920
1128
656
1222
1133
957
902
637
920
586
1185
646
948
772
1050
637
4765
987353
1232
1021
762
969
37193
934206
784
1030
601
1003
951150
1248
1098
1125
804
1075
1021074
2396
1189
1105
644
1074
31088
940037
974
1150
960
915
969746
1692
900
1101
885
1086
26937
959095
1235
901
1053
775
975924
1053
1639
827
1089
640
30668
941731
1331
797
1276
990
977285
1706
830
1095
639
906
983031
1717
1194
804
670
1321
1053148
1347
807
1104
653
1044
29273
1050478
1112
837
651
1126
34794
8640
1008184
1310
685
1064
33945
1005778
830
777
1115
1101
29522
10814
1008500
840
1125
654
1041690
985
1110
801
1116
774
31632
1023937
980
1110
655
1341
1056734
1723
1069
1116
1078
649
1089408
1639
1111
1124
646
1037
29267
1050269
1058
1140
1090
952
29309
1006949
1123
795
640
1101
31303
996850
844
1109
977
763
32785
1013324
1253
804
1106
664
31292
9478
1016740
819
1122
640
30697
1005781
1476
1123
711
1058
30572
1070384
821
1102
648
1422
1043722
1550
816
1123
648
1357
1033910
1801
1003
1118
655
1044
28190
1011778
1172
1090
892
687
1042562
1368
801
1252
762
1062
29670
1005793
1370
973
637
662
1050056
844
1144
1004
1172
644
31461
1005911
1385
807
1077
993
1045317
1768
1139
1113
769
1079
1054393
1360
1126
686
726
951
1058113
1351
817
1117
650
1035
29481
1006786
1131
803
642
1114
30443
11637
1015792
1769
705
1090
34248
1009209
923
786
1117
1183
34134
9410
998281
823
1128
649
1049915
904
1097
649
1090
992
28977
1005874
997
1111
654
1070
1035390
1819
1116
1118
1098
640
1077260
1814
924
1237
658
1046
30440
1015829
874
1104
1109
666
32200
1039055
1132
793
649
1104
33593
973225
836
1111
650
1256
34889
1041953
1227
787
1344
672
32304
9767
989487
826
1131
782
34291
1032705
1326
1114
1815
1111
32742
1018520
864
1102
656
1422
1058596
1318
1073
1173
661
1091
1043252
1362
846
1107
651
1061
29558
1066828
1107
1156
999
676
1044347
1492
694
1096
799
1072
33016
1011275
1387
988
616
1321
1027500
1042
1124
809
1113
648
32943
1012359
1346
807
1303
992
1039837
1722
1058
1328
658
921
1048438
1780
1217
803
637
1041
1033080
1355
808
1129
658
1042
32484
1068948
1132
804
640
1118
30063
10464
1001122
1300
685
1046
30901
1030028
879
766
1118
1099
33885
10666
1037429
816
1121
649
1038363
846
1121
794
1105
640
32098
1032019
918
1043
615
997
1049099
1808
781
1035
1000
594
1055483
1646
1092
1113
771
1070
29251
1010273
826
1108
1130
660
30515
1006138
1125
796
789
1098
31659
1017596
832
1105
653
805
32724
1055364
1043
781
1091
659
33182
10023
987788
814
1172
656
33322
1021344
1442
1106
650
1384
31413
1008280
825
1101
650
1206
1075538
1016
1056
1120
651
1093
1076437
1815
1123
1119
796
1114
30019
1011216
1179
1168
970
1196
1040566
1717
1058
1317
657
1083
30491
1023374
1392
978
614
919
1030322
1660
1208
678
1164
774
30564
1021650
1286
623
1012
900
1070067
1795
1155
1122
769
1079
1026804
1704
1175
848
759
963
1045785
1254
746
1006
595
960
28741
1090312
1128
822
651
1112
31986
8255
1078868
1289
687
1082
35704
1060277
823
769
1115
1090
28778
11296
1081515
816
1153
649
1065982
851
1146
986
1117
644
31654
1052630
988
1130
660
962
1041921
1355
805
1287
1064
638
1065687
1479
699
1059
818
1094
30295
1024046
823
1103
976
833
33235
1023970
1120
795
635
1172
30487
1031400
822
1095
654
996
36384
1050675
991
780
1310
667
30524
7949
1012622
810
1134
789
31750
1023873
1356
1100
657
1302
30518
1026631
836
1154
649
1103
1051572
1389
1048
1113
770
1066
1045293
1697
827
1116
650
1038
29977
1020825
1172
1170
1080
768
1077147
1337
673
1278
668
1045
30962
1062672
1471
988
610
1084
1055868
976
1118
794
1111
650
29276
1010669
1395
803
1076
969
1061394
1350
809
1077
642
946
1102602
1367
1113
833
722
955
1047906
1498
822
1108
647
1038
32225
1035034
1131
795
796
1095
32273
8516
1069068
1292
683
917
32801
1035730
828
768
1115
1106
32689
8656
1023151
813
1128
646
1077412
996
1390
665
930
666
36229
1016722
1019
1126
664
1073
1083626
1629
1102
1136
1087
646
1057137
1523
808
1089
770
1075
28178
1029304
954
1125
1121
1000
34513
1057761
1171
801
782
1106
31732
1059194
891
1122
649
1343
34125
1060975
979
664
1111
1138
32021
8846
1031338
814
1124
648
34598
1022849
1381
1107
651
1298
30330
1066743
977
1118
655
1674
1058480
1312
1286
1136
780
1090
1042127
1792
1129
1136
773
1087
32942
985509
1104
1153
975
759
1070481
1531
669
1660
792
1070
33776
1010778
1420
982
655
634
1043550
1014
1114
656
1102
770
31713
1033848
1391
804
1099
969
1082360
1792
1117
1117
649
910
1063507
1340
1113
796
641
1045
1102883
1997
866
1094
657
1044
30383
1027377
1442
816
665
1095
33409
8997
1013395
1316
710
1083
35704
1054288
828
766
1119
1095
28453
11827
1051387
810
1114
651
1070445
929
1311
1002
1112
636
31712
1076779
1034
1126
649
1174
1065372
1800
1131
1112
1082
758
1066715
1701
1058
1099
654
1330
29887
1012607
1267
1186
1115
795
31582
1077338
1126
801
645
1167
31536
1063408
827
1103
664
921
32656
1022880
1220
769
1224
662
32050
12284
1040140
814
1119
642
34113
1035588
1461
1102
657
1482
29161
1064674
821
1103
647
1115
1040958
1193
789
1214
653
1095
1064263
1729
1070
1124
788
1063
32654
1029695
1136
1196
978
737
1054436
1719
904
1270
774
1086
30843
1023670
1292
978
774
771
1032856
1017
1170
820
1103
642
29946
1010030
1334
800
1080
971
1083887
1445
868
1105
644
1036
1046971
1666
1306
801
776
1083
1065168
2529
1247
1150
677
1044
32282
1033160
1401
821
659
1082
30174
9595
1023824
1318
700
914
31274
1006566
987
790
1008
1120
34576
9382
1030372
869
1158
803
1076295
1328
1204
811
1106
766
32421
1066372
992
1122
653
1555
1037420
1762
1102
1344
1104
657
1121483
1727
1090
1112
652
1090
29550
1012882
818
1094
963
963
33359
1049927
1121
843
647
1115
29421
1041198
825
1107
660
976
29633
1013721
978
771
1085
656
33391
9891
1054050
805
1130
643
33019
1060999
1673
1135
651
1049
33635
1025217
821
1101
648
1178
1076415
1315
697
1125
772
1089
1079142
1668
1040
1123
643
916
28112
1005870
1178
1194
1267
768
1079104
1527
879
1103
772
1062
32864
1027366
1385
983
650
631
1078830
817
1111
656
1092
790
31510
1061210
1564
809
1121
1085
1052737
1356
808
1080
649
938
1151799
1964
1148
666
760
1060
1132065
1660
1005
1099
708
1053
27993
1127434
1229
796
648
1102
30718
9189
1026885
1302
683
1509
36878
1065068
1532
849
1145
1293
31411
9955
1015748
810
1127
643
1080658
1043
1140
678
1089
639
30345
1028760
1226
1111
663
1078
1060444
1426
775
1293
1097
646
1073117
1401
900
1092
646
1076
34166
1022716
973
1115
1116
674
30596
1085985
1127
806
633
1110
31020
1024512
827
1106
660
938
33183
1049315
1575
827
1109
675
32355
10952
1080519
796
1154
653
31907
1062686
1315
1119
671
1048
32873
1027719
829
1098
648
1123
1093779
1092
879
1135
685
1101
1055981
1573
819
1094
656
1052
30669
1084957
934
1156
984
729
1042185
1766
1107
1119
652
1038
34652
1058199
1751
1143
774
642
1055330
962
1140
664
1091
639
30895
1067509
1407
806
1075
1125
1067034
2231
872
1091
1022
928
1038595
1401
1119
664
1088
913
1044073
1344
819
1218
648
1086
29574
1026968
1118
807
643
1105
33394
7722
1004803
1294
680
1225
35011
1015726
1013
769
1104
1089
35411
8755
1038463
818
1142
643
1048252
849
1123
845
1095
643
33080
1053719
1000
1120
1003
958
1066547
1689
1060
1116
963
616
1053025
1685
1072
1245
651
1040
28178
1069699
824
1102
1115
662
29968
1020311
1123
797
786
1093
28006
1043129
827
1096
648
947
31276
1029479
1258
787
1089
774
30373
9484
1012988
813
1115
786
31972
1021514
1329
1115
661
1438
31792
1015636
829
1116
644
1181
1079550
1208
1021
1166
653
1468
1041659
1666
985
1099
791
1069
27769
1074867
980
1172
1317
643
1070853
1625
801
1096
800
1093
30366
1024309
1482
1112
656
801
1058327
822
1112
653
1105
1100
33324
1017714
1342
795
1075
968
1072375
1526
797
1099
759
1068
1098423
1691
1131
674
748
964
1066728
1796
1458
1137
658
914
31971
1018294
1142
841
773
1105
32607
7517
998645
1333
676
1327
33185
1044507
820
777
974
1220
28359
11563
1034753
814
1112
645
1041435
975
1352
842
1106
636
28928
1049367
991
1127
659
1595
1068807
1666
985
1134
1082
655
1100860
1421
791
1086
637
1048
26148
1022569
876
1159
1100
804
26312
1035449
1280
691
719
1327
29101
1048070
1033
1098
655
916
30273
1007542
988
797
1082
1019
28839
10000
1010734
809
1134
657
33329
1043555
1346
1105
660
990
31079
1024531
821
1099
651
1186
1053702
1022
776
1091
774
1086
1060549
1887
1047
1105
642
1045
32803
1031401
1264
1189
974
999
1041178
1475
801
1106
650
1079
35028
1050382
1319
974
708
781
1037381
811
1114
792
1260
773
30810
1078086
1757
819
1273
974
1073539
1336
813
1126
664
1036
1062669
2247
1190
783
642
1041
1067543
1831
1259
1132
652
1395
28975
1026517
1132
805
641
1107
30825
9413
1031491
1302
690
1064
34304
1040155
931
767
973
1187
32551
8833
1000016
815
1132
654
1087211
983
1198
668
1137
776
33057
1018305
997
1125
651
1071
1055095
1350
818
1261
1083
642
1092499
1684
1068
1133
648
1041
29469
1016458
1024
1112
1119
804
32792
1031295
1169
677
625
1469
31203
1032928
1248
1142
663
1745
30642
1019424
1015
788
1117
783
28801
9341
1077922
947
1134
652
33116
1021897
1696
1132
717
1990
32592
1032655
1010
1276
1286
1110
1059354
999
932
1123
661
5444
1064036
1647
824
1150
690
2013
30720
1045006
962
1419
1110
647
1026336
1370
751
1077
789
5139
29286
1062923
1785
1097
1289
636
1067844
1137
1266
652
1287
3302
25087
1022762
1337
812
1099
962
1088998
1737
871
1252
661
926
1051423
1305
993
1069
2795
1111
1114226
1348
943
3917
827
1324
30257
1058694
1426
735
986
1134
28936
8844
1015570
1353
706
1057
33564
1038696
1375
891
961
1221
29897
9036
1041570
989
1130
797
1038225
871
1170
808
1093
653
28270
1023058
1105
1275
815
1103
1076266
1750
691
1550
1135
1889
1050836
1529
986
1199
662
1079
27241
1067723
1035
1149
1119
784
27926
1014656
1420
1029
655
1128
31824
1025634
1001
1304
840
767
28908
1036795
1107
955
1141
661
28162
13482
1030648
843
1144
806
29033
1020617
1377
1236
666
1046
30141
1061468
1016
1139
786
1083
1066614
1023
786
1203
646
1524
1053026
1482
925
1272
1050
1081
28421
1054775
981
1175
1293
653
1094583
1810
904
1122
652
1102
29884
1012708
1726
1011
964
835
1079012
1246
1216
2133
1152
781
29796
1018773
1790
844
1107
955
1061812
1557
859
1125
823
1036
1060667
1443
1276
1445
795
1084
1050383
1736
1173
1337
657
1050
28759
1073609
1141
837
638
1172
28371
9596
1010678
1311
676
1326
35785
1069873
875
770
976
1496
31654
8256
1006191
837
1163
793
1065577
853
1155
1098
1171
1934
30285
1088446
1017
1124
653
1105
1116674
1750
701
1856
1244
644
1039786
1682
718
1457
1022
1079
27511
1075242
1214
1121
1205
795
29326
1012852
1156
680
637
1136
31083
1020345
1007
1131
656
945
32781
1062578
1075
775
1092
666
28266
8674
1015820
898
1049
600
33278
1089021
1700
1145
870
1088
29817
1069030
1034
1348
805
1101
1113803
1285
823
1124
769
1083
1030781
1928
1068
1122
660
1054
29532
1074840
1114
1319
991
738
1029210
1347
836
1217
938
1697
27464
1031987
1506
987
733
638
1071886
835
1270
1065
1095
653
28028
1042886
1568
1062
1129
975
1090075
1353
823
1109
640
1037
1045671
1735
1009
1550
681
2356
1092026
1715
696
1566
799
1050
25993
1029061
1473
818
982
1117
29248
8614
1035841
1325
909
1107
37089
1092497
823
766
1113
1095
34251
12139
1020827
982
1117
655
1097768
857
1117
793
1311
796
31008
1017789
987
1123
1000
1131
1066969
1895
843
1099
1438
665
1065850
1737
1024
1121
774
1071
29856
1011130
821
1098
1112
654
34114
1080948
1120
796
795
1494
31043
1022344
851
1109
797
762
33844
1070589
1303
792
1104
653
33014
10439
1003067
813
1121
652
34294
1035767
1346
1292
674
1050
33031
1052130
1046
1112
791
1223
1084996
1239
794
1132
768
1071
1049494
1821
836
1092
659
914
34722
1079466
954
1174
973
736
1051651
1750
1017
1124
653
1037
28466
1068544
1334
997
612
962
1040122
1055
1113
994
1114
638
32311
1069795
1400
801
1076
970
1051659
1689
1107
1333
656
926
1073956
1769
1195
923
644
1037
1101723
1347
805
1391
1129
1116
27111
1012622
1147
819
794
1157
31106
7981
1017819
1293
685
1050
33227
1020556
866
767
973
1094
33294
8139
1042499
815
1115
651
1068933
1053
1121
663
1101
774
30177
1017458
971
1120
655
1299
1043631
1731
1045
1138
1074
646
1057372
1769
1063
1093
787
1080
29686
1069131
818
1108
1121
662
31871
1046834
1114
811
645
1101
28759
1018693
822
1098
651
1222
33680
1002973
1014
662
1117
663
31646
8882
1020386
Xput: 5647
