0.953333
0.940000
0.920000
0.940000
0.946667
0.950000
0.950000
0.910000
0.310000
0.003333
0.003333
0.000000
0.003333
0.003333
0.000000
0.000000
0.003333
0.006667
0.000000
0.006667
0.000000
0.000000
0.000000
0.003333
0.003333
0.003333
0.000000
0.003333
0.000000
0.003333
0.003333
0.000000
0.006667
0.316667
0.443333
0.473333
0.476667
0.463333
0.473333
0.466667
0.296667
0.460000
0.003333
0.000000
0.003333
0.003333
0.003333
0.000000
0.000000
0.003333
0.003333
0.003333
0.003333
0.003333
0.000000
0.000000
0.003333
0.003333
0.000000
0.003333
0.003333
0.000000
0.003333
0.003333
0.000000
0.003333
0.173333
0.440000
0.476667
0.466667
0.470000
0.473333
0.473333
0.446667
0.460000
0.003333
0.000000
0.003333
0.000000
0.003333
0.003333
0.000000
0.000000
0.003333
0.006667
0.000000
0.006667
0.000000
0.000000
0.003333
0.000000
0.003333
0.003333
0.000000
0.003333
0.000000
0.003333
0.003333
0.003333
0.016667
0.440000
0.473333
0.466667
0.473333
0.306667
0.633333
0.310000
0.600000
0.156667
0.003333
0.003333
0.000000
0.003333
0.003333
0.000000
0.000000
0.003333
0.006667
0.000000
0.006667
0.000000
0.000000
0.000000
0.003333
0.003333
0.003333
0.000000
0.003333
0.000000
0.003333
0.003333
0.000000
0.016667
0.313333
0.440000
0.473333
0.473333
0.463333
0.473333
0.466667
0.296667
0.460000
0.003333
0.000000
0.003333
0.003333
0.003333
0.000000
0.000000
0.003333
0.003333
0.003333
0.003333
0.003333
0.000000
0.000000
0.003333
0.003333
0.000000
0.003333
0.003333
0.000000
0.003333
0.003333
0.000000
0.003333
0.173333
0.440000
0.476667
0.466667
0.470000
0.473333
0.473333
0.446667
0.460000
0.003333
0.000000
0.003333
0.000000
0.003333
0.003333
0.000000
0.000000
0.003333
0.006667
0.000000
0.006667
0.000000
0.000000
0.003333
0.000000
0.003333
0.003333
0.000000
0.003333
0.000000
0.003333
0.003333
0.003333
0.016667
0.440000
0.473333
0.466667
0.473333
0.306667
0.633333
0.310000
0.600000
0.156667
0.003333
0.003333
0.000000
0.003333
0.003333
0.000000
0.000000
0.003333
0.006667
0.000000
0.006667
0.000000
0.000000
0.000000
0.003333
0.003333
0.003333
0.000000
0.003333
0.000000
0.003333
0.003333
0.000000
0.016667
0.313333
0.440000
0.473333
0.473333
0.463333
0.473333
0.466667
0.296667
0.460000
0.003333
0.000000
0.003333
0.003333
0.003333
0.000000
0.000000
0.003333
0.003333
0.003333
0.003333
0.003333
0.000000
0.000000
0.003333
0.003333
0.000000
0.003333
0.003333
0.000000
0.003333
0.003333
0.000000
0.003333
0.173333
0.440000
0.476667
0.466667
0.470000
0.473333
0.473333
0.446667
0.460000
0.003333
0.000000
0.003333
0.000000
0.003333
0.003333
0.000000
0.000000
0.003333
0.006667
0.000000
0.006667
0.000000
0.000000
0.000000
0.003333
0.003333
0.003333
0.000000
0.003333
0.000000
0.003333
0.003333
0.003333
0.013333
0.443333
0.473333
0.466667
0.316667
0.463333
0.473333
0.466667
0.443333
0.313333
0.003333
0.003333
0.000000
0.003333
0.003333
0.000000
0.000000
0.003333
0.003333
0.003333
0.006667
0.000000
0.000000
0.000000
0.003333
0.003333
0.003333
0.000000
0.003333
0.000000
0.003333
0.003333
0.000000
0.010000
0.166667
0.596667
0.473333
0.313333
0.470000
0.473333
0.473333
0.446667
0.460000
0.003333
0.000000
0.003333
0.000000
0.006667
0.000000
0.000000
0.000000
0.006667
0.003333
0.003333
0.003333
0.000000
0.000000
0.003333
0.003333
0.000000
0.003333
0.003333
0.000000
0.003333
0.003333
0.003333
0.003333
0.013333
0.440000
0.630000
0.466667
0.316667
0.463333
0.476667
0.463333
0.446667
0.160000
0.000000
0.003333
0.000000
0.003333
0.003333
0.000000
0.000000
0.003333
0.006667
0.000000
0.006667
0.000000
0.000000
0.000000
0.003333
0.003333
0.003333
0.000000
0.003333
0.003333
0.003333
0.003333
0.003333
0.010000
0.443333
0.473333
0.466667
0.316667
0.463333
0.473333
0.466667
0.443333
0.313333
0.003333
0.003333
0.000000
0.003333
0.003333
0.000000
0.000000
0.003333
0.003333
0.003333
0.006667
0.000000
0.000000
0.000000
0.003333
0.003333
0.003333
0.000000
0.003333
0.003333
0.003333
0.003333
0.000000
0.006667
0.166667
0.596667
0.473333
0.313333
0.470000
0.473333
0.473333
0.446667
0.460000
0.003333
0.000000
0.003333
0.000000
0.006667
0.000000
0.000000
0.000000
0.006667
0.003333
0.003333
0.003333
0.000000
0.000000
0.003333
0.003333
0.000000
0.003333
0.003333
0.000000
0.003333
0.003333
0.003333
0.003333
0.013333
0.440000
0.630000
0.466667
0.316667
0.463333
0.476667
0.463333
0.446667
0.160000
0.000000
0.003333
0.000000
0.003333
0.003333
0.000000
0.000000
0.003333
0.006667
0.000000
0.006667
0.000000
0.000000
0.000000
0.003333
0.003333
0.003333
0.000000
0.003333
0.003333
0.003333
0.003333
0.003333
0.010000
0.443333
0.473333
0.466667
0.316667
0.463333
0.473333
0.466667
0.443333
0.313333
0.003333
0.003333
0.000000
0.003333
0.003333
0.000000
0.000000
0.003333
0.003333
0.003333
0.006667
0.000000
0.000000
0.000000
0.003333
0.003333
0.003333
0.000000
0.003333
0.003333
0.003333
0.003333
0.000000
0.006667
0.166667
0.596667
0.473333
0.313333
0.470000
0.473333
0.473333
0.446667
0.460000
0.003333
0.000000
0.003333
0.000000
0.006667
0.000000
0.000000
0.000000
0.006667
0.003333
0.003333
0.003333
0.000000
0.000000
0.003333
0.003333
0.000000
0.003333
0.003333
0.000000
0.003333
0.003333
0.003333
0.003333
0.013333
0.440000
0.630000
0.466667
0.316667
0.463333
0.476667
0.463333
0.446667
0.160000
0.000000
0.003333
0.000000
0.003333
0.003333
0.000000
0.000000
0.003333
0.006667
0.000000
0.006667
0.000000
0.000000
0.000000
0.003333
0.003333
0.003333
0.000000
0.003333
0.003333
0.003333
0.003333
0.003333
0.010000
0.443333
0.473333
0.466667
0.316667
0.463333
0.473333
0.466667
0.443333
0.313333
0.003333
0.003333
0.000000
0.003333
0.003333
0.000000
0.000000
0.003333
0.003333
0.003333
0.006667
0.000000
0.000000
0.000000
0.003333
0.003333
0.003333
0.000000
0.003333
0.003333
0.003333
0.003333
0.000000
0.006667
0.166667
0.596667
0.473333
0.313333
0.470000
0.473333
0.473333
0.446667
0.460000
0.003333
0.000000
0.003333
0.000000
0.000000
0.000000
0.000000
0.003333
0.003333
0.000000
0.000000
0.003333
0.003333
0.003333
0.006667
0.000000
0.000000
0.000000
0.003333
0.006667
0.003333
0.003333
0.003333
0.000000
0.010000
0.006667
0.000000
0.003333
0.166667
0.596667
0.466667
0.310000
0.470000
0.473333
0.473333
0.446667
0.460000
0.003333
0.000000
0.003333
0.000000
0.006667
0.000000
0.000000
0.000000
0.006667
0.003333
0.003333
0.003333
0.000000
0.000000
0.003333
0.010000
0.000000
0.003333
0.010000
0.003333
0.000000
0.003333
0.003333
0.003333
0.010000
0.440000
0.623333
0.463333
0.316667
0.463333
0.476667
0.463333
0.446667
0.160000
0.000000
0.003333
0.000000
0.003333
0.003333
0.000000
0.000000
0.003333
0.006667
0.000000
0.006667
0.003333
0.000000
0.000000
0.003333
0.006667
0.003333
0.006667
0.006667
0.000000
0.003333
0.003333
0.003333
0.006667
0.443333
0.470000
0.460000
0.316667
0.463333
0.473333
0.466667
0.443333
0.313333
0.003333
0.003333
0.000000
0.003333
0.003333
0.000000
0.000000
0.003333
0.003333
0.003333
0.006667
0.003333
0.000000
0.000000
0.003333
0.006667
0.003333
0.003333
0.010000
0.000000
0.003333
0.003333
0.000000
0.003333
0.166667
0.596667
0.466667
0.310000
0.470000
0.473333
0.473333
0.446667
0.460000
0.003333
0.000000
0.003333
0.000000
0.006667
0.000000
0.000000
0.000000
0.006667
0.003333
0.003333
0.006667
0.000000
0.000000
0.003333
0.006667
0.000000
0.003333
0.010000
0.003333
0.000000
0.003333
0.003333
0.003333
0.010000
0.440000
0.623333
0.463333
0.316667
0.463333
0.476667
0.463333
0.446667
0.160000
0.000000
0.003333
0.000000
0.003333
0.003333
0.000000
0.000000
0.003333
0.006667
0.000000
0.006667
0.003333
0.000000
0.000000
0.003333
0.006667
0.003333
0.006667
0.006667
0.000000
0.003333
0.003333
0.003333
0.006667
0.443333
0.470000
0.460000
0.316667
0.463333
0.473333
0.466667
0.443333
0.313333
0.003333
0.003333
0.000000
0.003333
0.003333
0.000000
0.000000
0.003333
0.003333
0.003333
0.006667
0.003333
0.000000
0.000000
0.003333
0.006667
0.003333
0.003333
0.010000
0.000000
0.003333
0.003333
0.000000
0.003333
0.166667
0.596667
0.466667
0.310000
0.470000
0.473333
0.473333
0.446667
0.460000
0.003333
0.000000
0.003333
0.000000
0.006667
0.000000
0.000000
0.000000
0.006667
0.003333
0.003333
0.006667
0.000000
0.000000
0.003333
0.006667
0.000000
0.003333
0.010000
0.003333
0.000000
0.003333
0.003333
0.003333
0.010000
0.440000
0.623333
0.463333
0.316667
0.463333
0.476667
0.463333
0.446667
0.160000
0.000000
0.003333
0.000000
0.003333
0.003333
0.000000
0.000000
