21307301.428571
23041415.714286
21156953.333333
22711539.047619
21082759.047619
21423509.047619
20551074.285714
20158849.047619
20431367.142857
19862726.666667
18201685.714286
18232952.857143
18711760.000000
18841194.761905
21314488.095238
20525281.904762
20802401.904762
20946518.095238
21334874.761905
20794445.714286
21043896.666667
20956386.666667
20602403.809524
21111350.952381
20663382.857143
20846975.238095
21480759.047619
20776925.714286
21297680.000000
20933673.809524
21036419.523810
20424860.952381
20420577.142857
20937451.904762
20723632.380952
20870071.904762
20553872.380952
21215614.761905
21037368.571429
20425632.380952
21065377.142857
21159204.285714
20772500.952381
20840929.523810
20897556.190476
21425934.285714
21101893.333333
20685156.190476
20700219.047619
20767213.333333
20942100.952381
21337831.904762
20928083.809524
20996361.904762
20741731.428571
20841068.571429
21634560.952381
20553045.714286
21116893.333333
21277352.380952
20970470.476190
21237538.571429
20938714.285714
21162942.380952
20767986.666667
21132344.761905
20989154.285714
21467547.142857
21058512.380952
20860994.285714
21116015.238095
20606775.238095
20798038.095238
20606531.428571
20785944.761905
21020807.619048
21066348.571429
20834407.619048
24263038.095238
22095655.238095
21756859.047619
21672038.095238
21463194.285714
21663889.523810
21605718.095238
21351504.761905
21346906.666667
21554160.000000
21487809.523810
21341870.476190
21082034.285714
21413462.857143
21494883.809524
21333144.761905
21399375.238095
21345514.285714
20973020.952381
21577865.238095
20978636.190476
21164459.047619
21316752.380952
22068140.000000
21378645.714286
21868945.238095
21139617.142857
21495086.666667
21070605.714286
21113897.142857
21580573.333333
21603468.571429
21379556.190476
21390337.142857
21269032.380952
21348908.571429
21248160.000000
21308763.809524
21685784.761905
21767841.904762
21523535.238095
21396114.285714
21686136.190476
21254011.428571
21894122.380952
21349491.428571
21342184.761905
21614708.571429
21577537.142857
21248659.047619
21709381.428571
21223512.380952
21060830.476190
21181344.761905
21046912.380952
21359457.142857
21610331.428571
21409020.952381
21304750.476190
21218569.523810
21146413.333333
21029678.095238
20986899.047619
21215594.285714
21384386.666667
21367428.571429
21325668.571429
21322678.095238
21160131.428571
21487714.761905
21115287.619048
21079487.619048
21245013.333333
21788720.476190
21246091.428571
21262207.619048
21387251.428571
21292803.809524
21169005.714286
21131493.333333
21560089.523810
21594546.666667
21385491.428571
21251613.333333
21405689.523810
21204459.047619
21434775.238095
21103045.714286
22078636.190476
21555746.666667
21701647.619048
21283622.857143
21345026.666667
21010912.380952
21466225.714286
21175251.428571
21196160.000000
21610681.904762
21651754.285714
23532291.904762
21543864.761905
21251881.904762
21413887.619048
21745484.285714
21328194.285714
21963934.761905
21839973.333333
21426441.904762
21495205.714286
21415956.190476
21143672.380952
21473639.047619
21071933.333333
21891778.095238
21488161.904762
21469413.333333
21391000.000000
21304116.190476
21049546.666667
21149323.809524
21554361.428571
21102415.238095
21407744.761905
21395417.142857
21247325.714286
21784191.904762
21096891.428571
21333672.380952
21109405.714286
21122702.857143
21246830.476190
21422247.619048
21227222.857143
21196102.857143
21594689.047619
21090960.000000
21115036.190476
21143727.619048
21364154.285714
21574394.285714
21518001.904762
21402851.428571
21503272.380952
21348245.714286
21455862.857143
21399348.571429
21428611.428571
21804068.571429
21789674.285714
21762270.476190
21777007.619048
21495891.428571
21435030.476190
21448950.476190
21342647.619048
21623992.380952
21806099.047619
21737308.571429
21461994.285714
21479948.571429
21273992.380952
21905268.571429
21108283.809524
21545125.714286
22129724.761905
21530615.238095
21480209.523810
21624380.952381
21493796.190476
21467310.476190
21376680.000000
21407234.285714
21680704.761905
21733234.285714
21661407.619048
21521916.190476
22065043.333333
21340521.904762
21377245.714286
21313567.619048
21654472.380952
21693828.571429
21513158.095238
21365485.714286
21582925.714286
21282201.904762
21468419.047619
21304699.047619
21896590.476190
21777565.714286
21757500.952381
21356552.380952
21357792.380952
21218788.571429
21400264.761905
21099232.380952
21329175.238095
22070423.333333
21769314.285714
23410990.476190
21623815.238095
21262022.857143
21476297.142857
21249600.000000
21256619.047619
21704558.095238
21745609.523810
21510510.476190
21467617.142857
21514123.809524
17511571.428571
18938505.714286
19472403.809524
18883552.380952
17971307.619048
18788914.761905
18842832.857143
18702479.047619
18082525.714286
18912734.761905
18064388.571429
19609014.285714
21144910.476190
21528047.619048
21345036.190476
21388988.571429
21464390.476190
21580106.666667
21382462.857143
21933230.000000
21429308.571429
21284742.857143
21566196.190476
21918428.095238
21306129.523810
21995805.714286
21545603.809524
21469158.095238
21408523.809524
21242502.857143
21338942.857143
21468430.476190
21299127.619048
21360131.428571
21554796.190476
21410451.428571
21416142.857143
21552807.619048
21470680.000000
21523443.809524
21349243.809524
21277000.000000
21569350.476190
21460670.476190
21453432.380952
21490005.714286
21361441.904762
21459438.095238
21373716.190476
21225817.142857
21603603.809524
21544912.380952
21529778.095238
21644979.047619
21535790.476190
21764188.571429
21711615.238095
21216605.714286
21421600.000000
21646539.047619
21489558.095238
21583822.857143
21508280.000000
22212879.047619
21642135.238095
21694411.428571
21678939.047619
21761238.095238
21600365.714286
21567285.714286
21620891.428571
21396457.142857
21406584.761905
21384036.190476
21305573.333333
21386588.571429
21974344.761905
21493316.190476
21371247.619048
21280600.000000
21669440.000000
21482723.809524
21145575.238095
21450428.571429
21616462.857143
21405175.238095
21405925.714286
21396344.761905
21563127.619048
21617731.428571
21307041.904762
21481876.190476
21619419.047619
21562841.904762
21735493.809524
21604171.428571
21575695.238095
21724788.571429
21603948.571429
21346361.904762
21604462.857143
21689798.095238
21702460.952381
21480600.000000
21397887.619048
21631100.952381
21578723.809524
21350630.476190
21465874.285714
21744297.142857
21626041.904762
21529988.571429
21584015.238095
21790005.714286
21677809.523810
21564321.904762
21666542.857143
21797975.238095
21629350.476190
21575302.857143
21527678.095238
21468022.857143
21673788.571429
21520081.904762
21405266.666667
21657518.095238
21612481.904762
21611405.714286
21659950.476190
21633546.666667
21805453.333333
21607161.904762
21486080.000000
21630710.476190
21909017.142857
21535933.333333
21632428.571429
21484592.380952
21572407.619048
21604761.904762
21490961.904762
21513860.952381
21764998.095238
21599184.761905
21536723.809524
21643466.666667
21521329.523810
21758375.238095
21541929.523810
21397860.952381
21689740.952381
21995707.142857
21595213.333333
21543902.857143
21569971.428571
21760201.904762
21562845.714286
21508693.333333
21542352.380952
21744699.047619
21521476.190476
21475083.809524
21487723.809524
21685990.476190
21621561.904762
21301460.952381
21344899.047619
24043570.952381
21575664.761905
22047293.333333
21521733.333333
21555060.952381
21462453.333333
21583158.095238
21356405.714286
21616796.190476
21579213.333333
21325097.142857
21437024.761905
21321459.047619
21382085.714286
21450998.095238
21132754.285714
21338664.761905
21559403.809524
24356925.714286
22733340.952381
22732384.761905
23194923.809524
22598436.190476
22388803.809524
22410354.285714
22632812.380952
22344280.000000
22366285.714286
22410889.523810
22271746.666667
22325200.000000
22259590.476190
22044845.714286
24487190.476190
23568733.333333
23034055.238095
23059438.095238
23011350.476190
23092262.857143
22618377.142857
22365689.523810
22698028.571429
22854563.809524
22407929.523810
22494401.904762
22441767.619048
22403339.047619
22653533.333333
22406624.761905
22413883.809524
22681091.428571
23006814.285714
22520933.333333
22541857.142857
22347299.047619
22633849.523810
22331876.190476
22368960.000000
22463232.380952
22446843.809524
22432089.523810
22517026.666667
22383647.619048
22551325.714286
22346152.380952
21995954.285714
22365588.571429
22622988.571429
22129137.142857
22224740.952381
22165053.333333
22302245.714286
22466333.333333
22218689.523810
22250253.333333
22345184.761905
22215542.857143
22377489.523810
22450260.952381
22342120.000000
22485710.476190
22431622.857143
22252533.333333
22457441.904762
22642220.952381
22180874.285714
22467161.904762
22280097.142857
22446379.047619
22416470.476190
22057440.000000
22234817.142857
22654447.619048
22343634.285714
22321413.333333
22160207.619048
22259706.666667
22304561.904762
22203636.190476
22247950.476190
22435251.428571
22236973.333333
22678260.476190
22480813.333333
22360899.047619
22441369.523810
22264746.666667
22739613.333333
22622066.666667
22581064.761905
22393333.333333
22362226.666667
22170891.428571
22331432.380952
22177388.571429
21893190.476190
22273116.190476
22475331.428571
22177697.142857
22353868.571429
22733252.380952
22411811.428571
22579371.428571
22187811.428571
22289106.666667
22442878.095238
22397748.571429
22372940.952381
22331860.952381
22208257.142857
22434988.571429
22349550.476190
21958182.857143
22230388.571429
22274203.809524
22144864.761905
22306923.809524
22083057.142857
22267409.523810
22103112.380952
21976699.047619
22258655.238095
22432310.476190
22183043.809524
22154333.333333
22275554.285714
22423939.047619
22352651.428571
22194140.952381
22468329.523810
22469853.333333
22349323.809524
22342750.476190
22253782.857143
22217531.428571
22404017.142857
22139769.523810
22148299.047619
22369790.476190
22518967.619048
22295120.000000
22334445.714286
22247384.761905
22458274.285714
22328662.857143
22073676.190476
22278491.428571
22476571.428571
22359771.428571
22084060.952381
22144880.000000
22236727.619048
22348689.523810
22176727.619048
22337916.190476
22440329.523810
22345527.619048
22271213.333333
22240969.523810
22202182.857143
22546308.571429
22358683.809524
22262870.476190
22445314.285714
22405537.142857
22217889.523810
22224158.095238
22130283.809524
22420049.523810
22406683.809524
22070975.238095
22207720.000000
22379445.714286
21974775.238095
22271460.952381
22132400.000000
22224731.428571
22246727.619048
22148241.904762
22190927.619048
22505407.619048
22314539.047619
22110961.904762
22160678.095238
22139708.571429
22203327.619048
22068622.857143
21977944.761905
22331182.857143
22334956.190476
19437901.428571
21479468.571429
19158270.000000
19136261.428571
19501811.428571
19193718.571429
18682841.428571
18958627.142857
18661058.095238
20342625.714286
18966680.000000
18546592.857143
19168217.142857
18680088.571429
19573559.523810
19264004.285714
19213864.285714
18764771.428571
18608864.285714
19291922.857143
21984712.380952
21868897.142857
22181577.142857
21972668.571429
21713340.952381
22000630.476190
21905918.095238
21979575.238095
21900190.476190
21751072.380952
21762946.666667
21958302.857143
21708291.428571
22176325.714286
22242666.666667
22017963.809524
21860331.428571
21887000.000000
21814954.285714
21867055.238095
22136198.095238
22592358.095238
22672041.904762
22320379.047619
22275060.952381
24352872.380952
24430342.857143
23761146.666667
23125780.952381
22777868.571429
23567853.333333
22969146.666667
22517933.333333
22504796.190476
22242699.047619
22508085.714286
22288293.333333
22097219.047619
22408209.523810
22562179.047619
22370598.095238
22282805.714286
22437150.476190
22354297.142857
22260693.333333
22283933.333333
22481611.428571
22750264.761905
22627228.571429
22584365.714286
22547609.523810
22205653.333333
25680031.904762
22462638.095238
22445961.904762
22705718.095238
22766097.142857
22559041.904762
22494053.333333
22252899.047619
22484695.238095
22331129.523810
22240443.809524
22575790.476190
22710780.952381
22528632.380952
22633731.428571
22627721.904762
22486963.809524
22464405.714286
22497500.952381
22557320.000000
22876579.047619
22833264.761905
22600121.904762
22571620.952381
22463392.380952
22743497.142857
22469272.380952
22198019.047619
22466203.809524
22604419.047619
22407447.619048
22293489.523810
22101483.809524
22169487.619048
22218775.238095
22068274.285714
22520320.000000
22571870.476190
22367055.238095
22224283.809524
21974386.666667
22385697.142857
22372064.761905
22170725.714286
22348748.571429
22518600.000000
22370192.380952
22367681.904762
22263700.952381
22260668.571429
22351361.904762
22412693.333333
22114382.857143
22363982.857143
22369914.285714
22402963.809524
22329220.952381
22253361.904762
22309158.095238
22270609.523810
21984135.238095
22381820.952381
22495051.428571
22237841.904762
22116556.190476
22223318.095238
22176382.857143
22200078.095238
22035428.571429
22257375.238095
22500308.571429
22279676.190476
22346580.952381
22270220.952381
22152222.857143
22219834.285714
22138641.904762
21965026.666667
22171228.571429
22188859.047619
21992870.476190
21908407.619048
21803742.857143
21980500.952381
21788024.761905
21801609.523810
22070445.714286
22194460.952381
22103333.333333
21886805.714286
21889352.380952
22022790.476190
22148740.952381
21850209.523810
22179920.000000
22485321.904762
22334718.095238
22203893.333333
22106453.333333
22049468.571429
22233493.333333
24450158.095238
23134689.523810
23383868.571429
23046474.285714
22919809.523810
22736834.285714
22218927.619048
22309600.000000
22125142.857143
22096346.666667
22376259.047619
22410878.095238
22101841.904762
22091788.571429
22010792.380952
22238249.523810
22089735.238095
22022158.095238
22289099.047619
22470160.000000
22309459.047619
22276830.476190
22312083.809524
22146415.238095
22555146.666667
22269657.142857
22025072.380952
22372348.571429
22497474.285714
22217950.476190
22383916.190476
22119388.571429
22250712.380952
22268678.095238
22065860.952381
22406222.857143
22525034.285714
22302333.333333
22165424.761905
22133996.190476
22213192.380952
22455361.904762
22161918.095238
22539480.000000
22470838.095238
22452106.666667
22406994.285714
22445569.523810
22364139.047619
22570150.476190
22330960.000000
22278015.238095
22435436.190476
22481441.904762
22442862.857143
22492931.428571
22295923.809524
22511491.428571
22513921.904762
22187786.666667
22630708.571429
22642281.904762
22253057.142857
22316824.761905
22219845.714286
22232390.476190
22331339.047619
22260165.714286
22343400.000000
22531874.285714
22458036.190476
22458899.047619
22400337.142857
22247184.761905
22544000.000000
22353927.619048
22166066.666667
22509535.238095
22560712.380952
22357965.714286
22324670.476190
22032575.238095
22290998.095238
22071344.761905
22280685.714286
22233047.619048
22450285.714286
22334579.047619
22298013.333333
21956047.619048
22167249.523810
21954459.047619
22009697.142857
22076474.285714
22576057.142857
22428047.619048
22301641.904762
22231952.380952
22182672.380952
22290022.857143
22214678.095238
22068843.809524
22343198.095238
22227329.523810
22193049.523810
22076672.380952
21826240.000000
22327535.238095
21894419.047619
21993697.142857
22104495.238095
