1412
690
787
730
709
737
567
715
606
862
604
561
670
616
1119711
926
684
1299
694
681
647
3357
592
1096872
1096
759
546
1551
1642
820
1670
1148
1726
1983
2844
1146398
1083
800
636
1058
1064
643
2150
1659
1942
1930
1578
1071388
976
625
573
1387
991
596
1787
4799
859
607
2145
1080166
1088
1000
1018
1058
635
576
938
1826
1351
1858
1990
1097640
854
591
891
852
557
1438
1709
2359
1249
2661
1632
1075717
692
1480
1776
553
5911
727
688
669
1332
1564
1977
1095846
839
660
539
914
1416
1616
1813
1629
1856
1682
1912
1099739
946
836
760
1010
1040
837
1373
1449
2013
1610
1978
1109921
1322
722
1262
967
734
749
1305
1796
1814
1676
2054
1100432
861
575
648
566
3050
599
3055
827
1350
1653
2277
9912
1102822
1021
628
1159
1098
1105
716
2606
973
1252
1813
1129375
1389
1258
1278
722
641
2473
696
1877
1270
2168
1640
1653
1115909
5819
964
620
1168
1975
804
1846
1689
1715
1918
1157173
1220
895
964
615
904
607
2283
1808
1676
1601
1987
1120977
1090
795
629
1226
998
691
1897
2305
743
1782
2128
1489
1123971
848
677
4309
1897
3377
1828
2004
1751
2952
1309
17562
3859
1071870
941
626
1047
724
1536
1199
1036
611
889
1092907
11346
802
856
1363
2411
1463
1196
1376
2058
1593
2186
3929
4955
1157003
922
635
631
815
1036
603
6064
857
770
616
1115111
920
740
604
1390
659
745
2943
663
1839
1712
1103051
904
5583
899
623
974
2107
861
1702
1909
1503
2092
1116243
1078
613
676
928
2136
717
1334
1628
1716
1822
2002
11664
5096
7992
8313
2889
4845
9072
1050452
1743
737
949
1354
1137028
937
633
720
609
5463
982
823
914
571
1375
1844
1099971
823
787
736
1136
999
636
2179
1474
6149
913
717
1126617
1208
994
791
593
5587
767
1084
705
2027
1154
2417
1134937
1109
1105
1038
731
805
817
841
1346
1563
3307
1312
1091522
889
588
664
5475
807
1066
2847
842
867
567
1980
1101272
1066
1026
1118
818
1198
805
553
4641
1409
771
568
1091507
938
684
1210
803
1350
1083
1334
1753
1635
1706
2337
1102777
1063
1072
730
728
938
1454
1567
1395
1489
1850
1912
1091927
856
834
935
810
1394
1612
2012
1794
1942
1361
1973
1109497
1178
719
614
676
2456
768
610
6471
773
751
884
596
8855
1076160
934
620
795
618
837
5162
920
615
698
1093892
1023
878
1281
1111
1053
878
566
2183
1189
1799
1588
9745
1234907
937
746
1052
1656
1216
2127
1237
2955
1636
1222
1263907
1041
856
966
586
992
940
1226
1912
1675
2240
2108
1250806
1151
848
767
702
922
2833
2486
1452
1380
1782
2015
1271760
711
679
566
513
6091
933
691
780
549
2076
3005
1223599
952
634
1176
833
704
1070
1650
1322
1416
2392
2082
10334
8881
4714
8842
1212238
913
637
922
1451
1001
850
1276
19753
1242787
23772
1149
930
955
998
813
1430
1581
5876
764
18000
5125
1231156
1135
630
568
719
1920
912
1488
1377
1365
10686
6391
1244932
918
964
808
609
1626
1238
5625
787
734
11944
3366
1278188
1174
1130
964
598
1141
1621
1315
2167
1335
1285907
924
631
569
1154
1006
613
1170
1751
1567
1923
1633
1260828
928
725
623
558
5707
934
738
1807
1813
1892
1779
1285091
788
763
653
1161
1065
895
701
1601
2430
1260
2051
1260169
935
639
1272
809
1877
683
2769
744
2199
638
2149
1278594
1025
1014
879
1617
842
853
1041
612
1474
1742
1892
1260014
910
617
1137
2898
944
962
817
2148
1741
1814
1977
1250799
1126
1079
1070
678
1326
2695
760
1919
2205
1210
2487
1257402
1269
804
704
885
746
550
1651
1859
1846
1658
1945
1249816
773
826
614
580
1345
1944
1571
1789
1911
1560
2032
1250631
929
777
851
1055
747
1220
4660
790
1075
1099
1620
1302924
880
576
657
6220
868
570
741
1346
1136
1656
3122
1406307
1009
624
729
601
3395
837
595
1314
1565
1799
1793
1331197
1060
920
579
849
611
2227
1724
1821
1809
1714
1861
13250
9070
1294944
923
676
1039
630
1668
1381
1641
1513
2442
1378656
1003
797
608
732
1601
631
6191
915
725
777
1819
1308515
6457
958
1266
1391
1371
1482
2238
1694
2030
1692
1957
1343358
1224
737
1106
800
1064
617
1688
1799
1705
1990
1990
5435
7679
1277147
919
633
618
6464
934
771
733
672
561
1307841
928
642
1116
649
1724
1207
3856
647
1378
1865
1912
1299106
825
1763
1854
1542
1934
1624
1890
1664
1891
1681
2007
1309723
927
632
641
1484
1100
723
1765
3581
909
1279
1608
18434
6339
1286099
1147
1058
593
896
746
807
704
845
1425
1286760
891
11032
1069
1856
1076
755
2252
1235
1706
1722
1904
9739
1246693
10214
1264
601
1037
576
1470
1416
2940
867
742
11218
7800
1270364
1008
849
585
749
1572
1700
5799
756
611
1278181
942
633
596
920
1135
1769
1359
1526
2143
1486
1986
1310013
821
1150
825
967
902
1860
3237
1061
917
1543
1662
1341890
810
3931
1083
634
823
1053
772
868
560
2017
2155
9911
9688
1314813
1214
623
1401
597
1654
644
555
2074
1491
1287397
794
753
634
1421
1033
708
1687
1298
1320
1964
1841
1296479
860
689
994
638
2084
1114
1899
1544
2056
1556
2264
1256708
880
580
988
934
677
547
2116
1608
1831
1776
2090
1276731
1100
827
1097
1108
760
1829
776
1871
4487
759
937
1278921
813
891
734
978
909
2540
869
714
1928
1636
2040
1294300
961
744
719
716
729
3059
1004
614
1464
1655
1901
1262295
838
574
662
569
1837
711
1792
1353
3540
1043
1341
1252876
1264
655
575
1425
1315
679
1460
2284
1602
2577
1102
1254106
1074
952
940
1206
980
867
1185
2414
1239
1543
1913
1281427
1290
910
1144
5334
1244
767
778
896
1759
1281
2033
1277178
946
616
1615
1041
945
616
797
932
643
1401
1856
13771
1276144
1410
907
592
1024
2086
876
1394
1536
2232
1690
1280326
1261
709
900
728
2562
1465
1218
1937
1729
2069
1571
16856
2803
1244517
917
3759
1683
1770
2044
1365
1669
1682
1577
1273960
867
585
534
1215
685
556
2158
2060
1279
1649
1867
1272545
707
866
765
1213
890
812
635
1627
1657
1646
1730
15194
4256
11247
2325
1254675
1195
793
611
3431
638
3332
744
20924
4906
1247817
1086
650
1109
793
720
722
809
1703
1262
11765
8000
1287582
1042
996
839
609
764
822
1349
1423
2052
11416
11107
1258216
1185
851
1194
1584
978
623
1311
1726
1728
1293894
933
634
731
977
3140
998
769
1647
2163
1794
2457
1303245
1212
657
1206
1066
1075
814
1213
862
594
1527
1170
1256477
882
765
740
1202
981
639
1872
1591
1724
1620
2598
1267740
947
635
713
618
2928
644
1679
1765
1578
1571
2363
1908
7671
1248012
2687
808
1250
1640
603
2930
603
2181
623
1284199
816
901
1110
819
980
877
746
1772
1983
1649
1960
1318347
903
575
530
640
2169
594
1894
1835
2241
1861
1780
1247905
929
622
1363
964
1254
894
565
3619
784
940
2158
1270864
1073
830
954
609
2719
1220
1902
1600
2112
1657
2587
1244884
800
1007
758
919
746
609
2763
846
700
2725
760
1225453
843
676
674
1008
1879
2097
1079
1399
545
1560
1921
1231389
950
635
879
683
2594
672
971
1627
1265
2133
1696
1229492
1148
627
1218
876
705
774
1888
3118
633
2178
1603
1247453
1092
1131
864
1075
760
1670
1423
2511
1200
1288
1732
1244297
1534
883
935
656
1235
1320
3597
736
2104
593
2321
1253189
1135
906
1133
1420
1019
608
2081
1402
1264
2421
1809
1290524
926
903
853
890
1014
1131
1461
1222
2011
1925
1920
1243897
1301
652
1206
1048
742
604
2385
2559
1532
1209
2333
11896
9279
1258192
922
619
590
9586
1147
819
1050
608
1403
1284691
1305
845
1070
885
744
2010
1249
2123
1183
3462
738
1246002
887
2182
794
3657
1622
690
3541
644
1887
1927
1557
8674
5025
9758
2806
1215847
1051
1021
1060
1827
763
5447
884
1281151
972
793
616
567
813
1801
3165
1259
1941
1471
1897
20521
1225629
12426
897
930
1793
649
2641
630
2366
2152
1884
1233432
904
13904
798
1034
1580
759
1970
1974
2691
1404
1626
7400
1285408
12002
844
574
3413
601
2918
782
1171
1730
1893
1290843
859
576
670
3020
667
1631
2537
1101
3625
670
1318
1252326
903
813
627
1072
2440
668
1710
2824
625
2144
1676
17093
5834
7246
2758
9764
2505
8749
1233045
946
739
959
1873
31180
3020
1223816
1207
735
716
604
3342
780
851
1601
1632
1267518
928
948
837
1182
887
799
1626
1171
1617
2407
1517
1289018
1163
714
726
616
1490
631
2573
1222
3128
1137
1578
1264255
1013
807
1132
797
958
775
838
1181
962
1686
1370
1271669
1180
878
820
1411
997
609
2910
621
4498
630
697
1254368
948
621
944
1126
762
598
2147
1866
1684
1853
1679
1274683
1047
750
738
959
732
1095
694
1267
1644
2422
1602
1247287
726
1528
1067
1023
608
889
558
6219
732
690
680
1226439
1270
805
728
596
2810
648
3505
624
2725
752
2376
1282288
923
882
618
1108
1927
743
3015
797
1696
2964
911
3894
7691
1277921
1089
878
1354
1032
629
848
810
859
555
1290712
1264
660
868
1455
1193
789
1190
1331
2711
1775
2028
9245
1266621
1277
806
1078
1065
735
2360
624
1796
2274
1326
1253620
847
568
1100
921
757
743
1106
1637
2087
1970
1577
14309
9741
1263839
928
629
1173
1112
745
690
1310
2212
1455
1260259
944
622
732
5475
1655
946
1383
1233
815
1060
1440
1242585
4891
815
1040
630
4732
905
820
1380
1877
1481
2145
7078
1229116
903
742
1061
569
7490
785
888
752
1737
1966
19875
6575
1250955
940
635
1276
753
975
1322
1127
994
612
14605
6473
1262118
969
760
1269
1056
947
611
1398
2401
1741
8814
1257668
10066
791
757
2833
1492
1125
4305
899
625
1742
11478
3604
1219492
879
675
1298
909
782
706
515
2063
1542
1236482
897
3488
1600
1828
1803
1726
2437
1196
3288
678
1421
1255639
1046
1003
801
1029
938
853
2049
1451
1380
1571
2196
15305
8034
8100
1245167
1136
619
950
849
1031
718
5654
884
1295417
4831
658
1421
2598
779
1965
2368
1245
2527
632
2222
1264839
1231
762
603
564
5284
1115
977
3012
1000
976
723
1301357
1097
624
584
731
934
1786
1359
1515
1937
2429
1726
1300282
990
795
691
855
716
1698
1630
1751
1973
1834
2187
1242257
873
580
533
1447
1075
573
1635
1879
2134
1530
1784
1281406
1197
606
856
594
1501
926
1197
1444
2164
1378
2088
1247746
1352
646
896
1065
829
997
1478
1433
1645
2260
2063
1306640
1177
687
997
605
820
1383
1972
1691
1974
1676
1978
1236305
1081
848
670
997
868
4651
974
633
1201
628
1884
1257455
944
973
537
654
5861
1076
730
580
5203
849
926
560
7631
1364463
1103
606
524
637
827
1831
759
2126
1582
1359014
973
948
722
599
2901
1657
784
6306
941
739
602
1323969
1065
1007
849
1138
1254
2740
1038
2890
1174
788
1567
1366576
929
631
1282
761
826
610
4037
1021
734
1658
2284
1313864
1134
732
988
610
1934
7570
957
621
1349
1196
1312
1328648
1285
675
919
896
603
1047
1359
1429
3280
619
1625
1349889
870
593
664
611
3001
807
735
1304
1704
1531
2372
3787
8906
10081
1205
1244526
906
3783
1114
653
2355
1057
1441
18970
1388985
8338
889
693
1107
1628
1504
3047
751
1431
3403
11252
3741
1271752
923
621
939
834
1329
1407
1398
1894
1918
19492
5470
1235563
806
747
662
1385
840
1488
1567
1148
2049
9187
11314
1266173
1136
873
808
865
728
6523
791
972
799
1296035
902
8870
1076
654
960
605
2220
1508
1777
1886
1197
1266115
9054
1788
1049
805
534
2256
1813
1556
1894
1789
2072
1279625
736
807
783
1190
738
929
2074
1727
1122
1588
1716
1374387
874
604
582
1042
689
602
649
2493
1491
1514
1919
1316973
1328
760
857
949
860
621
2366
646
1798
1508
2101
1266221
1227
886
1155
1036
779
2827
1249
1858
917
1392
1677
1268565
926
812
581
930
1738
788
4387
1258
742
2092
3637
1267359
971
884
800
1008
787
820
711
1804
2388
1986
1837
1270566
984
1030
607
1161
1801
2235
1451
1872
2123
1630
2046
1269800
1201
662
716
660
2339
939
1636
864
2669
859
2633
1290519
1251
656
719
823
1896
651
1398
1867
1617
1767
2457
1286850
1170
666
1225
1051
957
651
1589
1782
1814
1687
2515
1274933
1170
613
1490
840
789
784
1393
3149
922
1483
2505
4488
9466
1246995
1131
770
952
1318
1054
972
2811
1401
1514
1287381
1157
598
672
2102
685
4869
854
642
655
2148
1912
1285329
1051
741
613
956
3181
926
892
1749
749
2455
1816
1269744
889
619
582
754
1454
1701
2077
1773
1932
2342
1538
14266
5094
1282456
898
629
710
4441
1642
1232
2216
2112
1684
1309792
949
1031
724
819
881
941
1397
1624
2027
1633
1542
1253739
951
945
789
604
6156
777
746
670
2094
1251
2871
1194
5190
9818
1893
1231267
938
752
613
830
2798
1099
701
21709
5431
1251424
864
663
956
557
2398
1264
4378
811
1143
1245590
896
6327
1292
654
872
1606
754
1668
2001
1337
2030
1271566
1244
839
1057
1448
1030
1095
598
1918
1582
1709
1801
3465
8179
1262559
1286
872
723
611
6155
933
614
655
4294
1307956
1149
851
744
686
2030
892
1677
1388
1479
1917
3145
1262055
1001
1021
616
555
1309
3015
1045
871
623
1675
2266
1251278
821
751
671
1521
1222
879
941
1784
1373
1500
1978
12383
8131
1262715
1063
910
1103
595
3017
646
2840
751
2604
1287972
788
764
2675
685
1505
1674
1712
2016
1578
1782
2245
1300885
1192
693
752
1448
1408
930
705
1550
1471
1854
1581
1283419
1266
982
764
1091
1082
785
596
1488
1435
1954
2599
1278080
957
622
572
1117
2728
706
1083
778
4977
784
974
1246370
737
694
566
782
1702
1139
5401
927
914
578
2149
1258285
943
849
812
896
1207
1019
595
4643
1242
671
709
1242242
1000
778
989
623
833
630
1720
1706
1546
2775
1630
1254532
881
579
916
736
653
658
4708
975
674
1522
2514
1341552
1067
942
753
1342
755
1416
1610
1256
4035
821
1309
1345807
1142
746
772
1211
1067
721
2654
734
1449
1490
2113
1290978
998
708
567
1063
1075
937
787
2083
1383
1809
1711
1296481
1139
635
892
1301
1808
1305
2129
1203
4444
1572
3911
1271468
917
1115
828
1058
875
927
788
1226
1370
2005
2036
2457
8900
1271751
901
5078
823
615
1849
2343
1598
3471
909
1263511
1907
682
1316
1877
1734
1259
1746
2114
2057
2611
2889
1231267
902
6002
990
1825
749
2001
777
2659
1389
2485
916
1291923
958
777
723
656
944
629
2179
1298
2771
2435
2875
9598
9347
1270689
918
630
1151
1097
1038
667
1412
1275
1605
9472
3765
1262867
902
993
841
1045
1221
641
1155
1286
2117
1270032
885
8105
942
621
980
2459
751
5590
1075
1410
1743
7291
1241754
928
621
974
632
1764
1454
1597
1331
1504
3359
1347123
892
11619
781
2182
3302
2610
3185
1747
1835
1795
2082
1293954
1003
1295
1142
1002
825
763
1316
1801
1452
1358
1509
14726
8947
4998
9609
3235
8683
7560
1231462
900
730
609
562
30706
4563
1277531
1069
837
945
1005
974
762
1385
1031
622
1277302
1155
1106
903
1351
970
581
1505
1714
1410
1541
2585
1284466
1017
840
1114
1042
795
1344
2122
1481
2059
1743
2753
1304711
1526
618
655
656
3015
910
599
651
2178
1992
2124
1255584
837
568
671
6271
851
719
646
1497
2668
1129
1928
1243760
998
768
634
1463
1049
1332
1195
1739
1449
1140
1440
1268118
859
598
966
601
2927
969
572
1618
1535
1844
1685
1251050
802
778
962
931
625
1073
777
759
1839
2098
1765
1263331
956
621
929
1419
935
727
2145
648
1952
1790
2090
1256963
1017
737
946
746
786
755
660
2308
1110
2227
1714
3209
8859
1232669
1118
652
914
1290
1069
773
966
873
1503
1266045
1394
675
610
590
946
625
2040
1594
1918
1643
2054
12692
1258942
912
609
676
1065
2455
983
601
6761
1529
741
1263389
1814
608
2401
723
6201
721
783
714
1301
598
2034
1299298
975
615
721
878
960
618
762
1366
1534
3297
1292
1298520
1311
672
1167
1477
867
725
3161
923
605
1929
3212
1255855
927
630
1129
2864
745
741
1953
1253
1292
1962
2042
11652
12995
1809
1193015
918
721
1005
837
996
2544
815
1716
23359
2122
1282228
1031
866
726
599
5422
921
1052
622
2747
757
1230322
12705
978
744
726
5155
780
811
607
5259
879
11736
1242692
5957
784
838
1790
2528
2502
1476
1463
1234
1317
11570
7933
1238215
994
838
834
747
792
788
1391
2331
2919
1252687
842
8037
845
586
2107
1529
2346
2897
2864
2084
2033
1243385
1095
583
657
551
5419
907
670
556
1626
1324
2498
17037
3779
10169
2719
9575
2944
5308
1232930
971
626
577
809
1248894
1260
648
1229
1850
1680
1525
1172
2029
1799
1159
1798
1254847
724
707
949
951
673
1679
1962
1536
1936
1593
2115
1287285
1084
906
1527
855
707
817
591
2164
1780
2090
3275
1269689
1140
624
1124
1084
953
1072
1543
1322
2397
1499
1296
1224689
945
624
570
1028
2749
817
1131
1389
1436
4598
745
1199720
859
622
872
571
2309
1151
1852
1411
2076
1580
2202
1287172
917
616
674
1405
2218
846
603
1683
2080
1498
1697
1272701
944
628
716
703
2937
945
1037
1826
1556
1379
2599
1270622
1101
968
1004
1186
800
855
568
1120
1792
1991
1580
1264268
874
738
576
791
718
910
1250
1530
1741
2176
1677
4907
8881
1285056
1017
626
665
926
923
801
969
677
653
1294454
984
629
706
602
3506
939
1579
616
1927
1798
1950
1310166
926
1076
665
847
2067
2107
1998
2251
3088
2891
2835
1303208
935
625
1133
1380
839
1438
1913
868
1424
2091
1984
13132
1250318
927
746
621
1702
738
925
851
901
2434
1222
1259650
927
627
983
841
1339
1787
1774
1311
1185
1904
2528
1267314
8882
1115
743
577
2110
1218
3075
1394
1236
1608
1837
13551
1248857
1181
714
562
9367
1396
4864
928
579
947
1308
15953
1251300
13753
1359
659
1198
1491
777
1691
1540
1658
2376
7820
4956
1232301
927
1158
1107
842
2096
1356
1476
1572
2237
13210
4812
1260809
973
932
1058
745
1810
1282
2090
1132
4166
8147
8232
1266671
934
894
728
645
970
613
2542
1602
2349
1293411
1173
609
1335
706
724
554
5020
818
692
907
1141
1269716
915
636
934
975
1026
1981
772
1994
1674
1770
2339
15588
5091
8838
1264707
1093
992
782
1314
880
981
610
1449
1303008
999
632
985
1292
1015
686
1458
1566
1741
1803
1761
1297917
966
1027
874
3817
759
716
722
1941
2445
1710
1352
1272351
926
668
745
769
724
609
2115
1631
1990
1697
1923
1292719
5062
774
743
3631
1165
777
613
2064
1472
1332
1790
1293592
1097
1153
1004
801
1246
621
1635
1337
1497
1986
2301
1304345
909
1136
1082
967
727
928
1001
1354
2543
1796
2006
1280088
951
638
1296
676
2445
1047
1613
1251
2159
1420
2176
1279673
1236
1189
904
1134
860
1269
793
3423
627
3179
718
1224766
1147
636
588
560
743
729
4610
1198
1049
653
1408
1285270
933
614
1353
1201
661
782
608
2049
1384
1599
1657
1855
6118
1283871
1172
807
1198
602
1293
739
689
1335
1505
1292792
940
868
1292
989
899
817
590
1598
1599
2211
1346
10801
1255157
981
820
630
867
2225
744
1528
2078
1592
1892
1331987
912
7137
1685
632
1429
1198
1583
1364
1874
1343
1723
1282548
996
740
671
1233
1390
689
1465
3061
1021
1672
1237
1256859
852
585
712
2100
776
1785
2025
1732
3004
1196
1735
1275160
791
986
967
963
848
724
1071
1460
1135
1773
1521
4948
7515
5281
10165
1291589
6928
965
845
619
1007
967
722
21603
4537
1246372
1294
927
749
782
1000
640
1340
2178
1855
1244384
11905
2244
1823
1509
2314
1366
2538
1126
2002
1509
2158
12857
4292
1242201
952
863
964
885
1172
812
1589
1401
1318
11251
8241
1258675
1151
684
1628
1296
1225
773
564
3434
631
1239465
1128
1645
1082
1969
1357
1255
1575
1737
1568
1690
1833
1264747
1256
760
839
2376
984
643
6196
1064
656
849
1827
1268919
1083
806
904
589
2756
590
3524
678
1368
1287
2150
23974
4057
1261270
875
584
544
1412
929
557
1393
1765
1983
1330927
923
732
807
805
1389
1337
1928
1263
1973
1851
1858
1281876
1219
1161
1104
996
915
635
792
600
1153
1572
600
1252320
953
898
937
997
953
886
599
3021
1819
1308
1458
1322895
925
614
937
1543
970
800
1511
1575
1930
1592
2046
1242693
866
576
1033
864
621
517
2707
1088
1943
1738
1999
1270845
1057
629
1198
1268
861
1033
1971
1316
1243
1613
2083
1266519
800
860
928
711
721
607
2690
1366
1216
1591
1804
1235424
956
647
1091
1301
932
816
618
1440
1543
1956
1710
1270097
864
664
627
996
949
704
1998
1379
1732
1795
1886
1255940
1196
1003
1208
1188
809
1340
872
591
2215
1327
589
1260521
1117
774
931
928
1141
634
1943
3139
1638
1242
1629
1312960
992
848
735
523
3049
1108
1466
1152
1877
1615
1891
1322828
936
630
944
972
1181
1544
1393
2022
1754
1804
1891
15657
6250
1325457
Xput: 9418
