1438
690
800
757
730
696
583
745
614
1106
614
575
679
629
740
977959
918
732
658
861
695
1667
1889
1069134
1699
618
2351
1264
1952
2076
2191
1033497
881
591
716
883
4952
829
1042
996403
1081
939
1036
1107
818
1554
1398
1036490
1392
678
902
950
1604
1567
3174
993245
980
640
949
808
1722
1550
1940
1027940
934
648
1040
1099
1056
928
1255
1046239
1188
850
762
965
954
1295
683
996360
1295
700
979
747
622
873
1518
17331
3633
9809
1042537
1291
676
1151
757
19351
999725
1823
831
758
754
646
1449
1039959
1378
678
1871
1064
2821
1094
754
11375
1866
988490
943
640
721
899
773
1029959
1308
793
622
763
1590
2043
1292
981325
879
602
1002
962
1042
1887
626
1105821
1276
671
746
1011
1845
680
2823
1107352
952
751
632
1308
1023
865
724
1144140
1182
650
756
636
1694
1407
1325
1111466
1040
762
623
1331
3039
850
740
22785
1145211
762
853
718
736
2076
778
25447
1137058
1065
1147
943
1034
1148
825
1155530
1093
1746
839
2670
642
6437
813
1177356
1213
643
814
2221
1527
654
2344
1075627
920
593
897
570
1175
1530
1257
1088183
967
778
1376
824
752
1017
617
1110980
1149
837
1135
792
951
984
1544
13201
8217
8048
1100422
909
656
1037
568
1069566
1152
818
1185
831
746
619
1180
1102728
1170
646
920
1423
1062
767
2282
1123850
1226
1140
1237
997
960
651
727
20853
5709
7609
1086932
1811
665
1245
640
1095835
1151
671
875
934
1002
773
1535
1095024
955
980
822
1137
1810
1487
1481
1089408
949
651
966
1033
730
636
1528
1109217
1100
849
1016
1149
1069
682
1557
1125576
937
1106
877
572
2966
1518
2053
1099419
967
647
1185
1100
750
757
2458
1093314
957
744
631
1367
657
1038
800
1103375
989
638
942
648
957
1962
1278
21752
1088642
885
767
1012
785
1167
671
1106404
1206
990
789
1200
945
1052
644
1088589
1079
868
639
1247
817
1696
803
1106717
896
727
2805
837
1050
647
1926
1088082
955
1112
866
960
1023
707
1507
12089
5809
9419
2463
8998
1099673
967
740
1138348
966
752
672
1132
1064
1017
747
12321
6412
1107658
1093
821
743
6316
895
1123275
988
645
1052
1183
1043
612
1699
1100467
950
646
1212
1064
1497
655
1389
1139997
913
755
3048
807
738
623
2461
1082742
902
8976
935
991
928
661
1488
1097767
939
685
748
629
2249
1458
2056
1082958
1014
655
949
858
738
656
2484
1114504
1308
1125
838
1053
1145
885
607
1144244
870
588
676
578
2396
1630
784
18075
6314
8808
1389
9112
4037
1083583
869
1134005
944
879
779
750
4651
762
775
1155779
1171
646
1607
1369
998
882
584
18069
1097029
1236
1127
1013
634
901
755
1142116
1281
820
1027
871
1508
1711
2161
1110949
1143
1346
923
1057
1511
716
1371
1126586
1243
658
1655
1342
1048
648
588
1089855
827
864
791
690
969
1229
627
1122753
1098
831
810
633
3583
722
1664
1146105
965
795
734
854
1026
812
1231
1139618
946
630
1187
649
1539
658
2249
1167734
936
810
583
1026
2894
1845
870
19489
2751
10490
1117230
1493
6480
1496
4150
1167023
806
765
2346
777
2370
1333
4601
1116361
969
654
1070
1082
928
815
719
1124317
1076
1060
1029
582
1495
1735
2466
1100571
1255
681
993
834
854
696
1520
13814
1119578
1568
1096
1006
757
744
708
1107818
6432
1101
1103
631
882
2596
1334
1156952
917
745
839
1848
1602
1372
3039
21368
1323
7899
2951
9153
3250
1059630
836
1117975
965
640
723
994
1023
829
1586
20473
4946
8280
1342
4464
9196
1112010
901
1152044
1209
818
766
1007
1006
1213
780
1117831
1239
845
986
1158
1012
764
2643
1095670
1295
688
839
1047
653
1934
793
1112700
1314
697
1045
1035
1064
927
715
21590
7761
1072845
1046
628
1314
861
743
1105996
949
647
802
947
3375
879
745
1110011
980
639
1109
791
797
652
2293
1123769
949
1049
844
1143
763
4562
903
16706
910
10660
1153865
824
785
767
727
1162336
985
1130
946
1447
671
1975
1242
1091963
1100
874
1169
611
1466
3590
735
1094149
1055
771
970
1737
836
572
526
1142286
949
644
738
682
2029
1301
2153
1094331
980
956
784
805
719
1349
1414
1105770
1048
981
989
843
884
776
712
1103593
857
1042
833
1040
981
1131
734
1108835
969
791
758
1096
777
642
1029
1091937
864
727
773
599
1452
979
1466
1114902
784
998
632
1051
4643
919
778
1101975
911
704
749
965
912
636
1386
1085583
955
747
1125
785
1057
866
595
1093131
1129
1250
841
974
970
986
617
1131876
949
640
1206
805
1131
1693
810
15334
1077908
778
770
1661
984
892
1756
1118910
963
823
1202
954
720
615
2476
1113449
1017
1090
1072
1033
1050
753
1585
1122904
969
651
1177
1041
947
752
736
17475
1082527
964
766
628
1495
1600
1298
22635
1102324
949
635
1028
2723
857
745
1107004
948
649
753
722
2034
1532
1373
1106425
948
718
769
806
1050
675
1521
1123482
1079
806
927
648
3019
667
2448
1094037
968
640
1163
667
592
1326
1590
1106525
1167
634
731
5561
937
738
623
1147352
782
794
641
610
2717
776
1870
1142402
1130
695
604
928
1811
675
1578
1116798
1146
643
595
782
629
2079
1302
1124274
934
634
591
5056
779
626
1329
1097013
928
651
588
738
2366
797
1449
1110987
1004
756
762
760
1430
702
1278
1071114
1212
797
957
624
1165
1599
811
14836
1080425
1228
977
1033
1344
843
831
1096444
957
644
1021
693
1764
787
1581
1105743
923
4952
762
2640
783
2752
1249
18774
1110293
1188
751
627
1084
2757
799
1105343
958
875
966
668
735
731
1761
1144361
949
772
633
5284
1207
967
771
1113548
905
7911
970
686
975
684
1658
1100133
1100
940
759
675
790
2097
2248
1096946
1187
634
1088
1080
969
837
1385
1100467
1016
629
808
975
991
1882
1433
1105745
1216
977
844
1058
974
666
1519
18727
1099036
956
771
790
1664
805
739
1090067
1109
648
978
1696
1607
1262
1744
1111472
1084
605
896
767
593
1659
1099
22573
4228
8594
1404
1091739
746
709
587
22304
1082052
6266
875
612
1562
734
534
1146805
1181
689
1060
876
1566
1690
2066
1128884
1171
650
1341
777
740
766
1396
1076803
1140
972
793
1474
795
1299
767
1090129
1347
673
1107
1569
987
635
1454
1132125
1339
1140
990
1016
1028
672
1461
1120971
986
719
1025
657
2819
826
774
1154435
951
644
762
1207
1034
809
718
1154551
1020
637
708
798
1933
1289
1836
1161602
1125
648
980
1087
1921
820
631
1122062
968
649
719
1158
1742
774
2567
1136494
946
776
620
583
2127
1446
2084
1131568
1131
648
933
747
1206
1643
830
15316
1120237
1180
794
630
961
2316
811
24316
1084630
795
785
629
1252
2820
779
23413
4911
8376
931
8472
4876
8397
3554
1116352
791
8414
5237
4663
1087107
904
743
27702
1078494
808
776
630
1200
2915
790
19788
1529
10769
931
7030
1073943
921
634
1139022
967
638
976
646
1755
938
1558
1090416
1209
648
610
962
2411
660
2750
1102914
928
635
1066
2395
664
5665
768
1105752
957
702
1190
878
1802
1269
2232
1097749
5956
802
782
821
1692
795
2120
1103761
1016
896
1036
680
1494
1507
2494
1149058
963
640
919
2625
779
734
4295
1143882
954
640
743
639
2274
1703
2445
1108200
944
644
1077
1115
1046
838
1347
1093772
1021
913
740
674
640
1058
1426
1125740
1401
692
648
1322
1059
760
620
1135693
975
638
939
778
801
646
2306
1088943
1797
749
924
1054
776
817
603
1112366
969
995
1707
1466
1137
664
1289
20990
1582
11480
1486
7163
6328
1090957
922
1124354
1272
679
748
1019
3166
675
733
1130728
1258
1059
1043
636
720
635
3335
1108101
954
773
1645
975
1034
635
724
1099493
970
647
744
5556
1130
635
720
1091427
1085
878
947
655
2189
1289
1783
1097000
979
653
959
854
916
628
1572
1103495
936
1062
2066
842
946
792
624
1113982
1554
845
1120
1198
1151
787
718
1115515
943
634
1096
1423
1019
752
1440
1096378
1093
650
1003
661
970
1663
1319
20842
1144112
1075
889
973
639
2895
766
14670
2915
10794
1094768
829
805
639
568
26996
3398
8661
1081914
914
627
782
616
1105451
955
636
730
3829
888
1367
3269
1089095
966
651
1012
611
1149
1903
1243
1102724
906
935
2421
848
701
1518
2157
1118523
1027
700
943
855
1033
721
1838
12315
4280
1075569
945
648
736
635
2494
1103975
1166
821
1020
1381
900
1454
699
1127381
817
996
843
779
1216
1005
616
1133795
961
634
736
612
5061
940
634
1152895
1007
643
1042
648
1684
936
1488
1092427
918
631
6938
1002
742
679
575
1102123
982
849
744
775
725
754
4624
1092694
1018
871
1455
1261
1491
1775
1234
1109684
808
1072
813
750
708
2069
1589
12326
6966
8837
941
9233
5576
1068929
920
28559
1078739
948
650
930
1347
801
726
24588
787
1110960
1528
822
829
644
797
1169298
826
819
964
852
1041
1040
820
1109221
960
629
1124
779
808
684
1877
20187
1080533
938
724
926
925
963
729
1112510
903
9837
938
832
746
2176
1768
1114404
1073
1015
632
735
720
1311
1861
1105573
1272
673
1290
3297
805
666
1350
1113463
961
660
1257
772
1498
683
1329
1102808
1107
1150
820
872
1034
685
932
1093152
1104
814
734
654
2759
942
750
1163132
952
639
5177
1134
1063
826
1194
1098491
1070
1022
755
1744
1864
1561
2306
1095152
1625
828
895
1351
2361
785
2882
1100549
923
8137
1251
859
1359
2192
1432
1084269
1081
826
902
774
732
746
1803
1086225
947
637
819
1967
824
722
1884
1096426
1087
1170
1046
864
837
1034
1958
1092125
1197
621
1169
1175
936
747
1436
1134560
1088
646
603
760
921
1706
2754
1133041
984
926
1039
1039
1063
807
2055
1115262
973
666
2651
1096
801
710
1332
18977
2734
11574
1107861
828
775
776
742
1126078
803
799
792
1151
962
722
1538
1113032
1228
660
1371
1100
998
706
820
1139363
989
742
748
625
1615
767
728
1088893
856
859
846
850
635
1784
1429
1111935
959
1140
886
1226
1788
646
1840
24791
1082731
795
1047
879
1274
1065
737
1104281
1001
637
703
761
644
1847
1226
1099934
950
635
731
795
3426
691
710
1136720
959
633
860
1282
1050
623
2324
23162
4532
7510
1405
4743
8808
1113758
911
1222057
1303
680
1042
1097
2410
1040
651
1097202
1132
841
790
978
1007
879
741
1133090
986
644
1039
1055
961
614
1955
1097559
960
636
1112
619
2538
1306
1557
1109435
1218
1001
774
675
607
1027
1390
1100595
1247
1132
1057
1042
854
954
1322
1124224
960
1088
786
815
739
616
2385
1112934
995
917
1097
771
750
622
1491
1103109
919
734
977
714
2461
795
2212
1121988
1050
1115
1096
829
929
725
1520
1116177
939
1224
816
641
1886
1326
1216
1098584
997
638
2429
878
931
632
571
1148125
946
753
862
973
1276
855
634
1148501
1162
1077
928
1024
831
761
581
1121259
952
923
1354
781
834
767
570
1130734
1172
645
803
659
3113
670
2254
20345
1091692
949
749
747
808
1506
2847
27144
1088838
1186
1360
1163
1043
635
1327
1151599
6019
1235
775
628
2576
666
2728
1119327
1174
1215
765
697
2057
1368
2326
1074979
963
649
944
636
3484
861
746
1089504
1197
766
666
1492
1109
987
639
1135999
1133
877
956
816
1012
905
1519
1094409
959
636
910
756
739
620
3243
1103581
955
655
1142
1386
978
688
736
1177270
1089
803
992
789
734
874
1557
1129657
955
698
1121
1039
819
625
2290
13633
4954
8969
1085263
1170
674
783
576
1098284
955
870
823
646
774
622
1982
1123482
947
654
1229
1291
1075
740
2107
1102704
1000
768
1031
1288
625
1392
1338
1119843
950
637
1209
836
1509
674
1878
19594
1066022
988
762
699
1512
1133
761
1113145
1338
691
626
1400
1718
3205
795
1122517
2041
1068
812
1243
889
978
732
19794
2553
10795
1090574
894
982
611
1058
1108229
1108
682
1668
826
733
628
2065
17148
3341
1114740
989
1125
1123
794
731
1127464
1116
919
874
714
756
655
2958
1094803
947
753
997
838
756
1822
2059
1114319
777
710
600
717
580
2553
1194
13570
7038
1078002
1114
661
600
681
3235
1126121
1455
826
1173
1458
939
645
1360
1125616
791
761
684
1726
1043
669
1513
14193
1101225
1085
744
626
1801
1021
748
1154952
1068
652
914
1740
1621
1236
1833
1120610
1042
968
578
1134
803
2209
1434
1099199
908
9691
935
765
763
2219
1785
1109318
957
775
667
1133
1333
1476
1280
1125532
961
633
602
1013
2002
1421
2127
14284
5144
1086511
967
752
1202
1114
776
24892
2822
9477
1065924
1042
763
646
1052
33621
7606
5067
4159
5125
1105337
932
640
1101535
968
634
900
2808
983
639
1426
1125131
960
641
971
644
1707
928
1587
1150354
1109
788
768
628
1720
667
2010
1095518
962
3555
1390
913
705
576
2677
1112835
1538
899
903
775
742
667
1555
1111775
1045
1158
786
868
1023
1058
657
1134552
1165
1130
883
1089
662
898
1390
1088936
926
651
1094
1244
964
683
1545
1137434
1153
659
1088
654
2488
1327
1190
1100501
960
661
1498
2132
928
864
579
1098328
1458
1287
662
1033
765
818
865
1112213
950
1607
837
1049
792
680
578
1120122
878
607
875
1109
780
1621
1128
1188717
1088
800
580
1335
1906
878
1478
1151837
1767
793
2111
649
2321
1446
2491
1158507
953
643
1240
1406
838
752
4226
1108295
908
6981
1135
1037
833
1725
2796
1096729
907
3049
1546
1738
1636
1288
2509
1100706
1851
1026
632
3454
648
2534
800
1102582
855
770
709
594
1021
3084
681
11891
1133853
836
777
743
1117
2398
768
1228774
1024
637
882
895
815
1811
3129
1215005
968
634
760
610
3246
902
1316
1307804
949
642
600
1072
3528
874
759
1189120
1277
1124
826
1037
1788
1248
1935
1178304
1189
908
603
1596
4767
914
749
1165295
941
657
1921
985
1374
1592
1873
1217361
954
635
760
610
6123
804
795
1175392
864
1110
643
603
604
906
699
25196
1157706
994
809
716
1302
765
722
21208
3580
9039
6347
8213
1131250
907
1056
1201176
924
1225
731
3237
1298
1876
1670
1167937
1507
857
1058
1025
1068
624
729
1185028
1310
1043
990
1412
895
903
707
1187959
1238
1216
1098
1000
730
658
578
1211671
958
1071
882
1156
1025
656
2536
1234142
1161
630
608
1061
3255
669
721
1205550
1071
1026
1105
843
945
702
1324
1227029
1280
871
868
720
836
941
733
1188758
1321
1280
2041
1052
1128
650
743
1197852
1059
884
1028
1013
825
1370
2073
1191175
782
708
582
1226
776
1361
1562
1160897
1224
1290
857
835
771
2275
791
1105151
945
924
623
893
1777
838
3094
1167591
824
645
1051
815
736
620
1453
1192759
966
717
750
625
2226
1586
2270
1216065
992
1060
1096
631
915
849
623
20787
1184165
1142
638
1269
1222
1025
733
1214405
1036
919
1171
1130
1066
644
728
1193252
1305
771
1243
745
621
1359
1388
1152748
964
641
969
885
932
2483
795
1130997
977
748
763
793
3268
939
651
1178762
937
668
1667
1309
1923
1446
2615
1172647
1088
972
794
767
1798
1334
1370
15035
5751
1166310
1045
646
970
1099
741
1202730
1709
943
1044
1068
997
639
1828
1214253
962
980
1044
847
857
642
1566
1230135
917
830
1004
1393
1674
1511
2096
1188187
935
1008
1769
852
1663
1388
1621
1160040
1276
999
948
614
2138
1632
1845
1138766
930
786
778
570
2103
1270
1589
1121797
1541
960
755
1177
1758
652
913
1101481
842
755
1081
604
709
2212
1183
1220790
936
803
1300
774
727
654
1535
1229633
961
636
973
1527
987
783
721
15231
1176022
1290
841
744
681
630
1663
1202364
953
645
1245
1073
960
616
1952
1217852
4683
898
661
1444
1583
2176
1670
20732
1195174
945
648
1287
1826
2231
1452
1188912
940
642
975
859
890
1618
1446
1145330
1056
811
748
821
2452
736
1526
1117877
1096
638
601
858
1646
667
1828
1164648
Xput: 7081
