0.973333
0.953333
0.940000
0.946667
0.956667
0.966667
0.960000
0.920000
0.323333
0.650000
0.833333
0.943333
0.946667
0.946667
0.943333
0.926667
0.930000
0.490000
0.653333
0.816667
0.950000
0.943333
0.943333
0.930000
0.950000
0.770000
0.506667
0.646667
0.803333
0.813333
0.966667
0.956667
0.936667
0.953333
0.763333
0.553333
0.763333
0.636667
0.803333
0.806667
0.803333
0.943333
0.920000
0.750000
0.740000
0.753333
0.790000
0.776667
0.686667
0.683333
0.793333
0.860000
0.776667
0.876667
0.883333
0.943333
0.943333
0.820000
0.696667
0.696667
0.713333
0.846667
0.773333
0.806667
0.793333
0.803333
0.836667
0.700000
0.613333
0.783333
0.920000
0.913333
0.886667
0.766667
0.766667
0.706667
0.706667
0.686667
0.843333
0.853333
0.963333
0.956667
0.916667
0.786667
0.626667
0.643333
0.773333
0.676667
0.810000
0.806667
0.803333
0.930000
0.790000
0.620000
0.776667
0.816667
0.813333
0.800000
0.686667
0.683333
0.793333
0.783333
0.776667
0.930000
0.936667
0.963333
0.956667
0.830000
0.706667
0.620000
0.633333
0.770000
0.766667
0.806667
0.806667
0.803333
0.846667
0.710000
0.613333
0.770000
0.896667
0.893333
0.880000
0.760000
0.760000
0.716667
0.716667
0.693333
0.850000
0.860000
0.963333
0.956667
0.910000
0.780000
0.626667
0.643333
0.773333
0.683333
0.810000
0.806667
0.803333
0.923333
0.783333
0.613333
0.776667
0.823333
0.820000
0.806667
0.686667
0.683333
0.793333
0.783333
0.763333
0.916667
0.923333
0.963333
0.956667
0.836667
0.713333
0.626667
0.643333
0.776667
0.750000
0.806667
0.806667
0.803333
0.853333
0.716667
0.613333
0.776667
0.893333
0.886667
0.873333
0.753333
0.753333
0.723333
0.723333
0.700000
0.856667
0.866667
0.963333
0.956667
0.906667
0.770000
0.626667
0.643333
0.773333
0.690000
0.810000
0.806667
0.803333
0.920000
0.776667
0.613333
0.776667
0.830000
0.826667
0.813333
0.693333
0.690000
0.786667
0.783333
0.763333
0.916667
0.923333
0.963333
0.956667
0.843333
0.710000
0.626667
0.643333
0.776667
0.750000
0.806667
0.806667
0.803333
0.860000
0.716667
0.613333
0.776667
0.893333
0.886667
0.873333
0.753333
0.750000
0.726667
0.726667
0.703333
0.860000
0.870000
0.963333
0.956667
0.903333
0.766667
0.626667
0.643333
0.773333
0.693333
0.810000
0.806667
0.803333
0.916667
0.773333
0.613333
0.776667
0.833333
0.830000
0.816667
0.696667
0.693333
0.783333
0.783333
0.763333
0.916667
0.923333
0.963333
0.956667
0.846667
0.710000
0.626667
0.643333
0.776667
0.750000
0.806667
0.806667
0.803333
0.860000
0.716667
0.613333
0.776667
0.893333
0.886667
0.873333
0.753333
0.750000
0.726667
0.726667
0.703333
0.860000
0.870000
0.963333
0.956667
0.903333
0.766667
0.626667
0.643333
0.773333
0.693333
0.156667
0.146667
0.150000
0.163333
0.483333
0.970000
0.963333
0.936667
0.960000
0.913333
0.936667
0.946667
0.840000
0.366667
0.526667
0.686667
0.940000
0.940000
0.923333
0.933333
0.950000
0.970000
0.740000
0.546667
0.626667
0.780000
0.926667
0.933333
0.933333
0.940000
0.830000
0.806667
0.703333
0.560000
0.693333
0.850000
0.933333
0.916667
0.923333
0.766667
0.803333
0.840000
0.660000
0.673333
0.833333
0.950000
0.943333
0.896667
0.773333
0.750000
0.663333
0.660000
0.703333
0.860000
0.870000
0.963333
0.956667
0.906667
0.776667
0.620000
0.636667
0.766667
0.693333
0.810000
0.806667
0.803333
0.920000
0.780000
0.613333
0.770000
0.826667
0.823333
0.810000
0.690000
0.686667
0.790000
0.783333
0.763333
0.916667
0.923333
0.963333
0.956667
0.840000
0.713333
0.626667
0.643333
0.776667
0.750000
0.806667
0.806667
0.803333
0.853333
0.716667
0.613333
0.776667
0.893333
0.886667
0.873333
0.753333
0.753333
0.723333
0.723333
0.700000
0.856667
0.866667
0.963333
0.956667
0.906667
0.770000
0.626667
0.643333
0.773333
0.690000
0.810000
0.806667
0.803333
0.920000
0.776667
0.613333
0.776667
0.830000
0.826667
0.813333
0.693333
0.690000
0.786667
0.783333
0.763333
0.916667
0.923333
0.963333
0.956667
0.843333
0.710000
0.626667
0.643333
0.776667
0.750000
0.806667
0.806667
0.803333
0.860000
0.716667
0.613333
0.776667
0.893333
0.886667
0.873333
0.753333
0.750000
0.726667
0.726667
0.703333
0.860000
0.870000
0.963333
0.956667
0.903333
0.766667
0.626667
0.643333
0.773333
0.693333
0.810000
0.806667
0.803333
0.916667
0.773333
0.613333
0.776667
0.833333
0.830000
0.816667
0.696667
0.693333
0.783333
0.783333
0.763333
0.916667
0.923333
0.963333
0.956667
0.846667
0.710000
0.626667
0.643333
0.776667
0.750000
0.806667
0.806667
0.803333
0.860000
0.716667
0.613333
0.776667
0.893333
0.886667
0.873333
0.753333
0.750000
0.726667
0.726667
0.703333
0.860000
0.870000
0.963333
0.956667
0.903333
0.766667
0.626667
0.643333
0.773333
0.693333
0.810000
0.806667
0.803333
0.916667
0.773333
0.613333
0.776667
0.833333
0.830000
0.816667
0.696667
0.693333
0.783333
0.783333
0.763333
0.916667
0.923333
0.963333
0.956667
0.846667
0.710000
0.626667
0.643333
0.776667
0.750000
0.806667
0.806667
0.803333
0.860000
0.716667
0.613333
0.776667
0.893333
0.886667
0.873333
0.753333
0.750000
0.726667
0.726667
0.703333
0.860000
0.870000
0.963333
0.956667
0.903333
0.766667
0.626667
0.643333
0.773333
0.693333
0.810000
0.806667
0.803333
0.916667
0.773333
0.613333
0.776667
0.833333
0.830000
0.816667
0.696667
0.693333
0.783333
0.783333
0.763333
0.916667
0.923333
0.963333
0.956667
0.846667
0.710000
0.626667
0.643333
0.776667
0.750000
0.806667
0.806667
0.803333
0.860000
0.716667
0.613333
0.776667
0.893333
0.886667
0.873333
0.753333
0.750000
0.726667
0.726667
0.703333
0.860000
0.870000
0.963333
0.956667
0.903333
0.766667
0.626667
0.643333
0.773333
0.693333
0.810000
0.806667
0.803333
0.916667
0.773333
0.613333
0.776667
0.833333
0.830000
0.816667
0.696667
0.693333
0.783333
0.783333
0.763333
0.916667
0.923333
0.963333
0.956667
0.846667
0.710000
0.626667
0.643333
0.776667
0.750000
0.806667
0.806667
0.803333
0.860000
0.716667
0.613333
0.776667
0.893333
0.886667
0.873333
0.753333
0.750000
0.726667
0.726667
0.703333
0.860000
0.870000
0.963333
0.956667
0.903333
0.766667
0.626667
0.643333
0.773333
0.693333
0.810000
0.806667
0.803333
0.916667
0.773333
0.613333
0.776667
0.833333
0.830000
0.816667
0.696667
0.693333
0.783333
0.783333
0.763333
0.916667
0.923333
0.000000
0.006667
0.016667
0.036667
0.000000
0.970000
0.963333
0.936667
0.960000
0.913333
0.936667
0.946667
0.956667
0.366667
0.526667
0.686667
0.940000
0.940000
0.923333
0.933333
0.950000
0.970000
0.740000
0.546667
0.626667
0.780000
0.926667
0.933333
0.933333
0.940000
0.830000
0.806667
0.703333
0.560000
0.693333
0.850000
0.933333
0.916667
0.923333
0.766667
0.803333
0.840000
0.660000
0.673333
0.833333
0.950000
0.943333
0.896667
0.773333
0.750000
0.663333
0.660000
0.703333
0.860000
0.870000
0.963333
0.956667
0.906667
0.776667
0.620000
0.636667
0.766667
0.693333
0.810000
0.806667
0.803333
0.920000
0.780000
0.613333
0.770000
0.826667
0.823333
0.810000
0.690000
0.686667
0.790000
0.783333
0.763333
0.916667
0.923333
0.963333
0.956667
0.840000
0.713333
0.626667
0.643333
0.776667
0.750000
0.806667
0.806667
0.803333
0.853333
0.716667
0.613333
0.776667
0.893333
0.886667
0.873333
0.753333
0.753333
0.723333
0.723333
0.700000
0.856667
0.866667
0.963333
0.956667
0.906667
0.770000
0.626667
0.643333
0.773333
0.690000
0.810000
0.806667
0.803333
0.920000
0.776667
0.613333
0.776667
0.830000
0.826667
0.813333
0.693333
0.690000
0.786667
0.783333
0.763333
0.916667
0.923333
0.963333
0.956667
0.843333
0.710000
0.626667
0.643333
0.776667
0.750000
0.806667
0.806667
0.803333
0.860000
0.716667
0.613333
0.776667
0.893333
0.886667
0.873333
0.753333
0.750000
0.726667
0.726667
0.703333
0.860000
0.870000
0.963333
0.956667
0.903333
0.766667
0.626667
0.643333
0.773333
0.693333
0.810000
0.806667
0.803333
0.916667
0.773333
0.613333
0.776667
0.833333
0.830000
0.816667
0.696667
0.693333
0.783333
0.783333
0.763333
0.916667
0.923333
0.963333
0.956667
0.846667
0.710000
0.626667
0.643333
0.776667
0.750000
0.806667
0.806667
0.803333
0.860000
0.716667
0.613333
0.776667
0.893333
0.886667
0.873333
0.753333
0.750000
0.726667
0.726667
0.703333
0.860000
0.870000
0.963333
0.956667
0.903333
0.766667
0.626667
0.643333
0.773333
0.693333
0.810000
0.806667
0.803333
0.916667
0.773333
0.613333
0.776667
0.833333
0.830000
0.816667
0.696667
0.693333
0.783333
0.783333
0.763333
0.916667
0.923333
0.963333
0.956667
0.846667
0.710000
0.626667
0.643333
0.776667
0.750000
0.806667
0.806667
0.803333
0.860000
0.716667
0.613333
0.776667
0.893333
0.886667
0.873333
0.753333
0.750000
0.726667
0.726667
0.703333
0.860000
0.870000
0.963333
0.956667
0.903333
0.766667
0.626667
0.643333
0.773333
0.693333
0.810000
0.806667
0.803333
0.916667
0.773333
0.613333
0.776667
0.833333
0.830000
0.816667
0.696667
0.693333
0.783333
0.783333
0.763333
0.916667
0.923333
0.963333
0.956667
0.846667
0.710000
0.626667
0.643333
0.776667
