55054491.428571
33817114.285714
31721677.142857
32859170.000000
32044477.142857
30311041.428571
31529850.000000
30970368.571429
31984000.952381
29757245.714286
30418258.571429
30570374.285714
30538185.714286
32911222.857143
33032311.428571
34435731.904762
31788426.666667
32356586.190476
32592038.095238
31439214.761905
32243305.238095
31804819.523810
33526970.476190
32556338.571429
33052248.095238
32408175.238095
31992795.238095
31969536.190476
32971652.857143
31898164.761905
33884996.666667
33147558.095238
31866220.476190
31671333.809524
34760827.619048
33065505.238095
33389900.952381
32251443.809524
31665195.714286
31953167.619048
33332567.142857
34956102.380952
33334339.523810
34587281.428571
34087414.285714
32923736.190476
32214240.952381
32369111.904762
33038482.380952
33858297.142857
33275606.190476
32573648.571429
31800773.333333
32279610.000000
33959013.333333
32436636.190476
32632838.571429
32911025.238095
32554334.761905
32141356.666667
32959743.809524
33600503.333333
33094100.476190
32093041.428571
33606823.809524
33626941.428571
35077640.000000
31807390.476190
32684359.523810
33584351.904762
33491690.952381
33619162.857143
33297687.142857
32212177.142857
34759544.761905
31420330.000000
32920044.761905
33064538.571429
33008541.428571
33942605.238095
31918578.095238
33058432.380952
31738945.238095
32023424.761905
34123698.095238
32879538.095238
33290407.619048
32963971.428571
32663188.095238
32920382.380952
33942077.142857
34985082.380952
32215815.714286
31624895.714286
34549724.285714
33242945.714286
31232581.428571
33868681.428571
32492883.333333
32786064.285714
32704138.571429
31319341.428571
32983062.857143
32939078.571429
31372865.238095
33290107.142857
32077412.380952
33099426.666667
33864720.476190
31360558.571429
32176151.428571
33442423.809524
32887239.523810
31870100.476190
33065582.857143
32713899.523810
32038814.285714
33293394.761905
33453871.904762
33327415.714286
33217816.666667
33133111.904762
33668983.333333
33735093.809524
33895959.523810
32286966.190476
32804246.666667
32106689.523810
33867769.047619
32170381.904762
32268304.285714
34307958.095238
31334243.333333
33418840.476190
33405076.190476
33777514.761905
33093723.809524
33521320.476190
32847780.476190
32369658.095238
31744167.619048
33252921.428571
32374324.285714
33840472.857143
34431307.142857
31850402.857143
34359835.714286
34169672.857143
31806162.380952
32116591.428571
34352139.047619
34940368.571429
34158050.000000
33823243.333333
32326605.714286
31997559.523810
31851787.619048
33374060.000000
31624307.619048
31220502.857143
35108469.047619
35012588.095238
32143482.380952
31960100.476190
35260340.952381
32971770.476190
32829555.238095
34759290.476190
34555279.523810
32061077.142857
32653066.666667
32113746.190476
32202573.809524
33928290.000000
33697213.333333
34604961.428571
32165695.714286
32189965.714286
32693121.428571
33513579.047619
36634800.000000
34098285.238095
35164564.761905
36515459.047619
36346263.809524
35006588.571429
36362699.047619
34129676.190476
34446293.333333
33778561.428571
32600601.904762
33754831.428571
32785489.047619
31586964.285714
33799308.571429
32476142.380952
33060662.380952
32344296.666667
31591626.666667
31490681.428571
32629370.476190
34479250.952381
32965690.000000
32042683.333333
33224594.285714
33585115.238095
32699431.428571
33118420.952381
32484723.809524
31645236.666667
34939418.095238
32075208.095238
32102540.952381
32023880.476190
34433618.571429
33054932.857143
32398583.333333
31987667.619048
34784877.619048
31517974.761905
32288154.761905
33455010.476190
33402336.190476
34708402.380952
32812524.761905
35117374.285714
31720721.428571
32852999.047619
31407812.380952
33708669.047619
32294485.238095
31842017.619048
31393024.761905
34774809.523810
33682547.142857
32598251.428571
33857616.190476
32709362.857143
33515029.523810
32131437.142857
30495845.238095
31614701.904762
28575961.428571
29998315.714286
32857031.428571
28852210.000000
30948829.047619
31955562.857143
30595630.000000
30063260.000000
31448382.857143
29169245.714286
29549710.000000
31004844.285714
31291342.857143
30647490.000000
30270201.428571
30352908.571429
29889978.571429
29906355.714286
28998357.142857
29463145.714286
32592194.285714
29854345.714286
32816397.142857
32622731.428571
31419108.571429
32796265.714286
30885082.857143
30095667.142857
30484325.714286
30209287.142857
31727304.285714
30931578.571429
30175854.285714
29321395.714286
30509500.000000
29838158.571429
29920541.428571
31089190.000000
29936684.285714
30921704.285714
31435698.571429
30918988.571429
30179177.142857
30546712.857143
31089392.857143
29089985.714286
31009011.428571
29970791.428571
28643307.142857
29263284.285714
29396916.666667
29890635.714286
31157647.142857
30952458.571429
29723820.000000
31898714.285714
29831694.285714
29654145.714286
29039524.285714
28896135.714286
29720072.857143
29521978.571429
29560787.142857
32378835.714286
28778671.428571
29196335.714286
29786082.857143
28418707.142857
29273245.714286
31404893.809524
30962625.714286
30005787.142857
30287784.285714
30283450.000000
30774787.142857
30292807.142857
29479700.476190
32784464.761905
32256513.333333
34271278.095238
33518655.238095
31555236.190476
32700600.952381
32786586.666667
32286158.095238
32453602.857143
32817309.523810
32144320.952381
33740690.476190
34560865.714286
33307542.857143
32198750.000000
33319318.095238
33090701.904762
33195105.714286
34854283.809524
33144053.333333
34361586.666667
32436761.428571
33925980.952381
34340522.857143
32408259.047619
35961288.571429
34067240.952381
32621480.952381
31498447.619048
33228433.333333
33137948.571429
34688114.285714
33847857.142857
33114106.666667
32092269.523810
34841760.000000
31984611.904762
31409451.428571
33747879.047619
33844669.523810
32938549.523810
33245821.904762
33507923.809524
32673721.904762
32407153.333333
33732043.809524
34224371.428571
34889385.714286
31383812.380952
33810559.047619
34846921.904762
33155567.619048
33750812.380952
33031262.857143
34800986.666667
33788852.380952
31534677.142857
32931900.952381
31703500.952381
32385821.904762
32607277.142857
34483206.666667
33629020.952381
33914474.285714
34424386.666667
34698893.333333
33508095.238095
31658616.190476
33238990.476190
33580169.523810
31989628.571429
34525498.095238
33654099.047619
31737909.523810
33265934.285714
34133242.857143
31312679.047619
32114415.238095
34436263.809524
32205700.952381
34855298.095238
32686024.761905
33998095.714286
32971374.285714
31969268.571429
35036968.571429
33355220.000000
32989242.857143
34616601.904762
32419000.952381
34026917.142857
33626512.380952
34651448.571429
33130155.238095
43445155.238095
40892801.904762
40454033.333333
38303322.380952
37254384.761905
36820014.285714
35753760.000000
37846101.904762
35995541.904762
34810889.523810
37084277.142857
33622748.571429
35434400.000000
34228930.476190
33861967.619048
33797280.476190
34543487.142857
33557280.000000
32756701.904762
36283946.666667
36287201.904762
36186740.000000
34282278.095238
33147107.619048
32423371.428571
33296930.476190
32209532.380952
34932790.476190
32722564.761905
31773866.666667
32597360.000000
33309927.619048
32131168.571429
34539798.095238
31971742.857143
32391675.238095
34789259.047619
34426705.714286
32325357.142857
32300608.571429
33109733.333333
33452860.000000
31113178.095238
32608102.857143
35791057.142857
33803623.809524
32454838.095238
34174380.952381
30959213.333333
33467843.809524
32491545.714286
32818525.714286
31833486.666667
38534569.523810
35189668.095238
34555973.333333
35093722.857143
34738138.095238
36840784.761905
36434529.523810
36534880.952381
32757693.333333
33061061.428571
35376028.571429
35591825.714286
34990955.238095
33385074.761905
36431846.190476
37156025.714286
33382637.619048
33098079.047619
33875069.047619
33047039.523810
32326912.380952
34144544.761905
33630320.952381
32820983.333333
33277013.333333
34487325.714286
33750640.952381
32880094.285714
34818942.380952
35140299.523810
33530965.714286
31830378.095238
33170595.238095
33246379.523810
33438404.761905
32220324.761905
33978509.523810
32889954.285714
32633356.666667
34808863.809524
33360209.523810
32044992.380952
32381401.904762
34175013.809524
33334358.571429
35839362.857143
32717160.000000
31657863.333333
33243748.571429
34350658.095238
31670740.952381
34345728.571429
32825153.333333
32078595.238095
32710474.285714
31683051.428571
34584137.142857
32016170.000000
32783941.904762
34665720.952381
33421449.523810
32979170.476190
32736764.761905
33033140.000000
33160941.904762
33206400.952381
33580184.761905
33025694.285714
32725940.000000
31707024.761905
35679555.238095
31183828.095238
30783074.285714
33146995.238095
32867880.000000
31749024.761905
32262930.476190
34303724.761905
34817741.904762
32533581.904762
32538259.047619
33288272.380952
31754922.857143
31725265.714286
31465238.095238
34159340.000000
32494958.095238
34535593.333333
32904187.619048
33290607.142857
31195297.142857
32125147.619048
33079782.857143
31315077.142857
31062929.523810
30020020.000000
32005740.000000
28711485.714286
29033802.857143
29399181.428571
29391528.571429
29453281.428571
28721217.142857
30069277.142857
29645265.714286
29679460.000000
29645057.619048
29819405.714286
29904021.428571
36442664.285714
33756471.428571
31110504.285714
31438424.285714
33262310.000000
32417704.761905
32263600.000000
33224528.571429
34598783.809524
32198003.809524
32234941.428571
34032777.142857
31862573.333333
34484964.761905
35141403.809524
34968720.000000
33509184.761905
34219605.714286
32182084.761905
32911240.000000
32770317.142857
34203347.619048
32256668.571429
33234842.857143
32824756.190476
31217732.380952
31470781.904762
32211386.666667
31844518.095238
31699920.000000
33434253.333333
31617966.666667
32751601.904762
31557634.285714
31798831.428571
31802360.952381
32400804.761905
32819240.000000
31634165.714286
34432188.571429
31949492.380952
33798145.714286
33636241.904762
32150714.285714
32851955.238095
33008291.428571
32482088.571429
33301393.809524
34536014.761905
33668729.523810
31689434.285714
34377423.809524
32933965.714286
31732676.190476
33405452.380952
31983475.238095
32893964.761905
32266220.000000
34267331.428571
33343955.238095
33599733.333333
33479058.095238
32235115.238095
32564467.142857
33070727.142857
32272241.904762
32035759.047619
32310433.333333
32703592.380952
31769918.095238
31362007.619048
32093604.761905
33633016.666667
34504212.857143
33383756.190476
33269002.857143
33568634.285714
33881964.761905
32756181.904762
31918521.428571
32686737.619048
32991356.190476
33102893.809524
31872475.238095
33891608.095238
32111274.285714
33510258.095238
32721596.190476
33142065.714286
33357797.142857
34220968.571429
33039874.285714
31721893.809524
31950465.238095
33730694.761905
31819833.809524
32123979.047619
31804356.666667
33363681.904762
34113078.571429
33634293.809524
34413240.000000
31689607.142857
32902657.142857
32600892.857143
31512121.904762
31831905.714286
31888482.857143
33619122.857143
33291588.095238
31783485.238095
32530108.571429
34612307.619048
31801694.285714
34444574.761905
32903730.952381
31536200.952381
32068691.428571
33089552.380952
33716397.619048
34476902.380952
31267824.761905
33574278.095238
32395246.666667
32726463.333333
32002626.190476
32562925.714286
34462258.095238
31259777.142857
34798566.190476
32454537.142857
32903743.809524
33803349.523810
31640140.952381
32638531.428571
33698560.952381
31752535.238095
32991240.000000
31614606.666667
31339475.238095
31842585.714286
31816310.000000
33552329.523810
31712288.571429
32882982.857143
32823413.333333
32589254.285714
33008438.095238
32307410.476190
34296140.952381
31661817.142857
33756917.142857
34330403.809524
32147865.714286
32885520.000000
31097540.000000
33885480.000000
33054450.952381
31850594.285714
34141821.428571
31460609.523810
31752310.476190
33035250.476190
31328020.000000
32987962.857143
33178573.333333
32970840.952381
31902486.666667
31680201.904762
31875060.952381
31539090.476190
31419401.904762
32795543.809524
31106452.380952
34273547.619048
33177185.714286
32521675.238095
33688162.857143
32031220.952381
32534072.380952
32974799.047619
31905895.238095
33740899.047619
33317366.666667
32470277.142857
31393418.571429
32282490.476190
33199254.285714
34281112.380952
31264324.761905
31422800.000000
32402703.809524
31221218.095238
33342158.095238
33165747.619048
31647394.285714
32311671.428571
31506599.523810
31714799.523810
35038446.666667
32448912.380952
33234114.285714
32609176.190476
31534051.428571
32507671.428571
33187299.047619
33500478.095238
34808380.952381
32052873.809524
31122009.047619
33180126.666667
32399166.190476
31629276.666667
33579130.476190
34371243.809524
32960170.476190
32022953.333333
32018919.047619
33147174.285714
32286652.380952
31707647.619048
33080378.095238
