4240117.142857
4433281.428571
4948008.571429
4641061.428571
4133544.285714
4603858.571429
1569765.714286
1912602.857143
2399208.571429
3204033.333333
4278841.428571
4469626.666667
3313707.619048
4397510.952381
4515368.095238
4276250.000000
2058957.619048
1070003.809524
1573069.523810
4038031.904762
4434470.000000
4843988.095238
4556768.095238
5230053.333333
2936289.523810
4411927.142857
4615882.857143
4099889.523810
4060962.857143
4998936.666667
2819468.571429
4007947.619048
4182010.476190
5393823.809524
5077086.190476
5423622.380952
4915774.285714
4717773.333333
4977298.571429
4749423.809524
4699501.904762
4737205.714286
3916219.523810
4235589.523810
4558205.714286
5033040.000000
4446529.523810
4685692.380952
2237224.761905
3226923.809524
4048142.380952
4857150.476190
4488343.809524
6036310.000000
3071501.904762
3834542.857143
3143579.523810
4016353.809524
4590487.619048
4175057.142857
4757768.095238
4964118.095238
5745563.809524
5730742.857143
4957952.380952
5107120.952381
1190345.238095
3698780.952381
3781950.000000
4501390.476190
3701087.619048
3979530.476190
1673481.904762
2495787.619048
2408585.714286
3111458.095238
2622641.904762
2802836.190476
1029224.761905
3425277.619048
4144430.952381
4115015.714286
4561270.952381
5003584.761905
3802134.761905
1397954.285714
3806514.285714
4224050.476190
3752040.000000
3587561.904762
4819333.333333
4207513.809524
4284730.476190
4298660.000000
4546822.380952
3862020.952381
3255373.333333
848778.095238
3179581.904762
3450045.714286
3615706.190476
3928436.190476
4383630.476190
1201169.523810
2461126.666667
3576600.476190
3476761.904762
3692126.190476
3881461.904762
4755688.095238
1481633.333333
3105260.000000
3440918.095238
3951264.285714
4069361.904762
4105046.190476
4239941.904762
4415021.904762
4749734.285714
4645285.238095
4042654.285714
3559567.619048
1601577.142857
3727978.571429
4868326.190476
5251861.904762
5326090.476190
5325846.190476
5096478.571429
5143550.476190
5478135.238095
4881828.571429
4585724.285714
4956940.000000
1613818.095238
2911643.809524
3439386.190476
3409801.904762
3406156.666667
3461644.285714
1914729.523810
2283241.904762
2156001.428571
1610935.238095
2542613.809524
2556891.904762
1290295.238095
1325097.142857
1929699.047619
3262118.095238
2292323.809524
3115321.904762
3414758.095238
2122083.809524
2328760.000000
3558775.714286
2031710.000000
2926897.619048
2864308.095238
1242396.190476
3372398.095238
3980777.142857
4012676.190476
4272614.285714
3388797.619048
1502676.666667
2655385.238095
3130650.476190
2536761.904762
2908111.904762
2773326.190476
1789676.190476
3147587.619048
3836270.952381
4153089.523810
4117318.095238
2839941.904762
3485565.714286
3761527.619048
4088138.095238
3737941.904762
3971936.190476
2300236.190476
1098024.761905
3084544.285714
3163033.809524
3439640.000000
3650299.047619
3612283.809524
2387137.142857
3931221.428571
3725903.809524
4195638.095238
3879600.000000
4019021.904762
3157482.857143
3498748.571429
3849655.714286
4404918.095238
4344329.523810
4377222.857143
3410578.571429
4071478.095238
4738789.047619
4553418.095238
4712055.714286
4306781.904762
1556521.904762
3739090.476190
4211013.333333
4492810.000000
4743933.333333
3203799.047619
1062807.619048
2554001.904762
3636998.095238
3777995.238095
3654871.428571
3053039.047619
1249019.047619
2353255.238095
2838550.000000
3636875.714286
3247773.809524
2837604.761905
2077807.142857
3741467.142857
3927464.285714
3642067.619048
3808366.666667
3515067.619048
1420814.285714
2055871.904762
3291238.571429
3536632.857143
2483686.666667
2673908.571429
727553.333333
1315449.523810
1966953.333333
2885541.904762
3554561.904762
3281331.428571
3724186.666667
739880.000000
1679346.666667
2725685.238095
2597969.523810
2806687.619048
1761293.333333
770108.571429
2127945.714286
2904344.285714
2688882.857143
2831339.523810
2558844.285714
1356041.428571
902851.428571
1011590.476190
2692250.000000
2624087.142857
3153014.761905
3129927.619048
846129.523810
1367662.857143
1468065.238095
754849.523810
1974579.047619
2431114.285714
2038849.523810
1505819.047619
1078817.142857
679641.904762
2280131.428571
2436654.285714
3267708.571429
3023918.571429
3276219.047619
1056660.952381
938034.761905
783523.809524
744194.285714
1194942.857143
1421078.095238
1823529.523810
751670.476190
701655.238095
708705.714286
1588396.190476
1823554.285714
1770325.714286
1806735.238095
1121483.809524
634904.761905
990760.000000
1326403.809524
1303020.952381
1693169.047619
2376498.095238
2019149.047619
1577763.809524
2128000.000000
2142500.000000
2429778.095238
2061823.809524
2367367.619048
963730.000000
1968174.285714
2585808.095238
2747186.190476
2207954.285714
2477203.809524
922830.476190
1564030.000000
1888687.619048
2372003.809524
1773663.809524
2184125.714286
1846624.761905
2262583.809524
2270760.000000
1960400.000000
2405047.619048
2877931.904762
2267305.714286
2288000.000000
2514320.000000
2533001.904762
2519880.000000
2661841.904762
950885.714286
2075302.857143
2271010.000000
2256179.047619
2853980.952381
2831206.666667
1978408.095238
1983890.000000
2384183.809524
2351243.809524
2480180.000000
2376794.285714
2280978.571429
2253443.809524
2500006.190476
2841474.761905
2965954.761905
2727489.047619
1397193.333333
1933369.523810
2473551.428571
2305260.000000
2723581.904762
2609156.190476
1609630.476190
1859321.904762
2018680.000000
2172590.476190
2557126.190476
2791818.571429
770554.285714
2190908.571429
2101167.619048
2517979.047619
2028213.333333
2090114.285714
776986.666667
1530340.952381
1627342.857143
1888384.761905
1789000.000000
1653870.476190
1216516.666667
2007398.095238
2366400.000000
2182890.476190
2048639.523810
1806466.190476
802208.095238
1349275.714286
1592857.619048
1159583.809524
1755188.095238
1462558.095238
678150.000000
954190.000000
1539700.000000
1210634.761905
1661070.000000
1824813.333333
1320683.809524
758935.238095
1477297.142857
1961606.190476
2313490.952381
2675594.285714
2554687.619048
3076439.523810
1158142.857143
2417132.857143
2470463.809524
2560017.142857
2178053.333333
2425206.190476
645558.095238
2022481.904762
2565121.904762
2918740.000000
3121034.285714
3305142.857143
2788128.571429
1065106.666667
1946324.285714
2333085.714286
1956570.000000
2335334.285714
2336683.333333
1754363.809524
1916280.000000
2472372.380952
2543033.809524
2231067.619048
2540383.809524
2006008.571429
2363890.000000
2606401.904762
2572200.476190
3410262.380952
2871543.809524
1598099.523810
2072620.000000
2526550.000000
2576050.952381
2311711.904762
2158611.904762
1526078.095238
1791408.095238
2036058.095238
2133071.428571
2244861.904762
2256776.190476
997060.952381
2146215.238095
2068201.904762
2836510.476190
2747851.428571
2188003.809524
737529.523810
745001.904762
1087689.523810
1675540.476190
1583062.857143
1884771.428571
1103197.619048
869217.142857
1552455.238095
1568935.714286
2169758.095238
1589432.380952
2058488.095238
734481.904762
862445.238095
1268776.666667
1621919.523810
1342274.285714
1423586.666667
827661.904762
1681807.619048
1634693.333333
2162056.190476
2348801.904762
2034877.142857
741835.714286
1329920.000000
1734118.095238
1936626.666667
2638447.619048
2647596.666667
2218776.190476
656537.142857
1168490.000000
1324937.142857
1240181.904762
1253611.428571
2141636.190476
1240223.809524
2136062.380952
2519880.000000
3344674.285714
2983701.904762
2731790.476190
3421536.190476
1603500.000000
1853421.904762
2565335.714286
2644238.095238
2473910.476190
2577492.857143
1222891.904762
2342480.000000
2567618.095238
2663801.428571
2371192.380952
2428209.523810
1484659.047619
2087173.809524
2340483.809524
1996992.380952
2661109.047619
1926280.000000
1105535.238095
1649374.761905
1805396.666667
2320263.809524
2593894.761905
1748946.190476
1326921.904762
1564794.761905
2285353.809524
2259970.000000
1437021.904762
1901514.285714
729785.714286
1012361.904762
1405337.142857
2065857.142857
2198881.904762
2005211.428571
3041735.238095
739287.619048
667572.380952
985011.904762
1888444.285714
2197222.857143
2502521.904762
2190123.333333
837720.000000
811134.285714
910990.000000
1181188.571429
1441525.714286
1365648.095238
2055342.857143
1348720.000000
1727946.190476
1081687.619048
745876.190476
1054054.285714
1321664.761905
1085728.095238
1307224.285714
891264.761905
1511921.904762
1897182.857143
1881978.571429
1632528.095238
1669551.904762
698259.047619
1769478.095238
2117090.000000
2192433.809524
2320851.904762
2577170.000000
1004914.285714
1414917.142857
1748367.619048
1753782.857143
1418121.904762
2421219.047619
740428.571429
1273866.666667
1840091.428571
2106596.190476
2176369.523810
2372847.619048
1558026.666667
1013493.809524
2435857.142857
2514918.095238
2804628.095238
2410674.285714
2599093.333333
1512786.190476
1992642.380952
2116531.904762
2660845.714286
3055685.238095
3140441.904762
966070.476190
1034521.904762
922344.761905
1106325.714286
887834.285714
1365149.523810
1496855.238095
2303361.904762
2238377.619048
1960113.809524
2152598.095238
1701868.095238
946325.714286
965776.666667
646206.190476
1059063.809524
1514601.904762
1578688.095238
1249158.095238
1426132.857143
1701438.095238
1457354.285714
871038.095238
1184042.380952
1349554.761905
2007380.000000
1366778.095238
1755355.714286
697666.190476
1844040.000000
1752543.809524
2106308.095238
1617734.285714
1774315.714286
644980.000000
748275.714286
1206420.000000
2304722.857143
2595508.095238
2581546.190476
2271797.619048
643784.285714
873734.285714
873101.904762
802333.809524
1769216.190476
1741048.095238
1772481.904762
1326815.714286
1664498.095238
639096.190476
667751.904762
1322454.285714
1554591.904762
1468168.095238
2341934.285714
1210112.857143
648634.285714
863609.523810
1757653.809524
1828286.190476
1928754.285714
2188363.809524
2160514.285714
711094.285714
990211.904762
1693465.714286
1383070.000000
1525736.190476
1638711.904762
770113.809524
1406863.809524
1593118.095238
2102341.904762
2489331.904762
1948296.190476
1041248.095238
1785748.095238
2073946.190476
2145541.904762
2383236.190476
2166718.095238
1269273.809524
1455834.285714
1798142.380952
2246092.380952
1737157.142857
2715044.285714
2139806.666667
2515194.285714
2816470.000000
2931721.428571
2601869.523810
2368873.809524
919025.714286
1255548.571429
1422425.714286
1687560.000000
1779623.809524
2004426.190476
899513.809524
942561.904762
1621006.190476
1864461.428571
1642931.904762
2081238.095238
1564225.714286
1023783.809524
1597338.095238
1841218.095238
1919241.904762
1798021.904762
1876096.190476
661230.000000
843418.571429
1725676.190476
2028031.904762
2007700.000000
2640700.000000
1964129.047619
964169.047619
702040.000000
1140484.285714
1403052.857143
1910888.095238
1504216.190476
1839773.809524
840200.000000
1666650.000000
2016238.095238
2242925.714286
1841974.285714
1888335.714286
812918.095238
1302707.619048
1000082.380952
954648.095238
1367840.000000
1487326.190476
1528888.095238
2027430.000000
2046960.000000
1974104.285714
2234327.619048
1568464.285714
1430078.095238
1798696.190476
2338166.190476
2175510.000000
2534377.619048
1600734.285714
2048720.000000
2279771.904762
2134667.619048
2133741.904762
2247211.904762
1325376.190476
1816640.000000
2268606.190476
2271665.714286
2126556.190476
2713978.095238
1801061.904762
2099561.904762
2192031.904762
2193026.190476
2160121.904762
2295640.000000
796094.285714
1055305.714286
2205863.809524
2003090.000000
2116355.238095
2294457.619048
687051.904762
1185900.952381
1285308.571429
1884525.714286
2019665.714286
2141443.809524
1963812.380952
1704444.285714
2351980.000000
2364240.000000
2640671.904762
2498240.000000
2620923.809524
1335433.333333
2172825.714286
2839826.190476
2712060.952381
2605926.190476
2702602.380952
832100.000000
1997930.000000
2134535.714286
2788663.809524
2051963.809524
2386246.666667
690728.095238
1248992.380952
1269756.190476
1504668.095238
1808449.523810
2072142.857143
1012948.095238
1400587.142857
1820080.476190
2007551.904762
1899461.904762
2666518.095238
2437108.571429
1040052.380952
2017573.333333
2232350.000000
2392193.809524
2897761.904762
2423003.809524
1761102.380952
1931927.619048
2155976.190476
2598797.142857
2288914.285714
2443339.047619
1369940.952381
1790687.142857
1935750.476190
2511248.095238
3301114.761905
2411011.904762
1816541.904762
2242436.190476
2433536.666667
2625821.904762
2344790.000000
2613550.000000
1980369.523810
2332350.000000
2363926.190476
2392755.714286
3071367.619048
2937810.000000
1704238.095238
2159350.476190
2388460.000000
3177006.190476
2536108.095238
2799928.095238
2256873.809524
2354754.285714
2693560.476190
2724622.857143
2831222.857143
2607287.619048
1640560.952381
2730440.000000
3064550.476190
3205385.714286
3118198.095238
3312457.142857
1278748.571429
2040298.095238
2421186.666667
2344161.904762
2670908.095238
2975039.047619
2039676.190476
2358234.285714
2272283.809524
2650813.333333
2698818.571429
2513988.571429
760130.476190
1345886.190476
1666275.714286
2074708.095238
2673258.095238
1690189.523810
1142665.714286
1081155.714286
1203070.000000
1295191.904762
1307356.190476
1389768.095238
2607410.000000
720022.857143
1038083.809524
1840664.761905
1887468.095238
2453280.000000
826794.285714
1320366.190476
1782635.714286
1445500.000000
1181242.380952
1446654.285714
681598.095238
678463.809524
1261251.904762
1632596.190476
1657208.095238
2188823.809524
1784938.571429
2225302.857143
2504376.190476
2888884.285714
3095611.428571
2632095.238095
2962346.666667
1009118.095238
1959683.809524
1942584.761905
2094681.904762
2330705.238095
2820652.380952
855001.904762
807773.333333
771449.523810
1231914.285714
1221981.904762
1519538.095238
1862191.904762
824841.904762
959980.952381
1480643.809524
2078477.619048
2191251.904762
2293018.095238
2084950.000000
2434969.523810
631902.857143
958638.095238
883634.285714
1284691.904762
2068018.095238
2045380.952381
1388360.000000
1076711.904762
1253905.714286
1595526.190476
2308616.190476
2300628.095238
2442773.809524
1942614.285714
2209609.523810
2385398.095238
2404071.904762
2538891.428571
2622520.000000
2476704.761905
2079011.428571
2324628.571429
2493028.571429
2638175.238095
2161771.428571
2360506.666667
906554.285714
1447866.666667
2281531.428571
2262424.761905
2356133.333333
2489758.095238
706763.809524
2111783.809524
2249143.333333
2450831.428571
2739781.904762
3004801.428571
1238396.666667
1974458.095238
2030340.000000
1541417.619048
2285675.714286
2003136.190476
590855.714286
882531.904762
1747438.095238
1849748.095238
1777680.000000
2008653.809524
895612.857143
940543.809524
722826.666667
1804413.809524
1609934.285714
2058861.904762
1057641.904762
1186504.761905
738910.476190
1149433.809524
1821392.380952
1960944.761905
2178865.238095
2266996.190476
2376751.904762
906573.333333
2290854.285714
2058262.380952
2522975.714286
2107156.190476
2141898.095238
1036312.380952
1917638.095238
2198805.714286
2642868.095238
2637679.523810
2675274.761905
870685.714286
1160424.761905
1336923.809524
927076.190476
1389158.095238
1407889.523810
1029672.380952
934078.095238
1503729.523810
1718249.523810
1425619.047619
1535878.095238
1430405.714286
770666.666667
1163161.904762
1726929.523810
1510047.619048
1702251.428571
1523508.571429
611308.571429
689236.190476
1526662.857143
2024165.238095
2594911.904762
2672109.047619
2969766.190476
2277069.047619
1750710.000000
2249831.904762
2247480.000000
1927634.285714
2213101.904762
2793096.666667
1505529.523810
1558627.619048
1711291.428571
2139827.619048
2234880.000000
2261401.904762
688769.523810
1122436.190476
1231504.761905
1911713.809524
1275311.904762
1120831.904762
925011.904762
2311916.666667
2567528.095238
2540490.476190
2751803.809524
3267357.619048
2738848.095238
1969960.476190
2708787.142857
2613153.809524
2480201.904762
2768720.000000
3068881.904762
1858070.000000
2777868.095238
2591001.428571
3149107.619048
3036717.142857
3005061.904762
968942.857143
1734793.809524
2097348.095238
1818624.761905
2050491.904762
1978226.666667
1262143.809524
1478101.904762
1841758.095238
1627471.904762
1758850.000000
1919166.190476
2328570.000000
2639412.380952
2548922.380952
2653940.476190
2584105.714286
1378013.809524
1720441.904762
1979088.095238
1998636.190476
2036100.952381
1717092.857143
1690135.714286
1882548.095238
2070497.142857
2296403.809524
2839727.619048
2958057.142857
1459440.000000
1874604.761905
2185156.190476
2276804.761905
2258835.714286
2284175.238095
731935.714286
1670930.000000
2000344.761905
1643253.333333
2203596.190476
2023667.619048
1391892.380952
2081502.857143
1857609.523810
2236450.952381
2217796.190476
1765327.619048
997470.476190
1761286.190476
2164386.666667
2230099.047619
2599848.095238
2297705.714286
674409.523810
1296173.809524
1960619.523810
2481125.238095
2176096.190476
1753420.952381
2633868.095238
1410673.809524
2211294.285714
2316575.238095
2170750.000000
2224248.095238
2198655.714286
1296890.000000
2233998.095238
2294057.619048
2194015.714286
2332098.095238
2215422.380952
1389321.904762
2146366.190476
2217064.761905
2276268.571429
2213024.761905
2349554.285714
775457.142857
1383331.428571
1955188.571429
1542893.333333
1801996.190476
1938089.523810
1087605.714286
1297343.809524
2010440.000000
1984923.809524
2541347.142857
2271262.380952
2220166.190476
843738.095238
1803795.714286
2156292.380952
1800083.809524
1810891.904762
1926368.095238
1313271.904762
1682124.761905
1880846.190476
1984066.666667
2033899.047619
2056258.095238
1493360.000000
1833171.904762
2242561.904762
1945714.285714
2126837.619048
2190468.571429
1092260.000000
1901909.523810
2298041.904762
2568678.095238
2345492.380952
3170131.904762
940940.000000
1496484.285714
1594665.714286
991191.904762
1400225.714286
1403041.904762
924971.904762
966034.285714
1556878.095238
1839960.000000
1688186.666667
2101779.047619
1907278.571429
681582.857143
1013610.000000
1093500.952381
1607951.904762
1927884.761905
2210700.000000
1464121.904762
935480.000000
972788.095238
1337824.285714
1196544.285714
1438498.095238
1702230.000000
988248.095238
955848.095238
916153.809524
1017246.190476
1751303.809524
2014527.619048
1643161.904762
2158463.809524
1757592.380952
1063940.000000
1654100.000000
1731561.904762
1568508.095238
2032661.904762
2119836.190476
1746978.095238
1971660.000000
2360968.095238
2862978.095238
2756441.904762
2718870.000000
1888038.095238
2088573.809524
3132470.000000
2459977.619048
2669075.714286
2986604.285714
1412940.000000
1811928.095238
2416491.904762
2602590.476190
2418488.095238
2816561.904762
1390474.285714
2318028.571429
2440224.761905
2442580.952381
2339403.809524
2323137.142857
879184.761905
2242593.809524
2402878.095238
2725480.952381
1998405.714286
2274854.285714
669337.142857
1387836.190476
1902764.285714
2021618.095238
2211555.714286
2462142.380952
1240325.714286
1925461.904762
2351753.809524
2358561.904762
2258565.714286
2366501.904762
719333.809524
1436696.190476
1785293.809524
1827476.190476
1842540.000000
2082180.000000
1157970.000000
1404756.190476
1778145.714286
2217728.095238
1648591.904762
1959793.809524
749160.000000
920474.285714
1689810.000000
1630573.333333
1786375.714286
1557531.428571
857282.380952
992341.904762
1003800.000000
942792.380952
1023866.666667
1053836.190476
950348.095238
947576.190476
1301289.523810
1546434.285714
1397270.476190
1315950.476190
1364050.000000
1875326.190476
1978796.190476
1793474.285714
1964495.238095
1058603.809524
1453655.714286
1842601.904762
1956295.714286
2110887.619048
1973121.904762
2416022.857143
1274741.904762
1981673.809524
2022031.904762
1794855.238095
1857609.523810
2108710.476190
792861.904762
1689190.000000
1825677.142857
2120918.095238
2074161.904762
2139018.095238
778797.619048
745228.095238
1471520.000000
1919671.904762
1643552.380952
1904491.904762
1952635.714286
885484.761905
744250.000000
895431.904762
902120.000000
695249.523810
1098374.285714
1280028.571429
956351.904762
825817.142857
787512.380952
644609.523810
1191790.476190
1660744.761905
2060207.619048
1823339.047619
1936615.238095
1265525.714286
855220.952381
1639960.000000
1857937.142857
1615938.095238
1971868.095238
2171223.809524
763296.190476
1422896.190476
1630680.000000
2255969.523810
2159996.190476
2298796.190476
1868276.190476
1166835.714286
1746344.761905
2064931.428571
2524871.904762
1905687.619048
2577485.714286
851210.000000
1572270.476190
1694074.285714
1943418.095238
1541064.285714
1538423.809524
1051369.523810
1699843.809524
2082081.904762
2247834.285714
2091940.952381
2204255.238095
1229192.380952
1718650.476190
2181169.047619
2106600.000000
2307287.142857
2124601.904762
1066545.714286
1777278.095238
2048131.428571
1630495.238095
2163840.000000
2030063.809524
1376876.190476
1864418.095238
1892495.238095
2045352.380952
2175116.190476
2125730.000000
946135.238095
1795690.000000
1961339.047619
1929428.095238
1757078.095238
1556058.095238
721390.476190
950097.142857
1779636.666667
1853891.904762
1664228.571429
1758899.047619
1158710.476190
935171.428571
992794.285714
1358320.000000
1740727.619048
2046346.666667
2066437.142857
1813521.428571
704380.952381
1643391.904762
1760554.285714
2080089.523810
1878927.619048
2363537.619048
2582023.809524
921200.000000
2088930.000000
2263864.761905
1760283.809524
2899733.333333
1986414.285714
688185.714286
1216234.285714
1412226.666667
2018971.904762
2218520.952381
2196586.666667
941964.285714
1084737.142857
1975250.952381
2314379.047619
2530184.761905
2064561.428571
2205263.809524
797502.857143
912724.285714
2136713.809524
2391532.380952
2760710.000000
2428346.190476
785447.619048
1092411.428571
958060.000000
730474.285714
1086582.857143
1189761.904762
621870.000000
1220156.190476
948108.571429
1495490.000000
1280379.047619
905662.857143
659701.904762
741336.190476
1427243.333333
1985711.428571
1608976.190476
1935747.142857
1645845.714286
743925.714286
858500.952381
1492579.047619
1866521.904762
1554866.666667
1910965.714286
922192.380952
659726.666667
990730.000000
1476820.000000
2472651.904762
1982238.095238
2200088.095238
765394.285714
1013076.190476
2020022.380952
2039173.809524
2368352.380952
1913502.380952
2016083.809524
797241.904762
766118.095238
648337.142857
1317049.523810
1514245.714286
1460057.142857
851986.666667
1538689.047619
1590922.380952
2058901.428571
1843054.761905
839330.476190
550740.952381
2017480.000000
2334756.190476
2247946.666667
2549156.190476
2490462.857143
2070633.809524
993234.285714
1397531.904762
1854002.380952
2604668.571429
2842589.047619
2670503.333333
1868356.190476
2225421.428571
2379958.095238
1804007.619048
3189095.238095
2089302.857143
1362120.000000
2167204.285714
2380675.714286
2492544.761905
2388289.523810
2649684.285714
1479792.380952
1619363.333333
2419615.238095
2177403.809524
1704053.333333
1951200.000000
804460.000000
1780537.142857
2085140.000000
1758498.571429
1981968.095238
2291180.000000
702576.190476
1314471.904762
2158655.238095
1957501.904762
2026966.190476
2277946.190476
651525.714286
1017998.095238
2504786.190476
2907958.095238
2403215.714286
2454643.333333
2838684.285714
1414815.238095
1552935.238095
2032085.714286
2018857.142857
2641062.857143
2375865.238095
1353988.095238
1925845.714286
2014620.952381
2115843.809524
2380912.380952
2358358.095238
1314600.000000
1598504.285714
1606640.000000
1542281.904762
1064580.476190
925219.047619
1036674.285714
1797535.238095
1832681.904762
2213757.619048
1844055.238095
1630390.000000
2208670.952381
2279108.095238
2479216.666667
2202232.380952
2259236.190476
1353755.714286
1741315.714286
2028074.285714
2412728.095238
2072580.000000
2200098.095238
579938.095238
1523728.095238
1749688.095238
2164190.000000
2090404.285714
2272163.809524
734554.285714
1075210.000000
1384861.904762
1343800.000000
1300955.714286
1439146.190476
863750.000000
734486.190476
1773704.285714
1891474.285714
1904031.904762
2072098.095238
1591961.904762
729561.904762
1961336.190476
2150548.095238
2096682.380952
1971511.904762
1595418.095238
1108264.285714
1554125.714286
2297736.190476
1946944.285714
2401921.904762
1948546.190476
1088115.714286
2423680.952381
2442233.333333
2557257.619048
2330833.809524
2559205.714286
712106.190476
1177131.428571
1698934.285714
2164758.095238
2387550.476190
2298252.380952
757254.285714
869588.571429
1438676.190476
1857361.904762
1892405.714286
1881593.809524
1917431.904762
1282665.714286
1590483.809524
3163460.000000
2941370.000000
3346354.761905
3187027.619048
3176576.190476
1021538.095238
1670262.380952
1954257.142857
2137811.904762
2436356.666667
2668827.619048
801603.809524
625025.714286
900000.000000
1808145.238095
2439154.285714
2307398.571429
1890813.809524
798175.714286
859190.000000
601125.714286
1909320.000000
2012333.333333
2984835.714286
3343968.095238
2628120.000000
3375338.095238
1723951.904762
2088890.476190
2097141.904762
2165660.000000
2840910.476190
2706564.285714
873505.714286
1362872.380952
2011272.380952
2000283.809524
2158266.666667
2128980.952381
943535.238095
1577363.809524
1674201.904762
1696453.809524
1309805.714286
1241564.285714
708173.333333
1375455.238095
1493323.809524
2061388.095238
2314325.714286
1961026.190476
766809.523810
1298406.190476
1695946.666667
1800195.714286
1274178.095238
1336095.238095
902494.285714
769386.190476
1108151.904762
2129677.619048
1987686.190476
2199998.095238
2206580.000000
654548.095238
721438.095238
837610.000000
1474468.095238
1854350.000000
1460271.904762
1257261.904762
1228115.714286
1912758.095238
2299490.000000
2183128.095238
2116541.904762
2008148.095238
1296137.619048
1510518.095238
2386175.714286
2095874.285714
2084070.952381
2179692.380952
1285287.619048
2196243.809524
2262746.190476
2292224.761905
2712420.952381
2260398.095238
1434457.142857
2894563.333333
2883827.619048
2865391.904762
3539194.285714
3679387.142857
658965.714286
1137041.428571
1951800.000000
2222004.761905
2343290.952381
2017403.333333
1036111.428571
774480.000000
1111931.428571
1947638.095238
1553546.666667
1452115.714286
1952827.619048
1080760.000000
905830.000000
1252366.190476
2212241.904762
2307485.714286
1828603.809524
1612205.714286
918514.285714
952333.333333
1362720.000000
2042144.761905
1593220.000000
1815074.285714
1880356.190476
1433669.523810
1510588.571429
1896455.714286
1726863.809524
2497638.095238
694795.714286
1122790.000000
1336603.809524
1805580.000000
1954006.190476
1960583.809524
1676425.714286
1136648.095238
1598106.190476
1599996.190476
1626994.285714
1678280.000000
1600892.380952
842815.714286
1436605.714286
1472600.000000
1574131.904762
1302190.000000
2021498.095238
2491242.380952
2449198.095238
2467413.333333
2169164.285714
2717785.238095
1807978.095238
2326809.523810
2678359.047619
2863629.047619
2608254.285714
2775219.523810
1901937.619048
2534173.809524
2391717.619048
2720068.571429
2566187.619048
2666490.000000
1462680.000000
2070954.285714
1990329.523810
2257779.047619
2002553.809524
2103347.619048
1162180.000000
2316049.523810
2029348.095238
2391253.333333
2001331.904762
2912435.238095
912290.000000
1744030.000000
2324270.476190
2005737.142857
2408912.380952
2065916.190476
669468.095238
1586855.714286
1634784.761905
2379377.142857
2331733.333333
2123313.809524
2406055.714286
1198680.000000
1865007.619048
2229935.238095
2696910.476190
2164258.095238
2090824.285714
880521.904762
838961.904762
710009.523810
842645.714286
832690.000000
1017960.000000
789084.285714
636499.047619
1255635.714286
1570789.523810
978448.095238
788453.809524
1159134.285714
899831.904762
1029115.714286
1298243.809524
1713224.761905
1749185.714286
1373860.952381
1137550.476190
1609329.523810
1673702.857143
1934062.857143
1995238.095238
2384630.476190
2127373.333333
1630325.714286
2281817.142857
2371805.714286
2766582.857143
3262720.952381
2533502.857143
812605.714286
1264354.285714
1081779.523810
1238262.857143
1149938.095238
1536748.095238
754847.619048
1057918.095238
1576386.190476
1723340.952381
1147530.000000
1068616.190476
1904298.095238
2288115.714286
2692020.000000
2592951.904762
2871944.285714
1807630.000000
1227118.095238
1626015.238095
1740369.523810
2250230.000000
2218481.904762
2147616.190476
1325567.619048
1988466.190476
2759661.428571
2678125.714286
2603345.714286
2231598.095238
1068935.238095
1879940.000000
2250616.190476
2319167.619048
1669982.380952
1867247.619048
839874.285714
1376638.095238
1337371.904762
2091061.904762
1689265.714286
1820928.095238
2143693.809524
2645965.238095
2575422.857143
2667571.904762
3099301.904762
1850328.095238
1534934.285714
1648699.047619
1943224.761905
2628003.809524
2991020.000000
2540811.428571
1643765.714286
1825270.000000
2219103.809524
2363680.000000
2225743.809524
3164613.809524
1048326.190476
2002450.000000
2904146.190476
2864678.095238
2443025.714286
2285655.714286
1240928.095238
1428562.380952
1665524.285714
1597379.523810
1911157.619048
2489333.809524
691423.809524
1414009.523810
1914280.000000
2336103.809524
1748389.047619
2441450.000000
773954.285714
1185796.190476
1544760.000000
1904415.238095
1647502.857143
1729483.809524
941575.238095
1576167.619048
2029525.238095
2150906.190476
1639621.904762
1786751.428571
709670.000000
1878328.095238
1997468.095238
2079431.904762
1833408.095238
2123348.095238
679964.285714
1998693.809524
2096684.285714
2510636.190476
2384302.380952
2187832.380952
1341082.380952
2683400.000000
2836414.285714
2615208.095238
2709132.857143
2444423.809524
966690.000000
1202090.000000
1956020.000000
2165523.809524
1822102.380952
2162168.571429
644240.000000
1065111.428571
1465163.809524
1814173.333333
1949081.904762
1792695.238095
1562967.619048
1063455.238095
1717207.619048
1780401.904762
2006003.809524
2208860.476190
1996998.095238
759462.857143
963221.904762
1151640.952381
1538400.000000
1843205.714286
2000606.190476
1376871.904762
717353.809524
926196.190476
1566093.809524
1891895.714286
2082841.904762
2297313.809524
2169288.095238
608034.285714
1372693.809524
1339177.142857
1523363.333333
1873391.904762
2110729.047619
1957852.380952
1836475.714286
1930897.142857
2122945.238095
2434381.904762
2104918.095238
2136943.809524
794859.047619
1854910.000000
2437601.904762
1753129.523810
2457784.285714
1987581.904762
659312.380952
900358.095238
1323415.238095
1913897.142857
2338061.904762
2020024.761905
2673516.190476
1186496.190476
1404015.238095
1530476.190476
1743819.047619
2087666.666667
2103416.666667
753780.952381
1725857.142857
2353087.619048
2346251.428571
2621850.952381
2382002.857143
2957570.476190
878021.904762
1125818.095238
2383265.238095
2205377.619048
2453750.000000
2603947.619048
1136497.142857
710670.476190
1768635.714286
1710948.095238
2362047.619048
2440856.190476
2330847.142857
1686851.904762
1830063.809524
2399281.904762
2346106.190476
2684892.380952
1837931.428571
1562337.619048
2049822.380952
2605287.619048
2499750.476190
2698477.619048
2787514.285714
1956560.000000
2342784.285714
2363283.333333
2738238.095238
2643140.000000
2612247.619048
2097585.238095
2429954.285714
2637960.000000
2846243.333333
2432884.285714
2815034.285714
836743.809524
1351110.000000
1301106.190476
1840670.476190
1910111.904762
2136181.904762
728124.285714
1744910.000000
1778211.904762
2149036.190476
2595002.380952
2262860.000000
1688710.000000
1752766.190476
2204653.809524
2407069.047619
2690025.238095
2205723.809524
2543937.142857
1458036.190476
1989370.476190
2068463.333333
2426739.047619
2475384.761905
1971826.666667
884400.000000
2080366.190476
2186893.333333
2198358.095238
2860500.952381
3062500.952381
1571493.809524
1326993.333333
2242828.095238
2745028.095238
2800916.190476
3068706.666667
3003138.095238
689870.476190
1129961.904762
1849308.571429
2279673.809524
2171632.380952
2181230.000000
1295213.333333
794433.809524
1547386.666667
1703060.000000
1857363.809524
1976730.000000
2393624.285714
1346410.000000
2302041.904762
2402442.380952
2553388.095238
2454348.095238
2939270.000000
2676280.000000
716811.904762
1733360.000000
1736354.285714
2385673.333333
2671433.809524
2964881.904762
1055885.714286
1262831.904762
1756608.095238
1584936.666667
1678061.904762
1791480.000000
1186566.190476
1143322.857143
1892137.619048
2571113.809524
2680972.857143
2395671.904762
2193457.142857
1414580.000000
1676262.857143
2256560.000000
2103019.047619
1516082.380952
1918214.285714
1594894.285714
1651321.904762
2404460.000000
2240843.809524
2713414.285714
2187367.619048
1139785.714286
1956481.904762
2168720.000000
2150870.000000
2481660.000000
2162390.000000
879718.095238
1303551.904762
1436496.190476
1979666.190476
1780855.714286
1920118.095238
872574.285714
1451664.285714
1572938.095238
1603411.904762
1934880.476190
1340604.285714
709040.000000
1111080.000000
1940727.142857
2795786.190476
2610916.190476
2635859.047619
2397061.428571
1002899.047619
1484877.619048
1959473.809524
1653488.095238
2412072.380952
2063504.285714
1651351.904762
1815751.904762
2126418.095238
2435001.904762
2337752.380952
1857851.904762
944134.285714
2010960.000000
2145816.190476
1910798.095238
2413275.714286
2768801.904762
788913.333333
945126.666667
1356550.000000
1782261.904762
1524224.285714
1972570.000000
1378046.190476
775898.095238
1236647.619048
1651982.857143
1720351.904762
1379600.000000
1383499.047619
722366.190476
1531502.857143
1778554.285714
1700586.190476
1862960.000000
1778857.142857
724287.619048
1813028.571429
1857224.285714
2026508.571429
1886030.476190
1875517.142857
582603.809524
1526390.000000
2298871.904762
2370210.000000
2694351.904762
2487070.000000
2496595.714286
538086.190476
1301614.285714
1579693.809524
2235350.000000
2012966.190476
2357054.285714
933970.000000
847150.476190
920565.714286
1177685.714286
1577264.761905
1955354.285714
1810445.714286
1139382.857143
2326090.000000
2663243.809524
2628280.000000
2601495.714286
2191548.571429
628051.428571
651210.000000
749182.380952
2024670.476190
2048158.095238
2169910.476190
1366526.190476
1953596.190476
738028.095238
749316.190476
1533831.904762
1832540.952381
1634770.000000
1920163.809524
997580.000000
777980.952381
1381740.000000
1812149.523810
2084066.190476
1921068.095238
2190060.000000
937271.904762
1882938.095238
2655764.285714
2782490.000000
2799115.238095
3129723.809524
3221561.904762
780386.666667
2160552.380952
1954352.380952
2234792.380952
2178403.809524
2297603.809524
808979.047619
852245.714286
1180078.095238
1379454.285714
2295084.761905
2088573.809524
924103.809524
1839720.000000
1976510.000000
1854361.904762
2188198.095238
1708627.619048
1687758.571429
1793667.619048
2093779.047619
2441988.571429
2044760.000000
2558306.190476
1196695.238095
1742969.523810
1878693.333333
2046180.952381
2220847.619048
2657859.047619
1256472.380952
2127942.857143
2077914.285714
1893948.571429
1663165.714286
1845432.380952
896733.333333
1505619.047619
1689552.380952
2572929.523810
1965849.523810
1985144.761905
811120.000000
1142871.904762
1313248.095238
1207486.190476
1727205.238095
1873677.142857
951404.285714
691078.095238
817032.380952
816143.809524
984885.714286
1316220.000000
1464373.809524
1074355.714286
1072985.714286
1788383.809524
2123691.904762
2540853.809524
2202171.904762
2053031.904762
1992635.714286
2136908.095238
2362924.761905
2603226.190476
2382220.000000
2350873.809524
887032.380952
1860465.714286
2209664.285714
2066093.809524
2226470.476190
2330736.190476
1665350.476190
2116283.809524
2237375.238095
2742224.761905
2447520.000000
2341540.952381
1182630.476190
1978685.714286
2199485.714286
2326078.095238
2518567.619048
2883011.428571
727944.761905
1011819.047619
1041600.000000
1392432.380952
1670415.238095
1461959.523810
762539.047619
1280910.000000
1662695.714286
2050213.333333
2021184.761905
1902410.000000
675010.476190
861767.619048
1767116.190476
1827935.714286
1636794.285714
2016443.809524
1315296.190476
705728.095238
850531.904762
1065307.619048
925974.285714
1783434.285714
1357848.095238
2064126.190476
566090.000000
679244.285714
806791.904762
1738951.904762
1956897.619048
2120781.904762
2246804.285714
1954636.190476
2596083.809524
1551614.285714
1933588.095238
2235187.619048
2667298.095238
2344494.285714
2467488.095238
1690833.333333
2398530.000000
2590983.809524
2886296.190476
2364923.809524
2818629.047619
1723180.000000
1781577.619048
2163512.380952
2278860.000000
2372598.095238
2321453.809524
2338050.000000
2597541.904762
2633402.380952
2949979.047619
2477051.904762
2840491.428571
1850556.190476
2312518.095238
2917767.619048
2631542.380952
2491163.809524
2604719.523810
1385605.714286
1456491.428571
1879088.095238
1902154.285714
2163957.142857
2267897.142857
1282605.714286
1990490.000000
2132041.904762
2033089.523810
2975785.714286
2199350.476190
876255.238095
2052858.095238
2178328.571429
2095929.523810
2219270.476190
2055484.285714
779400.000000
668594.285714
1862628.095238
1979894.285714
2212255.238095
2367252.857143
2139546.666667
854358.095238
1213940.952381
1830106.666667
2350161.904762
2169310.000000
2254161.904762
2482418.095238
1946630.000000
2049813.333333
2067863.809524
2379805.714286
3077621.904762
2345700.000000
1593390.476190
2225628.571429
2349331.428571
2030118.095238
2166857.619048
2385544.761905
808064.761905
2067546.666667
2825801.904762
2188393.809524
2363476.666667
3212655.714286
1432289.523810
1637258.095238
2027011.904762
1668680.000000
1616938.095238
1917733.333333
1539994.285714
1891125.714286
2190141.904762
2505723.809524
2357473.809524
2341011.428571
1197640.000000
2305044.285714
2547403.809524
2520307.619048
2376732.857143
2588508.571429
1509451.428571
2012289.523810
2210070.476190
2043506.666667
2536630.476190
2299563.809524
1123832.380952
1697840.000000
1926742.380952
1799471.904762
2187651.428571
2245385.714286
1410580.952381
1792260.952381
1947538.095238
1914179.047619
2186610.000000
1371320.000000
1666375.238095
1726676.190476
2145310.000000
2252424.285714
1950466.666667
2284256.190476
1191080.000000
1569951.904762
1653540.000000
1988338.095238
2083503.809524
2456140.000000
760783.809524
1469261.904762
1372230.000000
1704378.095238
1440575.714286
1530648.095238
719025.714286
1390072.380952
1445864.761905
1946758.095238
2022825.714286
1741344.285714
2160172.380952
1606080.000000
1931928.095238
2027736.190476
2187973.809524
1868723.809524
1985028.095238
848592.380952
1896603.809524
2112104.285714
1997020.000000
1694505.714286
2579673.809524
1218081.904762
1938480.000000
2329220.952381
2473352.380952
2451674.285714
2788903.809524
2329907.619048
2549507.619048
2681367.619048
2861384.285714
2777451.428571
2806277.142857
918818.095238
1065334.285714
1649931.904762
2274505.714286
2223549.523810
2274663.809524
745909.523810
1068133.809524
1050410.952381
906923.809524
1244946.190476
1723460.000000
1487130.952381
1034854.285714
1781622.857143
2065852.380952
1866361.904762
1216071.904762
1146828.095238
1251116.190476
1228068.571429
1335933.333333
1475634.285714
966921.904762
804853.333333
1333354.285714
1336660.952381
1429150.476190
1252960.000000
884849.523810
1006460.952381
920064.285714
1498276.190476
1499212.380952
1338615.238095
1469915.714286
1864153.809524
2023476.190476
1850761.904762
1978987.619048
1737413.333333
733201.904762
1428305.714286
2425014.761905
2385511.904762
2329740.000000
2610822.380952
1168252.380952
1925724.285714
2038361.904762
2157213.809524
1105033.809524
1799546.190476
1924847.619048
1897409.523810
1929560.000000
2130060.000000
1924474.761905
2143981.428571
2160638.095238
2335653.333333
2782792.380952
2686704.285714
1224374.761905
2242937.142857
2343258.095238
2543151.904762
2037763.809524
2331502.380952
811863.809524
2134291.904762
1934268.095238
2384198.095238
2600278.095238
2365210.000000
709858.095238
1181760.000000
2105536.190476
1823575.714286
2375000.000000
2058868.095238
1056546.666667
1106890.000000
1200062.857143
1421654.761905
1768078.571429
929148.571429
1104668.571429
1871746.666667
2045876.190476
1683150.476190
2216217.142857
2365770.000000
1075750.476190
1243137.142857
1570407.619048
1594249.523810
1721208.095238
1062830.476190
677464.761905
1770428.571429
1812190.476190
2062187.142857
2536721.428571
2463293.333333
538506.666667
1463083.809524
1626036.190476
2406251.428571
1932685.714286
2085849.523810
2421264.761905
1046894.285714
1955680.000000
2196500.000000
2318581.904762
1952227.619048
2274641.904762
1734826.190476
1891380.000000
2097230.000000
2214405.714286
2257216.190476
2827674.285714
1668504.761905
2185167.619048
2186973.333333
2588616.190476
1997000.000000
2230221.428571
2222802.380952
2252514.285714
2612613.333333
2623133.809524
2325787.619048
3018154.285714
1529731.904762
1634021.904762
2231321.904762
2067060.000000
2295276.190476
2260770.476190
819495.238095
1318594.285714
2541727.619048
2040688.095238
1829951.904762
1920315.714286
1137318.095238
2479927.619048
2479256.190476
2077481.904762
2014448.095238
2370938.095238
941424.761905
1339667.619048
1920297.142857
1580646.190476
1860521.904762
1969998.095238
1541830.476190
1920369.523810
2079769.523810
2330398.095238
2133003.809524
2211771.428571
1020598.095238
1895434.761905
1758556.190476
1726333.333333
2107068.571429
2140670.476190
1226883.809524
1398362.380952
1801678.095238
2607961.904762
2888506.666667
2137925.714286
663388.571429
763329.523810
1282076.190476
2058636.190476
2500640.000000
2503085.714286
2281411.428571
1366810.000000
839013.809524
1128605.714286
1194346.666667
1108378.095238
1679638.095238
1669091.904762
667144.285714
1702718.095238
2300982.857143
2525672.380952
2893556.190476
2401545.714286
2379688.095238
1592207.619048
1816007.619048
2052200.000000
2171971.904762
1741802.380952
2106671.904762
1885297.142857
2181367.619048
2294989.047619
2998070.476190
2356899.047619
2965256.190476
2058160.000000
2101998.095238
1989708.095238
1919334.285714
2709808.571429
2192874.285714
1202200.000000
1299281.904762
2596391.904762
1557893.809524
2227623.809524
2308051.904762
1043291.904762
1307169.523810
998618.095238
804011.428571
1411477.619048
1329305.238095
764484.285714
2057064.285714
2557867.619048
2301831.904762
2322863.809524
2354144.285714
820508.095238
1009674.285714
679152.380952
863994.285714
1235995.714286
1387970.000000
1351951.904762
1720628.095238
1648130.000000
1756536.190476
1037524.285714
993311.904762
748026.190476
898721.904762
1688721.904762
1989022.380952
1769470.000000
2049845.714286
575100.000000
1455850.000000
2698831.904762
2573787.619048
3310268.095238
3044300.000000
2660491.904762
1509825.714286
2387240.000000
2668483.809524
2527410.000000
2274910.000000
2356624.285714
1541573.333333
1869327.619048
2545280.000000
2678196.190476
2374935.238095
2344579.047619
1738240.000000
2153847.619048
2674356.190476
2220706.666667
2635179.047619
2403782.857143
1302045.714286
1417087.619048
1404895.238095
1889590.476190
2094397.142857
1787573.333333
1565289.523810
1852820.952381
2269678.095238
1876291.904762
2537954.285714
2177218.095238
1466936.190476
2219266.666667
2472623.809524
2753249.047619
2032573.333333
2196393.809524
683132.380952
891137.142857
2007097.142857
2105697.142857
2409533.333333
2406830.476190
1419540.952381
786123.809524
808455.238095
696287.619048
1963965.714286
1785673.809524
1946302.857143
1669998.095238
1011474.285714
903308.571429
2218165.714286
2123518.095238
2148562.380952
2215668.095238
2399834.761905
1586891.428571
1871093.809524
1867561.904762
2578878.095238
2280674.285714
2391628.571429
1874848.095238
2522147.142857
2799623.333333
2696609.047619
2710249.523810
2679865.714286
1362167.619048
1733028.571429
2201330.000000
2417236.190476
2415024.761905
2236538.095238
1963723.333333
2152089.047619
2248624.761905
2254245.714286
2958196.190476
2425584.761905
1665770.000000
1840300.952381
2327020.000000
2241118.095238
2340453.333333
2442321.904762
1456565.238095
1577323.809524
1870133.333333
2067843.809524
2118720.000000
2318264.761905
1930756.190476
2058306.666667
2023455.238095
2359850.000000
2179866.190476
2174504.761905
693944.761905
1112535.238095
2410908.571429
2395369.523810
2692899.047619
2895862.857143
1009982.857143
673986.666667
1591881.428571
1768314.285714
1672525.714286
2807177.142857
2379328.095238
975061.904762
1970188.095238
2335931.904762
2728419.047619
2281440.000000
2690050.000000
2844976.666667
1412034.285714
1749253.333333
2373554.285714
2495160.000000
2178963.809524
2239163.809524
1422927.619048
2034552.380952
2612918.095238
2395620.000000
3025466.190476
2486626.666667
1182070.000000
1860089.523810
2511286.190476
2042521.904762
2145605.238095
2392064.761905
946495.238095
2338237.619048
2531095.714286
2108836.666667
2422555.714286
2218298.095238
1489873.333333
2636655.714286
2642800.000000
2981593.809524
3080868.095238
2710430.000000
984182.857143
1123815.238095
1547290.952381
2329873.333333
2227742.857143
2291205.714286
786482.380952
1200584.285714
1348020.000000
1383310.000000
1579512.380952
1629965.714286
991091.904762
1412501.904762
1503946.190476
2311132.380952
1619966.666667
1626041.904762
1958583.809524
2441784.285714
2530370.000000
2798470.000000
2425525.714286
2660186.666667
1243984.285714
2340125.238095
2191306.666667
2099335.714286
2841268.571429
2744668.571429
1176543.809524
1382788.571429
1647656.190476
4344153.333333
4832148.571429
4971952.380952
2948971.904762
3137295.238095
3228906.666667
3949781.904762
2870729.523810
3101784.761905
2016646.190476
3507180.476190
3335079.047619
3654157.142857
3263780.000000
3284591.904762
1127728.095238
1929577.142857
2937426.666667
2711752.380952
3116492.380952
3481744.761905
1353459.047619
2014548.571429
1798790.476190
2488248.571429
2896068.571429
2427305.238095
1304925.238095
1627110.000000
1613487.619048
1851348.095238
3066060.000000
2641108.095238
2765962.380952
660641.904762
1181752.380952
1548668.571429
2717904.285714
2724888.571429
2853932.380952
3153420.000000
2565300.000000
1170207.619048
2046601.428571
2878856.190476
3030898.571429
2355326.190476
2448847.619048
1147592.380952
1157780.000000
937772.380952
2150140.000000
1928988.095238
2485912.380952
3109672.380952
2101038.095238
1509074.285714
2648746.666667
2597841.904762
3699560.952381
4145277.619048
3908212.380952
4100184.285714
2893716.190476
3393337.142857
3521256.190476
2987311.904762
3286940.476190
3703150.476190
1623556.666667
3624695.714286
3778402.380952
3766323.809524
4207897.619048
3995459.523810
1663480.000000
3913460.952381
3146045.714286
3401106.666667
3324271.428571
4097417.142857
1191775.714286
2291611.428571
2540584.285714
3010810.952381
3257910.952381
3227971.428571
1258316.190476
1009173.333333
2162996.190476
3020250.000000
3453704.761905
3362657.142857
3625328.571429
1384670.476190
1882438.095238
2755200.000000
2551356.190476
2511531.428571
2450942.857143
1192305.714286
1171863.809524
1367040.000000
1905135.238095
1937535.714286
2961058.095238
1744304.285714
3111048.571429
849191.904762
1272248.095238
1288832.380952
1579671.904762
1904973.809524
2213954.285714
2739531.428571
1785720.000000
2250800.000000
2092893.809524
1495980.000000
1103929.523810
1440907.142857
1935651.428571
2295346.190476
3185078.095238
2472321.904762
2742894.285714
1717384.285714
2732640.000000
2636576.190476
2767103.809524
2750728.571429
2852883.809524
1381116.190476
2769297.142857
2898694.761905
2752887.142857
3009621.904762
3345779.523810
2550035.714286
2820982.857143
2855285.714286
2441640.000000
2577843.809524
2783862.857143
1257618.095238
2582838.095238
2065895.714286
2643520.000000
3086451.428571
3267199.523810
1721427.619048
2735651.904762
2753355.714286
3209208.095238
2583970.000000
2876103.809524
681423.809524
1174513.809524
2334628.571429
2257218.095238
2345719.523810
2542817.619048
690978.095238
949923.809524
1759880.000000
2667516.190476
3020272.380952
3294684.285714
3497678.095238
2123577.142857
1149588.095238
1841825.714286
2058010.000000
1963967.619048
1677954.285714
1924038.095238
1006513.809524
1196626.190476
2112018.095238
2641731.904762
2512203.809524
2293048.095238
3078723.809524
3024388.095238
2914101.904762
3388683.809524
2736086.190476
2753433.809524
2462854.285714
1932616.190476
2984693.333333
2747865.714286
3073085.714286
3483301.428571
4120933.333333
2186621.428571
2598102.857143
2862256.666667
3429020.952381
3036668.571429
3729529.047619
969127.619048
1861820.952381
2856627.142857
2528259.047619
2477551.904762
2929377.142857
657638.095238
1445436.190476
2538580.952381
2702554.285714
2913712.380952
2816207.619048
1860502.857143
1204958.095238
1751876.190476
1484430.476190
1877699.047619
1848297.142857
1672432.380952
1646954.285714
2369620.952381
2452320.000000
2615137.142857
2479533.333333
1305249.523810
984725.714286
1997455.238095
2406346.666667
2682761.904762
2761521.904762
2752095.238095
1209443.333333
1672363.809524
2259887.619048
2377366.666667
2358668.095238
2562030.476190
715958.095238
1649298.095238
1812810.000000
2320899.047619
2202256.190476
2428195.714286
2174330.952381
2158765.714286
3038280.000000
3167570.000000
3387198.095238
2762430.000000
3114967.619048
1259441.904762
1638497.142857
1333611.428571
2160670.000000
1765996.190476
1974758.095238
2293814.761905
2509386.190476
2622430.000000
2759494.285714
2453791.904762
2682710.000000
712720.000000
2173142.857143
2246476.190476
2062952.380952
2385889.523810
1860988.571429
660137.142857
767417.142857
1405556.190476
2031895.238095
2317766.666667
2583586.666667
2397369.523810
792931.428571
1232270.000000
1489256.190476
1392662.857143
1802336.190476
2230238.095238
1126266.666667
927718.095238
2136934.285714
2270489.047619
2756840.000000
2160102.380952
1559756.190476
918401.904762
1390840.000000
1639401.904762
2452161.904762
2538112.380952
2432243.809524
840994.761905
1114120.000000
1431500.000000
1393027.619048
2007361.904762
2491352.380952
897161.904762
1347240.000000
1394523.809524
1414850.000000
1065066.666667
1889991.904762
1950441.904762
2092978.571429
1787241.904762
1835038.095238
912788.571429
945721.904762
1059016.190476
1169630.476190
1271173.809524
1502206.666667
809845.714286
1072729.523810
1287150.476190
1395521.904762
1565723.809524
1149929.523810
1402880.000000
1547656.666667
1910744.761905
1871676.190476
2055106.666667
2041979.047619
1892230.476190
1865624.761905
2432564.285714
2102737.142857
2244121.904762
1808558.571429
1467260.952381
2229675.714286
2809990.000000
3389531.428571
3365868.571429
3284280.000000
873388.571429
1623133.333333
1080194.285714
1741765.714286
2573901.428571
2778385.714286
2972847.619048
842552.380952
1713224.285714
1657022.857143
1974147.619048
1844508.095238
1338559.523810
1806731.428571
1890617.142857
2416853.333333
2324841.904762
884866.666667
1927708.571429
2390100.952381
2072521.904762
2392832.380952
1935693.333333
650090.000000
1777850.476190
2329697.142857
2527878.095238
2155906.190476
2685815.238095
2535209.047619
844325.714286
1235156.190476
1918385.714286
2405464.761905
1927154.285714
2514309.523810
791114.285714
1481219.047619
1470800.000000
1027706.666667
1772520.000000
1859815.238095
762097.142857
834133.333333
780899.047619
1560369.523810
2211186.666667
2495351.904762
2265862.857143
2747238.095238
1819165.714286
900158.095238
1881908.571429
1972529.523810
1804763.809524
2039927.619048
1951316.190476
1068358.095238
1951468.095238
2253819.047619
2112493.333333
2126218.095238
2152761.904762
1049333.333333
1664074.285714
2154605.714286
2263377.142857
2027262.857143
2199957.619048
947329.523810
1424100.952381
1735561.904762
2452617.142857
2743750.476190
2442236.190476
1168396.190476
1265175.238095
2297887.619048
2261571.428571
1797958.095238
2086756.190476
1942514.285714
2037443.809524
2282441.904762
2355577.142857
2497293.333333
2435057.142857
690460.952381
1877506.666667
2300314.285714
2249405.238095
2197750.476190
2314697.142857
1004607.619048
1305114.285714
1514817.142857
1881120.000000
1550551.428571
1933333.333333
671066.190476
1003523.809524
1637354.285714
1760133.809524
1924893.333333
2324656.666667
1724945.714286
966721.904762
1454824.761905
1484105.714286
1900463.333333
1785692.857143
1761055.714286
1599011.428571
2521568.095238
2684585.714286
2920554.285714
2523536.666667
2868552.380952
1940760.000000
2134074.761905
2487515.714286
2357081.904762
3240290.952381
2802626.666667
728326.190476
2251580.000000
2175156.190476
2874740.000000
2584236.190476
3272418.095238
1132946.190476
1318231.904762
1807061.904762
1818039.523810
1754955.714286
1492647.619048
2549206.190476
852813.809524
1940747.142857
1861003.809524
1763369.523810
2478007.619048
2107737.142857
968415.238095
1667598.095238
1808232.380952
2356420.952381
1883354.285714
2951824.761905
2647611.428571
858089.523810
1662260.952381
1934618.095238
2773300.000000
1949643.809524
2432436.190476
592577.142857
1028674.285714
1068535.714286
1265813.333333
1093590.476190
1597727.619048
1144634.285714
1228923.809524
962611.428571
1384392.380952
950226.666667
978497.142857
1066622.857143
993138.571429
760725.714286
674796.190476
737529.523810
1140872.380952
1293205.714286
1287960.000000
675209.523810
1908790.476190
2089659.047619
1735055.238095
1999794.285714
1632060.952381
528592.380952
783024.761905
1159409.523810
1879249.047619
1852043.809524
2090523.809524
1295588.571429
683662.857143
810750.000000
1579073.333333
1258430.476190
1791352.380952
1924690.000000
601872.380952
1416984.761905
1734497.142857
1750965.714286
1597095.238095
2293815.238095
1406622.857143
1388472.857143
2284435.714286
2364030.476190
2528064.761905
1965967.619048
2127320.000000
989041.904762
1484718.095238
2130968.095238
1900711.904762
1576633.809524
2623550.000000
1592448.095238
2065190.000000
2524241.904762
2929212.380952
2339160.000000
2213363.809524
1323562.380952
2242120.952381
2601161.904762
2264501.904762
1482782.857143
1839088.095238
669776.190476
1330953.809524
1398998.095238
1654406.190476
2126965.714286
1627570.476190
1234607.619048
1493156.190476
1636283.809524
2193130.000000
2244340.952381
2520062.380952
2417264.761905
2037533.809524
2113480.000000
2307420.000000
2339560.000000
2214188.571429
2281780.000000
887828.571429
2809049.523810
3036788.095238
2784584.761905
2564363.809524
2768697.142857
934824.761905
1781670.476190
2197154.761905
2062433.809524
2053111.904762
2161548.571429
1334068.571429
2069076.190476
1801605.714286
2163108.095238
2074546.190476
1972001.904762
903763.809524
1157758.095238
1423575.238095
1994520.000000
1983906.666667
2225992.380952
950561.904762
813441.904762
1114780.952381
1300026.666667
1553645.714286
1775146.190476
779220.000000
1134448.095238
1032535.238095
1549083.809524
1008436.190476
1296671.904762
1174658.095238
1629968.095238
1290432.380952
889152.380952
1076491.428571
1940081.904762
2087832.380952
2252449.523810
2348030.476190
1680076.190476
725133.333333
982742.857143
1914708.571429
2115426.666667
2204983.809524
2185843.809524
1796358.095238
2253306.190476
2639686.190476
2057776.190476
2878684.285714
2373788.095238
1288799.523810
2323702.857143
2423530.476190
2597730.000000
2120518.095238
2208137.142857
680715.714286
1028118.095238
1432822.857143
2274288.095238
1896093.809524
2183504.761905
1281685.238095
1617179.047619
1886232.380952
3003331.904762
2425680.000000
2283533.333333
2439771.904762
1167948.571429
2325339.523810
2503181.904762
1864687.619048
1834313.809524
2074410.000000
651238.095238
1120893.809524
1784320.000000
1578486.190476
1844022.857143
1903243.809524
858648.095238
1354266.190476
2087620.000000
2023888.571429
2633724.761905
2075377.619048
858871.904762
1727775.714286
1684311.904762
1784329.523810
1952643.809524
2922365.714286
882386.190476
1497580.000000
1855100.000000
2065324.285714
1875125.714286
1997811.904762
1248843.809524
919661.904762
1718306.190476
2444348.095238
2368520.000000
2139651.904762
2362501.904762
729815.714286
924270.000000
760711.904762
1689370.000000
1907386.190476
2792034.285714
2994864.285714
2209183.809524
1481731.428571
2759874.285714
2902662.380952
2574002.857143
2626255.238095
2727855.714286
753516.190476
695308.571429
1310618.095238
1563974.285714
2049198.095238
2458757.619048
1095407.619048
1508785.714286
1088731.428571
1381210.476190
625870.476190
769215.238095
1710770.476190
1657593.333333
1490285.714286
1114885.714286
1395388.571429
688346.666667
1626243.809524
2013822.857143
2257156.190476
2455510.476190
2548024.761905
2877529.523810
1538440.000000
2145090.000000
2219475.238095
2148847.619048
2440063.333333
976093.809524
1537921.904762
1642370.476190
2053482.380952
2064552.380952
1817622.857143
798144.761905
1064613.333333
1151038.095238
1387969.523810
1100733.333333
1295091.428571
798824.761905
1055125.238095
1485325.714286
2163674.285714
2391084.285714
1605322.380952
1941477.142857
737090.000000
1143300.952381
1482666.190476
2246427.619048
2320751.904762
1900114.285714
627071.904762
1470426.190476
1726150.952381
2376955.714286
2243597.619048
2124400.000000
2880993.809524
1126430.476190
2165605.714286
2215468.571429
1420271.904762
2250516.190476
2123570.000000
738546.666667
1397638.095238
1981872.380952
2264100.952381
2423834.285714
2006453.333333
2035752.380952
1606760.000000
2078190.476190
2315361.428571
2051112.857143
2297543.333333
2472883.333333
862708.095238
1032436.190476
1786356.190476
2073204.285714
2308820.000000
2263534.761905
759658.095238
823637.619048
1068398.095238
1902978.095238
2103176.190476
2123376.190476
1823030.000000
823186.190476
1120570.952381
1140258.095238
1532345.714286
1535040.000000
1680565.714286
710121.904762
1666133.333333
1923798.095238
2018274.285714
1926371.428571
2162781.904762
656184.761905
936756.190476
1594682.380952
2043608.095238
2152022.380952
2060706.190476
1364111.904762
827620.000000
1831751.904762
1564028.095238
2282758.095238
1934220.000000
2064120.000000
842957.619048
1362461.904762
1524425.714286
2086271.904762
1409271.904762
1532170.000000
748395.714286
963218.095238
1606638.095238
1770366.190476
2013815.714286
2154987.619048
1789218.095238
720251.904762
1426143.809524
1469454.285714
1201280.000000
