1438
676
833
750
706
611
585
561
541
1035
557
703
598
885
1096
974192
884
3473
772
1022950
912
621
574
997500
945
622
733
1006188
890
621
724
995924
915
633
755
1017338
901
626
710
1018487
935
620
572
1019754
904
728
610
1084192
913
626
714
996690
918
618
718
1013055
916
617
757
994092
913
689
740
1023649
908
642
759
19265
7766
9836
2829
1152339
1101858
754
736
29848
4748
1089074
904
25326
6093
8208
7320
1113890
4977
9665
8092
1118122
5207
8876
1171941
35657
5333
8796
1161673
32441
1188048
886
729
26115
5041
1151458
922
1159770
910
632
734
1180753
915
726
607
1172318
896
731
611
30568
1132771
773
751
1163938
910
754
738
1184916
925
629
587
1149659
895
642
721
1153770
943
628
724
1181024
906
749
714
1121411
902
624
735
1121240
892
621
1179
1147441
909
623
710
1139783
905
619
730
1140665
897
632
723
1136268
773
770
748
1125804
907
630
741
21733
5745
8960
5490
1133179
1136683
923
742
31049
5234
9417
4898
1136337
5628
10228
1448
2252754
773
773
739
1157723
898
645
734
1108022
926
629
712
31846
1091169
903
725
1159502
911
618
718
1171686
895
3461
774
1153930
1066
759
612
1168049
890
735
609
32942
1114382
11117
894
1138132
915
637
715
1108943
891
751
620
1154234
903
620
714
1106467
899
640
714
1102955
917
616
571
1104711
904
622
715
1111173
896
622
1022
1141849
925
614
583
1109225
917
621
708
1118090
946
669
1000
1109353
911
623
712
1116914
917
640
573
19850
1154586
903
727
1154381
889
641
579
22637
6652
1161691
898
32900
2995
12342
2876
1117789
1120148
911
731
1167372
935
616
726
28330
1141641
970
1769
33235
1143234
8343
911
1135660
892
757
717
1129685
925
622
570
1167258
914
723
625
1111961
7406
920
733
24870
1098189
995
743
1156511
902
616
571
1103285
907
611
571
1096875
905
619
578
1102904
904
645
612
1116967
914
623
574
1105727
897
618
573
1095965
909
634
601
1096915
901
629
588
1103262
922
635
577
1104728
903
624
585
1122719
770
756
614
1133926
898
628
577
1143448
913
622
574
31475
1142803
781
742
20582
1145690
915
743
1152729
902
621
568
23104
1087631
900
725
32727
6159
1080307
912
33272
1148557
917
720
21581
1138248
765
751
32802
3460
1112941
920
1139140
996
2823
987
1121945
928
742
602
1125500
795
752
632
32345
1101657
9260
891
1129406
899
760
739
1130770
770
721
762
1159186
894
756
730
1122290
912
629
719
1108153
888
732
625
1144322
884
623
574
1109440
920
652
571
1153130
912
623
728
1113015
1263
807
735
1116783
919
664
755
1102308
790
747
615
1099607
900
630
714
20263
6116
9909
3455
1126116
1133585
907
726
31380
1088259
903
745
1143509
892
625
577
1096466
908
620
706
37034
4517
8850
1195534
29547
1163980
932
742
29260
1225648
906
725
30660
9365
1162588
886
1230912
894
618
714
1182989
902
740
613
1151410
891
803
631
1220727
777
738
615
1198063
889
625
586
1187403
904
634
733
1186750
899
642
714
1171389
936
615
725
1169278
886
638
732
1144825
910
613
719
1141117
890
753
743
1183109
902
631
608
1162914
907
621
714
1134774
1285
631
719
1138366
898
629
722
1162491
897
753
626
25665
1120068
905
739
31414
1110337
928
753
25114
5319
8750
2948
2251552
887
627
571
31734
7942
9227
4349
1139039
4133
10239
1104331
29830
1149400
900
722
29228
1121184
897
723
1117518
1236
648
719
1142732
917
625
575
1140053
883
730
613
1117621
812
768
617
32073
1110299
923
729
1200370
920
634
1092
1196197
941
620
724
1133874
898
735
718
1139943
882
636
585
1146423
917
626
717
1133729
878
622
862
1088709
887
731
613
1131941
898
617
728
1198984
905
743
737
1181386
914
638
728
1095771
740
694
564
1107434
899
625
717
27253
6920
7633
7597
1122934
1092616
901
740
32511
5880
7378
11958
2231886
916
633
571
38968
9247
4534
9065
2271613
897
621
715
1155894
770
747
753
31705
1150035
1407
750
33664
5645
1140079
905
1178222
888
761
717
1168484
907
734
624
1125989
916
729
620
28990
1106103
2201
799
1130685
906
614
715
1137747
898
645
760
1139679
910
637
724
1104495
912
750
613
1160025
906
632
729
1121357
890
625
715
1131073
898
734
620
1139882
898
614
709
1142075
916
742
720
1142426
907
615
716
1164592
904
616
713
1105049
928
758
615
21944
7734
9352
3965
1108145
1143337
767
760
1185720
766
727
613
1143571
961
633
713
29066
3524
12463
3309
1108557
5595
11017
1075529
1158689
889
619
724
23898
1124708
770
749
31025
7525
1128993
890
1175888
900
615
727
1164561
888
620
575
1166055
1010
770
626
29477
1143699
7667
909
1139292
951
634
809
1141598
890
628
586
1196343
907
657
733
1129485
895
616
820
1117385
913
622
733
1117163
948
641
575
1119556
922
735
612
1106029
896
633
733
1145197
926
621
801
1168988
885
631
575
1130200
911
639
710
1130233
930
640
718
22197
6391
9816
3394
1165796
1149083
895
724
34452
1113688
897
756
1117981
901
627
714
38605
10729
2809
8623
1140906
5704
10041
1112153
35189
1138606
902
734
29066
1160370
897
752
23483
1124438
754
766
1195404
930
638
719
1159483
910
744
609
1198088
902
725
610
36672
1144475
894
722
1179123
902
619
711
1181547
934
623
741
1108390
918
679
761
1143493
904
620
727
1110197
899
621
710
1137393
891
629
717
1126710
888
615
822
1135514
894
613
718
1163935
891
628
737
1160463
922
680
732
1156438
767
736
615
1116541
935
641
587
26151
5543
7849
3898
1146539
1103102
835
677
33309
1116702
825
682
1160328
858
576
526
31158
1111990
712
702
32411
5664
1174007
831
35912
1138382
885
725
29666
1156952
751
794
1183802
899
617
576
1146022
928
622
720
1176986
1140
3274
786
1123383
910
745
625
29462
1151913
6352
894
1147594
915
630
871
1174341
778
651
781
1134352
887
621
577
1113555
894
622
724
1132232
920
622
1003
1153947
888
623
572
1129694
899
630
568
1155970
931
621
735
1102695
887
627
714
1167256
913
635
710
1129817
913
633
725
1115211
904
638
1204
23068
7435
8471
7541
1175434
1156644
893
723
31038
1142094
885
756
1187783
928
641
581
1144393
783
806
629
26751
3321
9741
1097106
33711
1209434
750
744
30043
1128597
897
723
30775
7841
1152160
916
1145038
894
641
722
1176405
923
611
574
1157826
889
720
610
1134961
912
5381
876
1166749
879
742
722
1159543
889
619
819
1217645
915
629
720
1104771
894
628
726
1113427
929
627
570
1118633
900
633
713
1148869
914
636
582
1162013
1323
656
723
1154539
903
626
727
1146279
903
626
705
1174517
759
1028
616
1166694
890
631
574
24105
1128780
895
743
36666
1127703
889
724
33489
1157955
894
750
1133152
901
621
710
30302
5786
9525
3911
1143282
5142
6784
1087389
32296
1084709
911
745
1143919
915
632
585
32015
1135092
901
722
1151327
1661
680
599
1196343
917
618
571
1104385
1763
832
611
1145242
7088
9103
908
1147171
896
747
725
1157688
918
631
733
1116824
900
626
715
1126783
937
632
709
1143296
1882
656
731
1161421
904
632
727
1142147
917
630
763
1221250
916
618
718
1114604
886
746
740
1124981
915
619
734
1104180
931
627
724
1128691
890
620
731
22500
6814
7598
7929
1189261
1152927
896
753
30510
6481
8397
7750
2303971
909
624
714
1185408
787
748
759
1153682
898
631
711
30222
1127356
751
751
30659
1132644
9749
889
1191188
876
747
1515
1180008
1496
907
724
1165349
908
729
727
1144586
932
739
637
25868
1093545
919
743
1135543
937
622
742
1147529
911
619
719
1166104
914
642
732
1132156
902
629
569
1150043
915
618
574
1161857
910
646
731
1156229
908
756
730
1142858
884
619
569
1123517
920
635
1130
1130661
895
618
716
1128279
757
741
755
1115321
921
636
733
1115627
894
621
763
26638
1139848
753
780
23988
7948
9851
8605
2265863
889
618
730
22042
1128228
909
744
1126981
912
736
739
26884
1096858
887
730
21379
1106207
764
753
33428
8868
1129340
891
1194998
988
3134
1067
1111162
Xput: 3525
