8464987.142857
8318408.571429
7941931.428571
8344801.428571
9627524.285714
12473691.428571
12955383.333333
12813072.857143
12306303.809524
12658042.380952
11373365.714286
11944841.428571
11777500.476190
11611228.571429
10776270.952381
11352085.238095
10772822.857143
11276884.761905
11315044.285714
11569589.047619
11339950.476190
12091250.000000
11394922.857143
12439040.952381
12275986.190476
12179450.000000
11757432.857143
12408980.476190
11703002.380952
11473069.523810
12184670.000000
12053912.380952
11240198.095238
11277012.380952
77468006.190476
77493114.285714
78476481.904762
83693935.714286
1408752.857143
8526696.190476
8604771.428571
8728734.285714
16665079.047619
22984398.571429
22932118.571429
31127730.000000
11808054.285714
11809282.857143
11387705.714286
10881138.095238
39434804.761905
26029298.571429
25579256.190476
30611165.714286
30738215.238095
30841940.000000
23107395.714286
30613929.047619
30335712.857143
30073577.142857
37977087.142857
8282448.571429
15279030.000000
14860502.857143
15377812.857143
37593356.666667
16929783.333333
17358936.190476
17948985.238095
18359805.714286
18946434.285714
11253527.142857
11821115.714286
11812167.142857
11628045.238095
11253685.238095
12123171.428571
11329563.809524
11983604.761905
12121569.523810
12014677.619048
11336879.523810
11509539.047619
10825948.571429
11109631.428571
10967770.000000
11044307.619048
10789103.809524
11508406.190476
11211720.952381
12252865.714286
12499925.238095
12687867.142857
12052819.047619
12657352.380952
11653378.571429
11633149.523810
11238618.095238
11417820.952381
11405797.142857
12085827.619048
79629094.285714
85453535.714286
84618374.285714
81848942.857143
11048627.619048
9833431.904762
10068392.857143
9737050.000000
9690745.714286
5036255.714286
5550735.714286
5175994.285714
5129735.714286
5126657.142857
5394881.428571
5009567.142857
5130515.714286
5286901.428571
5530502.857143
5253455.714286
5273801.428571
5316465.714286
29889772.857143
30007995.714286
6242512.857143
3664741.428571
3764312.857143
3278797.142857
3557791.428571
3693468.571429
3358574.285714
3689172.857143
3705318.571429
3232317.142857
3699555.714286
3796015.714286
3469964.285714
6428848.571429
7042900.000000
4503761.428571
6177221.904762
6625517.619048
7847447.619048
9603576.190476
9797494.285714
9933351.904762
10834067.142857
11080548.095238
11026417.142857
12291450.000000
12531398.095238
12028316.666667
12513716.190476
12233972.380952
11403935.714286
11988009.523810
11796179.047619
11559695.714286
12167836.666667
11967917.142857
11560640.000000
12020271.428571
11612756.190476
10757040.952381
11275530.000000
11170212.857143
10433116.190476
10310835.238095
10159232.857143
9566633.809524
9963867.619048
69955254.285714
8271506.666667
8182268.095238
7004574.285714
7112399.047619
6378211.428571
6077240.000000
5972541.428571
5575834.285714
6084407.142857
6495904.285714
6675694.285714
6633602.857143
6147227.142857
6171590.000000
6553914.285714
6560708.571429
6496705.714286
6147932.857143
5779021.428571
5717130.000000
5935421.428571
6019894.285714
100319808.571429
4837295.714286
104815167.142857
132646647.142857
7120568.571429
8152148.571429
8053718.571429
5517860.000000
5211790.000000
6064302.857143
10942014.285714
14292665.714286
11690421.428571
13436281.428571
1264592.857143
8401602.857143
8332600.952381
7679600.952381
15681531.904762
8834882.857143
8555145.714286
25680001.904762
9984003.333333
9659772.380952
9523316.666667
10521917.142857
34360577.142857
34396081.428571
34630771.428571
14374668.571429
5921638.571429
13525679.523810
13248073.809524
13574609.523810
22460787.619048
16242070.000000
10315491.904762
17510585.714286
17656310.000000
21311567.142857
16106930.000000
1141864.285714
14306326.666667
13707920.000000
14275305.714286
23301095.714286
10689748.571429
16461950.476190
11069750.000000
11137814.285714
11841560.000000
11796685.714286
11981460.952381
12046176.666667
11497808.095238
10890971.904762
11599820.476190
11246006.666667
11292966.666667
11114873.809524
11202934.285714
10823673.333333
11345355.238095
10980811.428571
11380352.857143
11176575.714286
10721786.190476
10315564.285714
10749156.666667
10479291.904762
58150545.714286
63258605.714286
63647880.000000
7972174.285714
15000688.095238
14737280.000000
14070646.190476
76022072.857143
14034835.238095
14008551.428571
11881914.285714
12043660.000000
16154721.428571
5468632.857143
10273095.714286
13721371.428571
5510270.476190
5823985.714286
5520742.857143
5807920.000000
5432507.142857
17290494.285714
4715465.714286
18485950.476190
8011692.857143
1544247.142857
5913988.571429
9822970.000000
10235195.714286
6123875.714286
6069201.428571
5815510.000000
6270297.142857
6420110.000000
7678755.714286
23528925.714286
25439622.857143
21827945.238095
15030890.000000
15934855.714286
10824426.666667
11694081.428571
11463360.476190
11188672.857143
11029671.428571
11123597.619048
10928826.190476
10815785.714286
11060149.523810
10936255.714286
10793219.047619
10922202.857143
11225645.714286
11687040.952381
11423727.142857
41978688.571429
47471851.428571
47822371.428571
7186975.714286
14881633.809524
14933423.333333
7816184.285714
54658720.952381
13441910.000000
7444457.619048
7264727.619048
17096292.857143
22986928.571429
16532981.428571
5070117.619048
5352451.428571
4898468.571429
5946018.571429
5923712.857143
5972645.714286
6506696.190476
6830369.523810
14159630.000000
6632981.904762
22307630.000000
6758197.142857
6592988.571429
6193549.047619
6259077.142857
30946356.666667
6836532.380952
16050141.428571
7410285.714286
12070735.714286
13159908.571429
9118137.142857
9998644.285714
16494678.095238
11264012.380952
22943897.619048
11134892.380952
11468441.428571
11094649.047619
11014017.142857
24793160.000000
30079000.000000
24983884.285714
49735202.857143
7481117.142857
14596616.666667
14775982.857143
14633443.809524
8066689.523810
14897221.428571
7762077.142857
7745264.285714
8051779.047619
19766852.380952
7613692.380952
7290540.952381
7338525.714286
37860186.666667
16218100.952381
27837346.190476
5483112.380952
5532399.047619
5952652.380952
14880337.619048
6320394.285714
6214672.857143
6316111.428571
6409137.142857
6318915.714286
6161037.142857
22750436.190476
18678263.333333
19230030.476190
11381534.761905
12085797.142857
7191975.238095
13087581.904762
8655590.476190
9746911.904762
10548835.714286
11124575.714286
18323508.095238
11517312.857143
11401855.238095
30544574.285714
10883199.523810
10846329.047619
10828682.857143
10726860.000000
10849040.476190
10810253.333333
10582371.428571
10776070.000000
10947347.142857
46680848.571429
33582017.619048
9865325.238095
11001433.333333
10865500.952381
11200755.714286
10865010.000000
51224997.619048
63162486.190476
24249400.952381
8111552.857143
8110804.761905
32007541.904762
22105860.000000
8934267.142857
8848315.238095
14990659.047619
8798013.809524
8887902.857143
14897200.000000
8561586.666667
26005441.904762
8433480.952381
8492445.238095
14240718.095238
7877429.523810
44738084.761905
7512543.809524
5683761.904762
16329952.380952
27245381.904762
15548003.809524
9808974.761905
9842728.095238
9474360.952381
5263190.476190
9358238.095238
4549206.190476
13583297.142857
11789523.809524
5417108.571429
8315401.904762
5813810.476190
8838803.809524
6311463.809524
15607063.809524
10084563.333333
10731531.428571
11629925.238095
6838615.714286
13117680.952381
7905657.619048
8264736.190476
13206945.714286
10520407.619048
10864339.523810
11182212.380952
11265384.285714
11434378.571429
11614317.619048
35244858.095238
11732281.904762
11813386.190476
11693123.809524
11640411.428571
34621683.333333
11610480.000000
11611278.571429
11740236.190476
11714858.571429
11449607.142857
54864914.285714
10614419.047619
49858599.523810
17390101.428571
8923848.571429
8781349.523810
16257738.095238
8394687.142857
8347253.809524
8127705.238095
53184652.380952
17998331.428571
11583889.523810
47670908.571429
6044885.238095
6254005.714286
14656030.000000
5326458.095238
4756042.857143
10108040.000000
18109860.000000
7494439.047619
5364693.333333
5543748.571429
5956509.047619
6451983.809524
7709242.857143
9136896.666667
9916029.523810
10571604.761905
11036997.619048
11678783.333333
11976253.333333
12265048.571429
12210441.428571
