533
323
235
542
510
529
181
243
182
260
185
254
182
584
188
465
592
29556
14602
61068
14299
55459
16672
58722
16739
59187
15505
54584
13212
54791
14794
56106
34347
16679
55337
14146
56887
13615
51992
12618
32132
56380
15833
54389
35771
12662
51712
12820
51699
12155
49834
11325
49220
11086
52582
12395
49456
13364
50837
32870
12013
29361
52814
31554
10029
52202
11786
49247
11760
47169
12498
46746
12036
53771
11593
50828
12381
50688
11980
49390
10667
47904
29511
12144
48793
9531
53268
11207
50700
11148
30204
52986
11312
50010
29709
11220
46982
10732
50428
10189
49123
11418
47558
12053
49740
12311
50752
11482
49682
28733
11286
29677
51692
31304
9397
47940
11996
50955
13047
52346
12626
50496
11875
49218
10531
52555
11671
50395
11750
52811
11755
49547
31059
12096
51698
11156
48514
12257
48226
11233
29926
48298
11405
51209
28878
11011
47556
12295
49065
11602
49486
12176
47723
10350
47752
11535
47897
11505
48986
30167
10906
28937
45615
28265
11750
47150
11587
49568
10483
49053
11253
47590
11258
48887
10593
50055
10990
51552
12644
51115
12046
47578
31349
11952
47154
10571
50035
10492
49297
11048
29257
51178
11069
49938
30036
12145
48671
11088
51219
11863
48785
11392
46054
11918
48037
10832
46736
11148
46248
27689
9684
26555
43696
27638
10173
46318
10242
45067
10111
45012
10427
46199
9978
44950
10333
47168
10405
46292
9987
46447
10467
44029
28346
11220
48063
10502
48572
10384
47264
10383
28303
47890
9703
44985
29146
11934
48629
11898
51647
12682
48929
12536
48453
12019
49889
11103
48149
12687
50986
31221
11416
29261
50464
29077
10467
47840
11360
49243
11749
50368
12201
48676
12171
48024
10561
48244
9715
47221
10983
47460
10073
45318
27647
10034
44918
9745
46216
9474
44547
11330
28236
49322
10805
45438
28754
10638
45697
10342
47751
10688
46730
11158
47006
10721
45793
10247
48045
9627
47426
27944
9676
28431
46441
28451
12167
46012
10823
49330
11154
48599
10549
43553
10545
47566
10629
46087
10733
45514
10039
45245
9762
46860
29317
9561
48032
9873
46970
10980
47255
10307
30672
46572
10361
45890
27706
9457
46203
11349
47795
11007
47496
11801
47066
11772
45908
10177
45403
11761
48568
28091
9601
26729
46612
28936
10533
46884
10780
46771
11534
46278
10793
43908
10496
47767
10592
47867
10395
46499
9815
46582
9840
45324
29637
9942
46816
9720
51522
13273
51488
12363
30009
54693
12064
51086
29968
10816
49988
12217
48794
11191
48882
11697
53585
18243
66803
11809
49229
11982
52235
31354
11664
30595
48079
31217
11643
48524
11954
50745
11789
48966
11774
50172
12131
50370
11250
49813
11358
50640
11351
51307
12242
48756
31380
11242
48814
10861
51673
11164
49306
11306
33586
49663
11469
53063
31362
12655
48407
11904
48475
12750
51288
11594
49167
11115
48402
12030
47501
11211
51068
29237
11261
32344
47062
30094
11220
49244
12645
47887
12070
50606
11197
49732
11627
50129
12096
49265
11194
47940
11738
50652
11338
50753
31106
11393
50797
10871
50924
11141
48480
11567
31533
50402
12709
50030
30663
12035
47429
12067
48535
12034
47547
12203
51060
12600
48431
11336
45828
12019
53267
30265
10217
32321
48411
29542
12203
46820
11207
49691
10468
50091
12249
50159
11554
51375
12282
49715
12156
48718
11361
53619
12073
49905
29524
10114
48363
9974
45413
9740
44001
9914
29481
46619
9864
47364
28357
10753
43225
10058
46493
9878
43727
9875
44524
9930
43658
10149
45625
10778
46074
28702
10627
26873
45447
27709
10249
43943
10019
44332
10744
45226
9639
43374
10007
45719
9785
44455
9767
45419
10443
46130
11106
45049
27794
9668
44020
9410
49033
10713
46104
9679
27492
45724
9486
45793
26893
10630
45875
10421
43636
10131
46183
9672
43555
9975
43459
10023
46262
10882
47387
26515
9838
27057
48307
30529
10990
46717
11915
51159
11779
49158
11722
49145
12922
50537
11339
50522
11396
49152
11149
50083
11537
48806
30614
11554
47675
9681
46635
10591
47870
11043
29939
50517
10811
50268
29433
11608
47134
10429
49395
11841
49114
11955
47273
11321
47168
11150
46980
11762
50201
29786
11682
28725
49489
29275
10680
48860
9594
49739
11421
49622
11719
47987
11557
50385
11685
50080
10888
50223
10117
49584
11351
48561
29777
11225
49179
10728
50338
11219
49063
10816
30344
50444
11186
48829
30276
11320
50382
12060
48867
12354
48354
12170
49410
11479
48100
11563
49229
12181
47852
29703
11200
28487
47122
28773
11259
48389
10828
49321
12170
48910
12164
50288
13282
51935
12755
51975
11421
60340
11599
66927
10531
72977
36009
11168
50277
12700
113666
12024
48830
12974
35436
63039
11193
71276
64698
10684
70666
12900
70215
12595
82072
10730
61893
10925
72895
16493
48003
13243
73042
52407
12659
33862
67402
34927
10576
50512
12518
55711
13002
50075
11216
71763
11780
77034
16163
65389
13556
50394
12735
52062
10263
49330
53843
17428
49393
13318
78498
17685
77068
13280
66138
104981
13284
59434
30276
13338
84545
19304
76334
13463
112109
16257
79785
16363
50032
13121
70842
12823
81419
31238
12413
42219
71379
64835
11642
72029
10745
74099
14642
51253
12356
48812
11123
50374
12560
50756
11152
46006
12842
49254
12589
52885
32358
13863
52406
10363
53895
11230
52721
12056
29928
53719
12358
52085
31640
11184
52882
11826
51681
11705
51752
11870
49638
12640
50683
11440
50542
12438
53898
31384
11572
32802
48890
30642
12801
47777
13261
58173
20574
116136
19967
105171
20673
118080
21716
91444
19027
117030
21122
117627
19065
114272
69559
20153
115830
19957
116674
19995
100005
19891
36298
118496
20035
119116
66626
19970
110791
20180
62622
19464
116602
20804
114588
19682
114117
21091
113216
20147
120032
66392
20856
65572
114074
67226
20117
114188
20127
114783
19571
117534
20275
89489
18918
58836
19499
57461
20195
115223
20121
60237
19454
119397
68129
19740
116313
20920
119436
19931
115224
19194
69115
117334
19413
119136
68811
20255
113934
20287
114831
20246
119460
20480
69741
19370
58570
19510
115526
20281
116365
67004
19000
65790
106205
65871
19885
113490
19717
115059
19886
117751
20506
115199
19529
59244
19372
58871
19533
117431
20200
116143
19410
115379
67515
19238
116686
20092
118343
19909
115473
20150
36996
120305
19995
117584
67724
19315
61963
19820
63371
19530
59301
19398
109467
20065
112845
20336
111723
19541
111339
68892
21552
66336
112517
66894
20146
116295
20401
83939
19461
116561
18829
113619
19403
116778
19896
91220
20261
114835
19797
109759
19286
113692
69197
19242
103125
19994
82207
19141
117169
20000
68158
115926
19372
117526
68136
19988
113558
20245
115191
19500
119018
19928
117046
18546
114989
20389
113550
20176
69472
67692
20597
68552
95774
64917
19575
107322
19441
114997
20169
114876
20023
109020
19513
82828
19362
116757
18662
114823
20367
118074
20158
115475
66851
19358
114340
19189
101121
19856
113127
20539
35678
119971
20593
83693
68661
19967
79781
18760
117939
19896
114030
20593
112426
19275
114127
20153
111381
20417
114207
67314
19892
67432
111595
65542
19382
113469
20011
115910
20505
117394
20557
114768
20667
58970
19800
90783
20902
114112
20036
109237
19331
112885
66819
20094
115991
19870
118359
19983
115393
18642
69178
119971
19861
118141
67163
20449
110789
19568
117509
20025
117047
20184
112666
20318
58188
20140
115136
21030
83471
68042
19878
67918
116143
66398
21086
89284
19891
81335
19071
117983
20221
89648
19476
61882
19639
104488
20116
115582
20447
116181
19500
117715
69640
19910
116750
20804
58508
19940
116266
19248
41937
117397
20192
116506
70644
19769
115357
18905
116113
20108
115437
20352
114780
20190
114265
19562
112489
20545
111311
66885
20126
65076
112280
66204
19821
114719
20053
88805
19274
116303
20094
91003
19587
56923
19804
58180
18501
114719
20202
116552
19499
113084
68320
19939
113426
19855
115490
19230
116335
20122
35422
117240
19992
117835
67161
19971
112954
20233
114896
19901
116562
19125
113846
18953
115884
19832
112722
19526
117628
66093
19215
67454
112219
65832
20032
86443
19541
79028
19305
117478
20216
113257
20217
57189
20523
55827
19628
115382
19975
63782
19153
116162
68778
20182
114962
19511
95796
19245
114223
19514
66663
117087
19921
118388
66603
19993
111620
19927
103148
20742
116003
19689
113469
18828
114969
20089
111406
20564
114570
66231
19202
68601
111047
66498
19613
111940
20047
71141
19273
118872
20306
114237
20118
90773
19281
78207
19393
115750
20044
116619
19848
111373
68051
19870
114412
19225
117759
19796
115601
19909
69506
120662
18479
117442
68286
20026
115649
20852
59459
19872
117762
19390
112973
18828
112935
20310
113473
19927
117199
66635
19328
68757
110733
65894
19397
111652
19499
63161
19298
118808
19875
115086
20019
57629
20607
115317
19592
114794
20091
118971
19757
115091
67538
21842
117713
19430
60109
19396
117981
19987
68844
59210
19162
115476
67838
19871
113403
20226
113140
19642
118175
20204
114992
20090
118683
20136
111771
20237
119033
67978
20032
64323
113898
65116
19897
114212
20225
115230
20317
115564
19451
106377
20062
59204
19903
81780
20200
116435
18813
117581
19631
114612
68875
19973
113520
19993
116000
19108
114509
19810
35963
116742
19264
108288
68114
19265
111423
20450
57472
19268
117667
20156
113609
20055
113034
19553
112933
20099
115885
66458
20164
65758
113369
66279
20272
113043
20018
114717
19881
109801
20748
110246
19040
111412
19978
115321
18793
114145
20194
115758
19893
116112
68182
19235
114123
19347
118248
19892
116185
18421
62384
115454
19327
116712
65744
19342
111264
19568
113899
19963
117840
18789
113983
20174
114348
20155
114133
19366
116122
66359
19252
67980
107664
65022
20282
110980
19399
115080
20009
115926
20029
112576
20114
61657
19505
59077
19354
116945
19857
117269
19322
116436
66913
18645
106336
20011
117423
19832
57036
19047
66540
118778
19857
117022
66327
19802
111479
19647
108359
19466
114929
20198
112474
19955
113611
19918
110281
20167
56517
65828
19314
66846
113692
65984
20614
112622
19401
62852
18626
116698
20146
80936
13316
54581
10821
50816
11113
52606
12407
50098
12771
51679
30543
11696
48724
12317
53384
11570
51718
11868
30094
53796
11398
51532
29989
11737
51019
11226
49768
11354
49478
13384
48168
13373
49840
11250
48858
11096
51028
31343
11502
30904
48933
28942
13424
49425
12166
49756
12391
50897
12005
50300
12421
48950
11480
50154
13164
52636
13676
48732
11603
49754
31432
12130
48850
11601
49776
12051
48400
10493
31438
50092
10259
49404
29473
13108
47356
11059
51980
11622
50215
11510
49264
12248
47967
12369
48013
11744
49952
29376
11700
32062
47779
30727
12093
46512
12727
46914
11566
51910
11768
51373
11695
50865
12345
50741
12290
49591
12368
52162
10485
47818
28487
11259
51320
11030
53099
12426
47616
11456
29404
52061
11082
51790
28591
11847
46960
12551
49258
9516
52426
12576
48881
11923
47236
13186
49188
11575
52808
30686
13094
30550
49096
30342
11635
47800
12542
47232
13836
49157
13447
50553
11213
50894
10259
50399
11730
47995
12014
50304
9876
50368
30156
9930
51410
12629
51188
11661
50451
11781
31473
50914
10606
49672
29973
11772
50882
11111
49925
13136
50627
11356
51755
11528
48929
11091
49438
11745
50135
28935
10873
29426
50263
29442
11760
51701
11159
50171
12390
50562
10139
49564
11394
50110
11380
51060
12442
49737
12264
48810
12975
48820
30362
11693
45914
11013
51779
11673
52217
11164
30293
53656
11242
50031
29463
11609
50649
11472
51195
11947
48516
11028
46497
11965
50023
11322
48670
11554
48174
30859
11804
29509
49720
29105
12504
48029
11711
51940
11749
50144
11222
50785
12210
51426
12491
49528
11600
49266
11872
50364
11723
49339
31562
11637
48113
11949
50982
12631
51261
11199
31988
49119
11342
53794
29479
11799
47939
12600
51618
11594
50089
11858
47614
10991
47410
12241
49027
11613
50153
30282
11574
31364
47790
31928
12001
47182
12989
47882
10892
52909
12075
49315
11613
50520
11426
49261
12615
48801
11160
50658
11830
51049
31397
11584
50917
11545
51566
11971
50078
10540
30526
49742
11824
49574
30080
11753
49034
11504
49272
11504
51987
11656
47236
11749
46958
12521
47696
11689
52231
29538
10006
30994
49341
30017
11812
48230
11677
48972
12287
48825
11258
50558
11845
50381
11428
49104
11837
48363
11398
52031
11546
50001
30286
11152
49556
11422
51106
11927
49723
11550
30610
51315
11871
50898
30216
11548
48382
11604
50715
12579
48130
11044
50268
11399
50432
12441
49410
11511
49377
30625
11977
40200
88862
65409
18547
105468
19090
60063
18172
59843
18344
114672
18919
97974
18875
81849
18937
111597
19442
59270
18134
113400
67068
18715
89316
19080
116383
19301
118020
19380
37586
115613
18326
106443
32897
12317
53730
12916
53241
12423
50854
11651
50120
11509
49930
11437
48746
12672
47423
30416
12112
29582
50673
29371
11502
48874
11532
51270
11411
51964
11435
47698
12032
49086
11682
52884
12017
49738
12153
50776
12096
48461
30374
10490
47290
11222
49740
11373
52534
11857
30786
50834
12322
53218
29603
12663
49308
12385
51080
11803
49615
11927
47347
11395
50383
12953
51804
12419
51465
31348
12272
32103
48871
29577
11852
47682
11612
50216
10721
49745
11904
49830
12286
50424
11452
49081
11379
50115
11524
52680
11062
50934
30600
10619
50990
12165
50682
10916
48532
12046
31952
49755
12107
49233
29978
10945
46877
12703
48786
12006
52749
11898
49819
12290
49849
12057
47283
12243
49068
29539
10742
32464
49828
29084
12081
49490
12125
50990
11703
51168
12686
49290
13963
52184
11610
51578
12428
49981
11043
50253
13469
51046
30075
13774
49545
13287
51029
11729
49813
12325
29826
52657
12256
49921
29954
12721
51798
12831
51298
12380
52321
10936
48718
11752
48406
11515
49849
12143
49313
30763
12514
31008
49082
31797
12411
48688
11347
48560
11225
48316
11291
50366
12621
50712
10977
49145
12357
53185
12358
53109
11124
50734
31505
11801
51293
10868
51474
12286
48295
11082
31105
49591
12551
49738
30996
12205
46831
13865
49083
12091
50955
12197
50083
11470
48020
12253
48939
11804
53029
30887
12706
29415
50671
29669
11937
47879
12004
47773
11042
48838
11622
52169
12537
52641
11846
51654
11473
49678
13099
50081
11063
51403
30027
10656
50601
12221
51660
11176
49984
10662
31341
51465
10633
51564
31442
10730
51311
12487
51082
11857
49695
12144
47545
12049
49221
12136
48790
13010
47923
31726
11101
29668
51696
28935
11315
49058
12175
50548
12329
51650
12883
49070
10963
48776
11035
51253
12384
50217
11497
49937
12971
48486
31107
11169
50873
11734
50424
11294
51927
11079
30446
50426
10952
50793
30662
11693
48628
12538
51438
11157
51000
11817
49354
13787
48754
11005
51424
11801
48016
30308
12913
30331
51535
31348
11707
49464
12251
48760
11866
53056
11087
53827
12010
50296
12081
50911
12296
50401
12730
54096
12143
51546
30313
12034
51896
11722
53851
11940
51058
12301
30753
51778
11506
51622
30933
12270
49880
12375
50293
12781
49875
11349
48114
11781
51086
11996
52120
11930
49713
30725
11498
30471
52545
29373
12780
48413
11710
52020
11576
49441
12004
49592
12554
49182
13854
54695
13106
51719
13664
52183
10661
48369
32289
10286
51085
11891
51726
13525
49925
10911
33442
51690
12984
49531
31451
11037
48553
13602
48255
11040
50939
12078
51609
12458
50284
12521
47521
11638
52097
30618
12148
30370
50367
29691
12283
49454
11750
49733
12603
49270
13024
48523
12267
50157
11959
50562
12621
49264
11694
51171
12113
51748
31080
12729
49628
12526
50335
11688
50493
12361
30216
52887
12588
50312
30018
11117
50924
12791
50988
12788
50244
11539
50258
10330
51953
11154
49885
12455
46959
30610
11907
29940
50092
30553
13079
49861
10614
52362
11630
51009
10475
49783
13122
49624
14084
47934
11835
49115
12477
51402
12848
47317
32577
11428
51421
11815
50418
12041
49193
11897
32820
51205
11964
50480
31821
12686
48893
12520
48794
13145
51245
11656
49401
11715
50255
13013
49139
11717
52811
29568
11367
31181
48876
30363
13289
49581
13379
50383
13762
52673
14800
51251
12989
52225
11163
49274
12341
49934
11481
51601
13577
50294
30839
11837
48460
10739
51109
10453
47398
11094
29676
49751
11496
50706
29618
12095
48730
12555
49532
13090
49003
11811
47029
9940
46541
11800
51423
12079
49053
30176
11225
27663
50870
30930
11200
48059
11260
50613
11253
49568
12098
49121
11320
54434
11266
49940
11188
51875
11724
49460
11817
47636
29796
11250
50702
10675
52648
10147
50385
10688
31095
51764
11080
51711
29165
10810
49110
10702
52351
11377
51872
12279
49150
11579
50731
11040
48163
10734
50819
31480
10767
30628
50567
28217
12430
49313
10323
51177
11841
47798
10422
50668
11001
49198
10772
50558
10683
46684
10471
52478
10635
49643
30468
12425
46535
11844
51257
11617
49129
10802
31419
50026
11307
48981
28248
11565
53507
11445
48683
11205
49572
11278
49190
11897
53293
11468
48365
11741
49586
30397
11196
29567
49160
29720
12690
47749
11452
52316
11373
50087
11606
50540
11999
50724
14417
50079
11278
55865
11018
48466
11272
48285
31726
11836
49999
12040
49791
11994
49343
11461
33360
51679
11833
51045
33297
12681
48968
12869
46917
12658
49317
11856
50189
11379
48110
12947
49104
12184
55743
30740
11733
30006
50352
30446
11603
49925
11389
49682
13003
50644
12967
50920
11093
51577
11495
51172
11540
50169
12506
50557
10592
54232
31734
12952
50254
11018
55136
11376
52503
11211
29721
54752
11178
51878
30006
11296
53813
11429
50311
12066
52631
12211
48320
14311
49917
12019
54129
11370
52401
30627
11764
34856
50464
29675
12640
49187
11996
51669
13805
50982
10894
51819
11309
51100
11744
49771
12946
50560
11935
53224
10803
51328
31891
11809
50703
10770
51756
11681
52254
12319
31125
52666
11171
51966
31150
11357
50802
12148
50491
12833
51340
12002
49958
11250
54794
11700
49291
11554
51859
30900
11156
30335
48688
31481
11945
48887
11381
52238
11496
52138
11697
51198
12456
51146
12725
49239
12367
55438
11660
50427
11740
51452
33024
11761
50821
11799
52178
11806
50571
11912
32476
52950
11144
50877
32285
12285
49595
12437
49199
12452
51337
11745
51540
11827
50406
11872
49931
12612
50425
32456
12483
29635
50491
29081
11363
49785
11488
49450
12346
50747
11989
49041
10980
55093
11597
50157
11689
51542
12584
50818
11418
50465
32301
11121
50764
12906
52981
11811
54356
11252
31035
50568
11782
55065
30452
12111
49314
11495
54491
11583
51251
11505
50841
11819
48965
11926
48220
11485
51240
29909
10942
34520
49129
30694
11524
49822
12795
50117
13777
51274
9911
55311
12255
52534
11582
52236
12707
48207
13950
50471
11672
54110
30315
13358
49535
12026
56035
11967
50364
12375
31277
54791
10820
52179
30277
12142
53803
12093
51431
11738
53154
12356
50635
13608
48545
11926
53539
12334
54073
33977
12133
31810
49030
32166
12011
50074
12880
49156
12970
49688
11784
54305
11731
51301
12239
51411
12151
51018
13580
50616
11774
54610
30771
13362
50269
12242
54769
11678
50452
11526
30953
54182
11705
51906
30489
10931
54470
11973
51050
11684
49660
11818
50762
11151
48023
11448
49226
11229
50592
31271
12093
31502
52080
32769
12258
48587
14110
50022
12397
56444
12478
49723
11998
51691
12193
49335
13184
48914
12575
55585
10997
50774
30727
10608
56693
11253
53295
11956
50061
12278
30745
49546
12976
54713
31085
11224
48179
11725
48143
12064
49806
11755
50565
11769
48716
11430
48864
11721
49882
30850
11432
28930
48302
28905
11074
47875
11743
50060
11772
50417
10997
46635
12014
51158
12050
51793
11598
50432
12493
47883
12590
49359
29802
10245
49250
11645
51474
10660
50108
11713
29487
49096
10651
49531
29852
11803
48684
9753
46747
12443
50289
10869
50730
10437
48968
11025
46797
11375
49558
29937
11152
29135
50013
29787
9855
49251
10600
51613
11320
51527
11104
50141
10934
52813
10921
49959
11520
53174
11265
52505
11063
51485
30832
11257
52053
9276
51538
11195
49320
10658
30892
52660
11113
52305
30122
9916
54680
11971
53923
15556
53654
12531
49249
12600
48578
11511
51123
12021
51496
30865
11334
31942
50309
31005
11960
52715
13022
49743
12177
49974
12055
52060
11646
51847
12009
52668
11831
49345
11522
48804
11245
50708
30545
11054
52463
11800
51689
11948
52960
12132
30920
52936
11567
53661
31414
11338
48532
12158
50986
12225
48987
12202
49305
11444
51605
11192
49598
12075
51608
31343
11718
30816
50147
28932
12854
48294
11666
52263
11222
50411
12178
49160
12493
50904
12876
50794
11581
50150
12204
52864
12513
49199
32519
11390
51035
12353
50696
12429
49302
11635
33173
50183
12397
51530
30229
11006
46981
11969
51919
12017
51773
12155
50659
12717
47503
12331
48139
11892
52565
29560
10074
30419
50052
31623
11854
48149
11357
49160
13215
49754
12146
51453
12959
51855
12026
52182
13027
49288
12267
50384
11688
50095
30310
12071
49255
11776
52741
11862
52461
11578
30798
51781
11954
51991
30306
11882
50607
12470
51679
12137
49586
12349
48388
11753
51419
11747
48907
12034
49423
32282
12026
31931
50462
29749
12205
47608
11948
51859
11691
50857
11417
48023
12963
50853
12239
48647
11546
51250
12243
52220
12246
49684
31938
11734
52733
12104
52784
12838
49121
11276
33047
50103
12837
49606
31988
12973
48822
12191
49191
12022
50636
10900
50072
11698
48702
12489
47377
12394
52239
30011
11972
29082
48285
30385
11692
51170
12226
48829
12877
49598
11476
50391
11131
51129
11817
51388
13385
48738
12132
48798
11585
50195
30746
11391
52204
11860
53248
11649
52118
12360
30623
51009
11615
50996
31147
12067
49749
11720
51398
11297
48049
12278
48272
12343
48994
11742
50032
11450
49253
30770
11988
29621
51518
29861
12102
47982
11935
51298
11864
51192
12137
48394
12346
49806
10896
52923
11675
48874
11995
50187
13077
49619
32532
12234
50128
11989
50327
10549
51559
11561
33162
48897
10628
52089
29476
10660
47916
10922
51556
11464
50726
12048
48298
12851
48895
11675
52654
11823
50440
29787
11710
29766
48722
31623
13160
49533
12377
49005
11795
51819
11174
49430
11144
51263
12442
51484
12096
52036
12586
55233
12553
51899
32152
11703
53123
12351
53024
11324
51203
10555
30610
50660
11659
51169
30844
11664
51094
11167
49902
13096
49133
11130
52783
11969
52247
11942
51269
12366
49848
31000
11679
29416
53438
29724
11840
48614
12248
52022
11847
50478
11422
47946
13036
49960
12126
52676
12678
49677
11877
51015
12517
48983
33082
11143
49874
12158
50710
12153
49901
10890
30042
50328
11236
50076
32464
12863
48506
12036
51027
10808
49409
11934
48647
12919
50432
11894
50369
11842
50295
30016
11377
31971
47648
29272
11046
47124
11607
48269
11285
51964
11609
50759
11293
50729
12068
49429
10790
49402
12137
52472
11301
48267
30477
11787
51704
10687
50872
11587
48723
11483
30490
50439
12467
49744
32322
11600
47971
11276
49140
11583
51971
11246
49110
11430
48110
11708
48024
11324
51132
29825
12210
29811
49835
30940
11470
47317
11737
49768
12040
49062
10716
50178
11378
51802
11427
50725
12944
48801
11246
49282
10684
49817
30321
11521
51873
11040
51968
11608
50486
12129
29563
49915
11969
50463
29299
11978
49960
11891
50073
11584
48238
11921
50409
11921
48333
11178
47650
11559
47744
30275
11258
29713
49993
28381
11211
47814
11387
49968
12195
49092
12154
47823
11203
49254
12125
50205
11556
48556
11642
49688
10805
50854
29689
11748
48105
11763
51422
10876
52014
11825
29595
51000
13653
53597
31684
12080
50237
10604
50951
11624
50316
12951
49730
11939
52354
11830
48632
11946
50488
31428
12037
29812
49487
31687
11766
48255
11374
52460
12201
52240
11664
51541
12654
49167
10328
51284
12261
54284
13757
49594
12302
50345
30293
12241
51079
12734
54483
12340
50637
12040
31244
52922
12949
51211
32807
12268
50263
10796
50618
12448
51326
11840
51380
12146
50678
14236
46854
13196
50576
33439
12576
30317
50273
30919
12439
52355
11832
50997
12071
51684
12635
50279
11855
53443
10969
54271
12007
51420
11851
52387
12586
49589
33081
11563
53749
12537
51205
11626
51521
12700
34236
52275
12496
52697
33046
12673
48854
12853
50566
12076
51386
11970
50749
11826
51754
12774
50204
12509
50475
32641
12501
29333
51969
30149
11826
50756
10470
49060
14383
47331
12393
49051
10844
52388
11891
51487
11700
51942
12632
51946
12971
49842
32123
12569
51100
12566
52943
12630
52782
11736
31013
49575
10033
52110
30951
12774
50209
11023
52646
11628
51557
11705
53090
12704
51240
11660
49670
10677
51524
32304
12088
31128
52035
32101
12325
52052
14317
47894
12045
50686
12811
50027
11525
51255
12346
52814
13151
51466
12842
51597
11828
50334
31974
13800
49752
11821
54228
11657
52001
12230
32781
53868
10664
51955
30852
14127
51169
10933
50680
11884
53515
12777
50348
12522
51460
13416
51840
12102
51473
32323
13977
30681
51988
30470
12796
50230
11556
50632
12926
51227
12512
52027
11390
52317
10638
53454
12711
50935
12516
50863
12977
52420
32286
11936
50688
12744
55454
12281
51190
12113
32531
51199
12025
52816
30741
12920
50844
12181
52535
12437
50540
12822
50062
13140
50479
14053
51114
12060
51792
32451
13444
30961
49829
31761
12471
52578
11473
50562
12913
50480
12887
52449
11993
50745
11968
54188
11968
50730
12772
51439
12631
51288
31711
12600
49537
12517
53858
11853
50253
11983
31619
55223
12319
53143
31117
12354
48563
12002
51867
12387
53328
13085
49980
12439
50800
13272
51744
12162
50892
31805
12569
31056
51375
30997
11927
50603
12131
50184
13172
50311
11846
52060
11979
52659
12027
52677
12444
50737
13246
50604
11370
51364
30959
12590
50013
12544
52939
11739
53082
11851
29799
53247
11088
50703
32530
12449
50839
11522
50066
13309
52040
13091
49176
12203
51788
13064
50287
12514
52182
31079
11699
31771
49873
32677
11980
50329
12434
50134
12397
52706
12223
50012
11837
51634
12642
51667
11453
49940
12162
52829
12020
51785
31479
10781
52241
11330
52752
11396
52159
11841
31638
53232
12123
51872
31264
11746
50575
10778
52744
13134
51609
14740
49843
12046
51582
12042
49469
12359
53693
31498
11912
30731
49289
30669
12937
49675
12812
49435
12111
51126
11730
52098
12024
51303
12767
50641
12146
52083
12167
52605
11979
51316
31718
10719
51949
12262
51842
12477
50276
12263
30963
52299
12673
51185
31714
11948
51396
12743
50789
12901
50900
12025
52192
12021
51111
11440
50550
12697
50613
32459
12461
29966
52479
30482
11415
48755
12031
50320
12429
52163
11690
49903
12924
50761
12634
52578
11746
50744
12341
53163
11342
50823
31988
11885
52904
12452
51551
12729
50402
12016
32133
52658
12601
51197
32527
12682
49682
12866
49972
12102
52560
12054
50301
12626
51890
12466
51063
12846
50843
32526
12555
29720
51685
30238
12048
50935
11820
51122
12706
51785
11743
49255
12334
51875
12476
53301
11486
49236
12231
53393
13000
50574
31555
11204
50988
12827
52996
11433
52766
11949
32796
52966
12460
52324
33235
12585
49162
13224
51456
12535
53547
12069
50725
12065
51484
11732
49956
11298
51994
33209
12186
30536
50176
30956
12009
50968
12328
52956
12427
50505
12274
48861
12811
54265
12062
51609
11286
53163
12545
50837
13323
50539
32844
12474
50980
12308
52864
13574
51014
12559
30638
52441
11976
51799
32452
13086
48905
13539
47038
12195
52862
11775
52531
12698
50897
13210
49179
12967
52477
31159
12874
29872
51254
31116
11781
50792
12093
51689
12688
49597
14325
49511
12083
52996
11868
52129
12489
50705
13050
50753
14081
49951
31591
12937
50133
12892
51961
11817
52468
11488
31401
49795
12601
52251
30931
10743
50415
13179
52237
12177
50194
11027
48102
13152
50851
12776
51595
12140
53231
30660
13862
31007
50499
31319
12135
50123
12595
51205
12830
50585
12116
51282
11905
52655
12043
51880
12375
51007
13004
50689
11936
52179
30921
13277
49761
11978
53266
11924
51718
12350
30961
53931
11739
53124
30955
11788
51478
13034
52596
11914
52542
12505
51748
13033
49038
12555
51440
12110
51365
30880
12192
32117
49131
31041
12998
48474
12491
50094
13405
49805
12025
50184
12894
53571
12290
49690
12983
50680
12368
50658
11756
52535
31101
13280
51918
11649
52402
9948
52137
12556
30399
52906
11886
51934
31418
11873
51734
11341
50663
13048
50330
13690
49901
12364
51981
11540
51102
12048
52411
31474
11762
30044
49072
28780
12213
48468
11985
50818
12193
51662
11071
51237
11893
50913
13092
50073
12667
53617
10509
52813
12220
51133
32714
10957
50180
11865
50286
11579
49197
12344
29273
51429
12842
52237
33628
12265
48944
12395
51969
12849
52963
11627
53078
12354
51510
12069
47693
13512
51456
32860
12417
29870
49669
30756
12366
51004
11628
51180
11681
51710
12832
49896
13165
50520
11508
52466
11977
50672
12052
52960
11554
49450
31660
11759
50123
13038
50083
12856
52176
11757
33130
50506
12874
50029
31036
12108
48514
11352
53173
12383
52284
11975
49092
12591
49760
13175
49153
11501
52855
31521
13202
31095
51155
30719
12157
50160
12714
50552
12400
49229
12393
50736
12576
52140
12109
51047
12088
49320
12316
52026
13255
53009
32036
13380
50286
13435
50589
11997
51496
12138
32180
51735
12376
49850
30125
11844
52557
12028
52511
12677
52186
12640
50762
12066
47127
11998
51988
11043
51126
30585
11875
31246
48596
30202
12552
51934
15282
50924
12480
53139
12730
54613
12568
53011
12093
51994
12427
49716
13739
52568
10941
51822
31145
11818
50530
12152
53147
10698
50438
12658
30604
52089
12051
52159
31120
12599
51636
11693
51995
12457
52973
12670
47394
12344
50150
12364
49236
13029
53049
31735
12060
30086
51595
33119
13406
50005
12491
49536
12234
51311
12130
51017
11490
50918
12265
50221
13336
50421
11657
53118
11176
51113
32354
11553
52799
12513
52502
11834
51548
12041
30829
51198
11338
51743
30530
13004
49726
12322
50961
13079
49177
12062
50440
13608
51286
11975
50404
11557
51361
31555
11846
29836
53419
31366
12742
49850
12490
53026
13877
50933
12758
52412
12339
50726
12683
50209
12950
51474
11920
52512
11260
53191
32081
11995
51396
12354
52732
12563
51622
12417
30266
52617
12045
50717
31683
11602
52185
12238
50922
12127
48999
12907
50849
11499
51534
12614
51126
12459
50542
32808
12042
29717
53158
29516
12990
49656
12373
51368
11610
50311
12839
48437
12623
51796
13142
52303
12307
49509
12491
52805
11888
52201
32681
12167
51498
12059
50667
13182
51135
13943
31546
51194
10882
45465
30840
10013
44556
11628
46959
10526
47267
10394
45345
11535
44189
10577
47559
11408
47442
28865
10493
28035
45088
27157
11237
44948
11173
46560
11114
48269
12440
48358
11138
50953
11402
48811
11955
47968
12040
47996
10275
47108
28889
11349
46009
10465
48455
10750
46219
10011
29128
47854
11067
49293
30508
10282
46826
10650
45445
10866
47561
11528
47227
10756
46217
12245
46975
10499
48527
30221
12199
32651
46838
28054
11442
45631
11566
47341
10983
47711
11244
47893
12209
47971
11470
45827
11879
44847
10490
46331
11169
45635
28915
10931
44864
10978
47232
10431
46245
10361
27287
48564
11723
49521
28747
11088
45677
10598
46071
10418
47983
10767
45866
10345
44753
11113
44336
10492
49022
28106
11254
28270
44857
26952
10415
43629
10840
44318
9416
45925
10605
46648
11375
49653
11752
51626
11184
45209
10374
48480
11142
45555
28586
12338
47199
13013
50062
9349
47110
10504
28687
46913
12214
48660
28328
10361
46455
11265
45984
10887
46614
12073
49244
12385
47035
11160
43820
11275
49384
28911
11405
29346
44738
30111
12167
49767
12121
46876
9773
46302
10565
45545
10431
48345
11387
46895
11249
47242
11071
49263
12880
45258
28629
10451
46756
10892
47684
11612
49536
11308
28376
46825
10374
50137
29550
10620
48307
11661
47856
12317
46303
11241
48161
11094
50088
12160
44418
10311
45556
28005
10371
27355
46558
28250
10288
48296
12133
48637
12976
49543
12293
47722
9820
48416
11706
49952
12591
46584
11440
46508
9755
48671
29746
11475
48883
9563
47069
12410
50139
11945
30024
48107
11469
47843
28800
10417
45175
11723
45648
12449
47917
11705
48203
12369
46640
11620
45983
9568
48425
29710
10851
28996
44928
28748
11477
46363
11702
47717
11276
46517
13276
48564
10544
47690
11175
47096
11083
47305
11066
48430
11685
45347
28331
12240
46600
11166
49257
11174
78175
16488
28769
67376
11116
71355
36001
10976
47773
11461
82017
12249
72796
14066
60427
14021
66391
11824
66359
13054
68320
49996
11546
30629
65752
42904
13413
75595
18422
77099
12727
83096
12156
78553
17077
50884
11710
51849
12140
51668
11355
49212
10068
50151
32110
13455
49864
12850
51037
12504
50691
10935
30912
52288
10725
52044
30179
12036
52304
10575
50593
10968
51416
11906
48692
12017
49041
11212
48778
10688
50438
30560
11489
30104
48827
29888
13079
48166
12390
51653
11676
50708
11401
51440
10733
51123
12516
51146
10702
52357
11048
51353
11092
50613
31467
10550
50285
11503
49783
12400
52675
13231
33596
50510
12237
51044
33084
12744
50276
12866
49803
12328
52095
12203
48009
11746
51391
11923
47723
11628
49164
30481
11397
31307
49889
29215
10643
49623
12377
50580
11474
50258
11209
49058
11616
52404
10729
51047
11638
49871
11967
49915
12197
52053
30299
12191
50270
11360
52166
11158
50535
11702
31823
53859
11712
52208
30127
11371
51493
11501
51691
12249
49129
12182
49256
12202
52117
11511
51727
11414
52327
30642
11125
31651
48484
30498
11682
49956
10677
48210
11821
51603
11897
51733
12149
50052
11083
51116
11806
50387
11400
50982
11853
50151
31167
11349
49966
11683
50342
12084
49629
10163
33754
51228
11891
49660
30545
12516
48258
10509
49918
11794
51703
12160
50522
12156
49472
12490
49061
11061
51570
30002
12038
29857
50967
29860
11746
49398
12522
49504
12353
49147
11422
52775
11235
51450
11419
52419
12253
48628
11773
51626
11703
52730
30277
10932
49296
11104
51659
11112
50660
12039
31215
51861
11651
51696
30970
11687
51012
11753
51388
11721
50657
12809
49386
11467
52610
11666
48302
11653
47913
31413
11777
31786
50740
30273
12354
47686
11461
51878
11303
49827
12225
48958
12352
50512
12862
52565
10882
51940
11611
51575
11907
50746
31178
11082
51647
12398
50490
12230
49046
12271
32251
55004
13303
53046
31862
11420
50412
11530
49484
12175
53208
10322
50762
11556
50994
12021
50458
12533
50737
31444
12101
31300
48871
29690
12258
52030
11510
51666
12969
51530
11936
50047
11544
54078
11046
51700
11142
50267
11477
50602
13204
49624
30164
11928
53348
12402
51445
11187
52953
10223
31587
52984
10327
52299
30522
9814
50230
10773
50995
11390
52541
11768
49690
12287
48147
11312
51430
10524
48659
30454
11330
30869
49422
31422
13470
49424
13206
50622
12211
51749
11952
51298
10785
50662
12994
51342
10743
51799
10377
52236
12231
51494
31411
11677
50308
11778
52137
10683
48518
12935
30740
51781
11143
48892
31370
11305
52708
13333
52611
13177
52267
13237
51649
13045
53968
12644
51201
12510
50299
31678
11610
33049
51036
31854
12324
50250
12568
51679
11626
52185
12045
51824
12149
50549
13747
51276
12498
52088
12335
50458
12405
52267
31747
11112
51731
12293
53701
11870
50211
11868
32418
52745
12538
52196
31621
11823
51215
12751
50268
12502
50963
12237
51947
11534
50750
12257
50843
13226
51506
31024
11937
32880
51348
29458
11972
50265
12492
52367
11781
50142
13248
55240
13176
52517
12848
51820
12448
51995
11510
51963
11968
52827
32760
11682
53748
12751
53196
12268
50780
11566
32692
52942
11998
49579
32015
12641
50783
12123
49891
12705
52248
13381
51696
12263
52243
14626
51030
12292
51608
31417
11548
32083
50099
31054
12647
50607
12624
50662
12095
50516
12271
51751
11703
50913
13472
52348
12087
52787
11963
52070
11962
51824
32274
12309
52203
13036
53709
11588
50221
12160
32077
53582
11768
49822
33247
12517
51918
12743
50574
12055
52355
13270
50301
11872
52791
13049
49109
12236
50068
31583
12110
32278
50913
30948
12559
49200
12202
52201
11261
50847
12051
52432
12691
49569
15049
51166
12425
53335
12129
51570
12384
52587
32125
10900
52515
11694
52632
11797
50592
12657
30934
52715
12963
51252
31008
12064
51485
12418
49489
12628
50994
12265
91096
18176
111009
17399
85351
18190
116021
67083
16994
49733
107834
66486
17065
94757
17648
114165
19548
92574
18042
110306
17473
95078
18409
116050
16462
91015
18080
117117
16937
117076
69999
19288
101546
16660
87421
16803
88016
18224
63887
107070
18871
119161
66703
17077
113773
18298
113471
17898
94501
16662
111244
17621
115388
17096
100751
18664
100568
59425
17371
66646
115429
67666
17113
105355
17319
115331
17069
117854
16039
104308
18402
118633
17042
102478
18860
114834
19430
92757
16914
114442
66707
16858
118384
17429
112321
18671
117424
17163
57641
75681
11814
53173
31447
11707
50444
11985
50545
12483
50222
13084
49627
11671
50344
11407
49313
11453
50809
29719
11378
30869
52664
29902
11801
49848
11809
50600
11144
50060
12119
49867
12694
50174
11195
52330
11585
50859
12483
51649
12503
50254
31149
11041
52116
11796
50362
11979
49146
12065
32791
50484
12969
48706
30586
12428
50352
12641
51180
11732
52169
11638
51215
11578
49783
12222
48401
12685
52810
30232
12421
31322
49092
30869
11731
50660
11515
50498
12613
51352
13801
50766
11936
50622
11524
50075
11637
49751
12074
50821
12268
50627
30994
12372
50017
11545
53413
11935
51000
12026
33391
53571
11385
51161
29964
10965
50653
12037
50212
12286
53235
12239
48900
12766
48825
12165
50841
11757
51111
31324
11587
31503
48606
30852
11725
49779
13119
50466
12047
51352
12165
51069
11872
51298
11981
50733
12733
49408
11850
51652
12374
50418
32696
11350
51084
11857
53455
11768
51142
12887
32315
52458
11993
51459
31888
11471
50112
12494
50976
12000
50030
11758
50845
12154
52301
12590
48782
12625
50832
32981
12041
31120
52410
30085
11635
50097
12298
50675
10816
50199
11818
50729
11965
48819
11543
52472
12086
50530
12324
53133
12229
50115
30966
11217
52315
11922
50164
11960
49144
12089
33480
51046
12690
52793
29983
11268
48881
12484
49672
12091
50384
11906
50950
12304
49558
12185
48756
12115
53523
30543
13086
31084
49360
28900
11808
49913
11745
48790
12139
50190
12369
50722
12377
50858
10900
52630
12659
49435
13273
51466
12263
50906
30690
12186
50620
11900
52321
11417
50630
11582
31601
51675
10951
52945
30737
11327
49352
11289
51018
13044
51777
12382
49661
11520
50624
12245
49681
11716
52003
31436
11825
30805
48706
30267
12982
50130
12683
50452
11757
48781
12569
51696
12124
51414
12614
50962
11533
50959
11601
51147
11989
51141
31291
11813
49257
11865
51388
11086
49129
11806
31157
51940
11974
50139
32767
13130
49231
12637
50655
11779
51627
12112
49780
11877
50947
12262
48446
11735
51829
32075
12600
29620
50566
31279
11839
50098
12687
49075
12048
51073
12706
48721
11606
51410
11959
50699
11555
53216
12620
50474
13379
49914
31393
11454
50552
13027
49418
10902
49514
11685
32311
50199
11932
50157
30052
12196
50883
11117
49060
12358
51684
12243
48725
10926
50394
12415
51045
11904
51614
30502
11858
30231
49278
30788
12578
48962
12258
48738
11795
51297
11665
51175
11707
50415
12140
51170
12427
51142
11824
52071
12605
50965
30613
11476
51302
11383
51582
12080
50669
11532
31284
51622
11827
50063
31828
11803
49214
11614
49411
12155
49973
12241
49150
12407
50016
12824
50083
12438
50200
31788
12294
30103
49612
30118
11922
50642
11996
51874
12228
49908
12643
49771
12181
51132
11744
50531
11625
49968
12020
50550
12703
49945
31938
12637
49020
12805
52320
11631
49501
10636
32749
52323
11856
50922
31143
10988
49668
11869
52084
11669
52064
13047
49007
12324
49167
11796
49931
11653
50113
32188
11432
32389
49792
30251
11361
49868
12771
50325
12216
51596
11516
48948
11675
51713
11643
51881
12714
50247
12391
51615
11791
51216
31087
10868
51731
11481
48200
11341
51338
12302
32111
50082
12083
52344
30855
12158
50521
11152
51024
12902
50970
11729
50330
11534
50908
12862
50680
12104
51290
31349
12743
31371
50234
29338
11215
49840
12070
51694
12167
49191
11385
45919
12143
48090
11014
49013
12103
46142
10440
49773
12684
47703
29461
10704
46754
11325
51946
11548
49741
10261
28044
51706
10645
48551
30404
10970
44852
10852
45692
13211
47959
10846
49088
11976
46783
11937
45800
12292
51143
32631
11475
30895
52391
30410
11445
52039
12323
51465
12131
49958
12337
50157
11088
49398
12549
53026
11434
52187
11764
51532
12393
50257
33792
12202
51490
13320
50978
11837
51857
11168
33985
50974
12436
51700
31685
12566
50427
12247
52209
11032
61011
20372
119963
19022
117973
20945
114385
20165
105989
69498
20763
68876
117399
68153
19923
119316
20584
121294
19484
120827
20093
92980
20236
82037
19089
59136
19088
113922
20025
118495
19528
117771
69401
19339
115044
19752
118057
19459
117994
19899
72305
124744
19953
124093
68408
20140
117493
19677
117376
19733
120643
20715
114512
19158
115706
19853
118296
20352
122689
68021
20553
68540
117001
69375
20013
117715
19462
116771
20009
98808
20006
92760
20566
60598
19942
92803
20006
118536
19793
122274
19933
120871
70919
19889
120937
19534
123822
18178
121945
19316
39701
121182
19404
119292
68682
19935
116316
19688
119089
20826
119675
20424
118244
20628
118373
20059
116791
19124
60807
67898
19923
67584
114093
67029
20828
113699
20942
119520
20206
120925
20236
116309
19612
117886
19522
63300
19204
120107
20106
119647
20223
118180
69410
20000
118911
19908
116764
19850
115235
19323
38147
121016
20141
118923
68481
19674
118069
21000
122649
20056
82028
19857
117205
19686
115236
20972
56268
20265
117470
69903
20057
70709
119503
68402
19423
116553
21128
59979
18633
121634
20697
114279
19463
86702
19400
94353
20431
118376
20014
108104
20339
118312
67946
18501
119484
20108
122887
19834
118561
20611
69856
117482
20205
121207
69187
20112
116921
20734
60529
19290
119941
19944
116983
20067
118869
20188
113827
20948
120586
69228
20424
69880
90354
64403
20047
117553
20334
79674
19917
111678
20290
117867
20884
118546
18766
59462
18958
120077
17680
121443
19329
118479
69410
18711
119175
19932
121479
20005
117108
19081
35047
121764
19963
117668
67990
21486
116416
20230
59465
19631
119395
19835
117390
20327
117287
20238
116700
20139
76893
69316
19967
67508
114582
65678
19324
118264
20807
121251
20178
120694
20806
117379
19629
61817
18922
94762
19193
117639
20308
120257
19114
121613
70749
19963
119123
20935
120515
19859
117407
19851
72637
120491
19280
118697
67893
19631
115994
21240
59425
19505
119892
20492
115310
19280
116461
19455
117401
20175
119644
69074
19384
66842
116979
68962
20060
117004
20420
116317
19454
121133
20019
112236
21279
117840
19343
93053
19436
120987
20150
120727
18843
119197
70813
19388
118788
20149
83597
18759
118006
19949
69376
120925
19564
118687
69962
20168
117590
19730
59558
19901
119652
18723
118702
19856
120238
20063
116092
20867
118302
68421
19396
70123
111727
66410
20178
114096
20315
106260
20028
119028
20890
116341
20432
61052
20167
93904
19838
115190
20459
120045
21051
118645
69339
19785
117567
20177
120038
20413
120627
19992
71977
123149
20023
61265
68979
20110
113923
20371
59378
18908
119749
20014
117652
19516
116856
19429
94721
20273
60665
69372
20187
68464
115978
67693
20255
118263
20728
82640
20104
120629
20030
118104
20016
83825
19381
78267
18931
119749
20134
121629
19667
119131
69474
19979
118842
20057
61354
18809
116123
18905
71265
120154
19307
119962
68813
19254
118806
20868
57738
20090
120946
19959
94961
19699
118691
20793
113856
20078
119588
68991
20130
70221
115418
68812
20178
117483
20883
69867
18664
122515
20150
117635
19881
87234
20056
60825
19025
118601
19455
118315
20168
119517
70238
19316
114760
20256
119684
18321
118468
18882
73028
122232
19978
120434
68318
21134
117901
20427
60232
19604
119130
19976
114933
20011
115694
19440
115164
20415
71396
68832
20762
69347
116887
67479
21072
113861
18907
62676
19471
120223
20039
116440
20365
57701
20609
87942
19307
119294
19645
84308
19112
120242
69859
19745
119010
19279
121643
19184
119622
20310
69165
79444
11059
49551
29125
11378
47885
10441
45912
10973
83368
12437
47627
10955
46716
10364
55114
11155
47548
27574
10327
27805
45799
28867
10785
46787
10580
51869
11520
50794
11536
49988
11276
47210
11031
53744
10628
47546
10457
50027
10660
47391
31000
12826
46633
11842
47265
10442
48744
10585
29052
51576
11974
50945
28456
11391
49489
11596
49071
10512
46099
12184
46726
10994
46108
11278
47958
11780
47804
30247
10653
28378
48380
28665
10966
48166
10603
49580
12040
47521
11760
47434
11148
47218
10697
48345
12650
47205
12943
49856
10710
47706
28900
10636
52392
11244
48690
10580
49632
11333
30420
48726
11746
46263
30721
11439
47914
11877
48647
12131
48659
11062
47201
10728
50057
10763
48447
11055
50469
28240
14010
29241
48706
29273
11326
48148
13087
47481
11566
51637
12595
52378
11161
49892
11530
48983
11458
49159
11226
49712
11304
50274
30212
10535
51142
10437
49749
11263
49618
11384
29325
49922
12920
48185
31458
10525
48371
11786
48806
10246
51345
10613
45615
11128
48004
12002
46033
10670
52233
29211
13747
29162
45818
28704
11301
47466
12753
47684
12422
44418
10632
48069
10672
49111
11389
49234
11097
48045
11312
47978
10929
48984
30106
11175
50976
11984
50352
10767
47899
10302
30637
48852
10869
49143
28548
12092
47704
10567
49697
10917
48322
12354
46892
12885
45818
11393
49675
11492
49818
29282
10660
29355
48523
30500
11748
48255
11943
50367
10822
47013
10570
48991
12035
48813
11649
50401
11261
49827
10706
49353
12059
47204
30993
10674
48726
11974
47967
10900
51828
10208
28780
47183
10448
47528
27128
10419
48685
10395
46178
11710
46682
11693
49463
11979
47645
10275
46525
12497
49370
32404
11983
31081
73292
38656
11782
66022
11025
71652
16824
53723
17007
49574
10202
72014
13798
50503
12631
54220
13482
53008
12950
81442
31324
13284
72697
13780
79015
11580
63548
10729
31309
54178
11775
57378
31830
11940
62482
12229
63706
12174
69738
13527
51555
11724
56997
11506
48815
13983
84328
30397
11902
48109
67843
30315
12362
62922
12287
69239
12731
67859
12361
66076
11080
68619
12767
68965
12641
65761
12165
71356
13193
66361
48524
10745
51720
14471
52445
12810
54417
12741
43919
68314
11648
68854
30821
12309
63443
13636
72003
12748
63649
12025
48612
12773
76202
13138
109479
14811
50369
37034
11643
30572
51045
52869
13492
80414
11630
62604
11401
67607
10928
51159
12485
75104
13182
78272
16433
52639
13011
78938
16039
50546
30948
14302
109814
13868
51148
11061
50417
12435
47301
72521
15852
52995
29781
12259
80040
11501
51950
12362
107253
11905
50303
12872
59209
12605
63595
11444
51996
33038
12218
37678
64928
29812
13936
64764
13505
50595
13456
100318
13165
56311
12474
62947
12964
66051
12926
67924
12350
69467
11900
67700
47677
10831
50557
13348
87728
11464
66860
10238
31078
69025
11767
70104
47146
9724
69681
10923
69709
11397
67909
13299
65630
13918
67417
12092
70272
16553
52678
30458
13786
61621
49597
29567
11983
75144
13159
78814
10758
51816
14941
82342
10456
51366
12606
90727
11124
75205
12760
54553
12438
63999
49112
11566
70326
17116
51497
11707
71382
13029
59775
50883
10559
62959
46557
11986
49713
12476
72082
13092
49983
11771
54390
15061
64106
14187
95781
15576
89356
31397
14051
41048
64379
30416
14037
66689
14472
68153
12713
65871
11507
65285
12922
68690
14240
66718
12652
64947
12345
68433
14142
65655
51682
11729
66482
13649
66978
11436
68278
11336
31087
67788
12157
66801
51002
12246
65649
11181
70219
12241
67050
11234
68640
11724
67131
10948
70174
12070
68137
31796
13056
33011
74485
29671
13458
72905
11307
68885
14655
66089
13004
64861
13156
70090
13350
66378
12937
65592
13658
65689
12728
68465
49576
13306
67838
12144
69210
11777
65304
10776
31736
65896
12487
67143
55214
19024
75813
12253
113752
13637
50652
11506
50525
12895
64795
14047
65730
13730
76865
33154
12275
56091
53055
48627
11922
67697
11054
69111
11741
66460
11001
68890
10444
71212
11623
66831
13425
65250
10381
71781
12049
66167
32792
13579
66706
12362
65193
12808
65597
12692
47516
50939
13008
77861
30409
13473
81913
13559
52240
12228
73615
13580
56382
12777
112599
14685
73421
15059
84942
56922
11550
31292
111723
32771
13199
112002
16243
77244
12616
72680
18394
78419
13224
84304
11419
50943
12339
86291
11690
51517
11260
84225
31877
12317
72899
12855
81596
11158
62682
11771
31039
68986
13245
67591
46904
11265
56240
11460
72482
12859
80716
11640
64856
11638
55692
13695
76797
16914
50322
29895
12685
62053
48707
30291
12965
74140
11705
82779
11537
51590
12756
83594
10827
54263
11966
56283
11640
62887
11645
66844
10955
72705
35194
11020
52068
12712
82596
11160
53945
12250
62824
50228
11495
75207
55163
12717
73442
11959
49933
13042
59851
11990
67315
13829
49998
14199
66042
11568
86724
29943
13137
29289
57991
29125
11560
65545
13329
66617
12340
67325
11701
66989
11853
69715
14062
68046
11889
63478
12549
71485
11960
65861
47950
11327
50455
10611
77993
12887
71369
13243
57952
50341
12976
48990
54122
12925
48571
13374
77486
14700
48745
13748
56131
13408
63171
12513
65330
12064
59577
57987
17740
29598
50838
51729
12014
69357
13009
78422
11937
64064
11305
66618
10771
72966
17199
52758
11577
77364
18157
53133
12504
50036
55266
12356
49757
12447
77615
12970
80298
11592
32120
81352
16556
52160
30696
12423
83339
11129
49948
11787
69830
12265
54348
13510
64057
12200
65923
12117
59134
32420
12576
59942
64851
29556
13015
65944
12604
65789
12750
68824
11926
65963
12515
66508
12816
65628
12510
69032
12531
68337
12488
66415
54807
17593
50348
12805
79070
17801
79638
16553
31841
72363
11344
75121
30012
13438
84063
13573
59302
12799
51005
12955
74496
13548
108408
10946
73099
13928
76404
31155
12890
51392
69608
34667
13248
50972
13826
82441
11371
52508
13733
109426
15860
51517
12793
54409
13057
61909
13265
66339
12978
63384
53475
15463
49962
13583
78010
16335
50236
13808
31885
85585
11565
51689
61974
18013
78721
13198
85743
11704
75222
13751
55366
14308
62610
12335
61011
17090
65181
53090
17402
31420
70906
40346
12822
65721
11635
66352
12692
68362
13003
58217
11679
76679
16384
51457
12892
77620
17204
53182
10330
72288
56934
13784
57115
12749
63650
12637
65014
12862
47236
66008
10300
70921
31085
13933
64640
12440
67590
13764
66188
12635
66705
12340
67709
12526
63906
16563
69175
45574
12280
29417
68012
51631
16729
63269
10951
66787
12495
67468
12097
72810
16612
53198
12808
76812
17106
50634
14374
81094
12764
64218
30755
14100
63057
14227
68612
13982
62329
12052
50189
65582
12817
68374
31660
13030
50910
13576
115750
12392
75698
12619
75917
16920
50921
13144
76490
18949
80996
60362
16538
29205
51900
56111
12493
73200
18293
82355
11973
82954
12339
51089
13290
82908
12906
51958
13118
52730
11768
62991
12776
66645
31130
12298
65807
14403
68276
14151
66011
12871
46716
68290
11734
67405
30776
13156
64847
12781
68229
13163
67181
12493
66961
13774
66334
12603
65667
12268
67187
55561
16206
29465
49028
52419
14417
80110
11429
63993
10880
68422
12912
66615
12111
67413
12410
66738
12468
71178
17786
50801
11895
76831
36613
10986
51626
12238
110485
13794
84465
12096
32522
66236
12157
67818
49528
11096
66535
10991
71933
11860
66044
12502
67437
12545
69499
17217
51579
13356
78776
64596
13440
31586
112164
31346
12593
82369
13685
64848
14394
67555
14238
66253
12198
65406
13338
68798
12369
65808
14309
68091
10826
54014
54628
14421
79444
12466
61929
11813
67489
11515
31451
67646
13048
68412
47626
12239
66072
12690
67215
12298
71499
17731
48461
13027
48277
10830
50032
12754
65475
49665
12618
29648
49639
55965
12874
71596
13046
80089
13505
62773
11535
65646
13434
84764
11476
56801
12737
63501
13096
66306
12505
66277
32060
12467
65731
12189
68242
12636
65920
12389
48213
73647
17035
50298
30657
12443
108295
14936
48832
11790
55636
13565
62142
11278
65093
12717
68580
13002
66779
54626
18760
55477
72385
30509
12766
105996
9929
71143
10942
90301
12815
65540
12189
67872
11825
67602
12897
50042
12889
50622
13291
55137
46512
11873
66248
11957
68066
14045
75987
11544
57316
74910
12077
76050
62938
13035
73032
12647
77414
17838
50160
12236
73540
12519
83158
12624
74786
13179
88386
40280
16338
29701
49517
29888
12954
54117
12500
64463
12193
66765
11270
67946
11308
49436
11559
79126
14027
111156
12956
49759
12365
54612
45432
11933
68023
11306
69591
12702
66946
12574
29621
70347
11734
66155
48518
13418
68774
16767
51135
12557
78960
17807
51006
11309
76505
16343
48819
13915
50082
36457
12027
28501
64416
52941
16754
47595
11224
73486
11368
78167
17733
49591
12028
74884
12359
74392
19574
77031
12425
84522
10601
50387
54956
12762
80057
13351
63622
11245
66683
11016
30007
77703
16688
54166
53386
16815
48661
10955
74531
11107
76668
16852
51405
11940
77109
16207
64267
13628
66474
30390
13257
46488
71414
35985
11754
49831
13736
112772
12570
74498
12443
79282
12289
64087
13007
66002
13453
65626
13221
67386
12775
69890
64125
13584
74005
12096
76207
17150
60789
12876
30822
67187
13099
65945
48468
12788
66859
13427
66025
10987
72662
19465
76182
13623
112572
12308
85283
12638
64858
35226
15602
29754
72930
31990
13325
68733
10976
51117
11843
79335
12660
106007
10007
74639
13884
75814
12944
74567
19061
79049
13229
113111
33348
13193
83300
11646
61330
12343
52219
11292
31161
51969
11964
51585
30105
10598
47710
12839
50361
11333
50452
11145
49165
11798
50310
11729
48365
12425
50776
30834
12244
30265
51137
29443
12141
48918
11912
51006
11225
50599
11991
47831
11608
51730
11569
49206
12094
50964
12433
52301
10771
48515
32675
10983
50728
11187
49693
10227
50735
12372
32257
49734
12084
50634
30033
11986
48436
11602
50228
11843
50547
11824
49590
12179
46187
10714
46692
11370
46368
28804
10176
26716
46460
26688
11526
44111
9881
45208
12121
48085
11224
44240
9846
46432
10408
44769
9758
45976
9874
48868
11733
48040
27780
11434
47575
9772
46673
10898
46813
10753
28221
47944
9511
46299
29316
10492
44213
9902
45974
10725
46629
11696
44602
10611
45937
9934
45326
10991
47757
28453
9862
26913
44297
27810
10037
45693
9456
46773
11264
45905
10161
45535
10842
47991
11207
47319
10314
45482
10819
47981
9736
45441
29629
9682
46238
9950
45694
10687
49629
11961
31842
52410
13353
51786
30533
12109
50092
12646
51369
12000
50298
11725
50652
10734
49624
13149
49526
12718
52050
30551
11902
29034
49653
30806
12022
50939
11887
50516
11880
50058
11422
50840
12399
51091
12163
52044
11691
50267
12933
51227
11815
50685
30944
11466
50619
12818
49260
10771
46862
11085
28039
49827
11640
46891
28576
10855
47170
11206
45512
11118
49522
11595
47035
10146
46874
9778
44645
10094
47605
26909
9822
28316
44441
27426
11096
44634
10704
45495
9903
46619
10406
44954
11117
46933
10038
47819
10146
46779
10544
46359
8933
45847
28098
10963
46012
10031
45945
10876
46676
11096
26786
47471
11807
48392
30781
11266
44511
11514
48851
10796
47328
11257
47198
11799
45662
10731
47184
10976
48695
27879
9836
27437
46487
27499
10843
44131
10826
46068
11373
46742
10688
44627
10699
46411
10712
46116
11008
46102
10325
46402
10038
46250
28280
9446
47707
9120
46516
9943
44939
10867
29106
47490
11373
47471
27900
10264
44728
10099
46417
10044
46991
10497
48907
9723
46039
10811
47788
12505
49830
30345
10449
29150
47435
27148
10996
45732
11422
49333
10672
48093
12177
46098
11241
48236
10097
48654
11231
47412
11086
46091
10099
49994
29412
10794
47432
9267
48650
10313
46811
10763
29763
49520
11529
47771
29973
11511
49187
11792
47217
11095
46859
11277
46072
11612
47507
12468
45860
10102
47308
29948
11037
29862
47629
30041
11534
46696
11667
46185
11304
49440
10619
45093
10353
46026
11064
48608
10300
47329
10595
49232
12207
46231
29702
11308
47754
12280
48413
9952
46913
9815
27191
47667
11414
46201
28652
10264
47208
10388
46660
11310
46484
10584
49003
11536
44642
10160
45521
10548
48771
29649
12336
29044
47859
29720
11336
47211
11133
45617
12331
47792
11129
48009
11182
48616
11875
46916
10326
49267
10362
49937
9624
47893
29612
10636
46086
10071
46561
10783
45063
9717
28944
46411
10753
46534
29292
11280
48042
9751
46906
10825
45922
11902
45180
11675
47901
11860
47218
10350
45207
29384
11150
28153
45486
27656
9741
45807
9767
47515
11711
46568
11428
47422
11422
46590
10565
48408
11937
47508
11330
50811
10842
48429
29892
10771
53904
11223
56234
11333
51916
12385
33022
53781
12161
51507
32784
11454
51453
10729
52431
11797
50915
12487
50603
11469
49506
11842
50327
12537
50400
31878
10609
30583
51893
29416
10571
49113
10480
52471
11886
49458
12323
49762
12884
49234
11404
53708
12358
53494
11965
53468
12056
50937
32861
12580
53437
12208
51075
12529
49291
11912
34570
53021
12580
51024
32177
11962
50003
11732
50241
12688
54039
10955
50615
12178
51080
12469
52790
13371
50359
32401
12352
31709
50546
29842
12939
53604
10420
51133
11332
52338
12966
50179
13585
51035
11237
52833
11166
51211
11608
52167
11661
50026
31098
11417
51533
12161
51921
10950
52170
10801
31949
52000
11934
50523
31479
13057
50416
11948
52184
11539
52486
12995
51987
13492
49274
11573
49239
10882
53069
30929
13080
30370
50733
30905
11896
53180
11811
51610
12392
50137
11016
49781
11210
52273
12532
51994
10776
52395
12013
51039
11537
51095
31784
12239
50605
11960
51949
10682
49206
11815
31878
53475
10464
51525
30691
11872
52148
12204
50803
10214
51262
12082
50016
10481
50232
12352
50588
11211
50222
33275
12149
32092
49632
31717
11554
48987
12221
49691
10262
54273
12054
50319
10102
51192
12064
51898
13130
51842
10655
51536
11024
49456
30685
10746
52189
11651
53243
11364
51129
13039
30682
53719
12863
50674
31516
11107
50535
11967
49673
13109
50148
11100
50595
10465
50733
12329
47768
14664
50220
32337
11600
30417
50467
30035
11782
54104
11738
53551
11457
51960
11708
50269
13049
52151
13928
51864
11438
50271
11407
53316
11984
50323
31931
10559
52106
12355
53296
11339
51032
11047
32607
53172
11550
51083
32976
11600
50586
12281
51703
12034
53925
11210
51489
11115
49539
11879
47724
11098
51079
32016
12918
30188
49537
29382
11755
49906
11999
51499
11895
48860
10906
50373
11077
51458
10796
51264
10897
51514
13527
52891
13649
52284
33561
12456
51202
10178
53328
11626
53898
11674
31468
51524
10852
52455
31293
12171
51780
12560
54342
12242
51313
11475
51079
14078
51252
11252
49653
12373
50455
31044
13947
31343
49921
31757
11103
50030
12607
50527
13085
51008
11950
52575
11237
51317
11920
51896
13149
50504
12036
51778
10947
52593
30210
13804
51163
12127
53303
10679
51043
12466
30715
54916
11723
51897
28930
10670
50927
11774
52227
12752
53210
12670
49548
11248
50146
13905
50062
11170
49597
30092
10797
31673
50074
31222
12669
51553
11703
50993
11068
55165
12199
51920
12429
52273
11740
53009
12578
50940
11200
54493
12529
52775
31289
12501
53863
11892
53087
12282
50308
11176
30635
53104
11602
52108
31634
11980
49690
11372
52402
13559
52726
12967
50518
12092
51616
11056
51566
11940
52843
32864
12657
32811
50757
30709
11750
51187
12898
51121
11734
52725
11932
49882
11140
53979
13680
52357
12024
49585
12245
55076
12280
51413
31892
11893
50187
11571
52784
10922
53091
12449
32550
51683
10863
52722
31860
11833
52303
12440
49997
11645
50858
12454
49280
10432
53159
12141
51057
10718
52472
33671
11795
39865
51717
31398
10784
51700
12324
50934
12237
52928
12345
53145
10502
51955
12816
50901
13617
51781
12937
52253
12847
53910
32521
11901
51358
11845
55282
10909
52357
11784
34277
55658
12182
51374
30289
11390
52776
11076
53241
12434
53432
11439
50757
11550
50785
12128
54663
11669
51773
29747
10797
32058
51501
32017
11797
52287
11694
49594
12038
52528
12626
54190
12403
53634
11809
53307
13086
51650
11982
53004
13382
51109
31436
11722
51775
12626
54817
12100
53035
11492
29861
51662
12799
53656
30815
11135
50701
11220
51252
11724
54776
11957
51758
11910
51352
11965
51240
11750
51564
31564
12645
32771
53301
35398
12099
51944
12010
52472
12127
51634
12945
50016
11564
54728
12597
52627
12098
51895
12669
51271
13068
51016
33375
12076
50263
13936
52014
11397
53050
11506
32446
51392
12226
53949
30752
12410
48616
11443
52868
11792
52577
12060
52457
13002
49989
12562
50597
11478
54171
32608
13681
30143
52409
31588
11616
51440
11600
51344
12666
50771
13130
51022
11449
54239
11798
53107
11746
52214
12651
51414
14087
49810
33656
12353
51244
13274
51410
13611
52482
11927
31355
53483
13516
53030
32876
12427
48945
12678
51437
13001
52896
12521
50462
11640
48346
13321
50731
13859
53050
31231
13671
31972
52606
32576
12678
52052
12025
50020
12121
52776
12943
51048
13016
50448
12326
53954
12673
50413
12374
53921
12883
50754
32854
11045
51762
12846
52706
12715
51571
12025
32221
52189
14312
51100
32979
11249
51241
12915
50817
12725
53120
11612
51645
11734
52854
12688
50374
12683
51279
33940
12568
29775
52379
31540
14021
53223
11233
50548
12184
54234
12042
49429
13675
52247
13111
50612
12445
53289
13471
52798
12202
50959
31885
12564
49841
12001
53967
13380
51431
11838
31507
54937
12754
51825
31836
12034
51495
12737
51927
12646
50902
11411
53327
11761
52028
12153
50847
11456
51520
31725
11568
30082
53507
30639
12424
52427
11642
54546
11910
52963
12259
52297
12801
52000
13614
50948
13682
54198
11737
54077
12220
53299
33208
11886
54181
12859
55000
11502
52908
12366
31353
53652
11758
55267
31615
11629
49818
11700
53236
12513
51813
12724
50418
13946
51975
10946
52716
12506
54337
31806
11658
31078
51536
32189
11953
49876
13046
52324
14181
52516
12553
51871
12934
53924
12327
55248
12429
51049
13211
52534
12936
53574
32849
12991
50078
13374
53082
11731
53608
11351
32610
51106
11492
51776
32528
13506
51825
11836
54767
13560
51507
12431
52328
12826
51294
12045
50627
11926
53408
31217
12722
30317
49520
32481
11569
50082
12001
48910
14122
52826
12942
51401
12980
53588
12595
52369
12515
52197
13136
51347
13329
49924
33322
12395
51075
11976
51909
10935
53779
11740
34030
51005
11658
55337
31952
11859
50346
12747
53109
11986
52205
11853
53689
12921
50559
12407
48777
11511
54933
32281
12797
31088
51495
30394
11129
50632
11675
49895
12944
50261
14110
50618
11081
53941
11202
53463
12002
53512
12775
52859
13919
50899
33631
10976
51535
13269
52218
12963
52070
11960
32355
52568
11601
52160
30198
11826
49545
12669
52441
12219
53574
12388
52216
12336
49322
12893
51705
13825
52033
33520
13121
30720
52364
30682
11560
52778
11925
51138
13025
52879
12552
50497
11529
52485
11830
54764
11563
53361
12592
53842
12910
50983
33443
11015
53130
11942
53272
12719
50927
14277
31942
52591
12805
51624
32995
11645
49227
13052
51307
13833
51953
11849
51494
12738
51637
12865
48255
14086
52497
33948
12096
30857
54092
31318
11810
49879
12520
53010
12713
51934
12326
53065
13234
50139
11907
54145
12735
54365
12415
52968
12037
52677
33093
11505
53987
11348
54529
11858
51314
12374
32406
53042
11705
49865
32152
12748
51409
11099
52892
12728
53577
12317
52472
12694
53000
12621
51625
12693
53592
32485
11739
29840
49763
31146
12671
49799
12932
50677
12913
51636
12164
50831
12605
49140
12198
51067
13502
50306
11930
49335
9694
47754
30199
11077
47930
11177
50812
11746
49134
10876
29637
46745
11744
49143
30436
11558
48538
11983
50885
12076
49917
12625
50492
12890
45314
12930
48238
11532
50192
30098
12004
28759
45413
32037
11059
48612
11332
45953
11027
46800
10423
46860
11503
48334
11729
48725
12389
49286
12821
52359
12104
47445
30819
11560
46699
11079
47794
12263
49833
11383
29253
48993
12027
48267
29302
13211
46835
12156
47987
10578
47047
11299
48140
11818
49507
12006
45109
11658
46910
28651
10442
27328
49892
29602
11884
47281
11251
49274
13009
49364
13086
47000
11521
50135
10595
48546
10786
47363
11610
46585
11358
47701
29367
11863
48964
11749
50214
12597
47782
11166
27494
48122
9445
46774
28948
11816
48335
11875
48085
10513
46843
11129
47116
11888
48000
11695
47182
13168
48230
28449
11889
27002
45615
27828
11080
44994
10308
47655
11346
49115
11888
47087
11793
47147
10875
47008
11463
49459
12201
46579
11609
48781
30417
12466
49590
10935
47020
12855
47363
10998
30891
48472
10258
50794
30067
10935
48133
11143
49469
12535
47062
11440
45381
12537
46380
11146
48493
11293
50881
30848
12574
28360
48728
28260
12144
48251
11148
48689
11774
48567
10566
45370
11882
46061
11090
49119
11819
50269
13123
48794
12580
45982
31111
12822
47749
12143
49768
10401
47574
11109
29257
49867
11598
48879
27751
10393
46136
12352
48756
10735
47454
11121
47975
11933
49209
12944
48901
12610
50295
29999
11683
26818
46126
28843
11569
47777
12107
51501
13210
48979
12357
46615
11124
49308
10491
48798
11729
47781
12134
49696
10455
48013
30141
9493
48519
10302
48773
11138
47171
11033
27808
50048
12288
49109
30980
11112
46155
10619
47295
11227
49078
12321
47150
10955
45182
11939
48682
12623
48436
28867
11121
30177
48691
29732
11436
46484
11692
48501
11902
50484
11055
48383
11667
49145
11915
49277
11667
46498
10636
48012
10738
47580
29932
12431
49737
11965
51027
12150
46844
11507
29774
50033
10699
47635
27972
11985
45448
12292
48422
10940
46790
12261
45484
13178
48552
11440
48593
12626
47534
29364
10525
26654
49489
33032
11629
49103
11544
50967
13458
48823
14391
48022
11397
49930
11426
48452
11618
51487
11490
49879
11264
48086
31000
12163
48737
11449
49863
11352
47659
10742
29852
50038
10999
49291
29062
11100
47946
11774
50070
11673
49682
11543
47712
11144
45177
11122
48511
11053
48297
29343
10797
28046
49965
29654
12611
45000
10586
50762
12219
51427
12744
47991
10759
50538
11953
52705
10392
47104
11717
49023
10268
48454
31149
10979
49541
14398
49664
11216
48456
11262
31238
50389
10813
47584
28241
10919
48272
11477
48770
11991
47663
12557
48698
13406
50051
11332
46148
11293
46609
32337
10219
28596
47420
27730
11068
48596
11308
47793
11345
50418
11429
47892
11360
49509
11127
49306
11314
47315
11667
49023
11265
48869
27686
10671
48339
11404
49893
12288
49052
11245
28442
48508
9773
47348
30992
9941
46565
10889
48482
11349
49279
10716
49877
11898
50172
11509
46266
10438
48262
30889
13086
28433
47723
30822
10382
47451
10667
46437
11187
49163
10867
50959
10267
50290
12205
47412
10948
47860
11290
50075
11593
48466
29639
11238
47565
10890
48154
10601
47975
10608
32027
50564
11923
47746
27596
10487
47037
12284
52657
10805
48597
11268
46298
11378
46638
10769
50504
10850
50129
28925
11060
30026
47183
28453
9909
46155
10354
50267
11460
51034
12464
54150
12571
52431
10909
49814
11578
53030
11650
52301
12964
52165
32543
11023
51493
11843
50858
11845
50690
10557
30837
51339
12278
50038
31520
11648
48527
11345
49696
11875
53265
11522
50917
11547
51075
12399
49527
12226
50523
30759
12286
30339
49609
29499
11641
50938
11831
51052
12323
49973
12387
50285
11222
53350
11657
52906
12270
50222
12436
49921
12113
50422
32919
11647
49588
11528
51038
11735
52091
11370
30335
50712
11495
52523
29905
11480
48874
11847
50868
11368
51737
11339
50012
10811
48554
11368
49846
10829
50863
30996
11645
29714
48667
29493
12631
49896
12782
51755
11708
52020
12678
50349
11791
51084
12352
50248
11849
49946
11794
51777
11571
51806
31463
11702
53963
11366
52626
11227
53155
13441
31918
54658
13308
51469
31456
12030
52569
12296
50960
13034
52817
11965
53214
13005
54339
11861
50300
13407
55075
29641
11721
33356
53342
32391
13099
49980
13469
52119
11897
54379
12719
51589
11598
52902
12410
50893
13051
51522
14136
52377
12289
51708
30470
13617
51073
12353
51492
12284
52796
11083
30117
52548
12093
53182
30932
10709
50698
11637
52398
13422
51974
12437
49897
12531
51053
11190
51773
11497
52174
31288
11172
30998
49087
32205
11283
50686
10031
51027
12106
51587
11666
50552
11809
51645
12337
50151
10341
52202
12197
53763
12120
50525
31866
11205
51983
10503
55079
12385
51372
11169
29591
52560
10730
51763
32129
10676
49851
11007
52057
12044
50991
11844
52331
11348
49057
11524
49457
12814
51588
33282
11941
30231
49877
30231
11167
49891
11294
51752
12392
51809
11233
49863
10624
51986
11314
53998
10867
48966
11108
50873
12307
50418
31799
11317
50969
12238
50375
9926
54550
11428
32480
50818
12074
53431
30195
11857
50286
12075
53155
10006
49656
11001
47702
13126
49443
13355
48933
12023
50910
29901
10945
33226
49754
32067
11416
50585
12272
49962
12101
51779
12072
51445
11276
52049
11116
49925
13575
51006
11951
51034
10196
50196
29997
11920
53210
10760
52299
10992
52971
11631
30834
54681
10957
53723
31283
11551
51610
11151
52163
13043
51593
11973
50029
11915
51157
11352
50665
11341
51333
29729
10740
29704
49062
30289
12772
49453
9910
52813
11858
51666
10153
51382
12707
51986
11965
50642
10736
52723
11069
51019
11216
50088
31487
11520
50850
11569
52338
12024
50440
11696
31384
50165
11718
51812
32458
12530
49978
12677
51023
10225
52188
11336
51505
12258
50871
11908
48880
11726
51539
32669
12498
31724
51661
30432
10855
50123
12559
52645
12106
49533
11291
49358
9787
53862
11642
50654
11152
51728
12033
49641
11204
50384
32045
11476
49503
11702
50816
11011
53031
11829
32058
51405
11636
52708
29686
12798
51733
12120
52813
11343
51111
10217
49419
13188
50393
11191
51638
11638
52322
31157
11591
33755
50508
29741
11254
49346
11410
47726
13344
51360
11835
49457
11291
54205
11095
52256
12824
50827
12461
52230
10796
51142
30447
11873
52161
11715
51115
12066
52244
11917
31235
53977
11439
52477
31467
10352
50905
10521
52093
12120
51353
Xput: 27626
