1730
697
1077
608
926
900
878
706
598
845
997
879
959800
1231
697
950
1338
1240
920
1037
21015
6129
8887
8255
5361
8358
6660
7261
1016562
1212
9126
4718
9120
2950
9105
5299
1039554
14734
1035101
994
1122
1034
621
931
14107
17880
942
1002430
1677
668
1023
755
20931
14141
1012808
1295
917
577
785
1059
989973
1796
811
1036
641
990
699
1001
1005918
1381
1222
1077
1059
626
841
739
15472
1005669
1650
1374
642
730
874
554
18612
1003201
1685
988
1117
614
843
864
1047267
997
1171
2046
1239
633
1040
606
1043834
1063
1668
1077
741
1002
892
707
18267
5441
5664
8965
8252
8141
3482
10859
1993998
1575
1087
1901
1355
585
870
591
1136814
757
1201
944
1275
977
678
554
29281
1096572
1668
1027
1474
654
1774
756
1115957
1174
773
617
1107
1028
602
584
1116104
1167
1147
825
1111
898
604
1009
1102850
1154
877
1447
826
1946
659
1000
1107897
1420
1064
1339
718
981
1000
603
19464
12733
1139060
825
1049
625
1020
1010
19802
1101214
1607
743
1980
659
1038
601
15086
17707
1225
4309
1141903
837
996
931
24092
11777
1117
7106
1140451
732
988
574
22009
14861
958
7727
8812
4247
8624
8837
1109794
2221
11119
8389
1141097
1222
760
1010
31123
1107912
1640
1046
1175
613
840
672
26962
1169581
1205
1050
1062
942
994
593
26709
6976
1141006
843
1267
897
821
710
19492
7883
7575
1100074
1251
664
1467
622
18835
7616
1082349
1419
1048
665
699
888
1115205
1410
1028
1481
1005
1012
606
1008
1114159
1551
1226
1044
1065
600
830
687
18731
1085616
1445
1341
745
596
1136
562
22367
1113707
1653
983
1029
604
862
987
1115438
1035
1103
886
593
589
977
734
1137580
986
1137
625
557
1509
897
682
17353
7964
3660
11738
8940
5098
52638
7371
2243334
1296
1053
1029
915
570
792
550
1134756
1334
1327
651
1040
1015
611
684
26656
1148291
1319
790
1255
621
977
594
1140160
1382
681
704
878
1400
615
594
1146094
1016
1134
645
1022
599
756
1004
1114583
1158
651
1977
1069
1075
599
999
1133753
1767
844
1104
1019
1042
887
556
20831
14642
1125109
1010
1054
598
1023
1019
24683
1148104
1665
896
1169
1007
1063
617
16580
7630
6680
9083
1124855
889
1079
1004
25199
11289
1235
7896
1106096
799
1071
612
21364
8241
9582
8031
9144
7821
5874
7886
1105854
2170
10448
6392
1075840
1258
775
1016
27093
1161944
1636
966
1116
717
1006
600
28262
1150331
981
922
1019
605
1010
596
26607
14782
1160551
827
1060
1023
786
703
15027
10526
8832
1080959
1258
653
996
736
19488
17043
1086965
1799
961
714
738
1032
1111959
1635
945
1100
616
1019
602
988
1112975
1632
1221
840
1017
953
1034
723
21610
1093568
1424
1053
619
674
885
947
22617
1141145
1641
813
1471
599
960
889
1126009
985
1144
954
813
559
831
590
1124980
1293
1288
628
565
1913
1067
606
18519
3605
10622
7912
8836
10508
4713
11200
2288830
1340
1018
1526
1083
608
845
780
1128987
1019
1788
1020
1124
1023
604
682
32510
1136368
1410
1018
1123
718
1002
730
1118211
1770
863
769
1002
1419
630
668
1131127
829
1249
1121
1063
752
604
960
1142899
994
1099
1091
738
1052
714
969
1090425
1744
834
1268
621
1676
1081
607
18846
9122
1084006
976
1121
601
1099
998
27320
1075685
1610
815
1126
744
1000
594
17224
9542
8773
11114
1136012
935
1083
1027
23338
4304
13343
2171
1088458
800
1455
754
24783
14678
1367
9406
10883
5877
8115
8847
1106068
3234
10003
8525
1081245
1252
651
1047
28341
1118403
1570
1039
1133
622
859
710
32215
1142171
1367
984
1153
846
984
734
29067
9829
1076823
1017
1180
1033
744
727
18275
9300
10227
1083095
1184
622
1133
1055
20700
14699
1094017
1411
1310
757
711
980
1098097
1652
821
1029
1234
1212
592
1397
1137598
1739
1132
620
1051
618
965
602
17940
1089704
1506
1123
634
1130
846
694
20735
1102095
1683
810
1019
614
845
946
1165861
1340
1274
1057
732
595
995
625
1116930
1232
1216
1483
1103
1041
881
688
17550
4101
13049
9500
8040
8077
7808
9002
2210147
1274
999
1234
1040
573
791
647
1117188
1021
1101
718
996
1429
626
561
26122
1075624
1379
828
1057
607
996
613
1145385
1633
811
973
1069
992
616
675
1098495
875
1892
669
1031
613
591
966
1127822
1026
818
1071
942
992
591
960
1123696
1667
898
1395
612
1034
912
556
19223
10196
1142968
831
1076
609
1109
1037
20274
1107315
1642
972
1317
766
1002
602
18962
7717
6426
9302
1103692
924
1098
1021
22997
2194
10806
7407
1087799
797
1074
625
19053
10034
6096
9257
9809
8320
8683
8431
1098023
4957
6996
9409
1114631
1133
709
934
28399
1123974
1785
1004
1092
944
955
966
34365
1131432
1133
1419
1112
611
988
593
17485
8348
1106962
827
1032
1088
606
735
16292
18145
1861
1063209
1164
710
929
682
21056
7639
1093880
1627
989
736
735
1127
1086575
1638
869
1073
603
1000
611
1098
1100058
1723
1276
1031
1017
631
834
692
19271
1101627
1525
1154
639
675
872
564
19278
1126349
1672
1007
1045
617
846
1133
1130610
944
1242
1021
924
1148
1736
669
1171762
1182
1235
825
579
1030
1021
600
18723
13455
923
8408
7794
7351
8434
8243
2205650
1704
906
1161
991
570
866
557
1171167
939
1480
650
1653
1707
1807
783
49244
1150421
1470
786
1160
610
967
721
1132996
1195
1166
1077
1098
1012
606
682
1115823
847
1274
1239
1064
857
622
971
1117024
862
960
1044
795
1009
592
834
1120456
1501
1303
1258
740
981
897
819
23818
11621
1176126
1225
1212
795
877
996
24311
1096377
1523
846
1205
626
1009
610
21397
8130
9292
4864
1136661
897
1069
1024
24671
13171
1243
3364
1130998
815
1125
637
23392
9178
7886
7577
9500
4169
8664
10875
1109014
2845
9726
6722
1060141
1229
783
1015
30409
1156877
1531
940
1081
640
869
732
23044
1169788
1116
690
1054
946
1034
592
26795
7020
1123363
835
1040
1019
771
698
21523
7102
8124
1111234
1632
680
978
755
21033
7358
1120400
1278
920
1056
580
1019
1161801
1676
1086
1041
608
862
694
888
1108908
1313
1123
1140
1043
614
974
717
17849
1102599
1525
1460
643
699
1076
776
18673
1130486
1674
991
1145
612
853
952
1153986
1176
1217
1040
723
714
1002
600
1112593
1286
1198
643
1586
1363
916
1206
16057
3950
8841
9094
15981
1204
3657
10544
2269569
1601
957
1039
837
527
883
548
1158862
894
1238
794
1012
1032
612
556
16677
1158883
1489
1047
1342
849
850
688
1146875
1648
861
1300
1059
1019
616
793
1108226
906
1286
986
890
606
567
875
1088191
1078
857
1160
734
1117
614
847
1120927
1708
969
1104
828
864
1088
697
16686
9530
1085659
1247
1051
616
1414
1024
18419
1095566
1625
908
1009
610
1007
615
18146
7950
5795
10662
1079885
891
1077
904
24851
4870
6487
8713
1059433
816
1111
748
24313
7865
9072
8314
15204
1240
4209
13358
1160354
2722
6744
10089
1126073
1151
709
931
21913
1213528
1386
782
1178
636
984
600
26425
1258175
1209
1214
1081
622
1007
592
25843
7574
1108972
861
1265
1027
729
1374
18096
7910
12059
1106725
1476
644
1167
750
23010
8018
1110682
1628
1066
740
725
1014
1129342
1691
906
1065
605
1020
594
1158
1120696
1817
987
1271
1056
623
840
826
18982
1079550
1292
1105
770
598
964
613
20514
1112380
1678
982
1030
627
834
988
1143809
961
1164
893
1102
594
1024
1250
1095709
1019
1217
615
733
1009
1011
611
17287
9712
3922
11766
10555
4783
7793
11062
2301255
1791
994
1260
892
650
974
599
1189643
1322
1680
812
1022
990
618
670
29387
1071995
1309
774
1030
616
4139
1628
1106104
1603
824
873
1035
1018
615
684
1093348
2268
1151
784
1002
617
871
1001
1145049
1933
791
1122
756
996
594
1081
1159203
1635
1092
1070
976
1035
896
568
21020
5519
1137720
871
1294
751
1016
990
23418
1081555
2246
739
1049
718
1007
603
21609
7643
7880
7859
1080407
903
1082
1008
23784
7486
5644
10866
1113967
781
1073
627
21558
8186
3733
10715
15582
1214
3635
12056
1112608
2146
7387
10135
1135286
1232
645
1019
29254
1141669
1606
916
1384
756
1001
716
29864
1105162
1094
974
1118
626
1242
727
22482
7106
1133672
907
1187
1011
747
714
21898
7506
9471
1136480
1257
668
1392
619
19124
8033
1126870
1380
930
722
607
1143
1106526
1295
658
1808
1385
1124
780
1010
1153081
1696
1149
1033
1061
627
843
794
19680
1100745
1574
1035
631
699
895
556
20935
1134210
1502
889
1028
719
986
980
1117363
1107
1207
1215
831
946
884
1027
1107793
1090
1219
1083
1150
1054
907
684
18137
3712
9278
9225
8951
5072
8217
8830
2234456
1439
938
1093
891
576
886
587
1201770
824
1035
603
1089
1049
766
671
27047
1137247
1421
1106
1069
624
872
1954
1178647
1644
812
1002
1024
990
606
662
1171280
1067
1255
1708
1094
742
612
957
1101742
1020
900
1179
766
1045
591
1247
1103693
1639
952
1051
727
1204
880
574
16110
10044
1182455
833
1086
758
1214
1014
21670
1136417
1239
641
1603
834
844
705
20170
7663
5082
13519
1098532
928
1163
921
26214
6805
5405
9848
1120574
803
1096
634
21042
9290
4328
11437
8862
9113
789
11584
1108533
2059
7552
9593
1118903
1274
774
1022
23121
1120910
1620
924
2163
689
1308
599
18293
1093570
945
755
1075
2166
1109
1877
33647
6922
1105067
1017
1046
1031
734
704
19987
8489
8002
1143999
1269
660
1433
736
16379
10147
1127169
1266
910
702
610
1146
1148572
1397
789
1557
809
987
591
1004
1095646
1285
1048
737
1019
608
1330
560
22736
1088906
1734
1079
649
698
873
556
20705
1128573
1377
760
1020
618
976
901
1135838
927
1195
1066
812
676
896
561
1143343
1074
1176
634
572
1153
885
621
21791
5487
5985
9292
15195
1206
4207
10757
2205355
1994
1026
1052
828
1277
852
522
1131709
910
1313
950
986
901
552
514
28696
1146956
1391
766
1005
727
1518
1240
1109330
1346
1225
1633
1051
1027
616
681
1116433
1109
1223
625
1030
730
591
1194
1103579
1191
783
1147
816
1019
599
1109
1197649
2092
1054
1088
617
965
884
700
15418
9002
1112935
858
1240
606
1190
985
24006
1092978
1479
682
988
601
1032
725
17618
8693
6143
9458
1114709
907
1089
1037
22992
3255
8622
8444
1083256
974
1063
609
19958
6053
7007
9701
13489
1220
5829
10162
1118559
1257
8748
11234
1134255
1245
777
1006
30371
1133608
1544
1080
1092
610
842
679
26644
1108682
1162
955
1213
626
1037
601
33365
7583
1076151
886
1070
1033
938
697
20654
8014
11872
1106596
1357
641
1283
743
19859
8128
1119905
1381
944
703
609
1033
1101246
2064
1030
1161
618
849
717
880
1129341
1682
1215
625
1034
622
1021
607
20000
1087029
1650
1108
745
615
969
601
19113
1111584
1648
1017
1260
609
1025
879
1101782
1139
1220
1034
605
674
893
712
1100316
932
1238
754
712
1013
983
597
16553
7753
5266
10681
8218
11671
784
10406
2253079
1335
897
1367
972
564
938
575
1267762
1035
1152
618
1034
1007
606
857
27263
1183942
1475
782
1008
612
986
616
1191647
1489
772
1012
1261
904
591
710
1166014
1263
1174
778
1245
634
580
1002
1134297
1443
994
1152
618
1330
562
1226
1089421
1495
704
1623
654
1007
906
599
28915
11204
1088751
919
1070
753
1050
996
24177
1096079
1394
693
1109
1160
1163
602
26854
8332
9753
11653
1105608
903
1085
887
27675
8198
10552
18975
1124935
788
1097
747
28653
7294
9288
8287
9971
4203
9806
12330
1130162
2997
4000
18358
1148813
1269
785
999
29402
1185501
1623
806
1131
609
984
609
24163
1186588
1306
969
1146
743
992
599
31758
9762
1159931
915
1178
884
890
712
20292
10756
12126
1110118
1287
690
990
743
28337
7646
1097670
1269
1378
877
704
887
1115733
2747
734
1062
615
1397
561
1205
1136133
1475
1180
637
1032
613
1012
610
22298
1156834
1653
1080
746
621
871
572
26994
1152771
1481
1109
1066
740
1054
1007
1118427
1003
1115
1009
669
682
896
934
1115076
1056
1311
736
734
1004
944
705
25297
5881
7093
21102
5289
8173
6355
11586
2317674
1351
991
1108
953
580
1204
564
1157980
1285
1217
864
1141
1035
734
611
23814
1161442
1615
801
1052
609
987
2945
1152939
1618
1444
788
1036
1030
605
662
1149589
1272
1179
788
1222
596
583
990
1139762
958
1082
1257
736
1041
609
1295
1114943
1294
1085
1120
1111
1037
998
733
21543
10552
1085383
825
1067
602
1017
983
26310
1155496
1453
676
984
732
1246
617
24540
9644
6435
9479
1141129
900
1086
1026
27950
6165
9812
12277
1136397
785
1074
631
19945
10558
9696
8920
15196
5335
8285
10485
1170118
3017
4888
21600
1073055
1143
720
930
37467
1092049
1550
1241
1188
754
864
699
38193
1098826
965
730
1022
1111
1103
1733
38660
10989
1145228
1005
1074
891
579
791
22199
12187
11320
1147653
1408
650
991
766
24627
10197
1120717
1314
919
595
869
1016
1145515
1504
789
1371
720
978
598
994
1128997
1445
1243
751
885
578
865
592
19380
1101851
1356
1049
1098
785
1010
604
22884
1185927
1409
787
1036
626
979
894
1172375
1255
1125
1013
610
917
864
638
1124541
1206
1342
875
591
1080
891
732
25859
10115
4376
16340
6722
9592
11731
10828
2245687
1221
980
1111
926
584
781
519
1178682
1061
1383
742
1031
1125
618
563
32808
1124091
1257
787
1038
616
2886
630
1192699
1340
688
689
1025
1012
752
588
1182956
970
1570
767
999
728
601
884
1110097
1481
1467
1117
744
987
646
1337
1136325
1394
990
1093
739
1003
995
600
22273
8921
1148957
1018
1051
744
1001
1001
24280
1115357
1629
808
1194
633
1039
614
16164
13550
9306
18104
1107514
916
1094
1011
30630
5421
6298
8123
1111943
937
1066
636
27191
8005
9185
15878
5073
8950
7580
12302
1144465
4757
4435
10907
1143152
1219
787
1030
34507
1145073
1488
1267
1167
629
846
928
30174
1170585
1299
1013
1128
722
994
602
35122
7410
1109706
1042
1299
914
738
744
22983
7865
10601
1153098
1277
670
871
773
23307
10173
1135389
1276
942
708
611
1227
1167655
1516
1256
1085
631
963
615
1007
1172269
1684
1266
746
1016
603
1290
610
22194
1103503
1405
1117
1101
788
897
557
23768
1137679
1473
837
1024
758
1032
886
1139838
1447
1355
1147
720
602
1015
611
1340653
1034
1372
825
787
1014
888
707
21352
8549
9929
20150
5343
7380
12062
13667
2450294
1533
1022
1147
908
871
972
622
1248082
833
1349
745
1014
1232
616
568
30764
1208530
1405
830
1024
609
3869
757
1209336
1604
1391
774
1039
999
608
673
1185973
1422
1553
961
1028
741
606
1188
1205929
1051
750
1074
604
1006
589
1149
1210638
1530
664
1508
845
1019
877
570
21183
10319
1199993
989
1283
609
1276
1010
23483
1198244
1465
823
1277
1031
1284
608
25142
7738
6631
19452
1193483
903
1098
1033
26759
10498
10461
13323
1159144
798
1063
616
28499
7239
8994
8254
9676
7663
11030
12242
1168382
4902
6170
14126
1163559
1234
825
1037
36427
1219614
1330
765
1038
609
856
691
32776
1218806
1342
911
1133
852
1033
598
27019
10069
1170780
971
1052
907
930
724
23984
12143
10397
1153951
1446
652
989
625
24134
7948
1112464
1446
936
826
568
891
1192511
1686
1005
1199
725
989
714
1006
1151026
1414
1477
657
1046
604
950
600
24371
1253013
1482
1097
859
612
963
606
25378
1298975
1501
1133
1054
620
852
948
1302143
1077
1301
1595
801
603
1034
618
1213809
995
1081
744
688
1037
965
697
24842
5661
6052
16320
8318
10324
7954
9448
2384840
1271
774
931
1513
1002
820
518
1239132
900
1214
756
1031
1226
634
554
22865
1220535
1472
849
1008
685
954
590
1202246
1311
675
683
1460
1205
905
1055
1218528
1058
1207
745
1009
902
611
990
1182730
884
640
1468
798
1014
610
833
1160709
1392
664
1010
728
1005
995
596
17739
12437
1186023
Xput: 6925
