1808
734
1134
662
1519
1142
975
740
646
1086
648
964
675
1059
2614977
1583
897
1110
926
1123
992
758
870
2033
1884
2713
1437
2360
2026
1554
60589
2559698
1299
650
1176
788
1279
623
2608
664
1095
4959
985
736
1202
959
68267
2552103
1690
703
1107
1167
3431
836
994
1134
984
3631
681
1087
2384
1136
77316
2443225
839
1513
1049
1410
887
1157
1075
3897
1406
682
1326
840
1807
1178
75466
1307
14556
6324
4916
2472393
1596
1059
1364
804
1080
3197
1161
973
1401
2849
2532317
1135
1024
644
1382
665
1791
1473
1139
1674
1657
2639
1539
1397
2474
1397
63198
13358
12424
2523312
1011
1607
822
1363
776
1064
954
4095
1290
1040
1246
664
80688
7690
21612
2411312
906
30075
1236
781
984
854
1314
1218
1981
1432
2231
1522
68885
8667
12081
10100
8235
2426944
1713
1147
1123
682
1085
3168
1062
1137
1248
923
48763
2494423
848
1154
1490
1147
667
974
1108
2212
4295
1404
1145
686
1053
2357
2539930
855
1505
794
1494
1134
664
1171
2202
718
1718
1562
2251
2432
1373
1395
2539459
1058
768
617
1541
1075
621
5492
1391
755
1313
636
2793
1188
1661
2027
2463864
1328
1009
1406
958
1197
696
1170
1511
2124
1369
2501
800
2331
1436
1723
51809
10085
2397681
872
1136
978
1151
1367
668
2138
1502
1609
2289
1167
1960
1657
117086
13065
10588
9614
6045
1708
8671
7617
8656
1440
8004
8046
4197
9878
4905
8239
2453373
8355
2411296
1460
1064
1180
683
1174
815
1148
808
2151
1222
2361
729
2134
71515
2435720
1573
1095
1099
718
1956
2187
1144
1871
1607
1559
2656
1168
1869
1820
71869
7140
11981
9886
2707
13674
3738
12082
7956
9677
10574
2353234
1543
587
1279
1203
136582
4681
5888
8889
1662
8813
5311
8869
4014
10496
7600
2368353
781
1340
810
1106
2553648
1348
1240
693
1403
686
6010
1054
1260
671
1141
1916
1247
1888
2745
687
110032
1834
13404
4826
2330157
1259
1600
1005
1200
2029
1493
1703
676
2131
1511
667
2570346
777
1055
1109
908
1469
926
1731
1418
2169
1341
2265
2123
1296
1669
2260
135721
10667
2405894
1331
1092
730
1452
639
1219
609
1945
1700
2777
1122
1701
1699
60309
2393867
1281
8427
1319
728
1117
1023
3106
1400
683
1972
1659
2245
1369
1270
2469389
847
1167
743
1152
1073
644
2868
1004
2626
1417
1176
1169
4460
973
2011
2449918
1487
1057
1407
861
1137
1485
739
2095
1264
1635
2592
1653
1690
2095
1553
80679
8348
14533
9333
8955
4948
7968
6316
4690
10159
2341444
1388
599
608
916
876
76125
5459
9073
10212
1069
10853
6004
7673
3408
8748
2302647
1042
1111
1139
667
1283
73783
5131
9062
9556
1451
13176
4165
11336
6601
7963
10177
8570
2342080
709
979
563
109024
3255
11822
2402526
1482
628
920
6136
1145
1201
1061
755
1029
1350
1232
1992
97885
10138
10840
2273174
1428
824
964
1324
1420
2221
886
1734
2113
976
1219
2855
91855
6793
12640
2384704
851
1131
824
1116
779
1089
2530
1228
2283
1358
1751
1688
118541
2423674
1512
1163
684
751
958
15048
1443
798
1300
1435
2264
1579
1820
1874
2506867
990
1211
980
1183
4510
1534
706
1089
722
4111
887
824
1271
1511
2445
81453
6238
10406
8909
6218
2344162
7128
1528
1021
1370
682
5022
1136
1031
1135
680
2518611
875
1251
1022
1140
1407
883
651
6030
1117
1130
655
1585
931
1686
1285
76897
10289
9822
10688
3855
12621
12007
2354492
1087
571
1059
554
974
532
2098
1908
88072
10167
12801
2390081
865
1387
1075
1161
676
1393
1027
1563
687
2199
1982
1344
86566
12412
2437989
892
1149
1134
1232
1118
735
692
2820
862
3187
681
1425
2562
2444395
963
1275
1052
658
875
1287
1277
809
1956
1765
1680
1972
1686
2075
1592
2473203
1323
1008
1141
803
1167
871
966
663
3046
683
3682
1095
1124
1451
1712
63529
3198
10975
8453
2439829
890
1268
1461
1157
1532
671
915
945
1428
1499
1931
135193
7541
6721
8116
2639
8537
3226
9428
4387
10594
7139
2591
9882
7373
2153
11735
2439123
7482
11613
10019
2331962
1237
834
1566
895
1110
960
3735
1095
1167
1022
1949
95505
7194
10046
2445933
2063
1024
1333
839
950
1050
1100
2972
1017
1039
2047
834
119155
2408720
1836
1034
1279
670
1033
960
1360
3284
1480
1491
2535
1867
1443
2362
2490660
842
1648
1067
797
1113
2030
747
1309
1083
666
4824
824
1406
856
1148
2482172
1245
643
1453
34025
930
1415
1032
1048
5744
1469
767
1110
1046
942
684
86415
2378896
1633
731
1530
731
1397
1462
1244
1491
659
1356
1604
1757
1670
2002
73189
8925
2416119
779
1303
883
878
1025
1378
914
1265
1588
1342
1298
1897
1713
2402050
1334
704
1121
23966
1408
1173
1009
1825
1264
1635
1339
2857
1324
1927
1672
66697
2421733
1569
626
953
689
2636
823
1165
581
3074
877
3834
840
1124
1360
81112
2393037
1617
748
1228
882
965
764
523
2524
1703
1384
1835
2961
1254
1545
55311
2391856
862
1147
690
1572
1153
4747
1976
1099
1108
737
1589
1573
1544
656
68195
2472365
1016
772
1515
677
1097
641
3278
763
1060
1721
1878
1611
1701
1979
2415103
1839
1013
864
1130
791
1212
674
1084
2010
1101
1547
2020
1360
2608
1606
65247
13116
15673
8313
838
11234
5207
7388
3640
10015
4001
4756
10130
7540
2334012
676
145412
4589
16312
3531
16474
2354418
1420
584
845
667
1441
1022
2266
1502
1784
2061
71332
7779
7796
10914
7599
2424371
1918
1050
1181
807
1526
668
862
1722
1644
706
125807
5708
12417
8039
3578
2385642
1235
1569
685
1118
661
1895
1236
1357
2187
1323
126505
2378506
1373
837
1135
1093
727
622
2419
1081
2916
792
2106
1554
1858
1669
2511866
1018
5754
859
1862
1329
762
695
2116
1547
2327
1337
2105
1654
2222
1865
81086
8418
17742
5706
1321
13807
8462
2380018
1128
1956
1163
1058
849
986
895
590
88797
6368
2371424
1242
1269
846
1593
1109
677
932
931
870
1835
705
3312
709
2485063
1025
1441
1769
834
1145
1056
951
1242
1576
1171
2082
2201
1623
1648
1807
2517763
1824
1002
981
783
16431
1258
1479
675
1115
718
3229
684
2495
1141
2032
2437586
866
1178
904
1247
746
1482
871
1341
1452
1164
1793
2032
1359
2379
1276
57853
7332
2400703
930
1528
1727
986
1247
1210
989
902
649
2162
1663
1900
1673
2492934
861
1278
1560
1140
1110
1160
2121
707
1293
1526
1773
1298
1926
1310
2126
55208
9836
10580
8289
8035
7500
2404726
1095
1153
659
1408
25750
1112
1553
1561
657
94503
956
10501
5773
4429
8406
3619
10449
3338
10027
2382092
1547
931
1053
1139
672
70467
6565
6834
11365
3294
11890
2377910
1143
990
1283
707
1379
622
1208
646
1357
63677
9695
8135
9363
2287
2450986
1390
841
1087
683
1930
634
2673
1120
2642
695
86671
2287221
1345
1131
1500
666
1345
651
2079
1118
837
1614
1865
1836
1306
1607
65457
5135
2470774
1021
1157
672
1146
1358
987
4264
687
1117
1842
2574
1384
1930
2497247
1245
778
1033
678
902
1136
630
1620
1966
2501
635
1655
1116
2173
1878
74022
6108
12313
2440870
1613
889
1120
669
16625
1227
1209
985
1946
1192
1125
4976
76144
4782
7889
10541
2355463
1075
1150
901
888
2154
1308
668
892
973
1765
3012
123203
2397660
1259
1218
798
1122
29770
2368
1724
849
1365
1139
1107
681
4768
1173
89427
6063
13746
2417760
1407
818
1529
769
946
1159
5233
1228
1166
1136
854
1394
46091
7170
11309
2405486
1336
814
986
1376
1173
1738
1316
2130
2206
1231
1353
3228
2482791
1621
1049
1203
661
893
860
1634
1284
1753
1636
1706
2234
1450
1767
2299
78414
2421429
2083
1291
844
1046
1156
875
1102
939
3497
695
1239
1537
1164
3268
2512059
1264
1262
1121
691
721
962
1898
1601
2351
1432
1290
1540
2339
1394
1654
60682
6577
5139
14142
2871
2100
8214
8285
1961
10981
5113
8753
4224
4520
11189
7011
4789637
871
1414
914
1139
1301
682
1408
1782
730
1871
1506
2307
1834
1839
1189
93894
8716
8196
12385
4190
9365
8042
2394999
1443
640
1304
585
1189
684
1826
1541
2465333
921
755
1419
1550
1452
982
1375
798
975
1986
2163
1124
1936
1845
1644
95680
11494
11018
9163
7842
2390081
1428
1421
879
1080
959
657
1953
1548
1504
1711
2470344
921
1104
1405
821
955
1022
2804
838
1199
2364
1097
1749
1583
1763
1686
81476
7833
12007
10787
3622
9971
5633
11305
7841
3859
2367375
1158
827
1196
558
930
2560711
848
1154
827
1102
777
2333
1411
1857
1739
1573
1896
2592
2056
1686
1467
112358
12916
2393260
996
1148
1600
829
761
1116
1074
1635
1790
2145
1662
1854
1987
78325
7803
2333155
1776
1160
800
655
40820
1007
1377
654
1329
671
5200
837
1108
2465253
1295
7014
5734
1502
917
1534
1656
1814
1191
2474
1682
1684
1798
2764
682
58828
2426442
1599
983
1516
736
1098
1432
792
2508
1383
1325
1828
1983
1894
1382
2507792
1000
1232
825
1253
1054
1218
758
671
2148
1440
2665
1270
1637
1602
2277
2445006
1853
1035
1445
1177
677
1455
792
1143
2127
1648
672
2666
1205
766
2486
57574
7391
13107
6396
5174
8610
2125
10555
5867
7073
2319364
1343
1344
1017
747
647
81252
8076
8482
11532
3637
9190
3595
10252
3754
10125
5329
3852
9836
7516
7022
4286
2384602
6823
9155
10380
1944
11333
4880
2345251
1530
823
1208
678
1371
1003
1907
1005
101697
2452380
1787
712
1098
629
2992
887
1107
864
1075
2793
882
1501
2292
2198
102825
2464325
1772
772
1067
656
1812
2298
960
1547
1220
673
1833
1947
1505
2164
63941
2366800
1152
1172
684
1130
663
4921
1466
726
1132
778
937
2584
1790
1433
74086
4216
14378
5847
5586
2391882
1580
1143
1146
918
1192
984
1161
1621
1292
2071
2505053
1763
692
915
1047
1756
2983
711
2496
657
1313
2014
2197
1683
1713
2257
69861
8951
15516
2382894
1168
1110
655
1046
700
1636
1326
4446
1463
830
1240
2952
121180
8057
15140
2077
8088
2402438
1759
819
1266
988
1418
826
1128
683
2270
1769
65213
7700
11925
9987
7605
2400502
1674
748
1205
1039
1171
1162
825
994
1397
1290
79114
2421891
1038
1301
1089
1137
880
1089
836
1305
1275
2627
1749
1151
1994
1433
2515214
1004
1162
691
1789
1770
777
667
1830
1798
2761
1169
1748
1691
1745
1807
2469860
1585
865
928
1239
925
1187
3174
1197
875
1778
1125
1494
1764
2051
2221
2425716
1187
1018
1072
727
1184
614
2286
1459
3362
1237
1962
1409
2218
1684
1962
68481
11548
2302053
858
1058
628
1063
1067
1022
2054
1139
606
3115
834
2053
1365
116386
10099
2415001
1318
710
824
1113
1812
675
916
1113
1341
1530
1997
2529
1198
71981
6217
2387659
1302
769
1436
805
1040
616
6097
984
1475
1071
1055
687
1511
87387
2427532
1428
922
1051
1262
1879
1232
1367
976
583
2343
1627
1490
2039
1626
70716
6159
2317261
712
1244
1492
779
659
1571
2077
1527
1610
1908
1757
2030
1618
2470552
866
681
1256
1485
898
965
1189
1368
1524
2545
1125
10805
1440
814
2337
90387
6556
2362259
1346
1299
681
1120
661
1029
1944
2731
1737
1512
1233
3580
685
88457
6814
11485
8712
2342242
1154
1354
1030
727
720
1172
1653
632
2264
1726
2099
2480635
1108
1025
731
1307
2864
1188
676
967
1031
1264
2208
1422
2510
1133
2517
83451
6199
2370191
1480
1240
649
1153
594
1280
608
1892
1881
2142
1601
1623
1871
59149
2383638
1347
937
1039
672
904
612
1309
1649
1689
2454
1327
1847
1912
1524
2466518
893
10062
917
1172
632
1100
1628
1638
1169
2040
2818
1064
2011
1519
2245
2407484
1345
724
1922
889
1098
1002
3195
1353
720
1499
960
1101
666
2633
1993
59820
8629
13044
2208
8806
8093
8550
6288
5929
8613
2339468
1219
686
803
877
4016
93875
7450
8100
5071
3251
8896
4371
9311
4953
9263
2300322
1090
819
1628
834
1545
76050
2327734
1838
1627
945
1041
603
1172
868
580
1856
1415
2031
1500
2249
1270
77684
2359439
953
643
1029
768
1346
617
2509
694
1486
1687
1715
1897
2532
1253
95443
10648
16462
2289186
1110
937
17791
1373
1016
606
1859
4781
966
1073
1848
990
81991
9770
13931
2347372
947
1181
825
1355
1528
1225
1000
1037
1878
1212
2049
1310
90740
4775
13515
7955
7249
9747
12821
2352136
1748
1037
1384
814
950
1327
3157
1010
101854
9684
2374551
2507
1236
694
1194
681
1133
2476
1238
1666
987
2121
1094
1757
90088
6748
12391
10216
7908
2284600
858
1522
834
1457
787
1091
15180
832
1422
783
2450706
1122
1494
712
1136
987
1058
9154
1392
796
957
735
2666
1542
1982
1900
81645
7825
10665
9825
3918
11677
9812
2421630
1347
627
875
2937
974
569
1800
2800
66569
7703
9646
2433789
848
978
585
2038
988
1385
1595
2335
1232
3425
1296
1343
88178
7149
2367321
17581
1367
857
1380
1110
697
745
1228
682
3014
808
2021
1281
2438477
854
1320
1241
820
884
1003
1069
974
680
2588
2117
2121
1971
1798
1524
2464486
1462
1103
734
884
1190
1347
2109
1532
2656
1061
2134
1579
2008
1347
2201
66731
4945
12576
6721
2344651
934
1061
624
1036
2456
1867
1651
2009
1518
2017
2157
82378
8775
11222
9265
2342037
1593
978
1305
1154
1245
1004
656
969
964
1908
1442
66319
6284
11758
9756
2330098
1135
844
1534
1059
1159
963
1070
2015
1710
1540
1411
2551330
1287
1142
17296
1515
783
1251
1399
2438
1217
2431
1023
2010
1901
1954
1670
117065
2392618
1130
1094
21682
964
1012
839
5820
823
1009
834
1038
986
2226
1139
2466804
858
1388
1216
1166
1286
1091
662
805
1104
1616
3854
958
1158
1402
1732
2443773
1196
777
1003
18662
920
1090
802
1336
1168
2475
1360
1602
1164
1787
1686
76112
2398313
1745
848
1115
668
11288
1059
1154
1326
660
2520
1418
2776
702
2194
88144
6290
2464023
869
1159
838
649
2541
1031
645
5238
1705
714
1729
726
969
2540377
1279
773
1207
20700
1445
1431
975
2700
1116
1637
2448
1611
1223
2054
1737
68386
2430409
1711
852
1014
628
5584
883
1427
1178
1690
985
819
1810
1522
1660
81976
2448399
1304
987
1098
674
5555
822
703
3093
1282
1039
871
1124
2819
1477
83487
2379904
1066
1240
856
1494
1101
2389
1580
688
1744
687
2136
1544
2501
1344
57469
2348960
863
840
1058
748
1003
1636
2151
1370
2145
1793
2157
1738
1365
2020
2537935
1501
854
673
1775
829
1612
825
1185
1391
1893
1804
1841
1798
2023
1680
52541
10077
13299
2435379
1024
1173
659
1833
1802
1588
1053
1236
3427
1586
1263
1537
104299
2423027
1310
1135
770
11197
1581
740
1466
1378
2512
1191
2339
1451
2053
1666
2488464
1551
1208
1425
661
875
1633
825
1023
615
2467
1230
1579
2518
1230
1518
84917
Xput: 6389
