672627.142857
945812.380952
912394.285714
839503.809524
796091.428571
915363.809524
832812.380952
811023.809524
831172.380952
844427.619048
837527.619048
840932.380952
839980.000000
755546.666667
781064.761905
780020.952381
819354.285714
787207.619048
764321.904762
851669.523810
835076.190476
843731.428571
818603.809524
833258.095238
811600.000000
820314.285714
764436.190476
831016.190476
913859.047619
812847.619048
811866.666667
852340.476190
893831.904762
840364.285714
845131.904762
820925.714286
1005823.809524
828332.380952
928549.523810
851758.095238
1148160.000000
897876.190476
858450.476190
796373.333333
834861.904762
827460.000000
957510.952381
913438.095238
1028573.333333
879845.714286
1060624.761905
830258.095238
908888.095238
939157.619048
853475.714286
928160.000000
922520.000000
922394.285714
856372.380952
836889.523810
850140.000000
956473.333333
902891.428571
841925.714286
940115.238095
813270.476190
872313.809524
923760.952381
858072.857143
909461.428571
857360.000000
813654.285714
887089.523810
939730.476190
855683.333333
835154.285714
865740.000000
906737.142857
856280.000000
865203.333333
1000714.285714
841106.666667
847040.000000
885474.285714
1156753.333333
1038188.571429
836247.619048
848352.380952
907310.476190
882041.904762
880388.571429
895386.666667
877188.571429
837968.571429
875165.714286
806718.095238
891864.285714
875100.952381
883116.190476
861649.523810
1040498.571429
1078006.190476
917662.380952
881109.523810
889086.666667
847276.190476
856646.666667
905060.000000
862007.619048
816629.523810
891857.619048
863880.000000
880509.047619
938717.619048
885923.809524
867760.000000
916274.285714
859043.809524
861065.714286
846764.285714
910373.333333
838745.238095
805668.571429
899292.380952
886986.666667
922342.380952
899323.809524
831060.476190
853146.666667
845230.000000
968777.619048
892969.523810
824567.619048
863262.857143
932548.571429
832653.809524
864739.047619
914975.238095
849418.571429
833596.666667
903967.142857
808403.809524
1001400.000000
862876.666667
787656.190476
832780.476190
837230.000000
910483.333333
897082.380952
890596.190476
825148.571429
904459.047619
899285.714286
915218.571429
835845.238095
845800.476190
878169.523810
895146.190476
938435.714286
840878.095238
798826.666667
882502.857143
912329.523810
932398.571429
820844.285714
890272.857143
842640.000000
823940.476190
845342.857143
923734.285714
925091.904762
848994.761905
906908.571429
823250.476190
835002.380952
793601.904762
822243.809524
889040.000000
841021.904762
919843.809524
893284.761905
901203.809524
869526.666667
858291.904762
904876.666667
765568.571429
865373.333333
864384.761905
879431.428571
840996.190476
868917.142857
881276.666667
783602.857143
732003.809524
723976.190476
769349.523810
806472.380952
819632.380952
778880.000000
789218.095238
768306.666667
781278.095238
792240.000000
801321.904762
804463.809524
796614.285714
784983.809524
778305.714286
799220.000000
776558.095238
773500.000000
781525.714286
771301.904762
746346.666667
773980.000000
797069.523810
806085.714286
776071.428571
793954.285714
787125.714286
791325.714286
792276.190476
780320.000000
836577.142857
733025.714286
725913.333333
714241.904762
729792.380952
697781.904762
712787.619048
747940.000000
834982.380952
734243.809524
993914.761905
764698.095238
898126.190476
788106.666667
835730.952381
912547.619048
834148.571429
857153.333333
737307.619048
742660.000000
701533.333333
934353.333333
790428.095238
754774.285714
753693.333333
806087.619048
752958.095238
761146.666667
755627.619048
771296.190476
740220.000000
757356.190476
741841.904762
775560.000000
765083.809524
755196.190476
742283.809524
779344.761905
1477360.000000
1140020.000000
1088243.809524
1001430.476190
981603.809524
900831.428571
1118194.285714
936705.714286
976481.904762
912794.285714
883020.000000
899556.190476
999434.285714
815760.000000
848371.428571
888549.523810
843356.190476
793514.285714
851054.285714
840630.476190
811895.238095
813120.000000
867260.000000
809744.761905
844238.095238
817530.476190
791623.809524
818221.904762
842365.714286
844494.285714
786428.571429
777339.047619
857983.809524
865795.714286
821311.428571
829522.380952
824494.285714
780137.142857
809484.761905
862535.238095
754099.047619
813808.571429
804809.523810
803708.571429
801528.571429
801500.000000
772190.476190
770891.428571
807318.095238
789490.476190
769963.809524
789533.333333
807743.809524
778780.000000
798260.000000
799301.904762
771210.476190
802070.000000
736963.809524
773436.190476
784472.380952
754438.095238
762528.571429
772036.190476
794091.904762
730801.904762
785223.809524
763640.000000
742915.238095
819961.904762
770074.285714
759058.095238
781163.809524
767458.095238
809821.904762
783656.190476
782285.714286
774796.190476
777092.380952
801672.380952
765180.952381
780481.904762
756709.523810
776058.095238
812367.619048
745737.142857
776683.809524
777098.095238
759463.809524
736190.476190
802033.333333
848873.809524
790130.476190
777643.809524
773112.380952
729289.523810
824382.380952
784343.809524
763803.809524
788750.476190
756363.809524
780343.809524
837098.095238
955960.476190
910540.952381
1053760.000000
1108227.619048
979137.142857
1050552.380952
966574.761905
861907.619048
981784.761905
1137032.380952
842290.476190
1148161.428571
865812.380952
854061.904762
929116.190476
886060.000000
867833.333333
808068.571429
941603.809524
865501.428571
1016868.095238
900845.714286
1147330.000000
840398.095238
1067410.476190
953177.142857
828067.619048
1031237.142857
881316.666667
844214.285714
853995.238095
930022.857143
907206.666667
940687.619048
860043.809524
889363.809524
809398.095238
877098.095238
867121.428571
770280.000000
838709.523810
973495.238095
818183.809524
878325.714286
897862.857143
895503.809524
854374.285714
908455.238095
1005370.000000
857231.428571
1106808.571429
814274.285714
895175.238095
1007092.380952
856420.952381
867459.047619
836570.476190
967682.380952
883853.333333
942134.761905
1142321.428571
879318.095238
940078.095238
879961.904762
827681.904762
994122.857143
879160.000000
971200.952381
869792.380952
862034.761905
852079.523810
812052.380952
961441.904762
937657.619048
890554.761905
902817.142857
817903.809524
842278.095238
916598.571429
887797.142857
730283.809524
864559.047619
889227.619048
860081.904762
850345.238095
807358.095238
787356.190476
874063.809524
814616.190476
891086.190476
783589.523810
808255.238095
788425.714286
774405.714286
859339.047619
822640.000000
893880.000000
868400.952381
740796.190476
764663.809524
859260.952381
853790.476190
926001.428571
766843.809524
909608.571429
859606.666667
853388.571429
786894.285714
776138.095238
904927.619048
789912.380952
851883.809524
786393.333333
789916.190476
771868.571429
837965.238095
833667.619048
809218.095238
776834.285714
778743.809524
758692.380952
742552.380952
770730.476190
753356.190476
839223.809524
772783.809524
807111.428571
750460.000000
772392.380952
810687.619048
768298.095238
772881.904762
863508.571429
767118.095238
750380.000000
882256.190476
770620.000000
785091.428571
773161.904762
843078.571429
766325.714286
781556.190476
794783.809524
848239.047619
776590.476190
812905.714286
790180.000000
846472.380952
814612.380952
869881.904762
934617.619048
772703.809524
780825.714286
751354.285714
744285.714286
820869.523810
879238.571429
891327.619048
797256.190476
774241.904762
862711.904762
793238.095238
1179879.523810
789072.380952
785594.285714
760794.285714
758110.476190
926360.000000
793323.809524
866159.047619
800151.904762
822903.809524
820410.476190
792427.142857
732801.904762
723022.857143
837816.666667
910078.095238
891624.761905
776601.904762
755581.904762
877885.714286
844933.809524
789007.619048
717910.476190
878297.142857
778592.380952
753674.285714
750111.428571
778106.190476
813889.523810
856388.095238
816226.666667
707920.000000
809087.619048
792950.000000
830010.000000
771305.714286
733725.714286
732821.904762
757253.333333
1434128.571429
968093.333333
961052.380952
884667.619048
861108.571429
883541.904762
857230.476190
911713.333333
890278.095238
826218.095238
847956.190476
840043.809524
876900.000000
889285.714286
859450.476190
852920.000000
822583.809524
937230.476190
