1758
714
1070
987
627
1394
894
571
834
1049
612
960
913
1025
2781856
1305
1136
1558
757
815
1409
573
988
572
10793
950
1271
611
975
1173
89567
2688197
1644
831
1103
1004
1141
565
975
579
775
984
847
781
906
901
73464
2630486
1461
739
1140
797
1043
1119
1171
1001
994
652
884
1030
554
1095
71201
2565650
1082
1553
1053
1373
825
1350
1080
674
1036
637
1190
575
998
698
72056
2651707
985
857
1243
747
1103
584
1575
1170
845
680
1247
949
663
649
2538810
1590
1099
786
1035
772
1013
588
1104
582
520
1268
1382
726
823
1492
2623252
1646
1062
1272
706
1378
796
941
583
922
795
512
803
525
956
572
59150
2481839
1378
1132
594
706
1711
654
1045
1194
1101
730
992
576
783
1938
2628369
1259
1400
1143
1042
1081
1068
1070
1232
867
1092
641
560
1214
966
634
67706
5877
7915
12045
9174
4420
10369
19757
2561664
1629
1058
1118
852
535
913
566
2622656
1094
1456
1299
1197
994
769
569
1421
704
843
642
1191
667
1655
609
94715
13522
6788
13876
11417
8157
11211
8742
5824
9223
2424611
904
892
547
490
1323
2549633
994
1133
1034
735
1009
610
19127
951
1526
1006
1102
622
1265
1402
622
91460
11288
2491522
22287
1467
946
1200
1053
696
569
1000
1051
1634
643
2267
1329
3268657
1143
1441
1209
887
991
924
995
627
571
946
604
53514
811
1066
623
2967705
1877
1345
951
656
1112
884
1565
1111
1023
599
886
766
882
591
967
2857873
1405
1388
941
1460
751
1113
873
1099
825
536
613
832
927
798
534
53618
15991
2712203
1008
1776
1089
920
849
962
1674
638
572
840
677
1030
607
2717173
1234
1189
1836
1256
996
644
1003
739
1075
945
1211
613
1002
627
1240
2864173
1514
1489
1021
1118
800
1253
1222
1157
1530
1625
2200
1603
855
1393
765
80307
2703669
1648
956
1027
642
943
904
792
880
1167
818
1212
1156
968
560
2774393
1025
1231
631
969
1932
948
585
591
1002
616
1150
857
888
904
2089
2807914
1572
932
955
1430
607
1103
915
1024
1084
1708
602
1634
1554
1169
1494
72471
2655895
1712
933
1035
580
803
644
967
804
12970
1169
1053
955
580
624
93811
8058
2610859
1044
1602
921
795
1054
903
4516
1065
1182
630
1387
646
2391
145046
13528
2521135
1519
982
1690
1034
1120
1076
783
770
645
941
553
1427
835
112895
2561718
1117
2036
1144
851
1752
773
1732
1388
978
1864
698
1899
1387
2559
124753
1311
9817
11928
2507633
1278
1339
758
1309
1242
1032
1208
605
1006
617
1293
107970
2609945
2606
1997
1334
1487
807
1176
913
908
992
625
848
677
907
571
67515
5396
15288
2631046
1543
684
2268
724
1106
615
1395
989
1032
2129
976
1223
2650624
1420
682
36863
1447
954
1122
630
900
1255
1345
2617
1177
790
746
929
85826
6467
11317
2513570
822
1938
899
2256
933
1129
1103
606
1841
2477
2268
1668
91926
5732
10565
2470045
1316
1245
1293
920
1198
805
1236
1131
1047
730
969
988
83587
16176
2500484
1338
685
826
1347
864
1243
591
1355
782
870
980
838
519
74273
2489883
1390
1466
924
1139
715
1094
1136
1011
576
899
979
814
1100
557
74452
2457928
1134
1866
2053
897
1563
1153
2136
1694
1568
1218
1491
1268
1703
1252
87245
13505
2459676
980
1326
949
730
701
1375
659
1162
1031
905
580
920
1039
67227
10120
13264
4148
4597
13155
11178
4118
5061
12174
2514251
1529
742
983
949
682
111241
8011
2538550
867
992
2516
2821
1229
596
693
815
1668
1498
1270
1509
1733
114483
11201
2542109
1381
1222
1114
1453
1207
784
893
1048
626
833
566
1159
608
87278
7791
2474959
1108
760
1222
1003
1015
1330
1236
622
1025
617
848
675
904
105704
2506180
1228
775
1256
1414
1293
1413
2331
1177
945
1178
2065
1947
1966
645
126237
12322
2575980
1000
1663
1065
1054
1062
1258
1234
763
618
977
621
843
704
2793716
1501
744
1352
1199
828
1062
1015
761
1357
842
850
596
852
581
968
96324
7864
2616160
1187
1024
711
938
678
1264
677
1690
953
679
1260
906
1172
80374
4962
19393
10198
2572371
961
1508
1062
700
666
1062
1049
747
520
1026
1367
79546
11773
2613700
2044
1173
1174
1221
835
1524
918
571
974
605
853
627
837
76479
10160
2602947
1576
1083
773
858
542
2258
1081
1049
624
1018
897
577
674
78775
2594687
1505
1136
1158
613
902
769
1379
1255
997
827
1165
1217
771
557
71286
7555
2568112
861
1070
1182
768
1104
1218
890
746
1407
774
990
740
1012
87094
12169
2475709
1601
1035
1090
1072
946
1215
591
828
563
906
701
921
846
83870
2501686
1138
11087
1617
1305
1225
717
932
560
935
830
4604
699
2244
918
101601
2488818
1208
799
16189
1063
1123
634
977
1458
1361
802
987
1183
996
1442
107800
9603
2321
11275
2489441
1701
1626
1107
1429
764
1007
983
28385
779
1046
613
91759
2440673
933
8226
1484
862
1157
1297
1244
618
866
721
908
972
1580
760
95316
8572
12770
2961
9556
10845
2392151
981
1051
1067
1010
1187
1025
630
589
976
109894
8885
13272
2418583
6881
2079
946
1089
677
1092
1130
655
961
611
1231
1403
103494
7597
12998
4772
12108
2386454
1712
880
1892
1029
1354
819
1157
598
839
948
92753
10280
2375172
1095
619
20595
2356
1424
1180
602
1201
646
557
968
916
591
78902
2465536
783
1057
920
24820
890
1277
1243
1434
910
1127
1041
623
956
616
2483804
952
1013
1210
1135
1022
770
864
1411
736
992
564
958
668
909
568
2520589
1191
649
1232
1379
1111
1105
807
1169
790
869
737
1025
624
715
895
2485646
1171
1039
1112
862
1212
881
1104
861
894
765
1114
884
1006
1051
619
78358
8272
12363
2421438
1295
1023
1322
1241
1002
841
941
639
1503
811
1035
630
79193
10933
10958
10220
2525099
1065
1274
1230
1289
1132
1400
615
879
827
994
613
73841
8065
9061
9480
8994
6675
9731
6875
9713
5567
5716
10629
2513790
1080
688
879
87843
5354
14692
7674
2538804
785
1115
889
1317
1082
738
1166
1160
584
880
16197
119475
18069
5318
5897
2485821
1293
1082
1049
1067
1743
1266
991
1163
619
840
587
117134
12642
6299
8101
2502261
1359
1259
1280
982
1032
645
869
737
906
621
974
2673642
1240
1080
27770
1256
795
1026
13748
1370
896
1312
1741
671
997
1876
759
111160
1237
11521
5228
2517348
812
1096
1442
656
763
1035
868
700
759
917
792
2624540
1585
1395
911
952
1018
1191
709
914
1090
626
892
939
902
561
980
73430
11309
10516
9126
2698099
15132
1502
899
1057
768
976
540
1209
1061
570
525
75815
5359
11371
6634
9878
10706
2603969
817
1195
1884
1078
982
928
881
708
750
2668050
1046
1552
970
1146
807
1272
1137
916
914
888
1123
614
1006
614
861
2623166
1708
1059
1502
669
1012
1198
848
878
1881
1674
1244
2171
1336
1894
1466
74058
5291
13082
2500765
1401
669
1130
985
1227
619
1439
947
1809
1371
1954
1725
89695
7824
7870
8119
2556339
1076
1831
1045
767
1096
944
1026
960
1256
609
953
80177
4485
9577
8128
2470367
1640
992
1055
1304
628
1567
669
1079
1044
1044
633
77749
5337
11681
2467892
1905
1028
1168
1091
1064
772
898
1377
846
865
12905
903
94145
9501
13813
2438810
1378
869
1292
1036
1122
758
1006
1149
1251
1309
1311
3021
131045
10980
10938
5807
731
11267
2487881
1451
806
1094
803
500
1359
545
724
486
119050
5918
14261
2439239
1043
1136
1715
914
1043
808
799
548
761
656
839
1022
2609332
1730
1171
960
1174
1548
967
573
1719
2360
1266
649
566
2798
1388
1118
139882
6702
10902
11492
9608
2547262
809
918
533
2452
1216
1030
1603
1089
2488
2648
2508350
1319
1270
641
1014
902
563
34239
1667
820
1285
858
1084
611
852
673
76646
8109
9377
8656
2438713
1203
688
42188
2058
871
1212
636
1243
625
755
912
85285
8116
14340
2373632
792
1060
621
25740
793
1618
943
1074
729
1022
896
777
73316
9833
2508250
986
2275
939
1203
1389
973
640
1230
646
960
637
1178
622
2601468
1152
1024
1185
1020
942
947
936
718
726
1636
719
1335
719
1096
1187
2545647
1369
1173
1217
1114
1510
991
1043
798
1138
630
1058
604
2478
838
1018
70537
2442496
1225
772
2070
41802
1346
1028
1107
1275
838
1014
1064
812
1017
1938
92120
11708
11610
8966
2936
9963
2421531
956
1119
1087
883
852
998
612
834
578
77521
8429
11044
10204
5669
7765
7445
6561
4565
7919
7696
4589
4546
14865
2378805
1378
84496
7733
11110
7455
3951
9027
2424267
915
1257
2559
1339
1037
634
10985
1260
639
94034
2443902
1991
774
1383
820
1094
1021
867
935
1053
1234
637
772
1012
624
96151
8940
10218
9312
7670
12782
2423968
1403
1108
1172
624
986
616
834
629
833
2594033
1346
1138
1208
1281
905
1402
821
1218
818
1418
639
2369
1526
653
1872
119273
2487164
1712
1081
1240
671
985
1211
896
874
632
1076
1052
968
969
1345
81119
10161
2572902
1139
1446
959
1089
1120
1199
829
826
860
1287
1337
619
961
113210
10076
10689
11974
11175
11357
2548182
865
963
601
988
916
1464
551
847
774
88573
2538024
2259
1539
1148
1084
1115
787
970
582
997
885
786
698
881
831
72519
2571288
1697
829
1971
909
1418
933
892
1185
1182
870
591
837
703
1068
73554
2552184
874
1230
579
2019
1122
1060
908
1102
2916
806
1236
1547
1706
1336
75382
2556135
1217
983
1115
938
1047
641
1052
755
851
712
1499
1084
1984
1253
2603445
1542
775
581
999
838
1034
974
1020
731
586
843
1997
1376
1117
1918
2671913
1411
1314
987
581
826
1064
1075
561
2425
1693
587
2597
1205
1389
1775
63917
2706334
1424
1003
594
635
893
783
929
642
829
530
914
997
1047
816
2685593
894
1034
965
597
631
2356
913
849
531
1122
1566
582
912
2003
1297
69190
3998
10813
7596
4546
6352
5382
6189
8067
8174
4208
10218
4362
6032
7382
8904
5165002
777
876
787
732
2542
1704
1729
2386
3202
862
1618
3540
526
2015
2278
122240
7356
2506459
1146
1228
1173
786
1063
1233
813
1634
1086
1235
763
621
1562
2649338
1004
758
1054
623
1331
996
10750
24572
1340
916
1087
624
1031
916
1104
79525
8931
2523989
1250
990
1142
1435
1115
630
564
1001
5030
1146
684
1374
622
2621694
1253
1152
976
1287
1006
1033
887
819
599
2467
963
1113
852
966
611
2648444
1808
1179
787
800
1047
879
1454
607
1187
626
1015
810
1029
743
1031
2565155
1087
1570
818
1629
815
1026
616
1017
1190
790
785
1042
858
1027
607
82871
10111
2476974
968
1175
1190
1032
901
1040
1224
884
822
1014
599
1191
618
2600074
927
1018
994
999
753
583
890
519
3098
1390
994
1776
2254
1187
1000
2588735
1991
1524
987
1396
1074
1358
742
1080
945
1244
915
772
596
967
610
65755
2461045
1664
1059
1138
877
881
1664
630
596
1059
1134
870
607
862
588
2534390
1022
1173
995
1139
1589
1086
888
1029
1524
820
1001
737
1010
611
1313
2635425
1701
1141
1200
904
587
1411
818
1388
765
2449
1655
1708
1483
961
1237
69325
2441819
2072
864
1224
612
855
833
1001
1876
9579
1258
1131
1046
740
601
79967
7719
10661
9451
3198
11883
8265
11052
3413
11824
7755
4397
8982
7864
5949
2334739
2575471
1699
1005
1422
907
1133
1113
878
986
1031
1301
624
860
701
1015
1001
73105
2476489
1402
766
1642
790
1081
653
1098
629
1103
941
571
678
1403
1026
129237
10334
11283
5688
2431605
963
1057
942
626
995
856
608
602
1046
722
928
97815
2459501
1323
1175
1803
1581
825
893
1469
855
870
596
1000
615
992
599
105476
5783
12296
2472207
1461
806
1348
1248
1406
961
1073
609
1049
902
677
735
2498997
1212
688
45806
1536
1124
1336
746
1053
915
691
894
889
3342
654
968
68991
7884
11693
2444312
848
2116
998
1205
661
1029
912
925
959
748
1012
615
72692
5514
13909
2446025
1099
1315
1262
751
1308
626
1603
799
1074
614
841
992
69509
9472
2468652
1637
949
1167
1133
1468
1045
616
958
2978
1237
1307
1629
2173
81470
2468832
1058
921
1719
1222
644
1079
589
949
771
1134
1713
1600
2289
1747
72718
2507889
1414
1903
1011
842
2938
703
3533
1575
1874
711
1607
645
1575
2409
2540242
1460
27007
1143
1136
1131
849
716
915
689
2543
952
1133
940
674
942
81301
5584
10315
6079
732
10776
8571
2385080
917
1060
22639
1690
1196
1136
1021
725
80511
10846
2429099
1474
1447
749
1471
1234
642
579
836
722
1020
621
860
686
2618009
733
951
972
11170
905
1151
964
718
1008
1078
1324
862
533
766
554
110233
12010
2621017
1000
1030
1031
640
1036
735
1154
1264
988
916
984
602
991
95778
2581050
2167
875
989
588
1075
564
787
1637
1085
1821
1791
632
1174
583
92292
11315
2578525
792
1437
1325
740
672
944
1580
790
748
2102
2125
1673
1249
123045
9576
2511023
1669
1175
980
974
1122
953
914
567
862
589
1051
605
847
84460
9848
2575535
951
1090
627
1965
929
1312
578
818
831
2299
744
1776
959
71811
4156
12317
7985
2511353
863
1525
1121
636
1280
1068
1195
1093
1128
1406
745
79431
7797
2549888
795
1043
1449
1143
758
888
874
868
1206
2267
1071
635
2398
72385
6163
2532675
1687
1090
896
1238
655
928
617
1229
766
988
957
706
580
75179
2646497
1197
955
1079
1064
977
826
1135
840
657
1529
1678
1459
602
1527
73826
10280
2709763
1048
1575
1157
802
1475
1158
828
748
1209
617
867
811
1024
75498
12139
2587221
Xput: 6034
