1935
875
644
1089
1122
616
710
918
1343
909
752
995
607
855
554
1618
608
9245
9880
8554
14343
14923
503179
351407
13235
552868
1138
588
902
365226
6881
12278
5536
546692
930
388274
5284
10168
3052
5237
9541
913078
1670
11579
533193
1577
812
350868
2804
13506
8399
3807
12404
911770
5548
571460
928
1087
614
367502
2804
12477
9277
528860
923
951233
1170
1309
630
1173
604
375822
5346
10419
3210
8325
10243
953560
11492
8968
2843
12659
4222
1580264
959
1549
1749
1065
609
384135
5736
10096
11117
4609
12850
982600
2317
15673
3038
11459
9608
1678040
904
1650
1053
617
580
387499
653031
1729
777
1137
613
408984
5493
640974
913
1006
15538
1025523
935
1037
11962
21203
1213
1003113
1202
14477
1207
15644
2184
1008174
1210
12604
936
13459
963
1009821
930
15620
14770
938
12433
359815
654781
1177
11843
1189
16187
370290
13408
640240
896
12430
1164
1029969
15332
1212
13160
1204
13181
361235
13470
640545
918
14459
924
369016
634627
1627
947
1022
598
389004
11905
633009
1224
635
1131
379994
6071
10948
8251
633734
927
386818
6789
643524
1061
740
1025
380628
4544
11425
633975
1168
670
392078
1497
14419
4768
9644
11362
993727
4889
644305
909
1271
631
378928
5131
14091
1533
637632
926
1024214
1285
1255
645
1023
719
386720
7146
10116
8756
4595
12947
987563
11805
11906
1854
8932
8922
1642988
1160
1284
578
1249
755
381930
5049
15655
1214
9204
7590
1016770
5514
11308
4295
14606
3046
1658885
1090
1275
1012
606
589
393937
7113
14712
696298
1228
639
394619
8478
613742
912
1034
17919
1020858
931
1020
16026
21736
1209
975659
1202
18369
1203
24230
1226
986227
1211
16931
922
19492
931
986516
938
17692
16762
919
11478
361292
654038
1187
17765
1213
21823
423085
18438
698845
877
12105
1185
1032092
14042
1340
11227
1222
12910
356889
11009
630701
927
15504
953
397623
660459
1245
649
1164
617
397112
7019
697441
1222
649
1047
380702
6767
11885
5573
647468
944
410678
6903
11296
9395
3962
12650
1027548
1239
15102
661466
1206
4350
390464
1329
12243
9347
8436
9051
1067787
9286
670677
892
1093
625
399614
4623
10409
6454
642059
915
1060624
1142
1254
624
1012
600
393541
4675
9196
8563
8066
10128
1042369
5597
12343
3070
12796
8046
1710044
1139
1260
626
998
759
390568
5854
12818
3184
12592
1713
1023771
5433
11716
6134
14193
5539
1691055
915
1385
1051
615
580
384456
5288
13742
640987
1213
646
418248
9464
635274
1662
1285
13128
1047157
920
1900
10135
19758
1223
1097405
1245
12874
1221
14213
1203
993547
1212
18018
920
10992
1391
1007073
940
18997
21114
943
15180
366327
692393
1183
11527
1229
20592
361530
9567
658969
897
16264
1172
1029993
15106
1244
12857
1225
18511
396598
11988
674724
790
16317
931
390939
649414
1434
651
1084
614
407207
9533
667484
1220
631
989
418191
6740
10083
8824
640819
929
420586
6637
9588
8370
3860
9016
1021850
2110
13863
640719
1181
793
384591
4699
11528
9731
8788
11302
1040375
7613
646521
764
1131
746
432054
1479
14237
14428
621168
934
1032658
793
1093
955
1038
600
375698
5399
12203
10114
3741
10901
994069
8011
10169
11192
9189
10508
1682177
995
1142
618
1038
746
415031
3879
14811
4251
16942
3152
1068155
5529
14170
948
9947
9100
1680040
896
1937
1088
613
569
401318
2821
11773
636710
1229
648
406758
8953
636843
916
1068
20457
1034814
935
1021
11056
24873
1203
1002802
1226
17387
1211
19583
1228
1037053
1282
18675
923
17277
926
1031829
927
14736
24735
912
15470
375107
663345
1172
10293
1222
21608
367397
13843
653983
895
15466
1196
1028497
18215
1217
14040
2080
15001
388734
10342
685356
913
14301
928
356393
641515
1605
786
1004
620
428361
6802
657896
1256
641
1019
425325
7900
9516
12002
632133
909
410545
5576
5742
9909
10311
3137
1014049
1512
9328
630474
1083
610
410841
847
10937
17253
3317
10838
987134
5633
645693
1177
1098
741
425030
2842
13027
9314
647360
919
1090243
960
1216
630
997
597
389098
3358
10552
10127
8654
10776
1046914
7963
10691
13323
7607
10817
1665865
1179
1649
773
1019
605
407443
4883
12516
10255
9139
7217
1027467
4400
10237
6965
10392
7120
1666041
993
1256
1068
622
557
394122
1484
13284
652131
1225
639
413569
6646
654729
913
1031
18112
1046057
921
1048
11580
26577
1211
1048753
1209
14402
1209
16751
1199
1043384
1230
16150
934
11195
961
1042755
1352
16385
22179
1716
15422
371571
671086
1186
11949
1220
21257
398389
13588
685135
880
17370
1189
1079957
17241
1201
15556
1215
16365
382984
11892
666869
926
13560
924
375825
636461
1422
660
1201
608
385729
9640
663318
1205
632
978
394018
11350
10822
12036
656378
930
391576
6624
10324
8106
3602
9363
1069889
2365
15163
667764
1234
790
420547
4354
11118
14501
9011
9194
1071150
8482
674324
767
1131
743
417493
5487
10888
8030
640880
910
1090719
830
1052
758
1078
627
387118
4651
10125
10131
8569
10025
1004422
6876
9570
13823
7596
12388
1659391
755
614
361
557
542
423690
5111
12167
2726
13336
10914
1078077
4741
13277
3162
12544
10741
1705747
908
1469
1011
644
574
390087
5432
14306
643828
1214
652
421760
6859
684318
926
1051
25528
1068943
932
1043
15033
25756
1202
1039752
1203
14977
1201
15515
1198
1038687
1201
14341
923
13871
781
1036464
930
21359
24895
918
16348
376010
680645
1169
10213
1200
22038
382147
12863
654682
881
19218
1189
1057287
14542
1238
9856
1215
13063
352277
12347
645753
770
14765
1725
406853
662297
1463
643
1037
610
385115
8365
644793
1228
628
1041
388220
5568
12537
3177
652355
928
396675
6491
8966
7796
3634
9460
1061616
2134
15497
664463
1201
3272
391712
4873
11483
11339
8455
8582
1042374
5531
651671
902
1092
621
442557
3154
12840
9765
650848
915
1058249
1202
1370
628
1030
723
421212
4643
11281
9843
2749
11265
1031692
6660
9841
10899
8302
10194
1707319
1078
1247
754
992
607
392772
5388
14000
1679
14610
7670
1058258
2061
15653
2864
12762
9786
1675956
787
1556
895
1053
733
445503
3329
12514
653206
1228
644
389683
6902
638186
920
1053
17111
1094864
906
1055
12479
20794
1328
1059062
1211
14911
1209
14905
1211
1026341
1213
16265
929
12192
1397
1037143
919
15784
19675
1003
12446
353642
656290
1225
12623
2144
18884
363676
13401
666199
898
14415
1205
1057339
13639
1770
10893
1202
13939
350686
12320
668484
906
17507
947
397787
661134
1246
767
1019
609
434488
5556
656086
1218
638
987
422140
4158
13876
3676
659740
910
398766
6548
11526
5346
6132
6600
1005988
5190
11436
637156
1186
674
376132
4682
11583
11360
8535
10368
1036542
4979
661080
767
1126
749
434943
4680
12446
7800
673110
901
1052886
1262
1328
646
1031
719
400481
2892
11598
9412
6899
8891
984946
6747
9061
12767
7767
12357
1719859
1298
1155
736
1016
605
444647
2383
16654
1219
12667
9277
1026219
802
15105
5339
9192
9540
1657447
926
1385
992
604
563
409299
2788
13304
659017
1216
638
392091
9670
645049
919
1037
18755
1073517
920
1057
12277
19331
1671
1025094
1238
13682
1216
15019
1216
1003801
1204
17550
941
11215
944
1031271
935
12381
18738
915
11286
376632
657268
1179
11800
1232
20472
358207
12648
661469
894
17778
1171
1058911
18078
1219
13461
1234
18437
372772
13305
647947
912
14480
917
364659
644692
1697
773
996
609
374624
9419
661233
1230
659
999
432750
6880
10033
6625
628856
921
396921
8734
11396
3063
8503
8267
1060945
4198
13819
643845
1196
788
392734
4376
9481
12120
6358
9332
1021080
6700
662759
1143
1305
654
434714
4637
10649
7561
628080
920
1082556
851
1381
614
1028
761
392266
2173
13154
9414
7827
4858
1062522
5559
14276
11809
7599
10238
1688470
966
1707
778
1021
606
388358
5467
14172
1679
14063
6851
1019047
4691
13004
1403
11750
9287
1699816
1012
1283
1049
606
671
411964
2873
11898
645099
1208
641
413685
9213
646505
923
1081
17712
1064585
910
1038
14012
21207
1227
1035322
1219
18567
1227
19446
1237
1063162
1239
15223
918
13066
926
1025560
935
15530
17028
927
10952
353290
652976
1182
12573
1196
24049
381759
13795
645206
894
16037
1187
1074846
15029
1235
13244
1203
12851
374462
12263
667719
769
15766
935
388124
669735
1350
768
999
620
389994
8482
648679
1212
632
975
399350
7430
10975
3953
668924
922
390137
6817
10730
8240
3263
8623
996238
1694
16362
639768
1189
798
392535
5220
10233
10899
5791
8689
1004529
4602
650309
903
1073
631
417814
5333
13296
2781
645581
925
1037782
861
1262
616
1010
610
400155
4610
11120
9656
4797
8863
1014273
6592
11843
4359
5231
12460
1699448
1202
1081
645
1031
607
392793
2096
15717
2939
8255
7918
1030463
4797
11515
9182
8054
9544
1674987
1025
1148
907
1143
735
396807
5427
12076
663593
1210
762
429980
8215
635726
1764
1402
14503
1060031
928
1041
14045
15900
1388
1010316
1211
15998
2174
13431
1228
1027235
1233
11735
940
13517
1825
1040492
938
16853
13095
921
11510
368556
667227
1234
10044
1232
16602
369980
13173
638209
896
13897
1183
1022726
14028
1214
12992
1384
11633
368990
13199
644534
904
15463
919
382196
640409
1330
657
1317
607
381975
12752
645375
1217
649
977
423364
6846
9927
3966
638259
923
398886
6874
8175
8210
3793
9304
995396
5777
9867
660808
1201
1670
420831
3349
14186
6033
6283
9377
1030339
4447
635285
780
1147
743
402776
5065
13007
5464
657042
914
1089837
1120
1036
753
1025
606
392108
3371
10128
10679
1400
11448
1026667
5579
13221
2746
11512
6640
1662760
1064
1098
637
1032
616
420124
5120
13721
3099
12036
4018
1074874
2914
13150
4613
11158
9066
1707898
989
1437
1048
623
560
381253
3549
12229
658205
1209
657
399608
9432
663068
914
1054
18545
1064209
920
1059
13993
18880
1181
1070524
1227
15450
1209
12969
1241
1035025
1207
15276
933
10449
1717
1027358
942
13837
15836
908
13499
362330
654260
1191
12999
1206
15754
384041
14204
655620
893
12566
1173
1022795
15724
1247
11421
1216
13839
364628
10976
657151
914
13754
912
392505
662944
1442
644
1018
617
389894
13787
656466
1221
657
1016
389820
7299
9533
6642
640509
919
401740
6671
11267
5443
7110
9886
1025763
2031
12576
649647
1188
654
400187
2226
13395
9342
8760
9937
1041639
7147
685030
774
1130
626
423582
2777
14773
4696
626717
920
1097415
1318
1313
636
1205
614
386497
7161
9041
8540
8324
8782
1029963
5555
11987
3803
11448
10287
1679347
1310
1087
739
1000
717
417286
1664
17270
1225
13770
2993
1022256
1473
14078
2285
11757
9204
1669723
983
1101
1042
613
562
405211
1483
13230
646588
1229
644
417270
4443
660404
1692
1118
13661
1060276
1653
1083
9926
20947
1243
1022501
1226
15011
1219
16610
1207
1028717
1213
12627
929
23529
927
1029009
941
16472
13447
907
11513
354656
670717
1198
13576
1203
18374
390601
11860
646314
912
12047
1184
1051047
14598
1220
11031
1210
13427
371418
11105
645408
907
14782
910
375584
659822
1347
634
1035
621
397055
8389
665634
1226
643
962
436461
8028
8481
9035
662566
910
419935
6855
10035
8820
1317
9548
1029838
1760
11825
662936
1182
782
438502
1360
14605
8990
6890
8493
1015186
7658
660042
929
1087
637
419049
2853
12933
5768
648233
907
1106109
1219
1393
622
972
742
410284
4635
11192
7252
5683
10667
1039860
12298
7698
5749
9797
13714
1713826
805
1493
785
1032
733
409505
3261
16440
1237
11210
10847
1020793
2158
13049
3018
12031
9106
1683797
887
1195
917
616
665
426636
5310
10875
641097
1208
658
423951
6836
653933
931
1060
13596
1024619
924
1030
10440
18274
3167
1047030
1216
16244
1223
14053
2159
1015589
1235
11615
933
12793
913
1023304
925
16355
13882
922
13247
360675
665547
1235
12490
1225
17107
371740
13435
674328
882
15298
1184
1068631
15141
3142
9685
1268
14461
363631
12562
667264
929
16191
926
369731
646545
1459
770
1007
622
390637
7212
663397
1236
767
1030
425875
12991
3030
9196
632168
930
420578
6936
9614
4682
12158
1664
1070592
5027
9065
631323
1171
657
424867
4616
11867
8847
8678
8937
1046249
5496
657316
883
1336
641
414750
2828
11735
9183
636123
908
1046275
952
1292
1116
1023
937
388162
1496
13541
3910
9960
9778
1020261
6632
12359
3335
8334
10134
1658994
807
1311
623
1008
621
387360
5467
14691
1210
11626
5002
1056646
4597
10721
5114
10599
8659
1667565
1179
1181
1101
627
728
437541
1308
14756
671552
1209
657
395071
9088
660942
949
3120
12023
1045842
922
1016
13402
15744
1399
1036511
1246
17274
1212
18782
1203
1044537
1211
12702
931
12098
797
1026270
1527
15467
15483
908
11517
374649
678760
1177
10115
1194
15401
362369
4238
667712
906
13162
1210
1038769
15280
1223
11388
1216
14355
362121
5399
666754
923
15303
911
373266
656318
1470
656
1013
596
523346
11541
639992
1239
763
1019
402430
5457
13905
1350
646515
927
381817
6926
10778
3058
4193
9552
1029991
4931
10097
675875
1188
662
443494
3372
12981
10340
1704
9129
1054529
4587
651900
907
1281
636
402087
4591
12348
6605
660116
908
1060230
962
1058
737
1008
608
406411
2956
14063
2268
6081
11091
1028473
7096
11469
3169
8522
8449
1752486
878
1677
796
1020
603
389294
3634
15183
1207
8695
3806
1078037
4377
11302
5276
11935
4901
1733114
1007
1185
1029
621
688
448584
5356
12912
713437
1208
660
468291
6875
688806
931
1040
20337
1183716
1788
1103
21553
26161
1219
1124749
1208
15585
1216
20402
1209
1084756
1215
15105
930
19376
958
1142536
919
16784
15262
779
16030
413932
689257
1203
15823
1207
19647
418592
13758
719041
878
14868
1175
1115926
18153
1211
13740
2187
15202
391147
Xput: 5648
