2729105.714286
3112534.285714
2906677.142857
2685752.857143
3464234.285714
3636858.571429
3746708.571429
3915387.142857
3636903.809524
3772818.095238
3641456.666667
3818212.857143
1906246.190476
2177942.857143
2818114.761905
2876030.476190
4150232.857143
4558799.047619
4804164.761905
5029920.000000
1690995.238095
1884150.952381
2050885.714286
2300406.666667
1721260.952381
2070537.619048
3362434.285714
2206585.714286
2652385.714286
3467619.047619
2946344.285714
3561298.095238
2970951.904762
3176548.571429
3167248.095238
2908667.619048
2308129.523810
2782436.190476
3030232.380952
3247731.904762
1463778.095238
2600957.619048
2640696.190476
2628394.285714
1593264.761905
2414033.333333
2266364.761905
2454590.476190
1838386.666667
2312451.428571
1491657.142857
1428023.809524
2629529.523810
3020865.714286
3142975.238095
2606278.095238
1080914.285714
1773569.523810
2032481.904762
2045325.714286
1422979.047619
1379848.095238
1514575.238095
1780270.000000
2507209.523810
2598360.000000
2219139.047619
895421.904762
809276.190476
1674034.285714
2122463.809524
2463586.190476
2655443.809524
2097400.476190
3403544.285714
1405843.809524
2177420.000000
1685771.904762
1876940.952381
2032450.476190
2528554.285714
2402722.380952
1130586.190476
1777393.333333
2353003.809524
2513770.000000
993975.238095
2764810.476190
3045007.619048
3045041.904762
2308361.904762
953245.714286
2243198.095238
2534200.000000
2540373.333333
831718.095238
1690604.761905
1822346.666667
1894167.619048
1413378.095238
2458868.095238
2000278.095238
1934630.476190
1837198.095238
1880320.000000
2656382.380952
824497.142857
2930500.000000
2686388.571429
2787866.190476
2574628.571429
2693963.809524
2907544.285714
2943607.619048
3074733.333333
1547847.619048
2165761.904762
2690377.142857
2698771.428571
2119420.952381
2857605.714286
2636588.571429
2480020.476190
1797725.714286
2084558.095238
2311861.904762
2210410.476190
2027723.333333
2328613.809524
2111211.428571
2404387.619048
1988474.285714
2052750.476190
2106933.333333
1361257.142857
2410987.619048
2560209.523810
2315846.666667
2798525.714286
1196441.904762
2830432.380952
2293219.047619
2704980.952381
817258.095238
2494005.714286
2715857.142857
2872385.714286
2384230.476190
1552501.428571
2472772.380952
2741689.047619
2900668.095238
1133229.523810
1376125.714286
1770310.000000
1372921.904762
2275802.857143
2786653.809524
2641894.285714
2279953.809524
2262912.857143
2388789.523810
2601744.285714
2491597.142857
2211502.857143
2690451.428571
2283833.809524
2289441.904762
2625045.714286
2822177.142857
2255475.714286
2678940.000000
1389608.095238
2425806.190476
2603155.714286
2739120.952381
1245803.809524
1605975.238095
1730645.714286
1919360.000000
2088859.523810
2226927.619048
2211651.428571
2377171.428571
1852436.190476
2715640.952381
2472708.571429
3179392.857143
1122670.476190
2256584.285714
2346257.142857
2127954.285714
1372944.761905
1513445.714286
1243241.904762
769422.380952
1189342.857143
1800931.904762
1960881.904762
886921.904762
2465990.000000
2389671.904762
2745150.476190
3109360.000000
2158262.380952
2355700.000000
2248287.619048
2048100.952381
1563908.095238
2177470.000000
2102224.761905
1994230.476190
1997840.000000
1795348.095238
1745034.285714
2392316.190476
1957500.000000
2028320.000000
1707638.095238
931091.428571
1726451.904762
2111394.285714
1531055.238095
1222630.476190
1515435.714286
1051726.190476
1142518.095238
2002817.142857
2205111.904762
1816637.619048
781352.380952
2343115.714286
2488358.095238
2687179.047619
2176122.857143
549416.190476
2057525.714286
2056643.809524
2056936.190476
602678.095238
937783.809524
1747068.571429
2158378.095238
1647483.809524
2198060.952381
2580190.000000
2028672.380952
2192705.714286
2129361.904762
2246590.000000
2157030.952381
1922185.714286
1514906.666667
1950539.047619
2299930.476190
1985146.666667
1060872.380952
1796634.761905
1928560.000000
1992426.666667
1642236.190476
494280.000000
1413268.571429
1506464.761905
1516084.285714
625145.714286
1168691.428571
1244827.619048
1497727.619048
672302.380952
673380.952381
874028.095238
1252398.095238
1032763.809524
1209096.190476
1360358.095238
1368352.380952
1460231.904762
1394181.904762
1486100.000000
1439711.904762
1451428.095238
1154352.380952
1402610.000000
1253058.095238
1329228.095238
1239251.904762
1371097.619048
1406477.619048
1426586.190476
1504844.285714
1690766.190476
1471458.095238
1616470.000000
1285790.000000
1539954.285714
1461120.000000
1430710.000000
1281986.190476
1552190.000000
1470932.380952
1432648.095238
1159647.619048
1377021.904762
1546620.000000
1490880.000000
1078510.000000
1334863.809524
1237240.000000
1400858.095238
1282940.000000
1375570.000000
1474976.190476
1642948.095238
1153900.000000
1279095.714286
1311248.095238
1275658.095238
822362.380952
1281561.904762
1244823.809524
1301256.190476
1243193.809524
1388656.190476
1312563.809524
1549965.714286
1225705.714286
1317564.285714
1511691.904762
1457287.619048
1389890.000000
1586964.285714
1323238.095238
1488110.000000
1402406.190476
1506390.000000
1281660.000000
1390586.190476
943791.904762
1350083.809524
1340910.000000
1310113.809524
1436623.809524
1636145.714286
1319640.000000
1457521.904762
1315685.714286
1455911.904762
1424801.904762
1529328.095238
1094164.285714
1153095.714286
1152315.714286
1168610.000000
1069061.904762
1194542.380952
1361160.000000
1236524.285714
1066036.190476
1350760.000000
1366510.000000
1621692.380952
899964.285714
1272595.714286
1147191.904762
1271907.142857
1185650.000000
1484154.285714
1430078.095238
1418322.380952
1010566.190476
1310622.857143
1534739.047619
1047616.190476
1076333.809524
1362057.142857
1459354.285714
1316041.904762
812256.190476
1080843.809524
1061131.904762
1359890.000000
1499984.285714
1760708.095238
1484678.095238
1631183.809524
999388.571429
1217230.000000
1202006.190476
1174939.047619
1286940.000000
1485460.000000
1257256.190476
1053902.857143
1489782.380952
1518762.380952
1582280.000000
1360630.476190
789428.095238
1301920.000000
1431345.714286
1539708.095238
739263.809524
1333092.380952
1468725.714286
1545928.095238
814623.809524
872303.809524
1079337.142857
1013544.761905
1515703.809524
1592659.047619
1855864.285714
1563300.000000
970622.380952
1392740.000000
1523528.095238
1533530.000000
741554.285714
634783.809524
1004770.000000
1149790.000000
856066.190476
1206700.000000
1239340.000000
1214991.904762
1196602.380952
1357418.095238
1176610.000000
1340478.095238
1086718.095238
1337963.809524
1318446.190476
1334660.952381
1187940.952381
1259900.000000
1237065.714286
1313752.380952
1211146.666667
1528696.190476
1531443.809524
1385952.857143
1155810.000000
1470394.285714
1551810.000000
1416844.285714
1159928.095238
1569726.190476
1572080.000000
1548060.000000
1057980.000000
1306213.809524
1389713.809524
1295560.000000
1455510.000000
1540844.285714
1578357.619048
1309084.285714
1038682.380952
1545188.095238
1541305.714286
1428453.809524
829766.190476
1115588.095238
1325848.095238
1198614.285714
1259306.190476
1404955.714286
1431686.190476
1348505.714286
1054675.714286
1326378.095238
1117446.666667
1430633.809524
1214838.095238
1430176.190476
1195987.619048
1341929.523810
1136569.523810
1399173.809524
1489661.904762
1398207.619048
1125946.190476
1279424.285714
1479918.095238
1272438.095238
1129155.714286
1421483.809524
1249895.714286
1458053.333333
1289622.857143
1481113.809524
1247003.809524
1389474.285714
1087935.238095
1257215.238095
1155377.619048
1504205.714286
1494872.380952
1605986.190476
1620851.904762
1479352.380952
709832.380952
1078800.000000
1226460.000000
1240871.428571
1008065.714286
1654631.904762
1319131.904762
1389530.000000
779824.285714
1172348.095238
1241463.809524
763072.380952
1053230.000000
1183156.190476
990933.809524
638383.809524
580341.904762
1229531.904762
1366695.714286
978440.000000
656363.809524
952919.523810
1041135.238095
926236.190476
557892.380952
895660.952381
1005740.952381
790705.714286
824059.047619
1280205.714286
1037074.285714
727830.476190
499445.714286
1187186.666667
1308874.285714
1037108.571429
523276.190476
1828731.428571
1934838.095238
2054480.000000
1835638.095238
690600.000000
1422805.714286
1458895.238095
1541126.190476
535609.523810
866984.285714
1235758.095238
1411480.000000
714521.428571
754357.142857
927114.285714
1263052.380952
988691.428571
913607.619048
1965084.285714
2048430.000000
1713294.285714
2224217.619048
759165.714286
1264406.190476
1486300.000000
1661348.095238
781032.380952
1232578.571429
1409097.142857
1314030.000000
669758.095238
1119457.142857
1481053.333333
1481363.809524
1302244.285714
1488385.714286
1274721.904762
1592581.904762
1048542.380952
1179806.190476
1332640.000000
1238048.095238
939917.619048
1456400.000000
1451921.904762
1332480.000000
1542981.904762
1687146.190476
1710054.285714
1447723.809524
1467362.380952
1576445.714286
1330660.000000
1392708.095238
1315840.000000
1735621.904762
1757861.904762
1746225.714286
770911.904762
931052.380952
1140393.809524
1191461.904762
1182474.285714
1191666.190476
992373.809524
943193.809524
1264728.095238
1421286.190476
1533340.000000
1413773.809524
1401548.095238
1507907.619048
1371658.095238
1455364.285714
1390270.000000
1507290.000000
1248918.095238
1339258.095238
969394.285714
1220778.095238
1439451.904762
1164401.904762
1046958.571429
1392810.000000
1459700.000000
1451464.285714
1103851.904762
1379736.190476
1179802.380952
1320774.285714
1192064.285714
1344378.095238
1434115.714286
1373140.000000
1335737.619048
1418333.809524
1367016.190476
1414765.714286
1265883.809524
1409223.809524
1236116.190476
1296023.809524
1544026.190476
1615848.095238
1488500.000000
1498358.095238
969728.095238
1133500.000000
1141090.000000
1212408.095238
1222301.904762
1481897.619048
987720.000000
1350428.095238
1285916.190476
1745891.904762
1882143.809524
1504230.476190
547443.809524
932188.095238
1278006.190476
1378261.904762
798187.619048
1133407.619048
1114603.809524
789772.380952
1386513.809524
1699950.000000
1777770.000000
1574864.285714
657013.809524
1123607.619048
1368993.809524
1051914.285714
1106718.095238
1532900.000000
1518241.904762
1447104.285714
669730.000000
846250.000000
1231340.000000
1418700.000000
1114691.904762
1280185.714286
1132601.904762
1242886.190476
1100250.000000
1269896.190476
1182490.000000
1271068.095238
950578.095238
1149530.000000
1317011.904762
1451143.809524
1181300.000000
1328514.285714
1406600.000000
1222381.904762
1211138.095238
1287913.809524
1368125.714286
1165778.095238
1106572.380952
1569606.190476
1742148.095238
2067046.190476
593495.714286
850274.285714
1203638.095238
1159568.095238
1152061.904762
1257735.714286
1182031.904762
1351240.000000
1214018.095238
1287400.000000
1118406.190476
1256710.000000
1354965.714286
1445043.809524
1448096.190476
1338051.904762
770071.904762
1386256.190476
1346651.904762
1675556.190476
557720.000000
1132764.285714
1184732.380952
1211120.000000
728500.000000
796633.809524
1069844.285714
1074005.714286
686480.000000
1051970.000000
1042201.904762
579245.714286
623491.904762
992493.809524
1133748.095238
760410.000000
578730.000000
1148871.904762
1332684.761905
914340.000000
518898.095238
1055660.952381
1213982.857143
1393350.476190
553544.761905
656860.952381
848215.238095
1239860.000000
708920.000000
683520.000000
758489.523810
943056.666667
682704.761905
799329.523810
1256817.142857
1237931.428571
634518.095238
768740.000000
1285296.190476
1148392.380952
810866.190476
922506.666667
1485131.428571
1619470.000000
1304158.095238
816493.333333
1076963.809524
1203590.000000
1340250.000000
1037783.333333
1341550.952381
1251105.714286
1545141.904762
1299660.000000
1361794.285714
1300356.190476
1381270.000000
1684930.000000
1725771.904762
1342378.095238
1412364.285714
1333361.904762
1849226.190476
2177741.904762
2026461.904762
655543.809524
827515.238095
929977.619048
804605.714286
1484588.095238
1513418.095238
1203553.809524
1572455.714286
1212651.428571
1340734.285714
1189313.809524
1742366.190476
1268546.190476
1465385.714286
1333958.095238
1411798.095238
1220170.000000
1369107.619048
1286458.095238
1499073.809524
1343687.142857
1612595.714286
1556344.285714
1351271.904762
1221461.904762
1397998.095238
1515401.904762
1342120.000000
820050.000000
1215346.190476
1168221.904762
1465756.190476
1490788.095238
1591551.904762
1717146.190476
1480590.000000
1173588.095238
1332464.285714
1495483.809524
1399072.380952
1298938.095238
1415243.809524
1285466.190476
1425365.714286
1212444.285714
1312981.904762
1448468.095238
1444650.000000
1243203.809524
1382380.000000
1519180.000000
1398663.809524
1296601.904762
1450094.285714
1297581.904762
1374966.190476
1098942.380952
1509006.190476
1397598.095238
1770521.904762
1310745.714286
1469772.380952
1203956.190476
1353150.000000
1303873.809524
1575906.190476
1712680.000000
1577831.904762
1415122.380952
1617163.809524
1511074.285714
1557708.571429
1495852.380952
1605486.190476
1659290.000000
1701229.047619
1363578.095238
1457891.428571
1473010.000000
1452674.285714
1257076.190476
1895141.904762
1884405.714286
1899093.333333
725340.952381
1423569.523810
1625350.000000
1812390.000000
660104.761905
680935.238095
1024120.000000
1035010.000000
781929.523810
692548.571429
1030947.619048
1169486.666667
972126.190476
561394.285714
528004.285714
796081.904762
912748.571429
608363.809524
617631.904762
734348.095238
824876.190476
695081.904762
499308.571429
1035504.761905
1203156.190476
882161.904762
569960.000000
1608304.761905
1979306.666667
2109179.047619
1781347.619048
652765.714286
1131632.380952
1249520.000000
1284779.047619
696203.809524
1017891.428571
1186148.571429
824840.000000
1448490.952381
1620051.428571
1822101.904762
1393375.714286
729341.904762
1091997.619048
1234306.190476
1176471.904762
1086128.095238
1348746.190476
1257951.904762
1244561.904762
1063200.000000
1341761.904762
1269180.000000
1454398.095238
819840.000000
1055231.904762
1196700.000000
1467580.000000
1157508.095238
1253048.095238
1145071.904762
1291346.190476
1155758.095238
1267184.285714
1079410.000000
1248016.190476
1156628.095238
1228555.714286
1217606.190476
1462370.000000
1378544.285714
1479931.904762
1532860.000000
1572645.714286
991770.000000
1340485.714286
1362010.000000
1265790.000000
1214638.095238
1307368.095238
1645633.809524
1360114.285714
1082733.809524
1279290.000000
1444200.000000
1319210.000000
1585550.000000
1651145.714286
1903226.190476
1206108.095238
994280.000000
1529078.095238
1550425.714286
1603860.000000
602886.190476
694320.000000
1188260.000000
1140690.000000
974344.285714
1331401.904762
1376038.095238
1088983.333333
881436.190476
1253265.714286
1312863.809524
1181690.000000
1006847.619048
1482928.095238
1610665.714286
1420908.095238
787031.904762
920766.190476
1122208.095238
1235851.904762
1275118.095238
1364854.285714
1360785.714286
1416760.000000
1065892.380952
1332067.619048
1476835.714286
1413211.904762
1314830.000000
1347161.904762
1385369.047619
1442898.095238
1101610.000000
1159131.904762
1251341.904762
1259106.190476
1281801.904762
1376421.904762
1256521.904762
1164960.000000
938121.904762
1592531.904762
1658423.809524
1430486.190476
585991.904762
1448256.190476
1540924.285714
1624578.095238
620054.285714
652011.904762
1361290.000000
1331981.904762
880814.285714
643966.190476
1098570.000000
1187118.095238
906529.523810
586034.285714
780963.809524
958289.523810
1018430.476190
633331.904762
752730.000000
1222659.047619
1244762.857143
829325.238095
616361.904762
590954.285714
668085.714286
671775.238095
974967.619048
1266573.333333
1312923.809524
662986.666667
1057310.476190
1392927.619048
1670569.047619
1299384.761905
959640.000000
1242020.000000
1410166.190476
1217078.095238
1119245.714286
1285066.666667
1136096.190476
1184822.857143
1173700.000000
1244498.571429
1332191.904762
1271715.238095
1424800.000000
1492753.809524
1653455.714286
1350971.904762
1154728.095238
1353210.000000
1474696.190476
1345348.095238
1055538.571429
1229978.095238
1305476.190476
1069140.952381
1206038.095238
1566030.000000
1460031.904762
1302285.714286
681009.523810
848354.285714
1259251.428571
1413498.095238
861391.904762
1091672.380952
863826.190476
1034830.000000
1301630.000000
1648774.285714
1539818.095238
1446590.000000
1393320.000000
1560640.000000
1370092.380952
1441918.095238
1414582.380952
1502133.809524
1682543.809524
1579341.904762
1016771.904762
1296755.714286
1317590.000000
1195871.904762
712691.904762
1211593.809524
1348243.809524
1284472.380952
774084.285714
1087373.809524
1127654.285714
1236761.904762
1090770.000000
1518392.380952
1434386.190476
1570448.095238
1269051.904762
1435380.000000
1564261.904762
1485735.714286
990124.285714
1257393.809524
1136144.285714
1322524.285714
1212043.333333
1310318.095238
1169740.000000
1339739.047619
799531.428571
1366550.000000
1477506.190476
1346760.000000
1416620.000000
1698386.190476
1290301.904762
1372390.000000
1108443.809524
1285720.000000
1323886.190476
1642933.809524
1256605.714286
1329640.000000
1267088.095238
1283385.714286
1091257.619048
1384678.095238
1358467.619048
1314868.095238
1082765.714286
1173110.000000
1469449.523810
1250166.190476
1010216.190476
1305921.904762
1226339.047619
1237268.095238
1193458.095238
1298201.428571
1163001.904762
1346701.904762
1373828.095238
1513756.190476
1185261.904762
1312501.904762
994738.095238
1069511.904762
1119773.809524
1132653.809524
774668.095238
1240570.000000
1142661.904762
1249390.476190
1114032.380952
1404817.619048
1210990.000000
1087260.952381
864592.380952
1210733.809524
1290305.714286
1078761.904762
522697.142857
797281.904762
1041561.904762
1077871.428571
1090850.000000
1335644.285714
1494046.190476
1280913.809524
1031716.190476
1209850.000000
1283590.000000
1299717.619048
1239288.095238
1320832.380952
1227367.619048
1293682.380952
1062007.619048
1351610.000000
1355710.476190
1094052.380952
1195165.714286
1415488.095238
1290561.904762
1123163.809524
1434582.380952
1602942.857143
1682380.476190
1642185.714286
650531.904762
1233388.095238
1297300.000000
1274402.380952
544756.190476
1029130.000000
1198261.904762
1373465.714286
519141.904762
772584.285714
1182991.904762
1360893.809524
906420.000000
794603.809524
797926.190476
1151176.190476
1241103.809524
764125.714286
815681.904762
871781.904762
1170750.000000
1132953.809524
716223.809524
1580807.619048
1849233.809524
1816214.285714
1482570.000000
500238.095238
1263367.619048
1623022.380952
1515481.904762
864030.000000
1152108.095238
1145851.904762
1235041.904762
1116960.000000
1394955.714286
1284675.714286
1169921.904762
1244067.619048
1596153.333333
1400140.000000
1295522.380952
1095403.809524
1132266.666667
1175253.809524
1345996.190476
1111786.190476
1209628.571429
1107458.095238
1188235.714286
1185687.142857
1460402.857143
1365463.809524
1421735.714286
1164531.904762
1250314.285714
1155581.904762
1316386.190476
1379654.285714
1832546.190476
1650434.285714
1544437.619048
585576.190476
868298.095238
1063160.000000
1282450.000000
767934.285714
1047511.904762
892710.000000
986482.380952
575763.809524
1049327.619048
893222.857143
776468.571429
673083.809524
1019464.285714
1149312.380952
713120.000000
542744.761905
1118363.809524
1125468.571429
934422.857143
715548.571429
919238.095238
1228405.714286
984266.666667
1125476.190476
1072916.190476
1090034.285714
851006.190476
1484413.333333
1547670.000000
1619051.428571
1370374.285714
575794.285714
1160131.428571
1271768.095238
1256031.904762
567645.714286
541890.952381
720248.095238
815170.000000
693215.238095
915421.904762
1345173.333333
819250.000000
495125.714286
808183.809524
933729.047619
657706.190476
656920.000000
745813.333333
824036.666667
767683.809524
531064.761905
952672.380952
1035350.476190
813300.952381
537150.476190
924845.714286
1262247.619048
1152855.238095
689184.761905
723032.380952
1400198.095238
1538624.761905
1104192.380952
572043.809524
514708.571429
941417.142857
898001.904762
836072.380952
848476.190476
927137.142857
764832.380952
685110.476190
873358.095238
896422.857143
706934.761905
746660.952381
1091708.571429
1361960.000000
606742.380952
537548.571429
794672.857143
952486.190476
766338.095238
637530.000000
1185055.238095
1346653.809524
945221.904762
665413.809524
894736.190476
903256.190476
744871.904762
653299.047619
1070142.857143
1176854.285714
808066.666667
640466.666667
1118278.095238
1218434.285714
1046179.047619
630337.142857
1207619.047619
1060405.714286
747318.095238
607584.761905
788262.857143
1109085.714286
1029001.904762
990054.285714
1143790.000000
1126281.904762
1562650.476190
1318160.000000
1436316.190476
1528521.904762
1405552.380952
1132573.809524
1253161.904762
1364251.428571
1413891.428571
1343401.904762
1442190.000000
1287226.666667
1363767.619048
995393.809524
1250081.904762
1203110.000000
1318995.714286
1533436.190476
1621332.380952
1319890.000000
1427398.095238
1435108.095238
1641897.619048
1359330.952381
1441200.952381
1033903.809524
1137310.000000
878137.619048
994100.000000
1155616.190476
1398471.904762
1279590.000000
1420948.095238
1354250.000000
1595200.000000
1330146.190476
1494703.809524
1067496.190476
1450132.380952
1392898.095238
1582890.000000
821553.809524
1179276.190476
1267948.095238
1145950.000000
761702.380952
1063157.619048
1221168.095238
1118184.285714
1283163.809524
1502835.714286
1441810.000000
1201553.809524
1094788.095238
1313266.190476
1327701.904762
1313723.809524
1499023.809524
1616557.619048
1468271.904762
1474035.714286
1162909.523810
1481488.095238
1597590.000000
1666014.285714
997234.285714
1289564.761905
1225185.714286
1231423.809524
1042160.000000
1388604.761905
1445961.904762
1379360.000000
905996.190476
1078125.714286
741671.904762
604740.000000
847382.857143
1190584.761905
1145734.285714
667950.000000
523998.095238
703844.285714
842040.000000
1493184.285714
1771073.333333
1887770.000000
1599891.904762
595175.714286
829240.000000
1264623.809524
1385494.285714
707293.809524
680930.000000
1144756.190476
1682557.619048
1339568.095238
569036.190476
787301.904762
1110197.619048
982836.190476
547310.000000
660418.095238
532487.619048
676240.000000
805561.904762
1440110.476190
1621767.619048
1764257.142857
1308226.666667
1236432.380952
1557521.904762
1697914.285714
1554475.714286
602626.190476
782571.428571
1086616.666667
1057960.000000
1243041.904762
1404410.000000
1381316.190476
1219420.000000
997691.904762
1090446.190476
944061.904762
832583.809524
1362573.809524
1483590.000000
1754666.190476
1678090.000000
1221705.714286
1288710.000000
1304917.619048
1316501.904762
1409594.285714
1656846.190476
1570181.904762
1535616.190476
1309936.190476
1607537.142857
1585499.047619
1405885.714286
1170888.095238
1501504.285714
1525401.904762
1267100.000000
768502.380952
760323.809524
854440.000000
920033.809524
1398416.190476
1555912.380952
1417335.238095
1240673.809524
925790.000000
1323123.809524
1506070.476190
1296764.285714
1185891.904762
1337566.666667
1521247.142857
1374881.904762
1109098.095238
1356533.809524
1371771.904762
1282066.190476
1434755.714286
1675638.095238
1417413.809524
1540340.000000
1285377.619048
1317481.904762
1583680.000000
1544588.095238
1079480.000000
1395555.714286
1138074.285714
1499226.190476
866341.904762
1341560.000000
1381223.809524
1166007.619048
866707.619048
1137883.809524
1346060.000000
1272570.000000
1466753.809524
1591150.000000
1462785.714286
1625591.904762
1248890.000000
1365730.000000
1385181.904762
1456562.380952
1349186.190476
1418931.904762
1202711.904762
1551616.190476
1178667.619048
1234963.809524
1365481.904762
1187553.809524
1204566.190476
1295566.190476
1404873.809524
1402666.190476
941213.809524
1285137.619048
1299160.000000
1354613.809524
1428484.285714
1524640.000000
1564368.095238
1469666.190476
1148618.095238
1570608.095238
1479255.714286
1300656.190476
833791.904762
1265663.809524
1283516.190476
1028218.095238
669795.714286
901296.190476
1074750.000000
1041330.952381
961428.571429
1434526.190476
1397734.285714
1063291.428571
834981.428571
1028484.285714
1142864.761905
972565.714286
1022592.380952
1200327.619048
1148066.666667
1457582.857143
1386327.619048
1505647.619048
1284826.666667
1374712.380952
979191.904762
1194908.571429
1146320.000000
1407311.904762
1113578.095238
1230600.952381
1414523.333333
1376925.714286
1180096.190476
1353422.857143
1158733.333333
1286330.000000
910620.000000
1119496.190476
1048286.190476
1224307.619048
976258.095238
1217769.523810
956988.095238
927266.666667
888515.714286
984380.000000
1129470.000000
1165690.000000
1475803.809524
1060750.000000
609365.714286
828596.190476
1344116.190476
1493386.190476
1372838.095238
688686.190476
983956.190476
1212121.904762
1335598.095238
989111.904762
1349899.047619
1254175.238095
1513386.190476
1190975.714286
1361327.619048
1304276.190476
1174344.285714
1290626.190476
1625216.666667
1693138.571429
1550933.809524
853830.000000
1399293.809524
1267441.904762
1448568.095238
955160.000000
1235572.380952
1073106.190476
1336021.904762
1251921.428571
1431721.904762
1399544.285714
1318745.714286
1225298.095238
1657579.047619
1348142.857143
1411488.095238
742861.904762
1364144.761905
1449057.619048
1638640.000000
681962.380952
526945.714286
767574.285714
1074780.000000
936168.095238
600780.000000
686236.190476
1100201.904762
1228031.904762
709788.095238
682641.904762
774535.238095
1036543.809524
915448.095238
669000.000000
752998.095238
623219.047619
680809.523810
747099.047619
888969.523810
945769.523810
626920.000000
600441.904762
1112422.857143
991843.809524
585784.761905
661973.333333
974114.285714
1056660.952381
810834.285714
657881.904762
813801.904762
846866.666667
500354.285714
624123.809524
778297.142857
1069299.047619
849514.285714
736365.714286
733057.142857
803800.000000
695706.666667
848106.666667
1206394.285714
1222340.952381
1319116.190476
1033918.095238
1283746.666667
1167074.761905
1288431.904762
749546.190476
1045108.571429
821045.714286
847560.000000
1235724.285714
1305870.000000
1202658.095238
1376160.000000
1240006.190476
1352391.904762
1193914.285714
1337986.190476
1215298.095238
1317937.619048
1419410.000000
1349201.904762
1437781.904762
1543728.095238
1541750.000000
1470001.904762
611633.809524
1032618.095238
1326651.904762
1391904.285714
773881.904762
1060844.285714
1065010.000000
794725.714286
1227121.904762
1492806.190476
1384455.714286
1597168.095238
1631284.285714
1798050.000000
1453554.285714
1495900.000000
1865918.095238
1947226.666667
1821945.714286
2162735.714286
599081.904762
695490.000000
1061754.285714
1218188.095238
918721.904762
1340707.142857
1308275.714286
1395160.000000
1374990.000000
1509670.000000
1262003.809524
1409938.095238
940650.000000
1223370.000000
1251628.095238
1301848.095238
921861.904762
1667557.619048
1387250.000000
1270428.095238
511676.190476
692133.809524
1097756.190476
1076726.190476
1024620.000000
1191378.095238
1158741.904762
739921.904762
1419991.904762
1461931.904762
1440603.809524
1263042.380952
1201088.095238
1322020.000000
1270071.904762
1374783.809524
1143201.904762
1293478.095238
1192305.714286
1479543.809524
1511506.190476
1689385.238095
1578960.000000
1448916.190476
1116476.190476
1710860.000000
1694217.142857
2058063.333333
595308.095238
756740.000000
1007000.000000
1064965.714286
880481.904762
716928.095238
871830.000000
1164556.190476
968513.809524
739147.619048
1331880.000000
1488310.000000
1437418.095238
1386820.000000
872980.000000
1378330.000000
1581533.809524
1359898.095238
640121.904762
1149628.095238
1167341.904762
1083995.714286
961240.000000
1239650.000000
1325295.714286
1136155.714286
1218030.000000
1600628.095238
1364211.904762
1209884.285714
768391.904762
1255017.619048
1677136.190476
1311642.380952
578446.190476
953280.000000
1285253.809524
1191238.095238
1061200.000000
1112095.714286
1051218.095238
897027.619048
1031250.000000
1181603.809524
1205781.904762
1382243.809524
1300100.000000
1410016.190476
1244033.809524
1331358.095238
1139167.619048
1242152.380952
1310369.523810
1519440.000000
1544984.285714
1658083.809524
1387302.857143
1510746.190476
1309263.809524
1564490.000000
1336044.285714
1436130.000000
804366.190476
1456913.809524
1668426.190476
1267560.000000
692486.190476
775641.904762
1154103.809524
1548382.380952
598177.619048
584511.904762
907972.857143
1074421.904762
927382.857143
704690.000000
778173.333333
800444.285714
735620.952381
519067.142857
1012135.238095
1208302.857143
974613.333333
577933.333333
737721.904762
950500.952381
924948.571429
515918.095238
690687.619048
1022944.761905
1233710.476190
786078.095238
977470.476190
1010040.000000
1051607.619048
781540.000000
871647.619048
1344502.857143
1550777.142857
1202725.714286
537051.428571
1368798.095238
1344095.238095
1545582.857143
595059.047619
971773.333333
1478336.190476
1812670.476190
1481262.857143
549281.904762
1407415.238095
1529540.952381
1603294.285714
652371.904762
1188815.238095
1344980.952381
1115811.904762
683950.000000
1330688.095238
1428203.809524
1496041.904762
790626.190476
666420.000000
1256300.000000
1151461.904762
1048461.904762
1232955.714286
1274973.809524
1540697.619048
948353.809524
1186876.190476
1057274.285714
1302693.809524
1083851.904762
1459840.000000
1203300.952381
1346936.190476
1049396.190476
1180827.619048
1301590.476190
1157382.380952
1155261.904762
1293251.428571
1178680.000000
1363592.380952
862546.190476
1043863.809524
1058211.904762
1338331.904762
1046440.000000
1348430.000000
1346421.904762
1446201.904762
1048240.000000
1393880.000000
1371906.190476
1231490.000000
653842.380952
825771.904762
1076154.285714
1178176.190476
1292358.095238
1535823.809524
1619210.000000
1456483.809524
768162.380952
1311063.809524
1235058.095238
1194476.190476
1485472.380952
1600410.000000
1653221.904762
1240960.000000
1353202.380952
1512982.380952
1551725.714286
1604936.190476
848851.904762
1370951.904762
1596196.190476
1361098.095238
635480.000000
1262398.095238
1444508.095238
1304138.095238
683403.809524
719431.904762
807515.714286
943010.000000
536710.000000
738390.000000
942970.000000
1108624.761905
650060.952381
658712.380952
743731.428571
851217.142857
777180.952381
635800.000000
692849.523810
974840.000000
1119436.190476
672377.142857
569977.142857
702116.190476
1140321.904762
1401142.857143
1237702.857143
752211.904762
1070386.190476
1110173.809524
1324921.904762
1437070.000000
1636485.714286
1892248.095238
1528186.190476
906623.809524
1616388.095238
1533040.000000
1871106.190476
556967.619048
667591.904762
1080001.904762
1212548.571429
610293.333333
711148.095238
1059984.285714
1380969.523810
1159958.095238
793283.809524
1165520.000000
1652302.380952
1724215.714286
1448144.285714
613503.809524
1211664.285714
1394181.904762
1313794.285714
657271.904762
991143.809524
1113176.190476
1099110.000000
731854.285714
872841.904762
1069141.904762
977794.285714
697621.904762
1605826.190476
1530055.714286
936985.714286
587740.000000
748276.190476
1042951.904762
1434372.380952
639114.285714
1329525.714286
1275024.285714
1082580.000000
1317287.619048
999293.809524
1255166.666667
1459774.285714
1150944.761905
1208744.761905
1396005.714286
1495938.095238
1261120.000000
915689.523810
1326377.619048
1093712.380952
1102605.714286
676201.904762
1337445.714286
1627824.285714
1125670.476190
745971.428571
976735.714286
1403884.285714
1271120.000000
975521.904762
1167285.714286
1212848.095238
1208205.714286
1174930.000000
1351245.714286
1324127.619048
1507721.904762
1033826.666667
1289060.000000
1457695.238095
1410625.714286
1240295.714286
1377833.809524
1311930.000000
1698113.809524
1424953.809524
1602600.000000
1409420.000000
1612521.904762
1209088.095238
1312970.000000
1407566.190476
1650611.904762
840758.095238
1080900.000000
1349871.904762
1134903.809524
1073770.000000
1450608.095238
1440220.000000
1321383.809524
952147.619048
1161524.285714
1438726.190476
1275270.000000
1122723.809524
1263056.190476
1492656.190476
1179604.285714
1291760.000000
1438030.000000
1411560.000000
1534851.904762
1257338.095238
1467241.904762
1342090.000000
1509348.571429
887676.190476
1092401.904762
1290521.904762
1129091.428571
1029076.190476
1188063.809524
1337508.095238
1314883.809524
1084180.000000
1213170.000000
1223843.809524
1280780.000000
1141990.000000
1214990.000000
1445781.904762
1384438.095238
1301813.809524
1424688.095238
1479533.809524
1388767.619048
1078973.333333
1103564.285714
981774.285714
677003.809524
861165.238095
1278714.285714
1407177.619048
1201320.000000
551617.142857
733223.809524
1163618.095238
896980.952381
754146.666667
838128.095238
729528.095238
590809.523810
533828.571429
860973.333333
987013.333333
634267.619048
562003.809524
982872.380952
1207417.142857
997081.904762
897697.142857
998739.047619
1018266.666667
1144028.571429
1395355.238095
1575796.190476
1658801.904762
2015902.380952
1218968.095238
1447860.000000
1466324.285714
1602554.285714
1115621.904762
1184393.809524
1310330.000000
1360090.000000
903388.095238
1130401.904762
1186274.285714
1483603.809524
1181830.000000
1367076.190476
1285828.095238
1497442.380952
1247744.285714
1361795.714286
1225184.285714
1228072.857143
1689291.428571
1721579.047619
2009350.000000
2048457.619048
675546.666667
1187477.619048
1364073.809524
1462540.952381
697921.904762
778320.000000
1009090.000000
1070485.714286
727036.190476
1055116.190476
1241518.095238
942373.333333
1411441.904762
1578218.095238
1574160.000000
1444219.047619
684941.904762
1342191.904762
1424805.714286
1684230.000000
651182.857143
1056774.285714
1184419.047619
1099956.190476
1336040.000000
1482381.904762
1565927.619048
1443498.095238
1009274.285714
1103221.904762
1185885.714286
1327256.190476
1571030.000000
1720284.761905
1482981.904762
1628131.904762
1028663.809524
1259371.904762
1171081.904762
1049030.000000
956098.095238
1500788.571429
1558875.714286
1314523.809524
1217668.095238
1339956.190476
1264678.095238
1306196.190476
1038191.904762
1192535.238095
1067913.809524
1107961.904762
1362371.428571
1475523.809524
1170531.428571
1321146.190476
955184.761905
1359045.714286
1208040.000000
1376205.714286
1324160.952381
1424418.095238
1433681.904762
976573.809524
925240.000000
1111728.095238
1106220.000000
999673.809524
1279188.095238
1477987.142857
1588097.619048
1408048.095238
1119840.000000
1181177.142857
1161287.619048
932770.000000
1067040.000000
1225358.095238
1002335.238095
747984.285714
1446375.714286
1520649.523810
1616607.619048
1404686.190476
946961.904762
1131755.714286
1106104.285714
1259673.809524
1356476.190476
1442914.285714
1188811.904762
1365916.190476
1219890.000000
1296708.571429
1616754.285714
1451030.476190
1309000.000000
1364706.190476
1393415.714286
1303994.761905
1146705.714286
1330057.142857
1459323.809524
1175070.476190
1270288.095238
1447170.952381
1368760.476190
1639716.190476
1212481.904762
1428596.190476
1431583.809524
1483573.809524
1110300.000000
1333204.285714
1212358.095238
1574051.904762
978964.285714
1205993.809524
1222918.095238
1112707.619048
1205445.714286
1439641.904762
1218180.000000
1349063.809524
1179518.095238
1223950.000000
1289503.809524
1288524.285714
1263480.000000
1469501.904762
1324177.619048
1429510.000000
1058714.285714
1334830.000000
1304831.904762
1175271.904762
1353740.000000
1446821.904762
1490781.904762
1152176.190476
892696.190476
1346784.285714
1368793.809524
1145798.095238
857160.000000
1447663.809524
1376885.714286
1332427.619048
790138.095238
1295288.095238
1299866.190476
1240450.000000
1119428.095238
1260555.714286
1191851.904762
1321350.000000
853066.190476
1257157.619048
1222800.000000
1160843.809524
1113144.285714
1189872.380952
1215083.809524
1583822.380952
949808.095238
1234921.904762
1273070.476190
1264948.095238
968855.714286
1289300.476190
1354655.714286
1620302.857143
1142953.809524
1551360.000000
1308460.000000
1865510.000000
1012640.000000
1299788.095238
1263590.000000
1336711.904762
1300270.000000
1343171.904762
1365077.619048
1626670.000000
1122188.095238
1314064.285714
1291796.190476
1266413.809524
1307886.190476
1438780.000000
1234911.904762
1463400.000000
1641324.285714
1741180.000000
1472870.000000
1672390.000000
1064423.809524
1287717.619048
1480903.809524
1307022.380952
1278876.190476
1450642.380952
1593568.095238
1465524.285714
1019521.904762
1185456.190476
1441281.904762
1289984.285714
822530.000000
1277511.904762
1191880.000000
1176573.809524
776546.190476
762113.809524
1323973.809524
1345727.619048
1336071.904762
874761.904762
1451117.619048
1429744.285714
1427148.095238
1198163.809524
1306997.619048
1497113.809524
1586743.809524
1314218.095238
1052765.714286
1554321.904762
1729500.000000
1756916.190476
890836.190476
790298.095238
1034321.904762
1139583.809524
1075045.714286
1458388.095238
1690720.000000
1414966.190476
1069295.714286
1415034.285714
1676771.904762
1473393.809524
826190.000000
1216518.095238
1002413.809524
1360467.619048
1313300.000000
1547633.809524
1413736.190476
1576456.190476
1237910.000000
1398976.190476
1293822.380952
1475780.000000
1212788.095238
1434995.714286
1285928.095238
1391823.809524
1323973.809524
1398641.904762
1446808.095238
1475615.714286
1210128.095238
1429890.000000
1300368.095238
1217530.000000
1196600.476190
1472990.000000
1665902.380952
1680203.809524
790649.523810
1107817.142857
1167966.190476
1241434.285714
1358893.809524
1439240.000000
1365928.095238
1610812.380952
829496.190476
1314031.904762
1557784.761905
1337990.952381
649010.000000
1211173.809524
1104013.809524
832457.619048
577542.380952
986774.285714
1568809.523810
1153121.904762
894328.095238
967390.000000
631342.857143
760527.619048
582728.095238
590780.000000
880426.666667
641384.761905
815858.095238
971541.904762
1834887.619048
1848426.190476
2020339.047619
1676231.904762
911310.476190
1895063.333333
2248496.190476
2264360.000000
654770.476190
1827078.095238
2038815.714286
2050440.000000
1461300.476190
1834110.476190
1865506.666667
2069790.000000
2173998.095238
801022.857143
1425678.095238
1422520.000000
2098383.809524
879147.619048
1161636.190476
971748.095238
626050.000000
748440.000000
1194960.000000
960712.380952
728662.857143
789920.000000
871236.190476
793413.333333
1017024.761905
1027760.000000
1237197.619048
674268.571429
994687.619048
1406487.619048
1185245.714286
1230994.285714
1221377.142857
1186834.285714
1104969.523810
961144.761905
1009893.333333
1133689.523810
1329819.047619
962561.904762
1402238.095238
1115360.000000
1170339.047619
923289.523810
1621921.904762
1483563.809524
1418388.571429
544885.714286
1045298.095238
1252586.666667
1436010.000000
863870.476190
832857.619048
1217426.190476
1284874.285714
1127702.857143
906740.000000
1286625.714286
1829520.000000
1982249.047619
1569313.809524
547162.380952
1190688.095238
1531120.952381
1643464.761905
963396.190476
1160175.714286
1217196.190476
1303800.000000
1115678.095238
871343.809524
1716420.952381
1878828.571429
1728346.190476
1457528.095238
1430287.619048
1692436.190476
1771803.809524
1841111.904762
727944.761905
1449428.095238
1547591.904762
1738418.095238
1177260.000000
1626093.333333
1724283.809524
1612076.190476
1349384.761905
1560093.333333
1492203.809524
1365676.190476
1074401.904762
1504935.714286
1579570.000000
1396628.571429
1852894.285714
2009401.904762
2029383.809524
1580876.190476
1088465.714286
1693507.619048
1642392.380952
1995704.761905
717323.809524
811824.761905
1155116.190476
1167590.476190
842289.523810
1056081.904762
916060.000000
704318.095238
972681.904762
1117716.190476
815451.428571
621518.095238
660336.190476
798660.952381
740948.571429
571851.428571
790276.190476
1191899.047619
1059445.714286
493240.000000
592386.666667
750158.095238
946822.857143
728428.571429
920426.666667
838331.428571
560184.761905
636980.952381
551716.190476
1049727.619048
1243462.857143
831855.238095
626961.904762
1218900.476190
1244472.380952
1033636.190476
597560.000000
523605.714286
616657.142857
876163.809524
543756.190476
691306.190476
687504.761905
738672.380952
710053.809524
654180.000000
916194.285714
1019727.619048
778662.380952
698285.714286
988556.190476
1002874.285714
666530.000000
681364.285714
1096900.952381
1179615.238095
539672.380952
755514.285714
1134908.571429
1231605.714286
1161603.809524
755340.952381
802354.285714
1061449.523810
1208043.809524
957247.619048
1070532.857143
1064499.047619
962021.904762
1283013.333333
1343824.285714
1336920.000000
1018608.095238
1228196.190476
1488346.666667
1622177.142857
1691822.380952
621240.000000
591937.142857
746013.333333
933758.095238
908680.000000
1417364.285714
1383041.428571
1216181.904762
509478.095238
773255.238095
1106876.190476
1139230.000000
1168163.809524
1255280.000000
1087731.428571
1266345.714286
1164223.809524
1263205.714286
1302000.000000
1292428.095238
1118508.571429
1298703.809524
1325163.809524
1147625.714286
1057850.476190
1296475.714286
1298830.000000
1224648.095238
1288013.809524
1569913.809524
1578620.000000
1641756.190476
733545.714286
1050053.809524
1132374.285714
1165606.190476
1247991.904762
1383495.714286
1562608.095238
1442443.809524
1161901.904762
1342884.285714
1391698.095238
1378584.285714
1166393.809524
1335776.190476
1388478.095238
1718821.904762
930921.904762
1080440.000000
1223033.809524
1176300.000000
1004841.904762
1098095.714286
1178191.904762
1218208.095238
1503651.904762
