1964
878
1079
626
686
1048
1042
586
698
878
685
1029
586
857
659
922
1172
526710
153487
1145
10666
712900
1163
696
37169
853057
1259
184345
1263
518695
910
250680
1252
526671
1258
353231
1239
275437
359492
7803
1263
352061
421703
7768
1247
356740
330477
328055
1237
64332
446862
102573
1241
167510
482593
154177
1200
168924
348136
550257
784
1071
316975
383405
931
50848
460668
52781
931
262667
436069
176503
1262
99980
446823
167880
1250
246977
152954
342468
936
263726
148884
314511
1241
320947
192458
139989
1269
272068
484548
43731
944
226873
481257
26755
931
407270
289951
63714
1242
220723
438366
67687
891
260933
397547
109411
893
368591
258849
152499
933
349728
258149
165952
912
169961
443004
134685
1221
315781
193213
225038
1241
324034
162250
381566
1250
219751
169524
370713
1248
239069
170841
334559
1261
94644
477279
932
1262
228824
547277
5908
1225
192064
408978
321997
1235
38063
510514
16861
1254
239633
507735
1245
959
271125
349832
251566
936
130995
352710
298595
925
168306
451661
1245
742
291075
553566
109781
1235
119673
537835
89864
1254
395254
217687
264449
935
323144
263535
167841
1243
306189
242076
70240
1264
305181
488467
1213
675
270487
456249
12085
936
400611
326733
823
1065
278652
466391
18561
870
224280
496634
49675
892
280068
317376
143208
927
217283
387272
163293
926
34303
559766
224278
1233
83856
284902
346700
1250
106160
334938
484336
1259
1066
236037
479176
1259
645
243426
495815
1249
762
382814
210253
1269
1076
539169
171322
1267
940
397485
490593
1232
643
386283
202209
1248
760
548932
223442
1233
705
386071
483595
930
1244
328417
486522
927
1246
466233
164319
792
1299
547601
229867
1254
772
472976
206168
1257
771
345777
302101
955
609
386205
335972
1241
775
446785
149129
1258
767
677049
18437
937
718
697809
1239
667
78788
658712
798
1191
805
798091
971
734
1058
776401
929
634
21676
669532
1255
764
24945
714134
1255
773
1044
736142
4448
1133
8766
636494
80543
1247
43543
590537
207676
1253
1066
611014
145859
1249
662
561171
140975
1261
778
769412
824
1087
1098
742172
890
1111
1282
616818
45799
1249
645
828750
970
1061
755
749467
1265
959
585
646120
37662
922
1330
736029
1476
645
988
964757
1260
778
1071
748648
942
1256
640
767863
954
1087
753
667332
1522
684
692
758234
1307
1285
750
740793
782
1060
642
890374
1115
809
622
735671
1113
978
773
734394
796
1055
618
753481
790
722
928
727671
969
754
1090
796438
1261
758
1057
797375
1246
668
1049
853327
1289
1061
607
605361
822
1153
615
791177
820
1114
1074
716010
771
1403
733
729262
792
1833
755
868845
978
1106
926
709804
906
1113
1162
610290
916
1131
632
863748
809
1061
616
716015
1252
963
568
609250
1262
781
1038
733632
1272
658
1049
902359
1281
780
1064
745111
969
1099
728
718642
793
1463
756
601519
1239
670
1064
775976
802
1177
754
729954
808
1095
761
873232
1083
787
598
754124
1100
760
613
688273
769
1113
832
738130
788
712
1053
697936
959
957
1069
744467
1257
789
1118
714361
1356
798
1048
704631
1276
1085
743
602105
1165
1065
614
722925
61013
1270
1083
656425
73529
1247
647
717205
796
1068
643
943252
814
1077
1252
732472
896
1126
1239
602691
15783
1245
781
853740
817
1091
751
758365
1241
943
579
578006
93815
925
1247
649492
148155
946
1139
871315
1285
773
1062
822611
31683
1236
772
731515
26740
1254
776
683632
134127
938
618
597373
144125
1246
765
674978
960
1105
616
922124
1106
828
749
755570
1081
773
878
764239
805
1084
630
728647
964
639
1796
784363
791
730
1069
712632
1271
769
1053
880737
1423
997
1074
758985
1313
1067
749
605433
795
1294
748
767334
33502
1283
1245
691802
55875
1267
649
720062
917
1070
925
939518
808
1074
1236
731501
916
1119
935
620023
114336
1275
640
808789
789
1061
621
700933
1251
979
581
606899
164319
937
1263
655289
120246
931
1080
677060
1259
658
1071
774377
807
1134
627
781743
1669
1211
642
569299
53394
954
633
618861
113132
1264
784
607206
787
1076
615
896707
1114
818
614
719632
1300
690
689
723999
795
1106
770
700095
983
887
1074
728329
933
766
1079
781081
1269
776
1063
729887
1260
783
1043
713875
1266
1079
612
593724
48606
1244
798
697328
159154
1249
1084
585006
155645
1260
650
611910
102917
1250
761
863304
799
1126
1044
786155
916
1111
1103
607667
28613
1255
665
873610
972
1175
619
748809
1245
1087
728
631800
126503
932
1251
577157
123056
952
1267
778901
1277
764
1080
754024
793
1263
620
818645
806
1125
628
626547
108766
921
628
618922
74570
1254
764
641620
966
1096
626
921178
1111
786
742
690432
1069
761
609
768593
938
1066
760
775561
781
727
926
732379
960
927
1081
737039
1275
660
1010
718247
1252
661
1061
738153
1691
1103
762
517155
797
1786
753
680202
812
1092
1082
688653
766
1381
758
717969
805
1087
761
863764
813
1092
1254
773870
947
1120
1053
611816
10211
2895
824
906224
966
1057
796
785138
1263
968
579
619583
3100
842
1061
761817
1263
765
1073
838724
1437
936
1079
761706
826
1839
763
798206
810
1569
764
655445
1108
780
939
788966
808
1118
1154
792968
811
1076
938
946930
1283
677
1006
753299
1098
776
928
741940
825
1075
613
798630
1144
663
1360
816800
971
758
1085
823585
1745
1022
1049
773646
1460
826
1064
766546
1360
975
707
638934
799
1128
749
795245
957
1091
2495
803310
898
1333
761
814885
793
1099
752
977081
793
1231
1078
819542
943
1114
1060
609848
785
1167
737
963030
810
1281
735
714510
1247
958
671
592218
1300
775
1045
886525
1282
769
1067
974270
1283
652
1082
793906
941
1297
728
789313
811
1505
762
643186
1243
805
755
782039
956
1061
620
745809
772
1071
615
995600
1084
782
612
753628
1494
821
981
733229
790
1055
775
735548
794
738
932
753920
964
631
1081
771759
1273
656
1006
747716
1241
645
1321
697965
1272
967
573
621947
820
1069
827
840231
803
1102
900
765589
770
1093
635
829657
955
1159
628
1074473
794
1076
1340
881371
945
1130
1067
605044
908
1111
736
856996
949
1086
644
773328
1246
1077
969
636479
1256
780
1057
731109
1264
656
1056
872333
1305
929
1079
735458
937
1264
755
772395
1273
1090
632
658005
1246
659
558
771112
1032
1102
631
801831
974
1081
626
901553
1118
790
971
760963
1101
778
950
772996
790
1225
789
799387
800
730
1057
729617
1059
1265
1155
750685
1248
1356
1108
799764
1273
763
1059
695711
1296
1084
750
561341
818
1686
760
683724
793
1798
1064
803249
913
1121
622
770752
816
1127
759
938180
797
1089
1048
797799
908
1112
1443
612231
938
1124
752
817934
1126
1282
612
764309
1264
943
690
570353
1249
656
1105
777367
1299
672
1188
921246
1353
769
1062
720755
976
1087
744
761383
963
1086
730
566894
1241
673
1278
709788
949
1295
764
765104
793
1074
624
822934
1100
778
617
794187
1098
795
778
802207
801
1063
3472
703129
797
708
1275
664789
926
926
1066
742141
1545
1001
1102
701735
1872
842
1072
704454
1254
1101
835
553490
793
1440
2087
738145
954
1094
1079
708336
763
1471
649
770564
1231
1113
639
830648
972
1067
915
774967
913
1106
1057
580715
917
1108
732
857968
821
1113
774
686779
1376
950
703
577031
1481
662
1025
713075
1263
646
1435
878665
1283
806
1028
712979
810
1841
771
787731
801
1715
755
642386
1231
677
1083
727971
939
1084
606
736806
929
1255
630
876489
1094
783
608
719813
1085
972
770
712540
796
1067
1131
793888
818
1634
1078
846312
822
645
1109
832273
1286
656
1005
747789
1265
643
1049
711588
1254
962
1198
589365
798
1684
742
740902
797
1115
1047
695762
891
1309
655
772112
793
1111
747
917311
800
1048
1039
712515
935
1140
941
581950
907
1309
751
839984
792
1283
629
757882
1249
1274
764
536864
1289
788
1056
708645
1276
766
1056
902030
1642
670
1063
731072
788
1104
746
706342
799
1855
736
625078
1213
986
755
756487
793
1041
955
760521
809
1422
609
915536
1085
763
745
712486
1106
790
615
720073
807
1079
944
775979
797
734
952
777487
948
1045
1067
775642
1276
773
1059
737213
1274
762
1057
650841
1267
1064
631
552763
796
1115
755
673588
795
1180
1110
717545
937
1136
635
631721
785
1660
758
872328
792
1088
1061
817906
910
1103
950
558490
928
1117
935
755948
789
1053
776
645742
1279
1084
624
577576
1298
648
1008
691088
1253
769
1044
750975
1265
760
1044
673567
933
1313
745
714586
792
1083
918
588052
1216
985
748
731576
813
1097
620
646271
1073
1288
643
786480
1121
1348
789
792613
1431
782
772
718889
797
1049
962
747683
790
711
941
718185
811
1261
2770
750759
1267
790
1026
735728
1269
775
1034
806965
1267
1083
761
620997
800
1337
755
824665
806
1255
1070
713105
796
1158
618
798684
793
1520
753
889762
803
1062
1068
745860
923
1124
1050
630638
38471
1258
658
926182
1162
1257
624
705255
1253
945
1322
631796
164533
938
1347
572815
155998
938
1231
718683
1279
944
1059
764212
22834
1236
935
756574
23340
1275
770
584073
224064
941
1007
556976
243123
1251
778
490817
109185
1270
771
877619
1093
757
748
730856
29356
939
649
698322
39772
1248
772
683710
90263
888
1122
659209
75555
924
1105
683553
74980
940
1365
675347
112727
929
1261
638422
130501
1254
890
475708
207966
1252
774
571494
321447
1269
1282
395175
283538
1262
653
466873
348593
1265
764
534642
90581
1253
1068
641714
109720
1252
970
455389
415949
1260
645
464570
170102
1237
771
542466
182931
1228
660
372563
446798
948
1317
321308
439174
940
1090
450583
158063
928
1060
528436
299529
1256
774
369900
326602
1252
765
308853
443536
938
639
324430
362291
1273
764
349529
259812
1266
783
629780
148484
958
755
623846
91340
934
634
640672
93151
1250
760
655546
134805
899
1121
612283
117450
900
1324
627887
113527
919
1272
626304
91042
928
1272
691793
46376
1220
983
536926
249615
1250
760
486888
422925
1277
1072
355789
351958
1253
652
414331
366551
1278
781
554666
117315
1265
1077
645752
189778
1241
951
419732
466944
1237
687
392123
230509
1264
751
532962
188305
1240
664
443135
398273
930
1060
291422
386097
935
1230
511967
71793
924
1075
701012
191974
1257
768
624276
193243
1271
643
434607
343014
944
623
421831
350303
1241
777
431271
186236
1267
774
651680
91915
953
750
641192
113930
942
638
633293
114802
1238
759
638785
120800
889
1116
648489
79064
890
1113
670647
74710
917
1254
610868
71070
941
1068
694890
19413
1232
821
631358
201294
1275
776
539714
401620
1259
1076
290308
394932
1268
649
319720
427919
1263
772
461098
141437
1250
1062
624793
135736
1250
959
438465
327312
1256
655
461672
107335
1247
765
620489
123295
1219
980
466850
322921
936
1248
365039
340224
929
1180
469742
128565
939
1069
608472
194622
1241
772
477513
226656
1276
688
385825
354074
964
617
402860
343847
1266
767
376801
207916
1250
777
697264
44577
942
746
647715
62255
941
645
661921
39162
1273
773
670446
42566
903
1103
665524
20516
771
1539
704678
10540
828
1332
761725
13081
788
1096
744200
1276
1101
631
601328
142693
1247
771
549023
270002
1251
1062
457171
235957
1268
661
577171
147802
1263
764
739307
1165
1229
1059
747637
909
1332
949
613845
169703
1255
657
804764
951
1074
934
757357
1240
964
585
638786
77815
930
1280
763288
5507
795
2680
915037
1295
663
1602
768950
945
1260
755
706847
791
1855
771
626132
1396
837
611
740821
805
1220
758
737063
805
1132
763
900877
1099
802
958
740813
1088
780
767
731179
798
1069
605
732823
796
750
985
735663
930
748
1054
743709
1253
765
1042
738865
1263
778
1050
739181
1270
1088
725
598499
983
1070
619
783559
781
1096
1065
721287
764
1139
604
740043
778
1057
616
858336
926
1055
917
811073
894
1188
1052
623604
770
1161
820
904120
794
1276
771
778031
1226
1286
762
647999
1245
640
1081
670900
1252
637
1050
919929
1285
759
1061
789733
810
1272
2228
754748
787
1726
768
608464
1229
984
739
699088
802
931
556
735599
770
1324
749
861258
1118
1196
758
695858
1095
987
610
793514
790
1032
604
761632
790
735
957
733867
925
637
1062
711867
1258
637
880
740048
1245
659
1079
755278
1263
1077
747
610001
793
1051
778
845694
778
2518
1385
777047
785
1163
1005
694837
801
1057
613
815984
781
1402
1059
709105
Xput: 5350
