151217223.333333
175696219.047619
220203752.857143
233182066.666667
274871925.238095
316985504.761905
327184877.142857
344927778.095238
360106453.333333
282210064.285714
235202587.142857
227214536.190476
208803624.761905
176001663.809524
211380417.142857
289350949.523809
334929984.285714
334404026.190476
222985474.285714
219098638.571429
147464009.523810
150882045.238095
296545002.857143
300484863.333333
309639878.095238
319494133.809524
267798170.000000
265222431.904762
278784596.666667
197541384.761905
314059571.904762
218024100.476190
418495477.142857
423614027.142857
186856182.380952
166769619.047619
209403774.285714
263562312.380952
295888321.428571
308832428.095238
308697867.142857
264470279.047619
316712084.761905
367092211.428571
426347220.000000
301641325.714286
180527219.523810
184523906.666667
229490553.333333
270710269.523809
308576265.238095
326034472.857143
352278643.333333
279225957.142857
325865792.380952
265862538.571429
326269098.095238
201551312.857143
203150093.333333
283283258.571429
365559247.142857
249375078.571429
158259128.571429
247371252.857143
269758634.761905
296825606.666667
305346785.714286
310238262.857143
314448541.428571
186818430.476190
215994188.571429
188097610.952381
198645311.904762
254927982.380952
333214273.809524
344409386.666667
349087931.904762
351056610.952381
352154613.809524
328482989.047619
199582371.428571
598355269.523810
152563524.285714
234131160.476190
237915991.428571
264687335.714286
305820462.857143
301290864.761905
321584210.952381
335742412.380952
366225057.619048
194162759.047619
147572874.761905
162150403.809524
267676690.000000
269855071.904762
318147976.190476
307524323.809524
330224980.000000
308355944.285714
404924914.285714
428206960.000000
208515587.619048
173907860.000000
284619996.190476
289697904.761905
314797026.190476
313033038.571429
284493843.809524
285635977.142857
315864444.285714
554014836.666667
179305147.619048
235747456.190476
289825145.714286
306424100.000000
305366880.476190
306620698.571429
348860656.666667
367487530.476190
695155658.571429
237499260.000000
177145107.619048
285276982.380952
298621106.666667
307388327.142857
352253167.142857
264704235.238095
363769190.000000
364372179.047619
413436728.095238
275249000.000000
156550836.666667
210901577.142857
274421709.523809
285303715.714286
300062173.333333
307399831.904762
305669816.666667
302898925.238095
399000587.619048
545456649.047619
239364019.523810
168697938.571429
253482109.047619
275608030.952381
324197515.238095
306583507.619048
312936048.571429
250168673.809524
234383535.238095
377626919.047619
244849991.428571
259403876.190476
249016509.047619
273980495.238095
292980715.714286
306418509.047619
321613442.857143
319164890.952381
424730080.952381
450809476.190476
225298159.047619
201828250.476190
116792430.952381
285816094.285714
334037596.190476
356570349.047619
337738648.571429
344551192.857143
309696973.333333
379087208.095238
378253853.333333
256865721.904762
245028517.619048
302013701.428571
287573882.380952
306619103.809524
315413478.571429
340526351.428571
459459237.619048
321493561.428571
159417810.476190
159321537.619048
213728740.476190
254862599.047619
276530125.714286
302574780.000000
314804428.095238
293951703.809524
190046434.761905
340116880.952381
468988305.238095
283175920.952381
144662647.142857
173647658.095238
241860334.761905
292857171.904762
361652975.714286
343574471.428571
268991034.761905
357275769.047619
206829530.952381
343519394.285714
516323159.047619
192463089.523810
166013221.428571
242008824.285714
227595244.285714
236941956.666667
262284877.619048
279054828.095238
287517658.571429
431041437.142857
427907608.095238
203754564.285714
188397465.238095
214753067.142857
278206599.523809
316858673.809524
340855794.285714
355179136.666667
359432930.000000
317396458.095238
472794218.571429
503230893.809524
226281077.619048
176423263.809524
287828443.333333
292038392.380952
302889067.619048
314240855.238095
290233924.285714
263189171.904762
301661713.333333
439636561.428571
216124523.333333
164480374.761905
221271005.238095
269671023.809524
265116580.476190
305712811.428571
314190452.380952
319632470.952381
382731338.571429
471251004.761905
501178337.142857
160545186.666667
152588757.142857
259865226.666667
269449486.190476
304200699.047619
331786117.619048
314573110.000000
318743342.857143
438858590.000000
613135407.619048
169593334.285714
221473958.095238
267547804.761905
275737396.666667
296391999.523809
336089003.333333
353035297.619048
324498622.857143
340253227.619048
236798150.000000
167816675.238095
152688336.666667
281460397.142857
325555912.857143
326811300.000000
332194063.333333
329272159.523809
166994655.238095
448020354.285714
471622414.761905
326648950.952381
185647562.380952
273379010.000000
295072538.095238
316982964.761905
331255703.333333
293678792.857143
296234552.857143
264565968.571429
347062395.714286
267175590.952381
250049485.714286
157708595.238095
191440663.809524
290564352.857143
309515679.047619
335914768.571429
343147883.333333
169123340.000000
197578539.523810
502742072.380952
544565679.047619
131459096.666667
144436545.714286
262417504.285714
295364110.476190
298879674.761905
309630970.476190
328416371.904762
339985437.142857
358180203.333333
614277777.619048
153495681.904762
158786073.809524
219554012.857143
250746973.809524
268446660.952381
284977749.047619
275669537.619048
264705220.476190
273227182.857143
568692531.904762
219002414.285714
232643712.380952
190044215.238095
275218279.523809
287906025.714286
328865648.095238
326394210.000000
334305344.761905
203448376.666667
201133245.238095
611373300.952381
256295059.047619
209239856.666667
190358492.857143
246939738.095238
243128097.619048
271180340.000000
304611184.285714
303704808.095238
328861133.809524
357052131.428571
432255307.142857
214130158.571429
199411676.666667
212931460.000000
257282913.809524
269577167.142857
350182725.714286
359513892.857143
360856658.095238
354760392.380952
269280326.190476
266003020.476190
221237622.380952
236913477.142857
139067485.238095
331035731.428571
352140728.571429
360204169.523809
199180427.619048
140812968.571429
145709760.476190
314357117.619048
296008745.714286
314094803.809524
346938908.571429
394623630.000000
250502837.619048
315852406.666667
323280768.571429
337186523.809524
303373615.714286
259323440.952381
301376090.952381
279439357.142857
192900397.619048
316000381.428571
320433113.333333
343288961.904762
245753125.714286
258395770.000000
309446893.333333
317629786.190476
337171565.714286
195806422.857143
304460206.666667
328928783.809524
327312236.666667
333253068.571429
349934936.190476
341220017.142857
343535303.333333
344254478.095238
153007100.000000
355484019.047619
395310983.333333
412842672.380952
263692343.809524
253106710.000000
333095247.619048
301763745.714286
340703861.428571
219720084.285714
345362410.000000
229540870.952381
484056778.095238
273877242.380952
166705282.857143
141866336.666667
235188493.333333
246156879.523810
266752388.095238
305277397.142857
316536736.190476
285529545.238095
235737496.666667
457657750.000000
295223740.476190
245897092.857143
174093653.809524
240770649.523810
286858297.142857
290381740.476190
337548493.333333
340266616.190476
355868550.952381
378900607.619048
386236622.857143
241957550.952381
213952296.190476
446755091.428571
435788629.523809
454346675.238095
162007243.809524
220072380.000000
370600293.809524
389144244.285714
390514965.714286
285807557.619048
295020785.238095
320429407.142857
349213324.285714
338881027.619048
246719505.714286
403757538.571429
409011526.190476
476135491.428571
257813538.095238
237664436.190476
248233093.333333
276685058.571429
284913723.809524
369696972.380952
383280176.190476
394913710.952381
395183548.571429
259637222.857143
227854428.095238
224634132.380952
227038105.714286
360888090.000000
397683808.571429
410410403.333333
426312593.333333
185854352.380952
293008151.428571
431078187.142857
441545279.047619
274042955.238095
330861945.714286
377676861.904762
342035672.857143
344625405.238095
342256576.666667
328109555.238095
403038579.523809
418497210.476190
280141417.142857
246554737.142857
271134191.428571
280102450.952381
309541490.952381
271166275.238095
216269808.571429
218609466.666667
735355578.571429
173608067.619048
166136476.666667
242235045.714286
244343628.571429
312281232.857143
316300711.428571
328544867.142857
306359002.380952
310422166.666667
653698615.238095
188443424.285714
151437560.952381
266281721.904762
262223718.095238
314283260.476190
365370072.857143
315098486.190476
192238482.380952
258778662.380952
443431651.904762
214634083.809524
175699382.857143
223802613.333333
254354158.095238
262564377.619048
310416936.666667
298483759.523809
310746106.190476
285904739.523809
692170241.428571
191132401.904762
152279025.714286
206213834.761905
235277752.857143
335503796.666667
348994748.095238
404875595.238095
407985837.142857
204591580.476190
357455705.238095
411192911.904762
405315597.142857
287104247.619048
310567760.000000
265549548.571429
310714085.238095
313237847.619048
252904074.285714
322000909.523809
332226229.523809
581863489.047619
230862423.809524
195649889.523810
183040813.333333
289615076.666667
316599498.571429
355392088.095238
344744182.380952
342049029.047619
161430007.142857
174305484.285714
588553120.000000
255870194.761905
217547975.714286
198824064.761905
243384360.952381
264031219.523810
293967075.238095
317285736.666667
306544027.619048
310670879.523809
336406424.761905
573928008.095238
168452587.619048
163260697.142857
230806293.333333
230659015.238095
263483168.095238
270759662.857143
278132110.952381
311579942.380952
343505607.142857
747737366.190476
175327639.047619
135275219.047619
264047505.714286
299200145.238095
295546231.428571
329251872.857143
334217128.095238
295879649.523809
611140938.095238
633678433.333333
151066753.809524
234968749.523810
239808025.238095
249003513.333333
251033293.809524
263194053.809524
330059834.285714
342130170.476190
352616407.619048
166054750.000000
140230597.619048
196884785.714286
236584878.095238
231397751.904762
262266845.238095
284623717.619048
291219541.904762
332618803.333333
367204095.238095
622329092.380952
219247551.428571
190358023.809524
240015060.476190
292438259.047619
306946103.333333
304802187.619048
295695937.619048
274072201.904762
325962443.809524
321350827.142857
520857583.809524
177127702.857143
163171074.761905
225533606.666667
238977985.714286
257044209.047619
277777942.380952
296304720.000000
275881789.523809
373147936.190476
