47630692.857143
28812378.571429
30722580.000000
30061896.190476
28221734.285714
27791293.333333
28932685.714286
29247824.285714
27096451.428571
27558880.000000
26716365.238095
26749445.238095
28360160.000000
27049611.428571
27145556.190476
26412920.000000
31329287.619048
27483452.380952
28726084.761905
28018446.666667
28714760.000000
29730360.952381
28897494.285714
28114270.476190
28772082.857143
28128270.476190
28102227.142857
29910688.571429
28349684.761905
28575395.238095
30693637.142857
29109384.761905
28458297.142857
28499167.619048
30901396.190476
30437296.190476
29662622.857143
28749777.619048
28055771.428571
30065949.523810
27551527.619048
30234788.571429
27944926.666667
30269682.857143
27977767.619048
31957125.714286
31289575.238095
30437674.285714
31113040.000000
28321106.666667
31088934.285714
31945650.000000
30260421.904762
27152544.761905
27913641.904762
28348785.714286
28376709.523810
28637120.952381
29033949.523810
28106426.666667
29481153.333333
29115193.333333
28666167.619048
28583943.809524
28226868.571429
28420686.666667
28400480.952381
27625778.095238
28595483.809524
27913297.142857
28122336.190476
28835160.952381
29242716.190476
29856786.666667
28622440.000000
28354593.333333
28264590.476190
28236000.000000
27774846.666667
28589980.000000
30391576.190476
28455774.285714
30152537.142857
28121092.380952
30768306.666667
27535262.857143
28644852.380952
27997398.095238
28390726.666667
28433710.476190
27899819.047619
28576903.809524
28273473.333333
27543105.714286
28698373.333333
27620406.190476
28799214.761905
28380238.571429
27772193.809524
29238007.619048
29454645.238095
28499425.238095
28672150.000000
28151810.000000
29750189.523810
28706552.857143
27915540.000000
28612016.190476
29231343.333333
28704980.952381
27589752.857143
28544774.761905
28535571.904762
28534104.285714
28465676.190476
27789376.666667
27911098.571429
30025428.095238
28341951.904762
28439720.000000
28050721.428571
29065492.857143
30208703.809524
27946539.523810
28461713.333333
28350354.761905
29097980.476190
28642847.142857
28358327.142857
28256545.714286
29870593.809524
30346924.761905
28121650.000000
28541035.714286
29641683.809524
28105560.000000
28319534.285714
28939500.952381
27775462.857143
28388139.047619
27903703.809524
28004291.428571
28501954.761905
28829414.285714
28507047.619048
28505555.238095
27738470.476190
29874420.000000
28253719.047619
28148688.095238
30114452.857143
30444989.523810
29443594.285714
29263323.809524
28491860.952381
31208863.809524
28057021.904762
28361802.857143
27908224.761905
29993611.428571
28509644.761905
28413669.523810
28582899.047619
29289280.000000
28531022.857143
27364003.809524
31186379.047619
27734067.619048
31065993.333333
28499713.333333
28519833.333333
29963473.333333
28622747.619048
27906881.428571
28321805.238095
28222028.571429
28147306.666667
30880264.761905
30863771.428571
27817367.619048
28642358.095238
28535874.285714
28594436.190476
28593067.619048
28660862.857143
28539783.809524
28116046.666667
30282004.761905
30091550.476190
28679533.333333
27790471.428571
28736279.047619
28377989.523810
28318821.904762
27621257.142857
28440760.000000
28288029.523810
30722731.428571
29855002.857143
27947783.809524
28299037.142857
30198790.476190
30586540.952381
27248873.333333
27322889.523810
27687884.761905
27697452.380952
28871836.190476
30924216.190476
28287651.428571
28655546.666667
29227280.952381
28727480.952381
27817203.809524
28680184.761905
28181318.095238
29167207.619048
28281235.238095
29820258.095238
28557864.761905
29064305.714286
29139153.333333
27674418.095238
29536200.000000
28463677.142857
29500212.380952
28267917.142857
29314752.380952
29359200.952381
28465221.904762
28065108.571429
28786391.428571
29483225.238095
27955493.809524
30830933.333333
29186134.285714
28339433.333333
29125918.095238
28240470.476190
29987244.761905
28030859.047619
28405080.952381
29295584.761905
28320992.380952
29520184.761905
29080709.523810
28505750.476190
28247746.666667
28290984.761905
28233106.666667
29632845.714286
28632874.285714
29699069.523810
27991069.523810
28094480.952381
30156859.047619
31019881.904762
27854254.285714
28143279.047619
28165515.238095
28640012.380952
28058116.190476
29165535.238095
27909633.333333
28006855.714286
29420571.904762
28515741.904762
28592805.714286
30152585.714286
28756163.809524
27738521.904762
28341959.047619
28732181.904762
28025589.523810
28652926.666667
30051527.619048
28498247.619048
28339074.285714
28591466.666667
30589102.857143
29309523.809524
30896661.904762
28355021.904762
29258705.714286
28142882.857143
30221146.666667
28649243.809524
28756863.809524
28003045.714286
27174325.714286
26335065.714286
26393124.285714
27054452.857143
26636627.619048
26878698.571429
26361037.142857
26679620.000000
28086070.000000
28002832.380952
28578841.904762
28955540.952381
26913491.428571
28349870.476190
27478514.285714
27834313.333333
28656528.571429
28354407.619048
28410492.380952
28178045.714286
29659438.095238
28412938.095238
28470619.047619
28921651.428571
29335056.190476
27789336.190476
29826868.571429
30387068.571429
28842006.666667
28092327.619048
28553938.095238
29969902.857143
27729258.095238
28494436.190476
29586224.761905
28520230.476190
28782382.857143
28459393.333333
27827983.809524
27663452.380952
28305081.904762
29250946.666667
28375806.666667
28026111.428571
28691941.904762
27735993.333333
28121855.238095
27801845.714286
29210294.285714
28219546.666667
27664635.238095
28338003.809524
28221910.476190
28027554.285714
28572962.857143
28968062.857143
28839980.000000
30144209.523810
30716867.619048
28110137.142857
32309626.666667
28617880.000000
29304208.571429
29260031.428571
29366866.666667
29676005.714286
29123947.619048
28547965.714286
28901467.619048
31266008.571429
29532309.523810
28523958.095238
27922312.380952
29507507.619048
29779088.571429
31053108.571429
29895420.000000
31585917.142857
29293315.238095
29560285.714286
28621358.095238
29811085.714286
29473680.476190
28836677.142857
29077207.619048
28522200.000000
27638095.238095
28435734.285714
26782525.714286
28805799.523810
29484010.476190
28927009.523810
29949589.523810
30007360.000000
28589798.095238
31930878.095238
29229680.952381
28492426.666667
30964558.095238
27988515.238095
29158945.714286
29409260.000000
28700324.761905
28313956.190476
28885734.285714
28652090.476190
28054603.809524
28995315.238095
27819065.714286
29989513.333333
28756223.809524
28236275.238095
28473209.523810
27797537.142857
28206174.285714
30007164.761905
28506231.428571
29631302.857143
28698872.380952
28002719.047619
30337296.190476
27883685.714286
29137931.428571
27970200.000000
30842937.142857
29226811.428571
29605013.333333
28313363.809524
29445915.238095
29147897.619048
29608307.619048
30233160.000000
30825269.523810
28334384.761905
28313475.238095
29254941.904762
28424053.333333
30181283.809524
28477608.571429
29508853.333333
29951094.285714
28101861.904762
28406478.095238
28755986.666667
28471390.476190
28473198.095238
28539203.809524
28420196.190476
28708775.238095
29583490.476190
29986896.190476
30465070.476190
29449805.714286
28234336.190476
28567421.904762
28773426.666667
30015772.380952
30038248.571429
29538579.047619
29998550.476190
30974303.333333
30813546.666667
29623972.380952
29887510.476190
28888250.476190
28726270.476190
28519450.476190
30803908.571429
28257899.523810
28350741.428571
28896990.476190
29372287.619048
29571209.523810
30269051.428571
27840449.523810
30620145.714286
28995472.380952
28566116.190476
28470170.476190
28573209.523810
28511401.904762
30676992.380952
28217958.095238
27884399.047619
29214651.428571
28664862.857143
28168118.095238
28295346.666667
29930635.238095
30044475.238095
28611475.238095
29622094.285714
28592308.571429
28005831.428571
28662953.333333
27978285.714286
27963456.190476
28051889.523810
28270000.952381
28328865.714286
30396768.571429
30919688.571429
29633143.809524
28574003.809524
28483273.333333
30596781.904762
28513789.047619
30371503.809524
28207482.857143
28533509.523810
31263926.666667
30405515.238095
27918940.000000
28472490.476190
27480053.333333
30744310.476190
29882707.619048
28365218.095238
28281183.809524
28157240.952381
29458526.666667
28351580.000000
29539354.285714
28090652.380952
28387738.095238
30355686.666667
28209472.380952
28800320.000000
28277807.619048
28573838.571429
28610098.571429
28312544.761905
27885783.809524
28467860.952381
29028282.857143
30071913.333333
29442939.047619
27387318.095238
28378675.238095
28270923.809524
29075774.285714
28072004.761905
28368375.238095
28323940.952381
28380832.380952
28966119.047619
27768212.380952
28083206.666667
27513716.190476
28097998.095238
29135633.333333
29606558.095238
28764119.047619
28493879.047619
28616663.809524
29170321.904762
28938852.380952
28199546.666667
28177871.428571
29298642.857143
30998835.238095
28536375.238095
28220864.761905
28706941.904762
29333038.095238
28810539.047619
29082159.047619
28443349.523810
28218421.904762
27998136.190476
29011636.190476
27500583.809524
27967288.571429
28397560.952381
28477073.333333
30326309.523810
28830644.285714
28747396.190476
27862233.333333
29146148.095238
29016693.333333
29405485.714286
28422422.857143
30509409.523810
28894379.047619
30167278.095238
29294571.428571
27978455.238095
27796591.428571
28623735.238095
29922588.095238
28242275.714286
28186121.904762
28559229.523810
28487933.333333
29193647.619048
31054041.904762
26474337.142857
27446734.285714
29337569.523810
29229742.857143
27929921.904762
29608423.809524
29005990.476190
28346745.714286
29991329.523810
28556872.380952
27838672.380952
28536733.333333
28554816.190476
28991264.761905
28381670.000000
28558338.571429
29159050.476190
28401119.047619
30046151.428571
27941717.619048
28834748.095238
28909518.095238
28556705.714286
27920361.904762
28287224.285714
28491831.904762
28191579.047619
27996106.666667
29720669.523810
28633467.619048
28056902.857143
28230554.285714
29558819.047619
29498934.285714
29418677.619048
29457810.952381
29441090.476190
29518420.000000
31289064.761905
27025926.190476
26754261.428571
27961898.095238
29362764.761905
30425545.238095
27971495.238095
30892596.190476
27936626.666667
27520070.000000
29865139.047619
27788160.476190
28561765.714286
30611601.904762
30254807.142857
28071828.095238
30364509.523810
28585120.000000
28087328.571429
30826391.428571
28479428.571429
28502031.428571
28410258.095238
27655325.714286
27927494.285714
28351488.571429
28264371.428571
28326374.285714
28095688.571429
27964547.619048
28144242.857143
27651885.714286
28495857.142857
28108560.000000
29867686.666667
28069374.285714
28197129.523810
29699417.142857
28697118.095238
27883721.904762
28382211.428571
28598852.380952
26523347.142857
28239324.761905
25728107.142857
27162160.000000
26131722.857143
26374662.857143
26454195.714286
26147643.809524
28128895.714286
26508140.000000
27050854.761905
26426028.571429
26823984.285714
26316721.428571
26316142.857143
28488607.142857
28301368.571429
30075735.238095
27757836.190476
28262960.952381
28881536.190476
27844691.428571
26849914.285714
27469255.238095
29408416.190476
28840653.333333
28225640.000000
29715497.142857
28118480.000000
28622726.666667
28272333.333333
29114115.238095
27932486.666667
28112475.238095
28979736.190476
29999340.952381
27410857.142857
28213205.714286
28340756.190476
29158243.809524
27910967.619048
28180633.333333
28537870.476190
29198484.761905
29340850.476190
30086728.571429
27902843.809524
27368587.619048
28465330.476190
27836233.333333
28658493.333333
27848468.095238
28282280.476190
27835070.476190
27350766.666667
28255501.904762
30263341.904762
28250970.476190
28558559.047619
30804070.476190
29134933.333333
28922456.666667
30368119.047619
30093684.761905
28766438.095238
31736856.666667
29378650.000000
30870153.333333
30275015.238095
28379810.476190
27677226.190476
27922094.285714
28363097.619048
28245282.857143
28702081.904762
28390187.142857
28375236.666667
27806507.619048
29922341.428571
27728213.809524
29178479.523810
28038859.523810
27859854.761905
27739036.666667
28476633.333333
29966558.571429
27377357.619048
29063924.761905
27981529.523810
27994029.523810
30252295.714286
27807419.523810
27796106.666667
27855908.571429
28651183.809524
27372751.904762
28245026.190476
27775341.904762
27843078.095238
27731414.285714
29312589.047619
28287716.666667
27198491.428571
28379239.047619
27884452.380952
27630596.666667
30229700.476190
28288681.904762
27896665.714286
30201700.000000
28633073.809524
27377215.714286
27562512.380952
28535088.571429
28126997.142857
28005362.380952
27724010.952381
27898700.000000
29450623.809524
28207723.809524
27996262.380952
30183974.761905
29120412.380952
27824577.142857
27990221.904762
27989145.238095
27837430.952381
27665162.857143
27964759.047619
28391021.904762
28692687.142857
28593235.714286
28803310.476190
29561119.047619
28480500.952381
27108875.714286
27288231.904762
27368929.523810
27818374.285714
28257594.285714
28158493.809524
28497886.190476
28362296.190476
27999188.571429
28212236.190476
27492345.238095
27817670.952381
29237643.809524
28484850.476190
27500418.095238
29035082.380952
27495630.952381
27682672.380952
27465261.904762
29234880.476190
29837684.761905
28647467.142857
28158924.761905
28040094.285714
30201736.190476
28009960.476190
28265237.619048
28621933.333333
28262885.714286
28031101.904762
27964604.285714
27618825.238095
30272017.142857
29462513.333333
29628497.142857
28838169.047619
29140010.952381
29200766.666667
28653160.000000
29727959.047619
29578506.190476
27903985.238095
28326769.523810
29127489.523810
28813984.761905
27835639.523810
28605210.952381
28475527.619048
29111633.333333
27976982.857143
27786758.095238
30207509.523810
27614985.714286
29378768.571429
28359621.904762
29264989.047619
27855287.142857
30520018.571429
28242012.857143
29351350.000000
30415622.857143
27405119.047619
30611563.809524
27682480.952381
30278057.142857
28090284.761905
28234785.714286
28134279.047619
29848067.619048
28441372.857143
28495429.047619
29698173.809524
27774111.904762
28520301.428571
28771258.095238
28430417.619048
27582705.714286
30376423.809524
28253817.619048
27940839.047619
30125803.333333
28461506.190476
28262170.000000
28548735.714286
30879672.380952
26101213.809524
27547233.809524
29526397.619048
28500118.571429
31015643.809524
27711386.190476
28397597.619048
29042039.523810
27876315.714286
28506506.666667
29270697.619048
27788873.809524
28117841.428571
29247701.428571
30966499.047619
30848696.666667
27542706.190476
30043208.095238
28498846.190476
29656502.857143
28718107.142857
28867550.952381
28190430.952381
28108785.238095
29565428.571429
27458641.428571
30754045.238095
28076004.285714
28564557.619048
29138831.428571
28187604.285714
28991018.571429
28126480.476190
28212107.142857
28669804.761905
27968690.000000
28430628.095238
27755856.666667
28864778.571429
28233121.904762
28303036.666667
28416114.761905
29079228.095238
27943474.761905
27984314.285714
27924328.095238
27606660.476190
30245758.571429
30810773.809524
28342055.238095
29481524.285714
28439976.666667
28613302.380952
28606394.761905
28626219.047619
28232090.952381
28021765.238095
30075866.190476
27467867.142857
28914400.000000
27849349.047619
29127120.476190
28094710.952381
28501825.238095
31165431.428571
28562917.619048
28297688.095238
