1438
678
774
722
696
591
565
693
595
554
1094
607
553
545
738
587
544
561
552
546
554
560
546
692
562
547
553
909
541
540
724
600
558
547
695
574
806
712
592
682
563
559
554
585
552
582
661
559
586
578
540
540
539
533
536
567
540
532
530
538
727
593
567
553
564
554
561
553
682
654
559
545
544
544
552
548
542
541
545
545
541
551
545
542
591
1014
573
561
549
547
543
561
642
557
549
546
542
542
544
556
545
544
554
548
543
561
585
556
543
555
547
544
543
544
555
655
563
541
547
548
547
539
548
554
545
544
540
539
584
553
551
542
545
543
542
548
551
552
642
552
544
560
542
539
558
543
544
545
553
544
542
573
548
540
539
554
542
538
555
553
544
655
550
550
551
544
563
540
545
547
542
541
542
586
556
547
540
548
542
542
544
557
546
543
793
555
545
545
549
555
541
544
542
538
555
540
577
549
540
1872281
1015
698
886
1078
788
662
558
3391
833
1167
1641
1066
674
1245
961
710
812
547
523
1546297
835
681
860
13580
755
1410
916
830
723
664
687
637
560
1225
1599
863
662
1054
1197
1415722
1373
736
1211
1118
879
703
761
739
641
1033
853
795
531
645
733
1114
703
939
577
1564090
1490
1318
799
888
564
642
549
1012
782
806
523
505
1915
1072
1528
1246
622
733
593
1543894
1799
1097
1065
1034
797
1007
612
1265
1534
835
1555
894
811
992
1477
938
1066
1524
716
1440860
1051
1582
827
893
568
1428
1028
677
685
810
970
1298
815
1024
865
558
664
876
715
1375455
1148
13092
769
696
566
2418
898
852
677
557
4495
563
2955
566
3072
709
2860
563
2655
1403533
1080
1001
619
6129
734
1095
1594
615
2816
606
3106
798
703
3502
606
3262
970
889
1373
1566626
893
742
963
751
592
4161
618
675
2854
627
670
1817
723
3460
966
672
684
3300
709
1549297
1267
956
926
799
696
598
2972
625
2540
739
2993
625
3762
833
1891
736
3151
613
668
1476678
1201
844
898
806
558
689
1374
1003
928
829
563
2935
855
1086
1201
859
575
673
2113
1348596
841
872
853
1072
857
557
513
631
5142
748
641
680
519
502
3206
1116
893
1072
562
1371810
1706
900
969
1028
1042
881
702
778
668
546
4037
670
832
765
638
1804
642
652
2116
1470147
1377
1080
841
922
622
680
616
582
761
593
552
3791
870
986
834
1001
3384
956
600
1509354
1315
989
954
749
1068
1041
1084
1491
1432
837
627
545
3856
729
1027
1422
944
911
1256
1429456
759
4650
999
716
666
685
486
594
506
845
4425
717
1371
788
874
509
801
1618
621
1357335
869
12614
1431
1236
1797
955
869
924
615
3716
926
594
4287
732
596
675
3502
606
2493
1416783
1012
844
722
725
594
567
542
1074
2584
850
1201
1516
576
2627
751
2828
607
2981
739
1522382
1064
1281
938
888
562
1394
3431
533
3860
709
953
558
3105
1396
890
785
854
998
670
1492274
1638
1143
1212
835
887
1224
578
1958
1610
757
1281
796
852
912
600
551
3472
876
704
1448614
928
1289
659
660
770
509
492
596
2954
776
526
3496
671
606
1899
532
575
514
2531
1340501
1467
15152
1025
961
1162
1040
818
1108
649
1255
806
801
962
1188
827
967
591
848
1088
1411060
1465
974
869
902
893
558
695
4704
864
1410
836
823
1263
990
746
871
842
561
1152
1587482
1559
865
981
982
991
895
967
594
545
540
4209
887
961
798
966
879
698
693
722
1558052
47066
5132
861
6373
752
787
1363
979
644
725
589
545
546
672
3133
764
880
682
1313
1561431
143934
759
1079
1073
758
781
930
680
1174
849
841
595
546
3926
1146
813
887
703
1148
1191056
177891
908
1749
956
1015
1067
1435
958
862
731
714
1207
661
1340
827
794
786
937
542
1180320
176418
692
1063
2107
701
639
6195
707
1335
2458
1115
1034
700
603
3504
611
688
3752
718
1207799
193089
2025
1097
1005
1067
1021
844
994
798
1049
611
613
754
595
1142
946
602
549
824
1381088
157948
749
21387
970
858
617
993
1188
860
686
588
551
1148
1595
601
1126
1585
649
763
1355690
137395
837
11088
2475
998
700
894
857
879
568
512
3052
773
904
1061
781
926
566
995
1175659
181353
982
1172
782
1498
1369
825
681
679
1534
794
840
785
529
650
1025
1005
791
699
1168009
224030
932
995
749
707
590
563
686
3214
763
907
1269
1914
704
715
871
954
868
557
1199570
170923
1045
1149
950
1111
853
1005
1242
830
853
593
710
1414
640
822
950
841
640
556
1307983
168948
879
11757
1661
1570
1066
1018
817
978
794
1433
1708
723
975
1070
807
815
1807
606
1542509
1104
3479
758
2892
774
1064
609
1009
1741
774
980
927
988
610
556
2632
771
711
549
1569912
873
13169
744
2863
1008
804
708
3976
611
2709
739
2914
712
3072
743
855
1498
1539
626
1441161
1016
1317
784
1008
633
550
1091
917
802
779
860
1053
667
863
611
1290
1443
741
1209
1588350
1154
959
731
760
879
799
883
819
511
502
5955
1025
748
775
692
779
558
501
642
1518424
1057
1015
891
825
642
548
518
505
5967
824
997
1845
847
1025
597
863
596
549
1016
1399709
1152
930
990
743
938
813
517
654
1409
2292
570
1026
627
598
807
806
753
672
719
1383431
874
13496
1634
770
951
1266
634
7583
937
896
709
1009
2043
620
2722
745
2744
623
665
1443261
1642
994
922
822
747
1261
1073
811
792
765
1290
898
814
684
663
690
577
551
691
1641388
1282
779
853
613
510
479
578
2981
820
748
1630
944
711
517
484
2174
583
799
532
1637508
2624
9837
957
960
1530
1087
1022
1188
838
828
727
750
1108
825
916
701
852
578
1117
1596618
163952
1501
1077
815
1423
632
1014
2435
988
1050
855
920
1570
817
891
763
963
904
721
1230141
189421
944
895
992
912
730
735
1565
960
724
730
742
627
1544
1125
755
573
514
618
1353830
201441
1454
1046
782
966
806
1449
1038
1450
923
1207
689
719
625
942
795
800
744
642
1346933
205539
2143
901
1027
805
631
1003
1928
1021
1257
946
842
694
1292
1058
792
928
799
552
1341428
165319
1136
917
955
844
953
1005
1079
988
768
673
609
1113
980
600
2425
931
1048
699
1450593
206885
969
1196
858
979
593
551
542
671
3801
841
1074
821
676
923
987
802
591
1096
1389977
218756
908
942
548
635
551
4031
703
640
2652
565
3145
680
2903
723
1031
1189
4207
564
1272335
272590
878
569
1239
1103
603
6765
773
1268
1769
856
979
1142
768
2857
611
1991
3852
728
1350251
171915
1072
1206
921
554
516
8179
698
693
552
3182
710
1042
1445
540
4820
913
977
557
1504253
162137
871
9363
775
758
622
3163
1064
821
1276
3677
580
4020
696
2893
567
3146
564
2747
1501591
155458
1801
9603
1341
1020
630
4526
655
774
709
1343
1410
4256
687
2788
573
626
3414
659
1260166
146855
1071
853
983
884
580
480
612
612
4847
844
884
1134
713
822
804
508
501
469
1292940
153870
2204
662
693
814
697
476
467
6529
1186
815
807
875
646
758
511
473
479
811
1386990
159191
912
2202
781
553
528
650
2132
603
513
2652
779
873
1050
1884
718
843
911
869
1547320
163836
867
10980
1555
1521
1840
1064
832
699
2663
5252
878
1924
607
2760
579
3539
679
637
1583906
140225
701
11803
711
6086
687
667
550
7416
1062
734
814
847
659
554
3044
693
2873
567
1226686
170912
881
1013
684
645
552
8662
699
696
1014
813
714
515
3906
768
816
1057
2177
1270
1204768
236966
1102
1056
618
8583
890
1110
854
917
721
2509
857
677
2456
610
3157
728
590
3334
1257237
189005
1227
1018
956
771
634
1543
786
828
759
690
1371
789
778
565
629
633
828
600
1338991
183141
715
15141
874
1515
782
652
567
503
509
2869
584
1127
1762
1037
765
801
552
508
1454898
147966
703
17154
2278
915
847
931
843
517
1222
1807
1201
1370
732
934
696
658
519
506
1257827
173754
893
3063
725
1052
1399
1021
892
994
1012
961
879
862
856
1438
792
619
920
726
1204324
240403
884
1766
1027
1077
1109
1004
791
801
1602
750
1522
959
611
712
622
663
548
673
1247166
213655
744
5616
897
1142
1466
2406
800
824
725
592
2854
963
612
3996
600
3319
728
606
1381559
160087
953
884
622
1016
1481
4899
630
2964
758
2682
622
2929
883
685
3551
662
4141
702
1546130
122091
881
13266
962
972
816
1016
836
585
4235
626
3293
768
2851
910
610
4305
954
728
1286592
141843
948
821
935
713
606
7881
816
1106
886
561
680
1053
2716
850
689
4494
780
693
1296734
135276
964
1202
867
872
861
561
671
2337
2141
1576
658
727
853
813
805
916
596
548
1375045
181466
1228
1099
1030
910
564
693
588
683
1349
2291
821
620
1341
797
782
927
620
735
1538854
161164
1238
821
957
896
753
1720
592
522
634
887
2125
847
738
642
802
557
2372
677
1471451
135299
744
16241
1084
1133
634
730
599
555
589
720
1377
2888
1272
787
575
641
539
754
1255488
194054
917
992
946
1795
680
566
1416
806
765
1263
860
757
759
925
785
766
728
734
1211229
197882
1225
980
1025
967
796
935
1568
696
963
1237
841
878
876
751
860
793
986
752
1277914
181172
929
1049
1045
694
598
4258
943
813
856
906
858
784
1475
704
1170
1885
778
592
1510704
165802
1112
967
960
804
880
557
989
1035
738
860
766
511
1264
1446
590
1167
837
665
1434986
154597
847
701
621
670
561
9159
720
680
674
1306
718
999
1630
703
1700
583
1167
3521
1261187
142071
1211
1066
780
812
787
1092
938
770
711
1273
1207
735
578
695
643
2188
761
641
1361382
110105
1201
1008
891
879
600
551
557
678
4568
906
1391
849
872
1344
821
953
604
551
1473129
139830
1047
1079
1004
770
824
726
613
972
785
606
667
586
2423
915
943
959
944
611
1612887
148443
871
17546
2284
759
717
592
564
675
1425
788
830
677
595
3690
923
944
806
553
1489609
152691
896
10307
2128
1326
1096
1040
753
717
602
1518
1929
1006
777
908
720
557
765
1308
1277385
123578
1155
1188
742
923
568
508
500
992
5000
828
797
896
780
922
694
694
548
602
1359594
112034
935
851
893
711
598
6707
780
740
592
2910
637
2980
621
1124
1721
871
594
3277
1361240
155289
1312
4002
1045
4796
692
653
510
3791
681
599
2990
526
3064
675
5842
713
987
561
1498863
177265
1309
938
815
861
550
507
1354
825
853
621
516
2368
609
680
2680
844
1059
1173
1284033
199337
1359
977
1040
1038
794
872
790
1061
743
1398
707
1447
828
854
760
847
945
564
1226446
185599
1320
1817
1032
1148
804
652
972
1189
836
1015
867
746
845
1011
811
985
600
758
1197810
240183
1111
922
934
879
829
521
653
546
1584
2702
1007
883
699
592
873
815
781
633
1190296
245288
838
754
912
650
546
4161
724
2663
568
3021
579
3061
747
998
1167
3687
683
2617
1231833
206397
1152
999
625
686
597
7056
743
1676
863
693
702
2622
793
692
4088
613
838
1388
1224769
176732
873
864
563
1357
598
4121
590
2774
568
2881
701
2933
668
2893
563
3046
668
2600
1189844
204842
1897
902
714
802
553
511
509
617
4918
714
867
1000
999
867
807
640
566
511
1213026
182756
868
1055
849
865
562
510
980
3855
1514
954
996
920
762
537
1210
691
653
640
1263685
172416
1510
953
959
805
737
1304
831
828
779
852
1339
967
829
1139
809
1195
745
728
1425869
138450
883
14554
748
1639
3155
734
897
883
582
764
932
943
973
639
544
4848
692
645
1464528
133639
699
11175
921
857
929
891
797
521
637
545
3763
601
706
792
1021
1003
497
574
1268347
147981
1159
13917
1091
1163
825
830
753
618
2597
1108
627
946
766
831
699
959
633
765
1450949
105789
4678
756
745
732
771
2272
863
961
791
566
3393
914
1320
922
937
796
684
1908
1437240
162293
1090
1086
993
610
560
4882
852
1239
607
4247
642
2852
612
2962
604
2832
765
2532
1489113
152892
929
804
715
1040
1918
8122
761
1109
685
3233
1019
953
819
1036
623
2030
4591
803
1464556
146666
1103
966
895
669
559
508
5852
1270
935
706
567
941
1134
950
913
701
879
668
1247654
217882
1268
952
822
978
927
563
1381
885
1007
784
1080
725
869
866
1009
819
1364
630
1157532
301373
1262
1565
922
928
829
1406
1247
1000
1048
881
1022
1024
689
841
825
726
594
550
1173464
236225
1055
1204
991
937
571
681
5950
885
2023
995
748
992
760
1150
977
590
697
594
584
1389734
795
721
906
660
594
4141
589
587
2533
708
1159
697
1051
634
520
2385
773
610
1275117
145256
891
9327
3330
1108
1093
1024
793
872
616
1158
1859
894
698
1323
1495
727
549
1745
1182636
197480
910
1066
844
694
544
507
501
5482
784
743
1554
1015
616
863
558
1310
583
979
1185102
227025
853
1002
727
857
550
510
503
6419
749
828
1201
885
866
966
752
792
552
512
1250706
188208
981
1019
910
940
551
525
8162
711
1174
785
1044
746
965
940
951
557
653
545
1415973
183225
1148
1066
623
698
591
566
547
5630
1347
1076
826
1495
846
840
742
560
708
597
1345380
133518
910
765
780
980
593
555
7308
869
1208
896
1433
1207
991
958
897
896
694
592
1239141
145211
1298
1821
635
697
3364
818
678
3772
940
702
4564
768
551
2788
687
2297
5141
569
1250095
204441
934
1127
747
705
599
7740
751
1153
842
737
696
2693
638
3016
653
4264
614
676
1173137
222999
1692
910
998
599
7601
726
719
3398
1354
915
869
677
4267
716
591
4376
705
591
1171003
229756
933
748
724
597
691
8067
784
757
1023
2046
751
792
594
2630
1372
3545
4100
746
1200375
175361
850
671
876
939
579
4593
594
1975
3960
566
2898
707
2951
594
3102
695
630
3091
1197006
211260
1096
926
930
1062
611
1563
940
958
790
1267
831
986
617
557
1217
1157
1475
579
1164909
260805
1702
898
1135
924
1025
817
898
764
674
590
4199
1102
821
625
902
1264
1921
753
1213999
182952
1253
1314
1031
781
564
3371
4070
765
3008
916
610
4824
882
720
688
5222
608
2743
1287995
133410
883
993
858
2117
3044
4179
628
2798
763
2824
611
2985
733
2411
4400
1106
868
694
1487116
132512
879
12648
738
5606
922
1080
842
822
832
550
544
679
4085
1390
901
783
587
506
1296461
163702
1111
1165
853
705
606
556
4582
879
782
1078
1335
3823
663
3424
773
707
2660
607
1380485
116972
994
836
601
737
8243
743
1087
912
691
692
5480
895
613
1242
3168
965
635
1196
1387813
127704
964
781
844
1013
593
3903
769
2735
613
3234
623
2808
609
3369
761
597
5176
748
1552398
153092
940
736
616
903
598
3873
629
2713
738
2722
610
3052
719
3411
575
2488
567
4054
1444516
134376
1821
1081
767
772
735
509
6343
875
979
1506
796
779
1614
716
652
559
635
545
1238246
147116
1085
860
800
624
509
491
585
4474
716
805
1025
849
720
750
823
1495
617
507
1214294
215889
1211
1063
848
1113
833
1462
919
986
593
685
624
1779
945
1018
3134
1149
634
714
1197019
210196
1339
1090
829
778
819
791
716
2861
897
991
902
695
603
4871
733
936
1066
717
1218348
162246
779
3871
1556
633
4486
955
608
3099
919
993
863
953
592
2603
1903
962
719
694
1269374
122036
760
14875
1114
799
880
1050
1028
939
598
559
990
1874
596
1081
1634
818
844
1254
1211595
208336
876
1488
2075
930
828
720
1202
2064
751
968
1244
1024
604
609
681
1116
766
562
1146950
285218
1273
1054
1017
945
1387
1005
918
1979
790
818
1001
641
719
1281
631
903
756
887
1173342
212531
815
4856
803
568
1045
4923
717
686
545
519
2787
846
860
515
2860
533
3103
677
1178836
191620
873
976
2229
815
708
6477
1809
700
773
1024
953
809
951
1047
1837
728
3809
728
1200096
184080
693
14497
1622
899
878
668
4171
683
2819
837
634
3276
821
646
4997
585
1323
2009
1145709
243514
967
755
866
1035
596
564
4936
981
603
4219
806
1212
764
607
684
4457
617
2757
1117740
255060
946
921
1016
924
816
531
1560
796
728
518
641
2076
540
510
2864
723
760
517
1177738
216674
1238
892
951
826
829
516
639
6364
743
1076
747
803
807
1055
897
839
646
551
1174243
206075
2449
937
798
847
750
597
3965
877
977
1324
1020
1464
1113
990
866
552
529
2891
1244769
129344
807
11844
852
1000
919
821
850
911
785
516
6552
775
696
549
3657
798
1269
524
1246924
146081
1290
1096
903
973
609
1058
1072
989
753
621
1035
1469
883
731
2229
815
739
559
1336171
104572
934
909
591
720
593
576
547
3460
890
724
609
1128
1010
615
2248
884
926
1444
1422273
157022
890
11673
969
1370
1083
939
1724
1064
823
1342
1065
1090
837
627
683
725
712
601
1467270
149578
3370
998
714
859
706
1174
2064
753
874
892
678
3112
1102
938
748
621
1089
1930
733
1435931
874
15023
962
1327
850
834
805
553
1461
930
745
850
1004
857
832
960
805
1452
1285073
125987
976
1024
1000
967
783
737
696
610
1135
2298
719
878
781
1432
932
732
561
991
1332395
104711
1023
627
796
878
544
7543
628
622
523
4401
940
836
693
480
4947
759
647
477
1394966
139019
1013
979
1066
599
561
7606
766
736
998
1759
641
2942
778
682
2721
626
3044
625
1457838
174788
1117
750
611
1037
2517
5464
881
845
1225
809
1232
1079
788
771
943
784
3094
803
575
1502623
898
11929
1438
888
1003
1159
1125
913
1114
1236
819
1109
635
1117
864
788
767
738
1242767
137490
1248
1019
1014
1003
605
565
689
603
5491
819
956
2071
1620
810
623
719
588
569
1254619
133812
938
966
1107
987
609
562
1317
817
695
650
1132
1525
701
1206
1479
579
2613
571
1287057
178094
1482
972
943
799
763
704
597
1088
3166
1144
1131
743
901
692
792
912
591
547
1354626
166642
908
15889
3518
782
872
746
724
1128
1216
945
803
1065
748
859
928
899
785
550
1384244
113415
875
13179
790
757
607
2791
933
1577
685
555
677
3013
745
733
1078
833
685
680
1270568
129492
894
983
750
916
770
539
506
609
3322
715
803
694
744
1188
684
854
852
569
1250836
147463
3572
692
844
824
572
1125
1041
826
738
809
747
816
774
1250
800
773
964
598
1264414
170061
1041
966
961
858
623
972
1606
680
747
601
557
1283
754
955
602
1941
734
2586
1248847
158042
2029
789
779
791
646
641
514
4728
1214
793
670
578
641
1734
746
630
852
659
1343120
131006
1068
843
997
708
556
512
856
672
5086
1291
778
942
809
1679
773
664
558
616
1322148
135433
2673
1017
1031
1070
825
932
852
560
6005
962
1345
865
796
1010
939
862
593
668
1413563
115117
938
1341
810
1444
669
1251
990
831
735
690
1210
658
851
599
1159
1480
633
1038
1358320
100334
755
14582
1035
1128
819
599
1184
812
600
567
5603
980
1001
978
647
846
826
845
607
1574908
104077
997
1022
842
933
599
552
545
675
4713
772
765
607
559
899
1524
640
558
1552272
1279
1028
975
794
612
1129
1027
607
703
594
551
1199
1549
675
1103
1754
622
694
595
1384598
903
16269
1398
1514
909
603
558
1377
837
807
854
832
1464
831
807
1015
771
696
560
1462992
1026
611
645
1208
1080
907
671
698
622
945
1599
570
2751
569
2992
572
3391
565
888
1534174
1058
1039
1115
957
619
1056
943
689
881
597
545
2454
919
1054
1799
908
856
617
759
1576436
1127
953
944
761
574
695
1596
649
2773
816
863
765
598
944
1064
909
785
843
728
1469037
1259
1006
958
760
896
1345
891
750
757
900
1129
794
878
587
1198
919
778
667
598
1454779
992
690
1200
664
571
677
1111
857
675
676
568
511
2346
860
583
2150
876
571
1526
1467632
1267
965
840
912
813
688
688
1764
999
619
617
668
592
3515
938
1010
930
922
565
1639874
1330
946
890
929
911
565
684
731
4648
791
1711
705
994
933
919
769
706
677
899
1571796
1621
1028
954
792
582
1273
849
843
890
608
3223
717
812
942
782
1721
784
774
693
1549339
844
878
1129
841
985
568
511
510
1074
1560
731
529
1968
1568
868
690
564
783
564
1442276
822
12207
872
686
762
1117
693
649
5112
1304
776
930
739
1430
1149
596
508
2340
579
1504801
35334
863
786
688
1296
603
509
507
1000
4543
793
1556
3560
850
1244
794
640
713
546
1553879
114564
937
877
914
1708
632
517
1051
934
712
1104
580
901
1619
550
663
2232
861
558
1524331
158918
3342
790
723
1998
1188
753
735
524
1049
597
1135
667
4089
812
896
751
812
575
1335454
146094
1028
993
697
883
742
516
506
631
5616
1370
661
851
615
721
796
1207
814
664
1231192
158482
1026
999
706
893
748
515
502
646
2700
666
742
554
2292
848
665
2141
1002
564
1242924
142297
1930
813
868
1082
852
724
757
653
2451
810
961
1592
569
3040
804
556
2013
664
1301157
161757
887
10929
986
799
1298
2056
1158
987
757
896
1380
902
719
554
658
3926
735
1012
1590748
3196
684
661
7402
652
634
645
1715
805
628
775
666
475
2470
830
804
674
479
2391
1679169
973
990
915
610
697
4585
614
2463
740
2508
3743
1271
1466
4189
830
1247
3569
734
2809
1497304
839
11780
690
3126
855
966
756
664
4441
700
617
4351
666
3800
683
630
3791
833
563
1451640
1790
931
846
726
7526
777
755
607
2726
810
1282
776
555
6034
627
679
3617
929
708
1511143
893
4483
753
728
1205
2906
1285
950
951
598
4239
621
686
608
3440
603
2891
730
3371
1407938
894
129587
1013
1128
798
717
589
560
1475
1652
804
603
3045
1009
656
1569
619
680
717
1428780
1180
1030
944
555
517
635
546
522
4661
958
1479
826
903
725
917
836
561
917
563
1358169
1218
959
882
636
871
552
517
502
624
3337
890
782
664
1647
718
573
1958
738
510
1512461
1077
619
590
1320
6961
959
1004
751
825
750
594
631
1602
673
872
743
1118
635
980
1481080
1428
1020
830
1295
853
560
1784
920
2041
671
791
1331
925
733
1033
723
590
673
726
1413167
902
816
1645
4206
624
2291
4265
740
1153
1550
729
3858
617
3256
871
780
558
2914
703
1466229
817
9604
832
565
531
2913
1027
809
653
547
3615
572
3969
677
2819
563
2948
687
2708
1428946
844
14447
947
896
670
574
512
628
6306
1020
806
687
1392
901
789
664
672
542
538
1424070
902
973
852
683
647
556
510
7585
848
787
804
2524
958
985
970
713
692
587
547
1526537
1024
1024
864
719
611
557
1500
813
817
927
588
590
729
601
556
3550
686
1042
1362
1556099
1304
868
842
753
889
563
983
1139
774
1088
563
504
2402
565
667
2240
648
843
552
1450827
993
1010
1005
602
574
688
4587
899
959
607
573
3962
835
1328
1559
669
709
3455
630
1387170
894
11187
1791
1422
988
637
1281
992
596
630
907
596
3818
623
2895
742
2691
613
2582
1395670
848
1636
946
691
808
919
775
742
646
557
3693
603
2679
578
2749
561
3037
572
2833
1522647
1093
1268
646
738
608
552
1179
867
1558
634
2898
625
5104
921
737
585
2309
773
2629
1572069
1026
1064
927
598
561
683
1058
831
676
588
2810
617
2696
723
2851
860
611
4114
720
1475782
1262
815
947
609
654
549
509
1296
922
841
557
3479
705
3098
578
2807
675
2974
577
1420084
1063
927
1012
786
893
606
552
5541
773
770
973
727
697
3317
638
2938
889
623
2330
1392811
1450
785
597
701
588
552
567
6532
1362
846
1420
835
1051
705
682
681
3456
632
3641
1518380
842
569
795
923
687
8806
725
919
995
554
509
4597
806
847
525
2651
539
3180
683
1566047
2154
945
995
946
609
7765
870
616
1106
868
601
3558
763
682
3278
633
2888
620
2621
1454473
914
736
842
868
727
6157
1000
826
600
2189
639
4071
869
1116
637
2660
743
2750
717
1404596
891
13244
2041
797
918
946
944
951
624
564
2828
633
1912
1663
614
800
869
614
549
1432752
1696
943
694
756
572
524
5783
815
1031
754
1134
903
783
766
765
842
640
653
631
1568198
1203
1024
1036
954
592
559
682
718
1956
1208
943
772
1272
856
807
912
1006
969
594
1422818
1223
1412
970
760
934
789
561
1573
685
902
603
1520
691
743
599
547
952
1608
582
1391402
1084
1084
885
782
729
696
593
1060
1527
1922
644
1060
760
742
894
878
835
670
594
1368085
816
12247
878
701
763
781
659
550
6211
766
886
1012
732
755
710
619
737
899
555
1421124
832
713
761
658
603
507
472
6346
772
523
617
721
1048
801
526
2559
740
830
608
1561674
887
12846
1202
2765
992
767
867
596
6174
743
735
4124
941
739
730
594
3173
731
3181
1514862
895
5453
4978
798
1087
798
942
645
552
3126
1300
1284
829
947
834
738
726
594
675
1468374
1519
1076
1006
799
754
913
1410
834
1029
809
639
912
1145
1600
742
2553
1047
632
697
1400887
887
14071
3485
794
956
780
969
739
892
739
993
757
807
719
1802
1907
898
786
679
1410633
1388
978
778
975
790
1138
784
2031
800
982
1005
882
763
1536
799
1047
987
603
722
1336196
1141
1086
767
673
762
520
506
632
3098
722
941
3806
985
744
728
724
514
3352
698
1432599
1354
1129
1322
630
557
687
589
5644
1004
1128
781
1499
1126
826
926
607
733
591
548
1496762
91165
1311
1067
867
716
624
560
5453
1179
724
793
721
652
801
646
872
825
568
2383
1461797
156351
1021
1189
858
729
580
510
1030
1861
716
808
893
857
554
3386
694
2932
809
626
1215802
170827
1000
1104
758
952
738
942
523
1097
2815
1849
601
716
790
636
725
899
550
506
1240214
169148
1978
989
973
905
719
836
569
508
1249
1431
545
661
1937
538
507
2590
545
509
1257981
172203
859
1157
987
771
745
741
527
524
629
5083
707
1263
760
590
635
560
2463
729
1217417
141750
881
14008
1121
898
895
598
662
730
631
6532
919
798
763
715
1104
942
559
510
1198584
176261
1346
936
821
1032
610
554
1839
1003
813
809
873
879
782
788
1217
776
595
555
1209699
190506
876
4797
751
3669
768
2950
5308
946
921
1452
935
996
806
566
3115
1037
612
713
1183749
193541
1334
1119
743
697
596
582
684
601
5778
963
880
1082
819
1042
776
1047
593
714
1212040
169616
1069
4694
811
3676
851
956
890
769
761
754
514
2593
640
850
545
2366
574
2579
1200021
184980
869
9310
1578
806
1039
2003
801
1178
1123
1035
831
704
927
2345
752
2824
713
683
1138150
256430
865
1219
799
775
743
515
502
640
5663
798
940
1552
766
811
685
545
713
665
1119136
256655
1406
1036
838
1063
615
685
1233
1009
670
566
662
940
846
1012
601
2783
766
680
1202494
194374
935
844
906
709
611
7826
752
738
721
2440
642
3604
702
923
1786
1295
4138
624
1276273
161919
5113
874
6195
1015
960
1078
973
556
4952
711
2717
578
2971
688
2988
570
3176
664
1448599
139003
865
757
871
743
568
4329
577
2361
4045
574
2979
699
2878
565
3158
562
4398
658
1246255
175175
918
1079
742
715
8303
832
766
603
5061
895
620
571
5348
905
775
592
2672
739
1413637
126165
1012
1093
919
976
602
556
1107
605
1814
1164
1910
923
988
601
1467
625
561
1646
1288025
193969
1256
1190
1016
991
919
704
607
556
537
5546
820
1445
844
832
731
738
682
837
1501858
107468
1061
814
914
885
647
550
504
1183
2386
1724
673
834
1230
1704
791
1012
841
559
1518089
123681
1445
13713
977
1072
1045
998
610
559
1200
1079
753
719
585
3478
763
1093
1854
727
1244703
136436
813
644
526
1078
8279
937
682
819
1391
634
2929
828
634
516
3055
4159
534
2671
1231893
157479
931
736
1035
1021
612
3783
618
2203
4552
659
2370
695
2869
563
3222
837
978
671
1270844
169713
948
1060
742
725
710
9345
773
763
719
2354
641
3220
613
2988
622
4836
727
2452
1333808
123028
887
18871
1202
666
606
726
4999
645
3323
748
2971
624
3928
743
2825
738
4396
633
1395514
177300
1813
756
558
514
7851
819
576
529
4715
982
790
825
552
4289
584
5565
705
638
1148333
241488
937
804
713
727
589
7596
886
856
705
596
2339
757
3427
636
1734
2170
629
3608
1118406
299319
1176
813
915
701
590
550
1493
1053
981
584
1295
1562
646
1104
1408
889
979
1240
1236435
149621
1661
1066
992
853
563
1524
838
834
746
554
2384
761
601
2334
765
1298
1351
640
1372225
159227
1160
962
717
801
662
559
510
2977
1884
826
886
724
975
1596
689
557
2334
671
1404730
131358
878
738
776
874
557
516
642
4815
986
564
511
3054
1389
852
828
900
950
642
1213088
163837
958
1144
884
1027
803
559
546
1127
3001
938
891
1202
1060
731
898
1056
857
678
1211829
183849
1002
1026
851
885
613
566
547
671
3332
789
588
674
2820
1023
842
618
658
583
1225465
150984
1183
1676
897
568
514
634
2319
593
3321
4472
699
638
4268
570
3120
580
4195
660
1313766
139795
822
19022
1304
1098
779
716
550
534
817
5286
1022
1512
714
2757
568
3302
571
2376
1423921
Xput: 13718
