45385430.952381
28364621.428571
29030237.619048
29535452.857143
28506962.857143
28227835.238095
27558264.285714
28486930.000000
26367010.000000
27702052.857143
28515177.142857
26634938.571429
26709865.714286
28224068.571429
26476198.095238
26329491.428571
26509768.571429
28247945.714286
28764335.714286
29654458.571429
28905554.285714
29002968.571429
28758642.380952
29266356.666667
29986011.428571
29177402.857143
27890826.666667
28788911.904762
29034348.095238
28630378.095238
29964350.000000
28343072.380952
29867417.619048
28854677.142857
28311358.571429
28722417.619048
27934265.238095
28326293.809524
29831240.000000
28190878.095238
30757341.428571
28863575.238095
28159939.047619
31176022.857143
28963222.380952
28672241.428571
29152283.333333
28108165.238095
27992811.428571
28865259.047619
27773979.523810
27993369.523810
30246625.714286
28186182.857143
28079620.952381
28947326.666667
28161901.904762
28672193.333333
29014189.523810
30691131.428571
28731175.714286
28252096.666667
28706820.000000
28130155.238095
30497062.857143
28772109.523810
29066429.523810
30501254.285714
28782401.904762
28714749.047619
28522720.952381
28440357.142857
29025693.333333
28072686.666667
28963198.095238
28689772.380952
31386303.809524
29749220.000000
27978060.000000
31023333.333333
28201498.095238
28610836.190476
28512633.333333
29144672.380952
27866529.523810
28960084.761905
28029488.571429
29757616.190476
30117404.761905
28584394.285714
28301700.476190
29038287.142857
28748023.333333
29434028.571429
28270368.095238
28536699.523810
28930037.619048
28654043.809524
28371310.476190
31516768.095238
28502192.380952
29227807.142857
31153254.761905
28696665.238095
28406438.095238
28674877.142857
29719018.095238
28662893.333333
28400336.190476
27456699.047619
28343000.000000
28194107.142857
28786946.190476
28922340.952381
28212790.476190
30567746.666667
28214123.809524
29674508.095238
28357570.952381
29920264.285714
31654750.000000
28484251.904762
28830965.238095
26603988.571429
30800981.904762
30336452.380952
28171314.285714
28132642.857143
28964206.666667
30220481.904762
31143312.380952
30917808.095238
28660053.333333
29237104.761905
30004355.714286
28275939.523810
30076538.571429
28426900.952381
28552443.809524
28583057.142857
29204187.619048
29710911.428571
30410026.190476
28364268.095238
27925350.476190
29480136.190476
28331848.571429
29684583.809524
28211447.619048
31442907.619048
28285740.952381
30540586.666667
28683344.285714
27997723.333333
29766448.571429
29255834.285714
28107925.714286
28880112.380952
29681921.904762
28090710.476190
30900466.666667
28534392.380952
28678338.571429
31415164.285714
31428576.190476
27964581.428571
29424819.523810
29447575.238095
29235975.238095
30149138.095238
31048603.809524
29184366.190476
27827040.952381
29672152.857143
28808436.190476
30566567.619048
29725455.238095
31341635.238095
28247244.761905
29257087.619048
29471533.333333
27983803.809524
29621270.476190
28143620.000000
29723629.523810
28754726.190476
30636640.952381
28146643.333333
28130188.095238
30812244.285714
29884700.476190
28636605.238095
31549106.190476
27801380.000000
30507113.809524
28266519.047619
30510747.619048
28380194.761905
29685530.000000
29560062.380952
30470916.666667
28130015.238095
30399270.952381
28591826.190476
27972290.476190
29558610.476190
28876370.476190
28932107.142857
28493227.142857
28620387.142857
28226912.857143
29694384.761905
31434951.904762
28929933.809524
28385430.000000
28643753.809524
30029620.952381
29414373.809524
30516065.238095
28819030.000000
28554331.904762
28604745.714286
28851407.142857
28408475.714286
30528816.190476
28442652.380952
29605149.523810
29566315.714286
30447931.904762
28360570.000000
29705387.142857
30404161.904762
30310050.000000
27999917.619048
30768460.000000
29684987.619048
28096446.190476
28711984.761905
29555351.904762
28131979.523810
30836579.523810
28236129.523810
29646979.523810
28785703.333333
30882442.857143
28873024.761905
28945870.476190
28453026.190476
28524084.285714
27808271.904762
28265159.523810
30655930.476190
28686902.857143
30451232.380952
28190078.095238
30891625.714286
28075989.523810
28461769.523810
29241900.476190
28324598.571429
28399768.571429
28227986.666667
28716793.333333
29400740.952381
28024434.761905
28189206.190476
28555213.333333
30057454.285714
31198552.857143
28063044.285714
28368897.142857
29681471.428571
30032359.047619
29256814.285714
28823972.857143
28911480.476190
31261701.904762
32031083.333333
28296103.809524
28522843.809524
29437059.047619
28008412.380952
28669000.000000
29480174.285714
27546922.857143
28052738.571429
27412453.809524
27260885.714286
27364699.523810
28228114.761905
27813280.000000
28775440.000000
27458707.142857
26396056.666667
27326958.571429
27101201.428571
26714325.714286
28525932.857143
29001400.000000
30247410.476190
31089418.095238
28983915.238095
29210926.666667
28108674.285714
28294845.714286
27640538.095238
29492105.714286
30247861.904762
29558345.714286
28693130.476190
32722606.190476
28631754.285714
28700565.714286
30558493.333333
30414020.952381
30176247.619048
28421236.190476
31203372.380952
29687322.857143
28700705.714286
28925858.095238
28671160.000000
29319250.476190
30130916.190476
30550499.047619
27921760.000000
30038672.380952
28971969.523810
28869540.000000
27687959.047619
31290166.666667
27894469.523810
27117358.095238
28036167.619048
27999725.238095
30941821.904762
30515916.190476
29313945.714286
31185033.333333
28780419.047619
28834769.523810
28598949.523810
28385119.047619
28832919.047619
29647695.238095
30313465.714286
29801459.047619
28776192.380952
30125739.047619
28507072.380952
29635473.333333
28500525.714286
29584566.666667
28457496.190476
28906062.857143
31424176.190476
28777152.380952
28539496.190476
28538746.666667
30854633.333333
28636761.904762
29387051.428571
31298074.285714
29743079.047619
28617518.095238
30562224.285714
29380593.333333
27843320.952381
28476354.285714
30425596.190476
30621768.571429
30222841.904762
28200646.666667
29640058.095238
28500543.809524
29184960.000000
33057247.619048
32153234.285714
31291029.523810
30801290.476190
31223569.523810
29262897.142857
29290700.952381
30117973.333333
31073411.428571
28969500.000000
28517928.571429
29676106.666667
28698416.190476
28730167.619048
29382759.047619
28393331.428571
28929465.238095
28391855.714286
30383994.285714
29114130.476190
28615665.714286
28355723.809524
28907000.952381
28516067.619048
28625989.523810
28459990.476190
30615598.095238
28250418.095238
29645437.142857
28301704.761905
30526167.619048
28267811.428571
49340171.428571
37299548.571429
33273058.095238
32205324.761905
34103775.238095
31298980.952381
31394599.047619
30459840.476190
31430905.714286
30391927.619048
31718944.761905
29533191.428571
28672366.190476
28663384.761905
30752543.809524
30916777.142857
28918446.666667
30836597.619048
30786840.476190
28908842.857143
28263302.857143
29211443.333333
28024663.809524
29421845.714286
29754564.761905
29191006.666667
28097798.095238
30069513.333333
27868340.952381
30362758.095238
29117430.476190
29111027.619048
28430349.523810
28426275.238095
30375622.857143
27804327.619048
28626486.666667
30097932.380952
28532954.285714
27939879.047619
28451532.380952
27637288.571429
28688440.952381
28239920.000000
28765236.190476
27751730.476190
30198437.142857
27671349.523810
28136310.476190
28211166.666667
27747251.428571
30393551.428571
27871003.809524
28640073.333333
28211593.333333
29112398.571429
31096145.714286
29974670.000000
30910299.047619
30002580.952381
30769610.476190
31016914.285714
30819967.619048
31418819.047619
30250037.142857
30226174.285714
32742815.238095
29510359.047619
29392053.333333
29781026.666667
28879833.333333
30475900.000000
28677626.666667
28822491.428571
30047749.523810
30150594.285714
28925464.761905
30210003.809524
32554869.523810
28600717.142857
32440754.285714
28502620.952381
29510178.095238
28520450.476190
30169671.428571
28925979.047619
29310509.523810
29964820.952381
29806950.476190
28171483.809524
27246399.047619
29934983.809524
29392871.428571
28645998.095238
28618646.666667
30059712.380952
28924429.523810
32382880.000000
30468050.476190
29219080.000000
31704729.523810
30991533.333333
30035886.666667
30341081.904762
28531610.476190
31621860.000000
29145027.619048
28605895.238095
30033927.619048
30026721.904762
29737138.095238
28559466.666667
29730073.333333
29136693.333333
30401024.761905
28785251.428571
29428046.666667
31131043.809524
29745480.952381
30720391.428571
31780814.285714
28274320.952381
29766948.571429
28237854.285714
30066923.333333
31277594.285714
30091889.523810
31284047.619048
32087552.380952
28613898.095238
31343048.571429
31681060.952381
28712556.190476
28640019.047619
28783152.380952
31909708.571429
28839189.523810
29415930.476190
31374658.095238
30830358.095238
31586299.047619
29230769.523810
28801513.333333
28723004.761905
28542690.476190
28667981.904762
28681526.666667
29499308.571429
28593160.000000
29410083.809524
29634660.000000
28511896.190476
29713886.666667
30367760.952381
30282175.238095
28526540.952381
29518173.333333
28228041.904762
28733324.761905
28800921.904762
30530887.619048
28490390.476190
28790613.333333
28465407.619048
31259176.190476
29533840.000000
28179867.619048
29373169.523810
31617662.857143
31017759.047619
30945745.714286
29609968.571429
31256531.428571
29527481.904762
29286252.380952
30018724.761905
31792336.190476
28310779.047619
28744910.476190
29064180.000000
28430423.809524
29758080.000000
30333092.380952
29426607.142857
29961680.000000
28569904.761905
29538608.571429
28932861.904762
29330962.857143
29760712.380952
29613866.666667
29080082.857143
28296550.476190
28828880.952381
28069969.523810
31158189.523810
28830483.809524
28472542.857143
29022344.761905
28082859.047619
29662084.761905
29100734.285714
28247004.761905
31169909.523810
29605207.619048
29000060.000000
28324330.476190
31202262.857143
30313194.285714
29646423.809524
29429820.952381
28151070.476190
29218826.666667
29065492.380952
29540743.809524
29389828.571429
29583473.333333
28378028.571429
27925633.333333
29285698.095238
28086588.571429
29517871.428571
27941512.380952
31034374.285714
30330969.523810
31085738.095238
28719290.476190
28097100.952381
29313655.238095
29153212.380952
28391228.571429
28025121.904762
29550821.904762
30117813.333333
27895818.095238
28654460.952381
29551100.952381
28897839.047619
27802252.380952
31110592.380952
28535512.380952
29726381.904762
28699854.285714
28409977.142857
26897661.428571
27316301.428571
27400392.857143
26215480.000000
31221934.285714
27634768.571429
28170921.428571
27662312.857143
28027371.428571
27051678.571429
26767988.571429
26673978.571429
27142722.857143
26370802.857143
26986940.000000
27841765.714286
28045747.142857
26428542.857143
28255500.952381
30262921.904762
30036353.333333
28644549.523810
28159706.666667
31141126.666667
29391124.761905
29394279.047619
28976880.952381
28369332.380952
28616090.476190
28343097.142857
28708037.142857
27622853.333333
28430122.857143
28458971.428571
28502896.190476
28221489.523810
28536900.952381
28348430.476190
28592993.333333
28390460.952381
28206713.333333
30025095.238095
29523964.761905
27972434.285714
28294660.000000
28678426.666667
28365495.238095
27937700.000000
28450784.761905
30109415.238095
28338175.238095
30142015.238095
30023399.047619
29665263.809524
27997914.285714
29597169.523810
27961024.761905
28444366.666667
28148420.952381
27995392.380952
28809989.523810
27984655.238095
31036020.000000
30204535.238095
31120369.523810
29381738.095238
29008434.285714
28729153.333333
28098396.190476
30325074.285714
29206408.571429
27807404.761905
30272273.333333
28607657.142857
28093960.000000
31018382.857143
28550206.666667
28058072.380952
28855786.666667
28250336.190476
30849538.095238
27846620.952381
30635594.285714
31093506.666667
31180778.095238
28824420.000000
28309944.761905
27888033.333333
31033051.428571
29974312.380952
30693207.619048
30224092.380952
29577791.428571
28412096.190476
29746456.190476
29073442.857143
30172213.333333
29643960.000000
28945074.761905
28255927.619048
29213561.428571
28675297.142857
27531920.000000
30880665.714286
29024936.190476
28184039.047619
28476999.047619
28174374.285714
27740524.761905
27723286.666667
28916020.000000
29872506.666667
29214084.761905
27941305.714286
30077110.476190
27917515.238095
29363519.047619
27842665.714286
28217296.190476
27859720.000000
28133843.809524
28136758.095238
30173296.190476
30283587.619048
29106320.000000
28291075.238095
28688741.904762
28471885.714286
27721880.952381
29447695.238095
30879951.428571
28983115.238095
29010847.619048
30265140.000000
31236239.047619
28994838.095238
28361872.380952
28681778.095238
28773810.476190
27984651.428571
29751934.285714
28378861.904762
28088844.761905
28774948.571429
28039162.857143
30113365.714286
27960467.619048
29824330.476190
28178330.000000
28974039.523810
27809027.619048
28707642.857143
28483695.238095
30165740.952381
27915710.476190
29133285.714286
28043760.000000
30413593.333333
28247499.047619
28534930.476190
28346240.000000
27766574.285714
28365014.285714
30190713.333333
29151363.809524
28246901.904762
27770490.476190
28428843.809524
29524507.619048
28439403.809524
28329418.095238
27592217.142857
28728538.095238
28196089.523810
28881224.761905
28694901.904762
28326388.571429
28788774.285714
27903418.095238
28167206.666667
28566111.428571
28256690.476190
29416625.714286
29103955.238095
28001127.619048
29707486.666667
28209304.761905
28336300.952381
27909768.571429
28776606.666667
28231298.095238
28434533.333333
29417115.238095
28764761.904762
28086716.190476
29398516.190476
30793724.761905
27620466.666667
28164341.904762
27850248.571429
30028565.714286
28033739.047619
28191173.333333
28276440.000000
29171384.761905
29303150.476190
27968497.142857
28487223.809524
27936077.142857
30337775.238095
28294159.047619
29055842.857143
28161597.142857
27914054.285714
29134710.476190
28483060.952381
28659549.523810
28364522.857143
28822233.333333
28058971.428571
28127873.333333
29770963.809524
30769450.476190
31034673.333333
29099199.047619
28211358.095238
28342170.476190
27572503.809524
28315815.238095
28017250.476190
28442457.142857
28640691.428571
29447572.380952
31707410.476190
30734126.666667
29201867.619048
29786041.904762
29340631.428571
29194305.714286
29662681.904762
28974905.714286
28083290.476190
29438234.285714
29699710.476190
32708723.333333
28655902.380952
27753468.571429
28920640.000000
28181735.238095
30055809.523810
29969923.333333
29056916.666667
30866896.190476
29881006.190476
28429177.142857
28245186.190476
29936751.428571
29960793.333333
31049671.428571
29019662.857143
28789984.285714
28586330.952381
29073183.809524
28152755.714286
28421562.857143
29550107.142857
27811256.190476
29015203.809524
28282745.714286
27806039.047619
30065242.857143
27794262.857143
27982067.142857
30314337.619048
27895460.952381
31140256.190476
29749187.619048
28162194.285714
28553944.761905
