1950
894
1116
685
757
934
1127
732
640
893
578
898
589
889
593
1073
654
275882
61043
212476
34585
256045
1273
176489
19105
242599
1259
221777
1260
234632
968
204832
1715
184682
1277
192508
1273
174781
36263
178672
30873
190430
14312
208081
1283
263658
985
270472
1290
170305
1289
195857
1268
199001
946
220248
1242
210779
940
258639
978
194043
971
273226
974
188741
1000
242645
1432
229663
1253
299151
1255
206526
1272
308535
1253
250333
1272
252471
961
221416
1281
222590
1288
224020
1265
191234
1277
220435
1267
227037
969
230038
1267
231900
965
260033
1272
182192
1242
229323
1155
222248
930
228963
1251
222014
942
273439
992
161293
971
262469
958
186254
955
210001
953
214085
1222
237923
1257
163027
1257
269414
1275
218938
1274
218634
976
227642
1292
212915
1284
214068
1284
189528
1283
217417
1308
207100
962
211179
1283
212913
965
251120
1262
186189
1265
217380
1301
239576
942
219244
1247
204096
954
256237
963
194779
971
254353
964
186193
986
232757
1289
224338
1235
252905
1705
189854
1276
246407
1258
204038
1281
216790
972
233804
1280
240146
1276
245555
1292
181811
1266
224079
1283
217343
978
204266
1267
213529
820
262399
1271
195716
1267
247768
1269
253523
1000
249363
1231
231369
930
239632
962
156518
976
271877
971
193413
970
218771
967
230064
1235
286780
1277
196223
1261
284982
1268
222375
1292
199364
974
244134
1269
250207
1262
234695
1280
201199
1297
220168
1255
221843
966
225492
1263
211809
974
260271
1264
175412
1285
236169
1270
223597
801
238035
1234
220202
935
314723
947
217278
983
307311
959
216462
964
255291
962
246327
1236
385551
1279
221273
1290
334875
1250
256436
1271
244098
958
279433
1269
257579
1255
300383
1273
243183
1288
277627
1287
260946
973
284085
1273
248037
999
283203
1260
219071
1274
262557
1275
244237
927
243221
1252
231023
939
294870
972
228882
969
326950
962
219288
978
246453
962
268086
1229
319101
1282
178594
1292
304502
1273
271624
1282
266638
985
268199
1287
269504
1267
260243
1278
181072
1296
230706
1283
219451
985
220382
1279
226703
984
262027
1270
226360
1268
275207
1283
240681
936
243463
1249
270524
946
302726
971
205242
973
283747
1048
195961
973
252817
967
214307
1245
249210
1250
168936
1275
260798
1262
219522
1271
225863
980
216861
1291
227820
1261
234816
1291
180518
1279
201994
1297
247265
981
245844
1273
223352
984
276648
1265
174659
1290
197719
1260
201237
937
213515
1246
207978
924
239994
979
194031
976
277848
974
202218
968
215289
975
210027
1246
269058
1250
182533
1294
242013
1271
212026
1287
209239
984
217039
1284
213693
1272
219992
1267
190482
1293
219643
1286
214972
961
245565
1284
246777
983
300313
1270
202549
1254
238135
1262
238652
936
234756
1249
221404
930
266493
974
204439
957
299176
956
193292
977
226165
973
221695
1254
262471
1260
192419
1284
255803
1252
206870
1270
206142
980
203635
1268
236999
1290
236724
1299
210671
1286
237064
1263
208346
971
218836
1288
210928
830
253667
1267
199867
1268
250495
1252
266730
930
255511
1237
232576
933
284618
1498
177927
968
220089
996
285178
957
315232
970
244813
1248
275707
1255
196000
1288
332544
1288
262097
1268
309313
973
248532
1283
220442
1260
246546
1268
187541
1296
274268
1296
241105
986
218446
1270
223498
969
251082
1271
189577
1261
276417
1285
269600
936
266420
1230
240560
942
256815
981
183256
971
271683
982
212252
976
240087
971
221602
1237
307709
1258
191655
1286
271368
1275
213667
1286
217708
974
217721
1291
212137
1284
221605
1266
177579
1277
199541
1263
211909
971
232773
1280
188613
980
245695
1283
180636
1264
230750
1288
217959
946
239461
1233
245195
944
292918
968
169886
981
229205
980
168605
985
220336
979
241065
1247
303303
1279
198788
1286
301729
1278
262059
1286
261451
982
263688
1268
234353
1254
216377
1297
188138
1294
213459
1277
213055
992
218643
1270
229733
973
251162
1270
187687
1252
229490
1282
224062
937
234437
1214
221561
941
272775
962
188359
975
254861
960
162042
964
213620
979
239271
1612
270141
1270
183048
1274
271537
1278
234973
1262
236975
995
224443
1296
226168
1267
236856
1298
192201
1275
216411
1298
229670
968
230627
1276
222262
979
251008
1287
197341
1294
242931
1282
257202
814
245177
1243
229025
937
285586
983
190115
962
280185
988
186924
966
240114
973
244831
1250
288725
1278
187320
1290
271814
1276
228682
1297
223431
991
243507
1273
208966
1273
253763
1292
181231
1271
218346
1267
238180
964
248773
1295
227563
996
258997
1263
163432
1262
206667
1270
220932
939
197583
1244
193873
942
248948
1443
170374
973
236274
977
191358
984
241109
969
214185
1253
287564
1296
174499
1284
261584
1271
260536
1286
273171
984
250442
1250
247937
1275
254618
1277
213287
1283
227087
1272
219497
968
220200
1273
235379
976
294473
1267
185513
1258
236999
1257
216519
924
223770
1233
198904
957
251047
973
171602
977
260512
976
175709
961
264171
956
291363
1232
263377
1266
187360
1281
276242
1289
235451
1293
251808
979
258079
1271
234636
1261
230305
1272
189359
1284
226248
1260
233474
981
245779
1663
242244
972
298400
1272
206336
1271
274130
1253
223948
937
254482
1237
252610
932
286430
976
213843
958
284040
970
218071
952
235900
959
227296
1237
274442
1283
198748
1270
264665
1290
255435
1261
267625
977
237597
1264
279944
1261
244391
1273
177668
1269
225643
1279
236632
964
239121
1276
263590
965
317161
1271
216095
1260
260162
1261
276778
944
264491
1254
262361
938
309289
964
206979
955
314270
960
202537
956
233426
964
259906
1232
272812
1252
212786
1270
316676
1264
237232
1267
236138
981
239013
1256
230407
1273
243990
1273
204466
1281
240489
1291
244830
968
241119
1280
230604
987
290615
1252
173231
1267
216916
1288
236155
937
218265
1258
223851
947
246715
972
189050
977
273846
953
424889
965
310052
968
283238
1232
276981
1286
190557
1289
284986
1280
245384
1255
242360
969
260530
1270
229722
1285
243000
1266
187682
1262
244467
1299
232492
977
236013
1275
239110
1093
264505
1468
192095
1412
234984
1574
223476
913
229576
1269
231663
1070
275508
1011
181173
990
268548
1043
182608
1006
198897
1104
213567
1277
265771
1288
182945
1301
249377
1292
195669
1320
217541
928
234264
1282
250220
1399
209187
1333
169644
1310
212368
1328
229354
947
219187
1423
236826
1028
241254
1352
162857
1278
203466
1409
196787
900
201330
1265
195600
1048
245771
1029
176772
963
278241
968
182214
989
210937
1632
206034
1255
251631
1404
182946
1408
247212
1368
229298
1247
209127
941
312528
1261
260224
1236
258835
1260
206385
1264
208277
1243
227678
938
211694
1251
230974
939
259337
1252
167202
1232
214537
1231
218530
818
221899
1197
228990
918
265667
944
169628
933
254122
923
185508
939
231262
943
224292
1924
262602
1257
228740
1250
245618
1245
217772
1311
210189
946
219519
1251
223835
1237
222904
1250
197572
1253
232935
1243
232111
950
210499
1260
223151
944
272655
1241
196117
1234
226431
1275
252756
790
233897
1216
206171
907
286622
926
186243
930
250681
926
184266
934
214811
940
211773
1224
250945
1248
172547
1244
265908
1240
228666
1237
231281
938
229610
1247
227254
1233
222296
1237
168636
1237
244391
1232
239961
989
231627
1242
205072
942
266138
1232
206109
1240
253790
1136
239812
845
238870
1124
250872
869
270667
882
188938
875
272070
871
192998
864
256417
874
261977
1109
287024
1158
196193
1158
301514
1261
218778
1241
222273
959
227108
1248
235071
1250
205176
1249
193982
1263
233736
1268
243195
950
214899
1249
235811
814
240811
1257
170699
1250
206492
1232
205456
918
225010
1226
207222
916
247262
2111
164572
940
244896
943
184200
932
234176
950
208112
1247
249165
1232
176771
1250
246446
1246
209329
1262
204130
963
206697
1260
211722
1256
204468
1251
174419
1261
214304
1260
209330
970
220036
1271
227516
950
244869
1234
167850
1237
205213
1239
215139
785
212466
1096
209759
913
245577
955
178759
946
326923
949
188918
929
234364
929
235800
1203
282338
1247
183877
1235
286666
1242
222046
1243
224952
946
217721
1268
213338
1236
220972
1239
190405
1242
243980
1251
246673
1008
221236
1326
223009
981
268761
1258
175395
1277
218246
1256
231403
961
253777
1277
219233
958
254014
1008
176676
981
258144
992
178062
949
251894
938
251967
1198
251681
1254
176425
1258
253252
1228
225126
1239
219277
939
227644
1245
205616
1239
241431
1240
192305
1241
205964
1227
216890
943
228320
1237
233877
954
314055
1271
208335
1281
242718
1239
245079
896
238924
1213
224154
916
281139
941
228062
938
255139
934
200077
936
243805
938
270898
1196
267764
1244
181437
1285
261006
1246
220167
1238
225386
956
226015
1217
225869
1259
222381
1238
213672
1255
247617
1234
223362
1041
237757
1833
242579
946
261266
1236
203079
1237
272223
1229
251252
791
243644
1214
217363
921
293658
956
186884
947
286193
948
190393
959
240622
948
251157
1199
294964
1257
200925
1265
287878
1248
260277
1261
245084
962
253000
1263
243370
1238
234591
1249
216983
1260
223482
1232
247469
949
258774
1243
275211
953
299674
2134
216549
1255
237968
1247
237947
798
215794
1213
220407
914
279245
958
187421
958
310161
946
193342
956
231820
952
246074
1226
269847
1237
180872
1251
279870
1252
226576
1119
235974
958
237179
1269
235049
1235
211828
2211
188225
1249
216278
1272
221321
953
239778
1243
259220
950
286554
1262
188319
1271
237990
1244
233100
919
227515
1213
240823
919
280841
933
187718
951
257353
942
175087
942
227166
934
236354
1205
298610
1238
204735
1242
282930
1236
253635
1255
235031
954
239971
1254
235830
1260
241023
1268
184157
1257
210846
1231
214383
942
244151
1238
232659
947
288913
1227
216595
1239
238323
1239
241495
791
232622
1209
222743
916
251615
959
192556
935
303904
929
204648
939
237329
949
239362
1211
270388
1236
173007
1245
258781
1257
223298
1251
235860
947
243534
1254
257091
1252
259357
1332
208586
1271
248363
1231
233571
938
264170
1314
260346
943
304197
1254
204554
1253
255593
1231
247864
997
239906
1213
231700
922
298566
943
211871
941
300420
947
212100
936
256704
1021
254293
1219
291705
1246
225178
1229
302125
1235
249416
1246
258331
934
251119
1260
251230
1237
236708
1260
181227
1221
219132
1241
249514
957
248637
1260
251957
953
303815
1245
196846
1263
237794
1229
224576
805
219429
1214
256744
917
313315
951
215070
952
271311
952
175689
949
240931
913
280692
1120
254446
1144
182088
1144
282005
1132
241553
1155
224143
883
222232
1144
197056
1153
218162
1153
166399
1168
220796
1161
208175
878
218839
1137
223965
888
260999
1135
173720
1152
260589
1148
241419
931
206234
1230
213038
917
232038
955
171285
945
255181
952
199079
960
217035
953
222925
1227
245311
1227
171546
1263
253997
1237
232782
1262
208284
960
224245
1266
223046
1259
239432
1256
190932
1242
252259
1258
219077
959
229854
1160
259568
947
278504
1230
192850
1247
245510
2291
247713
919
240637
1211
233825
915
239005
963
174503
953
261706
945
179648
933
217322
941
224534
1228
237779
1228
167338
1236
271008
1245
205014
1262
198394
960
216258
1263
219460
1260
211881
1238
192382
1248
232608
1236
244403
943
270446
1228
263298
932
272258
1246
180962
1255
239746
1234
249926
783
235138
1217
242773
911
266591
929
166214
941
240295
933
177124
939
204651
940
204200
1216
251296
1254
200797
1249
288775
1228
217920
1703
224386
934
196734
1233
214323
2148
214094
1237
199858
1260
264130
1244
283194
946
238595
1236
236535
970
251321
1257
185411
1267
253352
1239
231941
929
243629
1095
251944
952
274058
944
179933
943
253377
932
171999
950
220723
929
237360
1214
265680
1258
177624
1239
277065
1253
201055
1262
214613
941
200490
1298
203883
1248
218171
1257
183335
1256
232376
1241
237743
965
230609
1245
231311
945
277230
1231
181710
1234
215240
1228
233056
796
268972
1212
228328
917
246314
957
179331
942
290398
941
172959
952
223278
956
274283
1221
343687
1239
171856
1241
247431
1242
219340
1250
235266
941
231149
1258
205130
1250
204144
1251
176165
1247
262478
1245
242655
948
266648
1251
273680
955
308085
1235
169072
1244
259898
1248
234763
802
216016
1226
252973
921
252455
952
182501
940
259057
949
185482
948
227589
935
206217
1225
286971
1240
201927
1247
288839
1240
223832
1259
230306
958
229069
1273
216037
1244
196253
1243
182024
1253
249474
1249
261153
958
252750
1261
238935
965
264090
1247
158332
1252
227523
1237
236188
800
240189
1215
255466
924
288683
936
182317
940
275738
949
180410
944
226097
946
197963
1210
239929
1218
176512
1246
290617
1249
261420
1231
240130
947
231906
1238
245561
1233
245015
1238
191623
1247
250726
1241
241644
958
247355
1242
244483
952
281914
1222
184376
1329
227457
1243
225113
911
207344
1226
217720
917
269131
931
183095
937
265804
938
176293
938
223461
934
214940
1191
241644
1240
172170
1371
251033
1257
309508
1251
283497
945
262964
1240
264508
1260
284278
1262
239063
1235
235985
1239
233511
876
226724
1234
226064
935
291246
1237
192050
1138
220061
1220
215873
920
271413
1219
262566
915
290526
811
180965
925
267858
949
214922
945
266678
952
240941
1203
276406
1241
211746
1237
292272
1241
215670
1252
215724
954
203217
1241
245354
1230
249007
1244
198527
1260
218859
1235
236294
953
219811
1247
258174
804
270405
1251
169588
1221
221724
1229
239865
894
262628
1229
246101
903
300100
932
179580
938
254259
933
190058
943
223166
955
200608
1216
246348
1238
160171
1251
281556
1245
206772
1252
244135
962
211274
1244
209423
1263
266828
1236
177223
1247
213162
1244
216678
943
234478
1242
223653
947
261993
1254
181609
1272
238884
1259
263920
800
232759
1211
207946
919
266828
945
179059
937
266194
953
188566
949
223326
937
252258
1220
283081
1234
165881
1250
310610
1258
213361
1242
219083
947
229350
1250
215977
1231
212162
1248
178199
1259
227932
1260
215190
942
215389
1243
227090
957
254710
1260
171471
1255
220500
1253
241957
923
220360
1194
212670
917
236837
945
177539
948
263640
939
180460
961
268382
944
255073
1205
281676
1245
175529
1235
249206
1244
211455
1220
212087
956
217020
1263
214650
1264
241125
1253
200529
1267
283600
1240
257494
951
244424
1246
246068
943
298640
995
204071
1240
225111
1229
243801
901
257032
1128
279196
916
344691
941
204285
936
299230
941
221709
949
304135
945
323101
1216
347969
1240
249637
1237
371861
1259
274017
1235
258750
1909
265890
1242
281358
1255
281042
1249
163863
1250
205939
1245
240288
949
256015
1235
255822
942
301788
1254
187637
1235
234938
1230
224815
908
205612
1216
223799
913
262383
949
180680
944
273260
940
174475
939
210027
935
213818
1197
246564
1238
164701
1241
223938
1234
198661
1239
238168
949
213056
1246
212326
1261
225263
1258
178480
1274
252533
1242
250138
944
210470
1246
205577
947
253854
1233
184097
1238
245641
1250
227415
795
240306
1177
214860
915
227651
941
170563
924
277561
945
190943
946
256936
947
253703
1213
259428
1240
182769
1260
297983
1231
201080
1256
216156
941
217739
1268
214423
1228
213119
1258
199771
1235
213069
1267
211664
958
228202
1240
237044
938
252164
1237
191496
1252
255450
1258
230332
799
205967
1316
199077
916
255582
949
208219
929
282136
945
171666
946
209409
935
244150
1224
280650
1254
193244
1249
275647
1252
229281
1239
196367
946
202392
1252
215130
1261
213863
1239
166759
1273
232816
1245
240136
956
253724
1268
265011
946
236670
1296
171318
1257
249720
1267
240480
913
229985
1227
248152
925
285841
951
190841
938
255156
949
183934
948
209190
952
212527
1220
262434
1252
184787
1242
250151
1241
200805
1237
214543
940
190725
1254
232010
1244
236553
1247
187140
1242
229503
1227
227319
948
230037
1243
246298
943
302295
1245
183270
1243
190949
1240
211902
911
249309
1200
210564
914
232832
947
173776
939
254758
942
184501
932
219170
930
236044
1222
271249
1232
188070
1266
247436
1257
209795
1267
213349
942
235074
1270
244430
1254
251379
1254
171732
1244
207520
1259
223567
958
203116
1269
235732
951
282282
1242
185024
1259
227789
1242
212365
796
216059
1200
203890
920
255736
946
197530
918
293279
937
181792
950
225812
925
208615
1215
270959
1255
167535
1263
263639
1261
240549
1236
201968
956
201467
1249
196574
1247
194619
1254
162652
1240
229449
2237
209477
952
193083
1249
201139
930
349643
2080
214669
1265
226433
1252
219770
902
211550
1217
214146
913
230377
929
170786
924
244088
933
173728
947
213846
921
252657
1204
291630
1233
201486
1275
272774
1261
211551
1262
204821
963
227677
1245
210201
1264
278447
1238
204281
1243
235923
1233
265923
958
232034
1256
233850
956
297423
1258
219160
1236
213944
1257
209237
917
247783
1201
254570
924
241484
946
185508
945
292375
949
171855
929
244741
944
258126
1217
286688
1235
228999
1241
353175
2124
255928
1267
247333
943
233641
1243
228485
1231
224827
1264
178142
1251
250298
1245
238658
962
261527
1253
230397
942
291214
1229
179246
1240
219847
1243
253822
794
267969
1210
240923
918
259896
948
186814
945
269523
937
183587
942
233682
934
218986
1215
260605
1256
180995
1259
248065
1253
218402
1244
223110
950
227076
1264
219240
1229
224675
1231
183799
1257
232071
1234
258062
955
227079
1235
243342
937
255859
1247
203371
1244
244886
1240
244343
784
228865
1194
238613
903
281164
935
200930
945
358081
942
203904
939
277471
935
319349
1221
381084
1227
267377
1241
257437
1241
301153
1235
300290
953
231193
1240
236458
1256
232993
1308
195175
1244
272781
1258
297027
942
243010
1240
267471
949
261625
1257
202948
1235
273646
1247
278952
800
280274
1205
260007
907
285718
934
186546
947
260434
943
193046
944
219951
1014
231662
1208
292886
1235
181560
1262
315111
1250
260823
1262
216973
953
222307
1245
276629
1239
218469
1260
194859
1235
238232
1244
276744
940
253168
2319
266082
811
307329
1251
218537
1228
269333
1242
230528
901
252937
1218
236619
907
294757
957
202686
922
316497
926
205642
941
272302
926
241899
1209
279728
1245
221996
1250
292505
1245
235422
1250
240272
948
244348
1237
256590
1255
218468
1265
214638
1250
251194
1250
244777
964
254293
1245
236059
954
291932
1243
211673
1242
261071
1241
223266
799
243368
1220
245360
923
308386
943
223066
1907
318289
1071
209734
954
253931
953
241849
1208
306630
1262
207357
1242
308767
1246
263253
1254
261711
959
255332
1300
209611
1241
252776
1248
231804
1248
278400
1255
231615
957
248773
1249
243344
944
313968
1233
187578
1250
223753
1240
254635
916
278406
1223
240338
923
311948
952
193610
940
292938
943
193077
946
269390
965
254577
1209
268081
1253
186489
1242
298273
1242
316682
1258
239358
955
247483
1249
287886
1256
258168
1242
212931
1264
272026
1249
279049
953
224716
1246
218026
935
250651
1256
242828
1242
294502
1237
291446
904
289838
1229
292963
913
301942
940
218669
948
343199
946
214588
941
297076
928
320637
2295
333476
1248
246731
1257
341109
1228
224751
1256
221671
972
220858
1256
214581
1235
237228
1262
194491
1250
253119
1249
229457
954
231109
1236
232216
1061
267266
1237
182165
1257
266369
1320
273009
911
257755
1190
253871
915
297545
936
216121
940
289279
926
199773
942
254179
942
244010
1218
263138
1276
172641
1238
241340
1233
212642
1249
220321
949
235073
1242
232978
1260
276420
1254
225109
1266
272065
1263
249397
952
258755
1235
260154
940
292717
1225
199268
1253
227341
1373
233429
912
226387
1204
217396
915
248277
949
216217
928
318282
942
206680
932
219505
944
262828
1315
259570
1248
178975
1239
281507
1237
242919
1238
237348
950
247837
1248
222292
1245
223585
1243
172979
1344
219825
1258
221888
954
234170
1267
226874
945
270834
1247
191758
1244
231855
1260
266410
907
240018
1225
223438
919
267081
940
197140
923
290201
957
198100
934
228730
954
237313
1229
280403
1238
186715
1270
256496
1267
258728
1235
220189
954
230993
1257
230044
1246
232062
1253
221589
1246
257804
1268
248846
946
210636
1252
245196
948
257223
1241
204843
1262
239332
1234
239913
918
262888
1235
228473
918
268255
939
211303
953
265112
951
216915
951
260238
953
225872
1219
257061
1231
199006
1237
287352
1251
218447
1250
208323
956
209098
1256
212032
1262
206101
1249
179353
1246
220252
1240
204809
939
209083
1264
232588
960
277761
1245
192114
1250
237207
1223
237790
912
267798
1198
227210
912
288400
942
175216
946
255070
940
180946
942
242887
942
244791
1228
253500
1246
183507
1250
285463
1244
198926
1242
233735
957
216547
1237
207369
1249
208588
1253
167400
1251
221256
1227
246068
942
229186
1256
212701
940
246904
1250
170914
1246
241849
1234
236393
913
254772
1207
247160
919
261027
940
186511
Xput: 8526
