9601286.190476
17556471.428571
24784808.571429
31917692.857143
40880140.000000
48959264.285714
50532607.142857
69455066.190476
54936918.095238
59429029.047619
60401277.142857
61126730.000000
61012834.761905
60911787.142857
58841212.380952
58178151.904762
58281212.857143
58355845.714286
60588502.380952
61392025.714286
62335051.428571
62309252.380952
61958078.571429
61000969.523810
59830087.142857
59001131.904762
58952726.190476
59652125.714286
59030497.619048
57808020.952381
54868102.857143
48517880.952381
42842662.857143
40691656.190476
39324998.095238
332733541.428571
335388561.428571
343034748.095238
330413290.000000
48670488.571429
48458520.952381
47884630.000000
47382990.476190
48312639.047619
47831200.000000
47931353.333333
47240080.952381
46606584.761905
47102135.714286
47273988.571429
46906494.285714
43511496.666667
42875221.428571
43007282.380952
45023017.142857
45346478.571429
47832220.000000
48707681.428571
48263255.714286
48167140.000000
47108474.761905
46549608.571429
46921610.000000
46495237.619048
45444417.142857
43787834.285714
47283675.714286
51557658.095238
55330041.428571
59509381.428571
38618557.142857
42497688.095238
60818258.571429
31904528.571429
80796468.571429
78671975.238095
50489019.523810
75214051.428571
42354734.285714
44597017.619048
23052312.857143
28597766.190476
35003126.666667
40725134.285714
46458734.285714
48516003.809524
49076894.285714
51136020.000000
51455588.571429
52703850.476190
52147767.142857
50334699.523810
50444779.047619
50063224.761905
48477197.619048
46992007.142857
47687311.428571
47713059.523810
49170766.190476
48259534.761905
43512053.333333
38786664.285714
36924380.000000
224846380.952381
207658488.571429
223865164.761905
224505395.714286
43885547.619048
18355575.238095
18667531.428571
18352470.476190
18837772.857143
48864651.428571
60328353.333333
60070404.285714
28607348.571429
31970505.238095
23207548.571429
36807543.809524
32892225.238095
35973602.857143
46961105.714286
33749257.142857
33532187.142857
32494371.428571
32237632.380952
38739909.523810
32821608.571429
53039779.047619
58035043.333333
64117609.523810
58820718.571429
59367103.809524
59799280.000000
59793900.952381
59654970.476190
59361141.904762
60178862.857143
57171240.000000
55317753.809524
55682986.190476
55886118.571429
56221018.571429
56083366.190476
58011816.666667
59823312.857143
59087233.333333
59672729.523810
58513876.666667
58533461.904762
59105903.333333
58721197.619048
57670532.380952
55703787.142857
53511218.571429
52407859.047619
46769450.000000
304989661.904762
305616780.952381
322422021.428571
321623750.476190
20124161.904762
19513918.095238
20018769.047619
21213238.095238
25747692.380952
65144498.571429
89276285.714286
90849755.714286
61068241.428571
67424160.476190
69650017.142857
71270775.238095
72975409.523810
73889191.428571
72859396.190476
71693541.904762
70665467.142857
70556012.380952
70475900.000000
70642672.380952
71619257.142857
69313055.238095
67724770.000000
68025032.380952
67575500.000000
66746922.857143
66948855.238095
65526065.714286
65258466.666667
63929752.380952
64131830.476190
65293697.619048
66882584.761905
64882096.666667
62689974.761905
58985705.714286
55778083.333333
54614150.952381
53776257.142857
21901835.238095
24624330.476190
27473209.047619
31744127.142857
33400495.714286
36053201.904762
37002975.714286
84880650.476190
54846266.190476
96927836.190476
124956565.238095
67587053.809524
69871350.000000
60171654.285714
61124507.619048
61360271.428571
95176713.333333
57829266.666667
57292655.238095
59472873.333333
60495711.428571
61275863.333333
63437828.095238
174605565.714286
66065573.809524
188799639.047619
65959860.952381
65267960.000000
64998942.380952
64562525.714286
63948802.857143
64338993.809524
64267578.571429
62719719.047619
61038953.333333
57385862.380952
53579028.095238
49009443.809524
211713239.047619
289389551.428571
204286464.285714
345975029.047619
63719188.095238
61873572.380952
59388332.857143
56561992.380952
52911699.523810
47735748.571429
38137800.000000
48468986.666667
39433891.428571
17797732.857143
18324807.619048
17748437.142857
17013173.333333
9991003.809524
20694477.619048
10081120.000000
10265594.285714
10036539.047619
10596292.380952
6874160.000000
8857078.095238
11063444.285714
16487729.047619
25897455.238095
35262227.142857
42131317.142857
48779432.380952
68734402.380952
70951761.428571
71504860.000000
71634292.380952
72431713.333333
131216197.142857
58237381.428571
59891990.952381
59713808.571429
112997512.857143
55738969.047619
54722990.000000
52591959.047619
52288649.523810
53381765.714286
53063721.428571
53607168.095238
54700869.047619
57743562.857143
57992864.761905
54614523.809524
52423250.000000
49560435.238095
45792561.428571
40856675.238095
302009850.476190
30717222.380952
32139698.571429
34514335.714286
36981760.000000
37416672.380952
37383670.476190
36915490.000000
35379215.238095
34973946.190476
33560700.000000
32767687.142857
33960768.571429
36595495.714286
38185554.285714
38560548.571429
38265500.952381
38919205.238095
37876292.380952
37095271.904762
35929320.476190
33316064.285714
29101600.952381
26284737.142857
466909635.714286
470523616.190476
16437201.904762
15802487.619048
15455106.666667
15134401.904762
14767855.238095
385556696.666667
49013277.142857
19122154.285714
19057735.238095
19674290.000000
19666965.714286
20639680.000000
22356235.714286
23012904.761905
23043346.666667
28621583.809524
45212063.809524
51167659.047619
56044811.428571
46874646.666667
42098563.809524
41526580.952381
71358394.285714
38766943.809524
39945451.904762
43054071.904762
45638820.952381
45787701.904762
42199833.809524
42067116.666667
39208223.333333
37823395.238095
38428993.809524
155176154.285714
37164531.428571
34240171.428571
33351743.809524
57662976.190476
28232685.714286
28654796.190476
31596105.238095
35206729.523810
40052014.285714
43708158.571429
46336512.857143
93009186.190476
49659617.142857
50057430.952381
47166828.571429
228085996.666667
260817083.333333
281596745.714286
102115047.619048
68539212.857143
69013123.333333
67914009.047619
63554515.238095
32776236.666667
36104180.952381
34294455.238095
56000735.238095
82601986.666667
83198887.619048
82047440.476190
45979688.571429
46923855.238095
47067377.142857
49194727.619048
48520327.619048
50715813.333333
49795841.904762
49875501.904762
50469733.333333
51023026.666667
52377881.904762
52894123.809524
52747030.952381
51596129.523810
50075893.333333
49521085.714286
28165259.047619
49599394.285714
48975415.238095
26580022.857143
24631304.761905
24071335.238095
23108765.714286
22746742.857143
22507954.285714
93216344.761905
68820548.095238
87125880.476190
34599474.285714
33279636.190476
33323459.047619
17475563.809524
32013011.428571
30982880.000000
19245472.857143
24850994.285714
30579666.666667
33722203.333333
38168923.809524
7784447.619048
69599734.285714
76299004.761905
44418337.619048
80453485.238095
131654793.809524
58474791.428571
91279806.666667
134667632.380952
58016053.333333
57862004.285714
59185455.714286
58836710.476190
59198059.047619
60012834.761905
61738022.857143
63808804.285714
153138636.190476
8960550.000000
180918073.809524
92832828.571429
48766557.619048
101535491.904762
261657972.857143
102033072.857143
102607049.047619
301123004.761905
63279270.476190
154111674.761905
59177945.714286
107452704.285714
51155046.190476
47241439.523810
78155558.571429
127575426.190476
115217191.904762
162521511.904762
38720540.952381
68354687.619048
69384084.285714
41021152.857143
102092991.428571
71220003.809524
70514019.047619
100627645.714286
65087666.190476
64689803.809524
50508082.380952
19553500.476190
73184464.761905
31628316.190476
40680960.476190
45859779.047619
53011755.714286
57607734.761905
59304566.190476
58760398.571429
59432993.809524
58101699.047619
58460904.285714
58271684.285714
58457516.190476
58639355.238095
59226054.761905
57455491.428571
56322288.571429
187747655.238095
56153020.000000
57269490.000000
255782630.000000
62013828.095238
64110583.333333
64799462.380952
63238225.714286
140857138.571429
59664237.619048
56906762.857143
53159070.000000
49847495.714286
47074145.714286
42888013.333333
39648490.476190
31468863.809524
347899960.000000
179734236.666667
137930308.095238
30991186.666667
