0.974000
0.946000
0.966000
0.954000
0.462000
0.470000
0.002000
0.000000
0.122000
0.196000
0.802000
0.460000
0.286000
0.762000
0.330000
0.470000
0.004000
0.460000
0.154000
0.194000
0.722000
0.460000
0.208000
0.762000
0.188000
0.470000
0.004000
0.138000
0.188000
0.194000
0.654000
0.280000
0.048000
0.662000
0.188000
0.280000
0.004000
0.004000
0.196000
0.048000
0.280000
0.652000
0.662000
0.048000
0.280000
0.190000
0.002000
0.006000
0.194000
0.048000
0.280000
0.652000
0.662000
0.048000
0.280000
0.190000
0.002000
0.006000
0.194000
0.048000
0.280000
0.652000
0.662000
0.048000
0.280000
0.190000
0.002000
0.006000
0.194000
0.048000
0.280000
0.652000
0.664000
0.048000
0.280000
0.188000
0.002000
0.006000
0.194000
0.048000
0.280000
0.652000
0.664000
0.048000
0.280000
0.188000
0.002000
0.006000
0.048000
0.194000
0.652000
0.280000
0.048000
0.664000
0.188000
0.280000
0.006000
0.002000
0.048000
0.194000
0.652000
0.280000
0.048000
0.664000
0.188000
0.280000
0.006000
0.002000
0.048000
0.194000
0.652000
0.280000
0.048000
0.664000
0.188000
0.280000
0.006000
0.002000
0.048000
0.194000
0.652000
0.280000
0.048000
0.664000
0.188000
0.280000
0.006000
0.002000
0.048000
0.194000
0.652000
0.280000
0.048000
0.664000
0.188000
0.280000
0.006000
0.002000
0.048000
0.194000
0.652000
0.280000
0.048000
0.664000
0.188000
0.280000
0.006000
0.002000
0.048000
0.194000
0.652000
0.280000
0.048000
0.664000
0.188000
0.280000
0.006000
0.002000
0.048000
0.194000
0.652000
0.280000
0.048000
0.664000
0.188000
0.280000
0.006000
0.002000
0.194000
0.048000
0.280000
0.652000
0.664000
0.048000
0.280000
0.188000
0.006000
0.002000
0.048000
0.194000
0.652000
0.280000
0.048000
0.664000
0.280000
0.188000
0.002000
0.006000
0.194000
0.048000
0.280000
0.652000
0.664000
0.048000
0.280000
0.188000
0.002000
0.006000
0.194000
0.048000
0.280000
0.652000
0.664000
0.048000
0.280000
0.188000
0.002000
0.006000
0.194000
0.048000
0.280000
0.652000
0.664000
0.048000
0.280000
0.188000
0.002000
0.006000
0.194000
0.048000
0.280000
0.652000
0.664000
0.048000
0.280000
0.188000
0.002000
0.006000
0.194000
0.048000
0.280000
0.652000
0.664000
0.048000
0.280000
0.188000
0.002000
0.006000
0.194000
0.048000
0.652000
0.280000
0.048000
0.664000
0.188000
0.280000
0.006000
0.002000
0.048000
0.194000
0.652000
0.280000
0.048000
0.664000
0.188000
0.280000
0.006000
0.002000
0.048000
0.194000
0.652000
0.280000
0.048000
0.664000
0.188000
0.280000
0.006000
0.002000
0.048000
0.194000
0.652000
0.280000
0.048000
0.664000
0.188000
0.280000
0.006000
0.002000
0.048000
0.194000
0.652000
0.280000
0.048000
0.664000
0.188000
0.280000
0.006000
0.002000
0.048000
0.194000
0.652000
0.280000
0.048000
0.664000
0.188000
0.280000
0.006000
0.002000
0.194000
0.048000
0.280000
0.652000
0.664000
0.048000
0.280000
0.188000
0.002000
0.006000
0.194000
0.048000
0.280000
0.652000
0.664000
0.048000
0.280000
0.188000
0.002000
0.006000
0.048000
0.194000
0.652000
0.280000
0.048000
0.664000
0.188000
0.280000
0.006000
0.002000
0.048000
0.194000
0.652000
0.280000
0.048000
0.664000
0.188000
0.280000
0.006000
0.002000
0.048000
0.194000
0.652000
0.280000
0.664000
0.048000
0.280000
0.188000
0.002000
0.006000
0.194000
0.048000
0.280000
0.652000
0.664000
0.048000
0.280000
0.188000
0.002000
0.006000
0.194000
0.048000
0.280000
0.652000
0.664000
0.048000
0.280000
0.188000
0.002000
0.006000
0.194000
0.048000
0.280000
0.652000
0.664000
0.048000
0.280000
0.188000
0.002000
0.006000
0.048000
0.194000
0.652000
0.280000
0.048000
0.664000
0.280000
0.188000
0.002000
0.006000
0.194000
0.048000
0.280000
0.652000
0.664000
0.048000
0.280000
0.188000
0.002000
0.006000
0.048000
0.194000
0.652000
0.280000
0.048000
0.664000
0.188000
0.280000
0.006000
0.002000
0.048000
0.194000
0.652000
0.280000
0.048000
0.664000
0.188000
0.280000
0.006000
0.002000
0.194000
0.048000
0.280000
0.652000
0.664000
0.048000
0.280000
0.188000
0.002000
0.006000
0.194000
0.048000
0.280000
0.652000
0.664000
0.048000
0.280000
0.188000
0.002000
0.006000
0.194000
0.048000
0.280000
0.652000
0.664000
0.048000
0.280000
0.188000
0.002000
0.006000
0.194000
0.048000
0.652000
0.280000
0.048000
0.664000
0.188000
0.280000
0.006000
0.002000
0.048000
0.194000
0.652000
0.280000
0.048000
0.664000
0.188000
0.280000
0.002000
0.006000
0.194000
0.048000
0.280000
0.652000
0.664000
0.048000
0.280000
0.188000
0.002000
0.006000
0.194000
0.048000
0.280000
0.652000
0.664000
0.048000
0.280000
0.188000
0.002000
0.006000
0.194000
0.048000
0.280000
0.652000
0.664000
0.048000
0.280000
0.188000
0.002000
0.006000
0.194000
0.048000
0.280000
0.652000
0.664000
0.048000
0.280000
0.188000
0.002000
0.006000
0.194000
0.048000
0.280000
0.652000
0.664000
0.048000
0.280000
0.188000
0.002000
0.006000
0.194000
0.048000
0.280000
0.652000
0.664000
0.048000
0.280000
0.188000
0.002000
0.006000
0.194000
0.048000
0.280000
0.652000
0.664000
0.048000
0.280000
0.188000
0.002000
0.006000
0.194000
0.048000
0.280000
0.652000
0.664000
0.048000
0.280000
0.188000
0.002000
0.006000
0.194000
0.048000
0.280000
0.652000
0.664000
0.048000
0.280000
0.188000
0.002000
0.006000
0.194000
0.048000
0.280000
0.652000
0.664000
0.048000
0.280000
0.188000
0.002000
0.008000
0.286000
0.144000
0.328000
0.186000
0.378000
0.472000
0.420000
0.232000
0.098000
0.008000
0.192000
0.144000
0.328000
0.088000
0.378000
0.470000
0.422000
0.232000
0.098000
0.006000
0.194000
0.144000
0.328000
0.086000
0.378000
0.472000
0.420000
0.232000
0.098000
0.006000
0.194000
0.144000
0.328000
0.086000
0.378000
0.472000
0.420000
0.232000
0.098000
0.006000
0.194000
0.144000
0.328000
0.086000
0.378000
0.472000
0.420000
0.232000
0.098000
0.006000
0.194000
0.144000
0.086000
0.328000
0.472000
0.378000
0.232000
0.420000
0.006000
0.098000
0.144000
0.194000
0.086000
0.328000
0.472000
0.378000
0.232000
0.420000
0.006000
0.098000
0.144000
0.194000
0.086000
0.328000
0.472000
0.378000
0.232000
0.420000
0.098000
0.006000
0.194000
0.144000
0.328000
0.086000
0.378000
0.472000
0.420000
0.232000
0.098000
0.006000
0.194000
0.144000
0.086000
0.328000
0.472000
0.378000
0.232000
0.420000
0.006000
0.098000
0.144000
0.194000
0.086000
0.328000
0.472000
0.378000
0.232000
0.420000
0.006000
0.098000
0.144000
0.194000
0.086000
0.328000
0.472000
0.378000
0.232000
0.420000
0.006000
0.098000
0.144000
0.194000
0.086000
0.328000
0.472000
0.378000
0.232000
0.420000
0.006000
0.098000
0.144000
0.194000
0.086000
0.328000
0.472000
0.378000
0.232000
0.420000
0.006000
0.098000
0.144000
0.194000
0.086000
0.328000
0.472000
0.378000
0.232000
0.420000
0.006000
0.098000
0.144000
0.194000
0.086000
0.328000
0.472000
0.378000
0.232000
0.420000
0.006000
0.098000
0.144000
0.194000
0.086000
0.328000
0.472000
0.378000
0.232000
0.420000
0.006000
0.098000
0.144000
0.194000
0.086000
0.328000
0.378000
0.472000
0.232000
0.420000
0.006000
0.098000
0.144000
0.194000
0.086000
0.328000
0.472000
0.378000
0.232000
0.420000
0.006000
0.098000
0.144000
0.194000
0.086000
0.328000
0.472000
0.378000
0.232000
0.420000
0.006000
0.098000
0.144000
0.194000
0.328000
0.086000
0.378000
0.472000
0.420000
0.232000
0.098000
0.006000
0.194000
0.144000
0.328000
0.086000
0.378000
0.472000
0.232000
0.420000
0.006000
0.098000
0.194000
0.144000
0.328000
0.086000
0.378000
0.472000
0.420000
0.232000
0.098000
0.006000
0.194000
0.144000
0.328000
0.086000
0.378000
0.472000
0.420000
0.232000
0.098000
0.006000
0.194000
0.144000
0.328000
0.086000
0.378000
0.472000
0.420000
0.232000
0.098000
0.006000
0.194000
0.144000
0.328000
0.086000
0.378000
0.472000
0.420000
0.232000
0.098000
0.006000
0.194000
0.144000
0.328000
0.086000
0.378000
0.472000
0.420000
0.232000
0.098000
0.006000
0.194000
0.144000
0.328000
0.086000
0.378000
0.472000
0.420000
0.232000
0.098000
0.006000
0.144000
0.194000
0.086000
0.328000
0.472000
0.378000
0.232000
0.420000
0.006000
0.098000
0.144000
0.194000
0.086000
0.328000
0.472000
0.378000
0.232000
0.420000
0.006000
0.098000
0.144000
0.194000
0.086000
0.328000
0.472000
0.378000
0.232000
0.420000
0.006000
0.098000
0.144000
0.194000
0.086000
0.328000
0.472000
0.378000
0.232000
0.420000
0.006000
0.098000
0.144000
0.194000
0.086000
0.328000
0.472000
0.378000
0.232000
0.420000
0.006000
0.098000
0.144000
0.194000
0.086000
0.328000
0.472000
0.378000
0.232000
0.420000
0.006000
0.098000
0.144000
0.194000
0.086000
0.328000
0.472000
0.378000
0.232000
0.420000
0.006000
0.098000
0.144000
0.194000
0.328000
0.086000
0.378000
0.472000
0.420000
0.232000
0.098000
0.006000
0.194000
0.144000
0.328000
0.086000
0.378000
0.472000
0.420000
0.232000
0.098000
0.006000
0.194000
0.144000
0.328000
0.086000
0.378000
0.472000
0.420000
0.232000
0.098000
0.006000
0.194000
0.144000
0.328000
0.086000
0.378000
0.472000
0.420000
0.232000
0.098000
0.006000
0.194000
0.144000
0.328000
0.086000
0.378000
0.472000
0.420000
0.232000
0.098000
0.006000
0.194000
0.144000
0.328000
0.086000
0.378000
0.472000
0.420000
0.232000
0.098000
0.006000
0.194000
0.144000
0.328000
0.086000
0.378000
0.472000
0.420000
0.232000
0.098000
0.006000
0.194000
0.144000
0.328000
0.086000
0.378000
0.472000
0.420000
0.232000
0.098000
0.006000
0.144000
0.194000
0.086000
0.328000
0.472000
0.378000
0.232000
0.420000
0.006000
0.098000
0.144000
0.194000
0.086000
0.328000
0.472000
0.378000
0.232000
0.420000
0.098000
0.006000
0.194000
0.144000
0.328000
0.086000
0.378000
0.472000
0.420000
0.232000
0.098000
0.006000
0.194000
0.144000
0.086000
0.328000
0.378000
0.472000
0.232000
0.420000
0.006000
0.098000
0.144000
0.194000
0.086000
0.328000
0.378000
0.472000
0.420000
0.232000
0.098000
0.006000
0.194000
0.144000
0.328000
0.086000
0.378000
0.472000
0.420000
0.232000
0.098000
0.006000
0.194000
0.144000
0.328000
0.086000
0.378000
0.472000
0.420000
0.232000
0.098000
0.006000
0.194000
0.144000
0.328000
0.086000
0.378000
0.472000
0.420000
0.232000
0.098000
0.006000
0.194000
0.144000
0.086000
0.328000
0.472000
0.378000
0.232000
0.420000
0.006000
0.098000
0.144000
0.194000
0.086000
0.328000
0.472000
0.378000
0.232000
0.420000
0.006000
0.098000
0.144000
0.194000
0.086000
0.328000
0.472000
0.378000
0.232000
0.420000
0.006000
0.098000
0.144000
0.194000
0.086000
0.328000
0.566000
0.002000
0.048000
0.574000
0.186000
0.324000
0.100000
0.000000
0.048000
0.244000
0.558000
0.280000
0.048000
0.572000
0.186000
0.324000
0.100000
0.000000
0.048000
0.242000
0.280000
0.558000
0.572000
0.048000
0.324000
0.186000
0.000000
0.100000
0.242000
0.048000
0.280000
0.558000
0.572000
0.048000
0.324000
0.186000
0.000000
0.100000
0.242000
0.048000
0.280000
0.558000
0.572000
0.048000
0.324000
0.186000
0.000000
0.100000
0.242000
0.048000
0.280000
0.558000
0.572000
0.048000
0.324000
0.186000
0.000000
0.100000
0.242000
0.048000
0.280000
0.558000
0.572000
0.048000
0.324000
0.186000
0.000000
0.100000
0.242000
0.048000
0.280000
0.558000
0.572000
0.048000
0.324000
0.186000
0.000000
0.100000
0.242000
0.048000
0.280000
0.558000
0.572000
0.048000
0.324000
0.186000
0.000000
0.100000
0.242000
0.048000
0.280000
0.558000
0.572000
0.048000
0.324000
0.186000
0.000000
0.100000
0.242000
0.048000
0.280000
0.558000
0.572000
0.048000
0.324000
0.186000
0.000000
0.100000
0.242000
0.048000
0.280000
0.558000
0.572000
0.048000
0.324000
0.186000
0.000000
0.100000
0.242000
0.048000
0.280000
0.558000
0.572000
0.048000
0.324000
0.186000
0.000000
0.100000
0.242000
0.048000
0.280000
0.558000
0.572000
0.048000
0.324000
0.186000
0.000000
0.100000
0.242000
0.048000
0.280000
0.558000
0.572000
0.048000
0.324000
0.186000
0.000000
0.100000
0.242000
0.048000
0.280000
0.558000
0.572000
0.048000
0.324000
0.186000
0.000000
0.100000
0.242000
0.048000
0.280000
0.558000
0.572000
0.048000
0.324000
0.186000
0.000000
0.100000
0.242000
0.048000
0.280000
0.558000
0.572000
0.048000
0.324000
0.186000
0.000000
0.100000
0.242000
0.048000
0.280000
0.558000
0.572000
0.048000
0.324000
0.186000
0.000000
0.100000
0.242000
0.048000
0.280000
0.558000
0.572000
0.048000
0.324000
0.186000
0.000000
0.100000
0.242000
0.048000
0.280000
0.558000
0.572000
0.048000
0.324000
0.186000
0.000000
0.100000
0.242000
0.048000
0.280000
0.558000
0.572000
0.048000
0.324000
0.186000
0.000000
0.100000
0.048000
0.242000
0.558000
0.280000
0.048000
0.572000
0.186000
0.324000
0.100000
0.000000
0.048000
0.242000
0.558000
0.280000
0.048000
0.572000
0.186000
0.324000
0.100000
0.000000
0.048000
0.242000
0.558000
0.280000
0.048000
0.572000
0.186000
0.324000
0.100000
0.000000
0.048000
0.242000
0.558000
0.280000
0.048000
0.572000
0.186000
0.324000
0.100000
0.000000
0.048000
0.242000
0.558000
0.280000
0.048000
0.572000
0.186000
0.324000
0.100000
0.000000
0.048000
0.242000
0.558000
0.280000
0.048000
0.572000
0.186000
0.324000
0.100000
0.000000
0.048000
0.242000
0.558000
0.280000
0.048000
0.572000
0.186000
0.324000
0.100000
0.000000
0.048000
0.242000
0.558000
0.280000
0.048000
0.572000
0.186000
0.324000
0.100000
0.000000
0.048000
0.242000
0.558000
0.280000
0.048000
0.572000
0.186000
0.324000
0.100000
0.000000
0.048000
0.242000
0.558000
0.280000
0.048000
0.572000
0.186000
0.324000
0.100000
0.000000
0.048000
0.242000
0.558000
0.280000
0.048000
0.572000
0.186000
0.324000
0.100000
0.000000
0.242000
0.048000
0.280000
0.558000
0.572000
0.048000
0.324000
0.186000
0.000000
0.100000
0.242000
0.048000
0.280000
0.558000
0.572000
0.048000
0.324000
0.186000
0.000000
0.100000
0.242000
0.048000
0.280000
0.558000
0.572000
0.048000
0.324000
0.186000
0.000000
0.100000
0.242000
0.048000
0.280000
0.558000
0.572000
0.048000
0.324000
0.186000
0.000000
0.100000
0.242000
0.048000
0.280000
0.558000
0.572000
0.048000
0.324000
0.186000
0.100000
0.000000
0.048000
0.242000
0.558000
0.280000
0.048000
0.572000
0.186000
0.324000
0.100000
0.000000
0.048000
0.242000
0.558000
0.280000
0.048000
0.572000
0.186000
0.324000
0.100000
0.000000
0.242000
0.048000
0.280000
0.558000
0.572000
0.048000
0.324000
0.186000
0.000000
0.100000
0.048000
0.242000
0.558000
0.280000
