89526281.904762
86787280.476190
55269686.666667
118159593.333333
128942638.571429
134996608.571429
139826306.190476
182332761.428571
132702811.428571
116991198.571429
121468664.761905
48492229.523810
125867851.904762
135566547.142857
140327114.285714
143064550.476190
124786952.857143
115945653.809524
124350754.761905
131119941.428571
129127569.523810
142971365.238095
141741921.904762
172147010.000000
94112300.952381
107909687.619048
104880770.476190
110034527.619048
111292049.523810
144758473.809524
140786852.380952
144219162.380952
152537933.809524
104560343.809524
108250608.571429
109898652.857143
130846649.523810
153778692.857143
148480293.333333
154628989.523810
104240662.857143
116151999.047619
97847299.047619
112540117.619048
112215716.666667
146973777.619048
148101911.904762
155441558.095238
111720213.333333
112058208.095238
112685945.714286
116024447.619048
120504733.333333
153533906.190476
157614325.714286
158500535.238095
134074859.047619
92556491.904762
113907551.428571
124655455.714286
130220596.666667
115080313.809524
112391016.666667
120763250.000000
170752640.952381
180002885.714286
100731554.761905
120856437.142857
133108656.190476
152262598.571429
152866771.428571
144073500.952381
175057398.571429
137266678.095238
168303211.428571
156474771.428571
121267727.619048
102598055.238095
111255132.380952
112708407.142857
113051886.190476
117501901.904762
113894943.333333
121134965.238095
139400985.714286
196986899.523810
64899252.380952
53423795.714286
87300950.476190
97644668.571429
103619757.142857
105918440.952381
109481823.809524
112334999.047619
75541538.095238
64135642.380952
95442357.619048
103656839.523810
104094546.666667
114312415.238095
122194398.095238
120901098.571429
219498169.047619
82459611.904762
86761803.809524
93200127.619048
121498476.190476
122682882.857143
136050633.809524
137339963.809524
131080895.714286
256178341.904762
72551137.142857
66494835.238095
84694978.095238
117609737.619048
127370178.571429
127396503.809524
141996435.714286
140155852.857143
111020977.142857
104790457.142857
172958362.857143
99243284.285714
59633138.571429
90538492.857143
115138321.904762
118216930.476190
133094951.428571
132938713.809524
140137265.238095
94308545.238095
96696476.666667
236235331.428571
96107535.714286
86768996.190476
92904004.761905
101109783.333333
101461698.571429
106216139.047619
108261744.285714
117034617.619048
104693752.857143
103470563.333333
95224731.428571
103746065.714286
129887227.619048
141446014.761905
146775182.857143
150124555.238095
139166341.904762
105217724.285714
110872530.476190
114990329.047619
107627314.285714
128576082.857143
127667028.571429
148427936.666667
123620110.952381
83220279.523810
70124960.000000
116555725.714286
123110365.714286
135415216.190476
119224561.904762
125993516.190476
177560341.428571
179520023.333333
89589234.285714
93485727.142857
111860803.809524
131352685.714286
137028480.952381
141724495.714286
149707290.000000
157264071.904762
152880797.142857
161401882.857143
74059479.523810
96890531.428571
98486203.809524
109704107.142857
119450156.190476
122102244.761905
125321441.428571
119050210.000000
175010193.809524
146477396.190476
102434726.190476
87251293.809524
142775201.428571
146694577.619048
154916993.333333
155126809.523810
87426572.380952
122314534.285714
132682970.000000
136397944.761905
80213328.571429
76373811.904762
66673126.666667
89716360.952381
114132769.047619
113948442.380952
116022712.380952
113915702.857143
212929424.761905
109701094.761905
107275300.952381
113141670.000000
115943051.904762
122916547.142857
120817279.047619
127320682.380952
128584247.619048
224012552.380952
81271223.333333
72439176.666667
109184597.142857
113647710.952381
130126530.952381
128791266.666667
135155775.714286
141087572.380952
153700203.809524
168119852.857143
92670800.000000
76748619.047619
117613941.428571
127366428.095238
135485611.904762
135115670.000000
144659167.142857
119975007.142857
134125640.000000
143386232.380952
140730489.047619
106694640.476190
109581035.714286
116047373.809524
141399563.333333
137070659.523810
147598925.238095
139653772.380952
121824101.904762
104156680.476190
99854570.952381
129511546.190476
129283322.380952
138268895.238095
133508680.000000
111761380.476190
119052786.190476
111130407.619048
115871132.857143
121833494.285714
142182899.047619
139858403.809524
120525186.190476
109123148.095238
120680665.238095
119534020.000000
125382608.571429
131374134.285714
135660127.619048
143320389.047619
122972129.523810
101951611.428571
104891436.666667
112088748.571429
130687422.857143
152996106.190476
154755366.190476
160366147.619048
123703342.857143
111473079.523810
115450458.571429
109763511.904762
105549706.190476
136494974.285714
149945112.857143
155452636.190476
114908820.952381
113422920.952381
120808901.904762
121481557.619048
110340708.095238
126573208.571429
139284286.190476
140753387.619048
100021555.238095
99872011.904762
102921340.476190
117890604.285714
116033015.714286
128398398.571429
136599817.142857
154477506.190476
126124444.761905
67327812.380952
55694980.476190
117176077.142857
121488933.333333
117027974.761905
122295055.238095
130161924.285714
178316010.476190
182074974.761905
135130170.476190
53388270.476190
147527170.000000
162945771.904762
164244468.095238
160154374.761905
135090794.285714
133627799.523810
134739472.380952
142230857.619048
141128202.380952
154495982.857143
142008152.380952
139425228.095238
130311394.285714
140906333.809524
137141402.380952
153325886.666667
136780570.000000
140724033.333333
135313089.047619
68195314.285714
153815000.952381
64722623.809524
161187378.571429
168333753.809524
78286759.523810
75163530.476190
81030101.904762
101347392.380952
104879951.904762
115195515.714286
115774802.380952
121817535.714286
47089118.095238
80171637.619048
78322120.952381
80265033.809524
97129865.714286
98433727.619048
97797769.523810
108141776.666667
111328350.000000
95890713.809524
92808350.000000
74293291.428571
86254955.714286
89182635.238095
94959426.190476
101668932.380952
105718932.380952
84369339.047619
75691247.142857
73835081.904762
98135531.904762
111412045.238095
109336583.809524
107644714.761905
114011298.571429
41384232.380952
57999020.000000
44929485.714286
71834982.857143
91977217.619048
92915464.285714
96922788.095238
106300956.666667
106786897.142857
46416078.571429
72174492.380952
57162567.619048
92132931.904762
117484663.333333
124354419.523810
138062097.142857
140866203.809524
141293010.476190
136601002.380952
185787940.000000
95612313.333333
89798220.000000
93600893.809524
125391830.000000
126477736.666667
134085809.047619
139166752.857143
138677091.428571
162592447.619048
126808929.047619
132965408.095238
82025374.761905
80165897.619048
143597615.714286
151821398.095238
156463430.000000
125813745.238095
113775510.000000
107920879.523810
116022261.904762
120020433.333333
141310963.809524
146013222.857143
151865762.857143
110157542.857143
106664097.619048
117720034.285714
128597288.095238
136122110.000000
134882144.285714
141351283.809524
159417116.190476
196253203.333333
126667641.904762
73578545.714286
92694148.095238
120231701.904762
124350913.333333
134362962.380952
143358125.714286
138047318.571429
120832099.047619
114740738.095238
105464061.904762
124743726.190476
143131934.285714
146557923.333333
148879094.761905
153931580.952381
156952651.904762
105098245.238095
111576696.190476
119833885.238095
144120938.095238
151198029.523810
150166598.095238
124602344.761905
153380781.904762
118175325.714286
113870358.095238
102394666.666667
121068023.333333
148476248.095238
156741440.952381
93402429.047619
101777327.142857
113787111.904762
125173390.000000
144841468.571429
154349565.714286
142499474.285714
144759084.285714
115804123.809524
156535812.857143
126595583.333333
100174570.000000
159520785.714286
157347302.380952
175109984.761905
181033021.428571
61562570.476190
132962825.714286
145737343.333333
161667539.047619
133761729.523810
108974920.000000
106008388.571429
118544048.571429
120002734.285714
108160493.333333
99277320.000000
106974921.904762
89521177.142857
86511593.333333
53667575.238095
116500068.571429
132726495.714286
137303456.190476
142904418.571429
143874663.809524
148000476.666667
153568572.857143
151254775.714286
87427840.000000
119403817.619048
123649168.571429
131963355.714286
132694462.380952
139718032.380952
143130733.809524
149148527.619048
155749925.238095
148037338.571429
131580731.428571
129383895.714286
147444322.380952
76566680.952381
142252779.047619
151083052.857143
156758895.238095
135690873.809524
122848088.095238
115030322.380952
122814292.857143
121055133.809524
146376274.761905
157989483.809524
164652533.333333
100288890.952381
114940443.809524
119966010.476190
136994575.238095
133769337.142857
132140230.000000
122551108.571429
131403963.809524
217226770.000000
94771198.571429
61561769.523810
104794658.095238
104494107.142857
113845584.285714
121485739.047619
119798370.000000
122175068.095238
148667508.095238
150722474.285714
83115109.047619
66353857.619048
112503035.238095
126113347.142857
117574750.476190
131574547.619048
127418025.714286
219828390.952381
138077050.476190
109454959.047619
102691653.333333
90464757.619048
98930980.952381
106948195.714286
113683820.952381
123392196.666667
167890031.428571
142384999.523810
77172045.714286
104246267.619048
103341409.047619
121463804.285714
127096760.476190
128032865.238095
87152369.047619
84720843.809524
97432074.285714
94845537.142857
104313078.095238
104519922.380952
155068274.761905
159724922.380952
168273540.476190
169854805.238095
145462010.000000
118961073.333333
121182107.142857
125942137.142857
105121228.571429
117361248.095238
132297267.619048
145864312.857143
114313725.714286
101463391.904762
107461040.000000
111729115.714286
143602796.666667
143037133.333333
142464777.142857
150410471.904762
137367551.904762
118305739.523810
127979031.904762
129575184.285714
98820736.190476
103528058.095238
125222108.571429
134000665.238095
150641071.904762
135842485.238095
124516917.142857
129116391.904762
90658631.904762
81854019.523810
100774979.523810
170418171.428571
177278646.666667
133910104.285714
90008192.857143
91662046.190476
122650411.904762
126369267.142857
122005659.047619
125460085.238095
129980242.857143
154110020.000000
155609824.761905
140066740.000000
115708855.238095
122699874.761905
118390307.142857
117115667.619048
118998540.000000
105497485.238095
106832342.380952
186989557.619048
86515810.000000
71416708.571429
83106466.666667
123656119.047619
138387323.809524
148326156.190476
155048652.857143
155273369.523810
160283216.190476
165774391.904762
173764905.714286
123274249.047619
145127565.238095
145005802.857143
153306151.904762
154123048.095238
80641317.142857
84352572.380952
170659948.095238
115596985.238095
73971552.857143
64532770.952381
96007272.380952
130627724.761905
143632906.666667
150459624.761905
150587918.095238
85831666.190476
127760110.476190
143335418.571429
163885509.047619
102972246.190476
101142786.666667
118307658.571429
122386804.761905
128498532.380952
148193857.142857
162849650.952381
177410724.761905
99578974.285714
109346906.190476
102642444.285714
113108067.619048
113043856.666667
148908253.809524
160154005.714286
159829421.904762
118248260.476190
119286757.619048
117102385.714286
117601466.666667
115774306.666667
143135384.761905
148423277.142857
172086110.476190
107411649.047619
104185876.190476
118510329.047619
111942736.190476
122737123.809524
141902108.571429
133344411.904762
144825517.142857
77408451.904762
94279117.142857
72797437.142857
72440058.571429
138396333.333333
141771064.761905
144138125.714286
152964976.190476
172357075.714286
145648735.238095
136777960.476190
128225707.142857
159139785.238095
177561845.714286
169128832.857143
174296160.476190
83419237.619048
188140159.523810
187299493.333333
194010123.333333
70981918.095238
91890430.952381
139399423.809524
144803635.714286
142556746.190476
133415845.714286
140870876.666667
140366736.666667
113848326.190476
115009699.047619
116136235.714286
131039279.523810
138470070.476190
141646407.142857
146899037.619048
147668363.809524
146239669.523810
135773322.380952
117798947.619048
135602019.523810
134713292.380952
159241571.904762
157868786.190476
156857444.285714
142888459.523810
146145693.333333
119003458.571429
118338339.523810
124680126.190476
148764062.857143
160746271.904762
131609340.000000
111131236.190476
110397969.523810
109238240.000000
140201847.619048
139446307.619048
132712897.142857
139280457.619048
148226631.428571
163850112.380952
140654884.285714
131580365.714286
79754285.238095
109947215.238095
153759588.095238
155372009.523810
158438745.238095
97047151.904762
95739825.238095
121386239.047619
124356129.047619
121464643.333333
110955428.571429
132620032.857143
133833996.666667
182557510.952381
83161870.000000
97900393.809524
107101192.380952
109635914.761905
114861548.095238
122018626.666667
128614557.619048
180559934.285714
184232356.190476
125836926.190476
96632874.761905
105140174.761905
114226457.142857
120603676.666667
135692064.761905
145210698.095238
149618481.428571
147601179.047619
105132369.523810
113208730.952381
104744410.000000
116029880.476190
153445708.095238
160910128.095238
161848350.476190
150865373.809524
115520252.857143
115653820.000000
115912006.666667
125873109.047619
153136439.523810
164592435.714286
165612755.238095
127608022.857143
108887379.047619
120756644.761905
117409080.952381
124247119.047619
130228236.190476
144380883.809524
156083725.714286
101062829.523810
108541227.142857
107386403.809524
111549345.238095
121774675.238095
134395768.095238
145216207.619048
151815226.666667
125623661.428571
106788793.333333
112301360.476190
124606034.285714
123176798.571429
129164872.380952
156422658.571429
161064381.904762
144694100.000000
112125276.190476
89494112.857143
106268695.238095
115960867.142857
120216604.761905
133155622.380952
137316394.285714
94686912.380952
108806590.952381
177311560.000000
185104420.952381
99607987.619048
109300459.047619
114952681.904762
125014044.285714
128647882.857143
124552481.428571
130529834.285714
140852758.571429
128741577.142857
94408882.380952
100181454.285714
112886982.857143
131020639.047619
131574643.809524
135286959.523810
140906816.190476
74044383.809524
84187722.857143
44671996.190476
60919898.571429
93024554.285714
106073926.666667
107800112.857143
121488345.238095
130439555.238095
123083790.952381
132408062.857143
142655899.523810
81054596.666667
54963706.666667
110673244.761905
113469890.952381
112725838.571429
127012995.714286
134607460.476190
135812635.238095
115497860.952381
174342194.761905
70706542.380952
89975878.571429
94686109.047619
98397483.333333
123203046.666667
125271597.142857
145301224.285714
147660170.476190
182074104.285714
102201244.761905
95188660.000000
87491839.047619
103505577.142857
118532729.047619
138765091.904762
143705480.952381
168324558.571429
155373501.428571
127934457.142857
143256921.904762
77125173.333333
115276593.809524
133160112.380952
132396166.666667
136439837.142857
149225089.523810
175449960.476190
176835479.523810
112054852.857143
119263251.904762
122048959.523810
127807960.952381
132427625.714286
119437035.714286
113558462.380952
136325000.476190
74875016.190476
53907279.047619
68976629.047619
76414689.523810
100200303.809524
110449028.571429
112967142.857143
115108260.476190
80855120.476190
83534969.523810
77641681.428571
107236537.619048
105159270.952381
118049090.476190
127359020.000000
128512904.285714
221766267.619048
69035226.666667
101698540.000000
102653795.238095
104985690.476190
112778297.142857
110560797.142857
117498397.619048
122208614.761905
112908785.238095
105041263.809524
106883536.666667
105454850.476190
138561822.380952
144538862.857143
146306765.238095
153135691.904762
121860018.095238
121275472.380952
115979710.952381
116485888.571429
106998786.190476
122111438.571429
141694818.571429
152259745.714286
113557863.809524
112088003.809524
112277523.809524
117755056.666667
124049834.285714
137744267.619048
132075343.809524
150063948.571429
92991191.428571
97028630.476190
97143504.761905
103130491.428571
114152773.333333
129684638.571429
136976935.714286
158273047.619048
124111756.666667
95723364.761905
100121830.952381
118954561.428571
123475403.333333
153307701.428571
154267116.190476
161674386.666667
145783364.761905
113876047.619048
102343560.000000
106623729.523810
105528416.666667
143146321.904762
158934615.238095
165841144.761905
122575034.761905
79282403.809524
86690841.904762
124630601.428571
125711472.857143
124924175.238095
129769834.285714
132852022.857143
193901765.238095
172570385.238095
179247942.380952
94008287.142857
118650871.904762
132793176.190476
136423768.095238
136005678.571429
169013419.047619
140985563.333333
161521622.380952
89421011.904762
85142397.619048
161423428.095238
161550131.428571
166058415.714286
103744860.476190
103160768.095238
121383144.761905
128686899.523810
126922944.285714
122376557.619048
160268503.333333
172633055.238095
126447767.142857
97016684.761905
105028788.571429
102764235.238095
119016089.047619
149059941.428571
147827996.666667
151976439.523810
140911654.761905
134845577.142857
110994312.857143
114627037.142857
111480911.904762
149295446.666667
156238307.619048
159120482.857143
122307790.952381
119182293.333333
118672341.428571
127054688.095238
125644773.809524
113001592.857143
141081099.047619
150777283.333333
106725773.333333
100956497.619048
92669867.142857
115050493.333333
116824401.428571
144082607.142857
143673195.238095
154235153.809524
142755727.619048
119816087.142857
132536229.047619
97416319.047619
102291353.809524
132360137.142857
143447479.523810
146410963.809524
111691979.523810
112715605.238095
115653660.952381
116008388.571429
125389748.571429
148017171.428571
143832664.761905
144602853.333333
118504067.142857
95009387.619048
94852110.000000
117436406.666667
124490022.380952
149796030.476190
154926755.238095
158279448.571429
157419367.142857
161090024.761905
143350120.000000
84044993.333333
92905772.380952
150551484.285714
153688357.142857
161597792.857143
137719080.952381
106481792.857143
113095729.523810
120171666.190476
118847677.619048
158222408.095238
160656123.333333
168200285.238095
105022342.380952
106803905.238095
112450625.714286
117763963.333333
119995630.476190
133243355.714286
141300915.238095
158130268.571429
112738588.571429
99051285.238095
114719749.047619
115948426.666667
121791401.904762
125414931.428571
123837512.857143
133714017.619048
195751004.761905
138306411.904762
74870029.523810
109304375.238095
114849930.476190
118359428.095238
126116142.857143
134095706.666667
121550942.380952
113642433.333333
190889051.428571
77638035.714286
75619972.857143
96311944.285714
119649343.333333
133197998.571429
144155590.476190
143065861.904762
143630152.857143
126513671.904762
130230032.380952
180144845.714286
108979493.333333
112712788.571429
118756923.809524
129246978.571429
131363092.857143
113518746.666667
112523230.952381
121075913.333333
269151871.904762
81578116.190476
81211766.666667
103721489.047619
99193988.095238
109154891.428571
112164840.000000
121632582.857143
116866465.238095
93410180.000000
97937611.904762
110882693.333333
117680674.285714
107034310.476190
123010337.142857
119453076.666667
121567483.809524
80512640.476190
69678953.333333
89094291.428571
97988190.000000
109055726.666667
108230316.190476
112332125.238095
113626187.619048
69346119.523810
75972269.047619
97377752.857143
101484552.380952
122359660.952381
125318373.333333
125592132.380952
128407279.523810
72973237.142857
78918494.285714
78822931.428571
95756008.095238
107041030.000000
125916596.190476
125119170.476190
125041560.000000
55639316.666667
64923636.190476
61977765.714286
109385074.285714
108044121.904762
131445848.571429
135305985.714286
138337099.047619
141816766.666667
129752980.952381
185680376.190476
71069007.619048
72611078.095238
111433039.523810
118049128.571429
124442257.619048
126705173.333333
130257445.238095
133531591.428571
121970212.380952
101525115.238095
55762799.523810
67317357.619048
62074542.857143
62370878.095238
