1948
884
1052
625
697
1009
992
634
738
1393
567
915
563
1013
636
1003
737
911622
364353
1716
1005
584
1144
579
757990
177350
1131
834
952
98291
844
663363
34437
137732
1209
15398
1201
634
749969
64248
104634
1173
8673
933
7611
657920
216340
32426
1218
663
195404
924
667991
42785
50511
1204
127460
917
630
696211
320529
1251
758
1059
40533
1195
700129
67312
17662
1199
115323
137409
1227
374339
416963
787
1064
885
869
1020
567873
342594
1248
741
1095
129339
1210
461433
360373
1213
1346
2347
162783
872
631632
16401
919
738
35904
56923
1214
709187
320835
933
639
986
119271
910
504248
347339
14170
1215
752
72737
917
521327
279436
1236
736
987
126950
917
493541
130694
179727
779
1014
92074
1200
679918
14147
126112
1203
665
1465
2937
640877
206451
150438
943
1036
926
1033
571271
401391
2326
1333
800
22124
915
691629
29494
196308
816
747
900
1478
583045
263860
159050
945
1034
611
1134
816469
114794
210627
1321
803
1010
6180
583707
120231
74040
1188
754
31699
912
552997
444080
980
735
1176
227830
1205
506864
180025
62347
1203
743
342707
1186
516744
110321
225153
1169
670
110352
1194
336936
476869
824
1067
623
169194
1199
490941
188064
871
1063
887
90973
768
724522
344550
1361
759
1003
20591
1213
575860
313534
1206
761
1189
40762
1229
699506
138438
50449
940
746
5450
776
625383
496933
1233
1069
1019
599
4783
471795
486624
917
1610
1022
622
693
713360
53836
1226
762
1194
23046
858
706079
522952
1204
759
1021
706
984
427331
645682
960
1749
1006
1019
709
363694
710084
1577
1216
627
960
722
351239
676765
1495
1019
627
674
877
468351
295198
1816
1389
672
1025
606
659392
279465
957
882
1051
1020
617
654559
484983
992
1696
647
1140
709
537792
200474
1665
868
715
1003
610
574809
391199
1451
854
1013
978
1233
738071
223134
1469
853
1020
739
989
800615
251181
1156
1112
1022
618
578
551093
603309
1586
801
1249
631
2520
389561
621342
1572
676
700
1008
992
428833
472602
1394
814
1409
724
988
679498
344386
1909
962
819
715
997
868190
1916
794
1028
625
1007
599
779725
285755
1498
1027
626
874
581
969570
48219
1469
773
1021
1011
605
878812
1322
1106
2655
670
1051
604
939867
1019
1044
1475
642
684
909
832539
75814
39258
1249
655
980
617
1062825
1961
738
1175
1034
728
612
942980
88152
1382
813
1445
614
966
884277
1691
688
897
1019
720
989
766295
322771
1203
1081
682
1563
1029
678351
275225
1652
657
1013
601
980
715737
312662
929
1065
1015
741
708
798832
1622
827
727
1013
718
988
778513
271960
1019
644
1918
1034
614
767892
307955
1145
1087
627
1008
711
848657
249647
1476
765
1021
1012
611
677526
47159
249043
991
1272
634
1176
806256
907
104855
2184
781
1016
617
683223
21796
215096
1103
1046
906
806
808894
204560
1257
660
1774
1066
5368
1124569
1181
1083
846
594
1001
999
834334
1677
80972
972
1061
613
1028
1175142
1629
803
998
607
2545
1046
981019
1527
1084
1148
686
974
868
832775
148051
907
956
1010
653
1248
1019022
1328
666
1159
709
989
891
985945
1189
1166
1042
615
685
875
877112
142207
838
1048
619
588
1039
1024777
855
759
1090
736
1004
614
932633
788
1108
838
1247
635
971
976780
959
1086
745
1004
2673
1061
1105528
1496
1073
618
1070
1348
623
788720
113413
1366
769
1010
617
965
817072
109836
920
1068
1064
606
678
1031344
1251
1377
1131
997
722
602
776541
130116
1238
860
1031
713
994
844536
45066
1001
1037
619
871
1000
908981
19818
984
1064
614
965
726
864266
10630
1247
1129
974
1721
1932
1097766
1565
937
1225
720
1009
606
1019787
1879
904
1246
1094
989
621
923047
1542
955
1337
746
999
606
950309
1538
994
731
713
1038
715
738986
918
104590
1240
1115
753
1011
984484
1296
1054
761
987
604
982
969968
1547
849
1185
985
598
1028
767111
18856
1303
932
1387
622
1907
1003462
10315
1423
859
694
1090
987
1080178
921
63484
870
1115
651
1612
976836
914
1340
915
1340
1035
997
1069009
1283
646
872
2047
1132
605
786202
1165
1428
1156
734
983
596
1135356
2778
1468
742
1003
995
605
976008
1448
1173
1064
620
979
619
962021
812
1043
1042
738
703
988
774596
921
127334
1224
653
1068
796
957685
791
731
924
1037
961
607
977283
1083
1403
807
1356
638
1003
915352
1566
789
1254
1003
612
999
696380
18286
178209
1246
757
1098
1781
798704
13687
1539
904
885
595
1095
923336
28412
1125
1211
924
1232
721
1059555
1482
847
598
1011
605
983
800056
43358
2341
754
1038
2432
1965
970686
47268
79646
1304
769
1029
620
850467
46120
1692
823
1014
1014
722
1028179
837
38779
812
1061
735
1028
1032664
817
977
1372
743
1011
714
733140
933
157360
810
1055
1023
744
770785
174528
1562
878
700
893
720
971905
924
40046
888
750
1046
1012
729633
879
286927
797
1143
870
869
816206
1215
104112
1687
793
1031
987
843976
1577
1026
1204
955
1022
1865
814121
140219
1069
847
1017
623
1011
980044
1314
789
877
1653
2986
2435
976546
1093
162218
2013
729
2829
1690
662771
126153
1162
1257
742
607
1086
1056455
1192
648
1045
904
1008
711
994529
1106
1118
757
1028
624
999
970417
854
1487
815
997
1642
1038
979682
1215
86183
1194
740
1050
623
724641
87560
1246
767
1025
657
2498
814962
175904
1045
1097
911
706
590
972087
916
76662
799
1243
746
704
640064
174047
1064
1024
1054
622
1003
778038
175501
128657
1748
778
1014
613
782092
125928
154544
1240
756
1017
611
738952
161645
26398
1288
793
701
997
1034950
1212
133128
1264
652
1015
717
809253
1196
147278
1065
1061
884
692
890270
1491
895
1019
813
1984
782
933183
1216
60544
795
764
1017
605
731207
929
424733
806
1670
779
1014
862565
1271
131860
1052
1051
725
993
805667
1212
140028
1644
1047
631
869
608595
58975
96159
1208
1081
639
1012
770814
64935
79324
961
730
1051
1009
838528
929
273694
954
1032
633
1031
801656
1022
1106
1121
657
954
977
1101974
1384
957
1591
628
977
599
784607
902
86276
1439
663
1001
729
1011265
832
1156
1065
1065
999
610
955869
1227
197981
1445
755
1010
620
770925
862
212009
845
383
401
2313
643575
1063
369945
1100
378
557
347
823599
1202
173143
1100
940
526
575
956314
776
786
808
947
629
867
984666
1427
150591
1113
892
639
1750
599814
1190
332873
1236
644
1017
1008
703600
880
125060
1001
1072
613
865
851512
1212
138246
1578
1070
750
693
1023668
1065
923
908
2244
1098
1754
804343
1198
110614
1164
1121
1026
624
872278
1201
304896
1625
772
997
611
696617
918
114721
806
1053
1027
731
802616
916
307253
805
1085
756
1022
848327
790
123762
1279
648
996
712
717673
927
300433
807
1075
1036
727
647011
1220
107431
891
628
39542
910
1008414
901
112806
800
749
1029
1021
713085
884
307803
961
1039
614
850
791324
1216
122612
1362
643
1020
1024
852189
1231
929
1180
845
1162
727
798982
1198
99820
861
1065
98280
1217
979201
1253
749
1024
623
97788
1173
892193
896
155718
1226
670
705
1033
629205
1192
93969
1191
650
143800
1197
921839
955
997
1037
625
3941
761
970239
801
1047
731
1183
63639
1213
923317
948
1040
722
1014
12084
1223
915606
1209
97123
952
624
997
619
728488
916
97253
1629
1382
784
1010
932578
932
1779
2167
2556
2612
617
1146950
914
28284
1039
1047
741
710
724098
1184
64199
885
1069
69510
1202
857310
1218
231535
1347
1033
995
607
760630
1172
247106
1228
803
1022
731
736535
904
35150
1183
663
140205
1632
1017503
1220
13058
1490
868
1046
637
952167
1340
796
824
1009
1011
612
1010470
2162
690
1049
696
1037
625
979497
1640
922
2304
2621
3789
2583
764580
926
128418
1148
1143
632
1009
989283
1409
924
1274
1024
720
1008
996392
1547
1003
1048
908
565
650
792147
965
1050
608
1167
3790
1030
1012811
1242
1036
749
699
208560
1160
771396
882
80020
944
1025
617
867
836842
916
1074
923
833
31327
1226
1177168
1887
788
1016
708
995
614
773220
961
1046
989
725
107929
926
1050487
950
1084
614
1016
83714
929
877036
1206
26355
1522
799
1023
701
910708
1439
1738
1095
748
1187
1155
764788
930
215648
1204
650
109519
956
785731
941
101143
1494
1032
754
698
902247
1017
1071
622
865
176486
1200
779660
1348
976
1008
994
203524
1189
521047
1200
291752
1460
656
1278
1013
680787
905
139750
962
1101
315035
1211
557865
1202
106333
1394
937
367913
870
822363
1218
683
703
1011
46137
1254
710662
1208
132943
766
1072
339937
940
573134
1199
259149
1195
754
195608
936
506951
930
133284
939
1051
313896
924
578308
923
256074
958
1036
141202
1247
761161
934
84684
1598
645
1203
758
655024
781
286491
1034
1658
1036
624
636960
1209
84398
924
629
330812
924
679018
949
63904
871
992
1219
1056
689113
879
254197
929
1059
613
1253
901393
1253
55915
1716
796
1007
999
828533
1457
768
1018
715
28095
927
729114
1218
100887
910
1906
326361
1218
715953
1558
761
1029
610
251564
1195
768311
880
83017
1197
690
146184
1212
543132
1236
72654
1227
774
371141
1207
662967
944
644
1008
715
56618
937
901346
801
1048
619
1023
232161
1220
673107
999
1062
868
997
259502
1233
681671
1220
126086
1060
748
1021
724
633726
26244
102908
914
1068
102978
1211
692471
21927
115255
1225
942
148853
881
839251
910
172852
812
1076
742
729
600388
27003
129299
775
1095
394756
1221
533144
1225
341324
1688
767
1022
727
732847
1205
370237
1217
763
110456
930
540294
915
154556
1186
669
245656
1217
703303
1231
199346
1219
659
124890
937
705274
1178
258476
986
1121
1233
631
747304
1201
169221
1209
646
207144
950
672138
1217
302555
956
632
41369
772
450188
773
476890
913
1040
68218
1197
618160
1200
341452
975
1245
764
1018
624253
1237
367618
1941
1071
621
819
365674
43427
329337
946
1078
627
987
688335
1232
383542
929
897
70056
1190
517167
759
506546
941
1041
621
1277
466832
876
280245
1529
678
691
892
851510
1215
191164
1645
761
1014
711
567960
916
397311
1243
693
983
601
773152
764
208149
774
1044
113667
927
649925
1213
442461
1495
777
1005
599
463605
917
484195
1057
824
593
1015
322251
789
579605
1236
636
993
613
719813
907
368314
1494
963
759
610
635798
780
143371
781
1866
99476
1210
672676
1223
361058
1651
1206
757
993
408980
1216
543539
1777
805
1041
987
425609
888
354420
950
1050
120894
1209
462564
1225
350897
1230
933
154286
868
732711
1197
256154
794
1177
1492
2250
571802
1216
485383
932
1094
1032
616
490306
1216
708041
1720
786
1019
707
271597
927
467776
919
1060
5062
909
499893
928
672755
1130
1089
819
993
478435
794
488522
1290
821
1028
604
308795
912
656254
864
1097
1020
737
378411
1207
403192
911
619
72043
911
648187
921
429185
808
752
1032
1202
391637
877
663074
957
1044
618
1000
507476
1212
440562
1251
766
1016
989
526043
1199
303908
1230
812
1013
5824
518887
1188
436943
761
1078
142526
1212
586472
2122
210664
1209
762
163952
1169
495384
882
484541
1848
686
713
1008
275218
1197
539280
1198
651
65440
1207
581912
924
247354
1415
646
1004
720
721562
741
211415
912
1062
117009
1191
732136
915
78812
902
1025
133707
1218
726453
1223
266667
1036
626
1033
4342
468002
1284
289371
786
1035
740
998
599204
915
316129
1237
932
729
703
762325
900
312361
790
1046
741
734
427377
1210
322610
871
1087
152535
1288
455270
1207
522640
1220
753
1021
610
422274
1184
502932
1710
789
1006
724
430765
905
305591
1175
672
99928
1192
723025
1203
292382
1255
776
1021
614
687833
1167
291052
908
1066
901
692
589931
1221
126543
1201
657
99802
756
706602
1198
426424
1822
736
1227
747
417031
903
560913
793
1055
745
1005
601454
1218
405686
1277
1040
726
1966
602148
1201
352663
1371
1991
749
602
399504
935
376533
785
1075
733
1015
543288
1194
361130
759
778
18995
1173
719964
870
528492
1315
1113
632
1007
505003
885
303258
1222
673
698
889
861445
1236
238952
1707
775
1182
619
496313
891
422760
1210
669
1088
610
691667
773
223624
993
1305
927
1026
752697
1216
422268
1254
760
1016
689
562950
902
418971
1081
687
986
1013
378174
911
577177
1371
997
1050
727
571713
910
379337
1333
913
940
737
608816
770
220985
754
1026
97839
1200
723436
1201
408550
1245
1038
623
1178
447809
1198
482504
1697
795
1001
1018
576645
905
269583
906
1047
163589
1220
530611
1223
258568
1203
1034
146043
870
707829
1153
121495
913
1082
621
981
709771
1217
290186
738
1073
76689
915
602306
1191
485937
1215
657
993
602
443402
908
306489
911
1108
74842
790
620252
1813
415210
798
1450
788
1279
722552
915
259288
1378
663
979
623
468582
908
449703
795
1069
1004
856
508578
1200
248655
912
625
137186
905
793515
912
349690
797
755
1201
1047
466980
873
489544
949
1050
622
999
656136
1220
335487
1235
779
992
1003
712562
1185
100732
1418
765
1022
709
692531
1162
233503
869
1070
50586
1185
809103
1204
60526
1199
660
59239
1204
812092
870
228548
1048
774
602
1338
494812
1212
239394
1211
643
54364
1197
837862
909
71417
1397
638
1013
716
860297
761
39823
914
1047
24221
1219
934008
776
43138
932
1064
28864
1205
886889
1210
239724
955
753
1022
769
561528
1852
243339
1094
1054
614
1049
725024
923
291031
1252
929
746
2672
853277
907
259356
802
1042
617
847
482043
1163
238287
876
1073
22277
1195
715001
1201
435486
1240
973
1025
610
528179
1174
438234
1633
863
1028
603
595440
843
158713
1156
612
89186
1121
973978
1128
179505
1357
836
1044
606
838689
1191
209665
902
1079
1700
657
807444
1219
64057
1244
889
1009
614
908734
1195
259015
947
638
1022
620
475355
911
462704
802
1063
749
998
703864
1212
365915
974
1044
723
1010
670147
1196
289738
1250
1047
735
611
475103
779
303402
943
1065
766
1000
669913
1205
361260
1429
848
1054
898
643748
754
443099
1180
1060
729
994
512008
761
272828
1636
694
704
1031
877788
1208
105871
1236
768
1002
935
668218
913
270288
1713
708
991
741
897139
1718
30003
796
1077
1026
730
997533
1213
150960
1408
769
1000
616
739073
909
142028
1621
852
609
1009
642483
910
312952
1218
763
1091
710
875314
906
84387
1227
2001
785
717
811945
1009
1054
619
877
862
973
1039526
1224
25052
1725
1062
740
996
768524
1216
212144
1246
757
1026
1010
713069
877
23117
950
1057
626
1023
929626
1210
4982
1322
1041
629
1795
1165482
1497
708
727
907
907
1040
813164
1407
1165
738
1010
886
599
905428
1193
257721
1555
1049
1004
609
741901
917
14244
2188
1089
1021
741
961787
784
187641
977
1083
608
1106
949534
919
37927
1646
783
1009
723
741465
915
217053
856
1609
1054
739
687357
1222
32035
1020
1671
3213
788
1171725
965
1313
674
2358
1857
936
806328
886
172540
985
1596
655
1007
1113939
1209
30328
1603
999
1103
1024
946222
1479
775
1071
698
991
596
943214
1048
795
734
1090
621
972
1154720
1447
732
1374
613
990
2297
934810
979
1163
1029
720
609
970
931454
2210
1011
1164
772
693
886
1328274
1021
635
1299
947
1274
1548
987261
1023
1052
724
1090
729
979
1096280
874
1144
844
1027
707
994
1129967
1520
1177
1131
718
989
621
753499
992
1052
745
1393
726
979
1055115
813
1284
1308
1275
968
596
1216830
1092
1132
932
1014
605
610
847552
1784
691
730
999
729
980
1069540
1701
1962
1104
608
977
717
1026105
1541
766
1013
740
1010
596
994506
837
966
2427
706
732
908
1478072
1703
793
1023
601
984
609
944689
1633
830
752
1027
985
608
1168069
1262
667
1024
806
998
601
997805
1264
1317
596
1356
1113
616
760753
796
1180
762
1071
748
1015
1228327
1477
998
666
931
557
792
949172
1489
837
1034
1002
600
683
857095
1147
1233
1019
1033
609
971
949839
1703
959
604
760
1012
891
934559
1041
1124
663
1060
1029
1021
1021194
1217
1976
1475
740
606
973
1089751
1290
780
1004
625
1293
720
815761
968
1054
1999
983
1035
729
1214995
925
1426
665
888
1127
1469
931451
2612
1295
1258
793
1517
5219
994232
1045
1126
1014
619
689
1002
872620
807
604
2475
1458
2648
1722
1167485
Xput: 7130
