1714
807
1007
614
1119
1041
977
588
774
1393
567
842
542
1150
602
982
32927
190102
218872
193854
257352
239844
203249
241572
271874
180167
219551
286491
197215
279174
202119
221190
203324
275290
198691
271310
212532
239257
210634
217704
282636
214896
280871
216283
235404
213275
258672
295610
249669
212149
296595
147766
291206
209078
290579
216291
292678
142867
227913
258312
247403
223284
252052
291135
192871
202832
298765
207634
280996
219256
229203
246912
212264
230492
247666
219372
181752
198424
206819
291499
212853
278920
208733
256165
217398
295180
217676
255210
297766
220882
224965
217797
290826
245243
302773
202120
180662
283626
251763
210061
272570
204572
290354
159276
294649
216549
293433
215876
256707
225565
246056
216336
255278
294783
257695
212634
235292
214898
286613
218878
280755
249361
153599
253366
292129
256242
214649
301496
226259
236479
220879
283756
207426
281234
196682
212166
208959
243185
276879
205036
276856
201824
216289
200620
276548
206918
239299
271829
185136
202771
282173
211887
269796
186753
256460
146069
280560
203889
239753
315979
235301
150732
238705
280247
239455
206799
270233
245947
219918
200164
274504
239723
208471
248116
227087
251055
210060
278940
216179
296398
218981
229052
217331
294947
217504
279964
218538
193425
288168
219118
294523
217449
291414
214737
224391
212975
247963
285214
250288
218808
227472
208636
284804
211340
285854
212836
292160
152124
249068
288152
248612
218687
253512
223972
253956
218325
271675
198203
255256
202491
225173
234374
209704
248822
279846
224047
139925
273384
212230
285264
207885
288369
210334
208168
204501
288601
209931
292194
281083
153232
290765
213856
291148
215933
287249
212119
180350
271539
224034
199092
263090
191857
201523
180498
250564
193268
264096
186726
231130
219482
231232
206882
230401
258989
230365
144894
271194
194927
255221
189927
262614
231071
178999
261989
284682
241821
250001
271781
146653
272545
199389
283320
208100
287190
215390
233279
220704
285584
284793
216027
290201
156759
349525
217519
292959
210609
243885
282019
196204
215216
283323
209058
290543
213336
228597
213147
285197
218847
257830
345910
246271
158359
249457
289168
250495
211249
292315
153905
289910
203499
267758
254468
217172
247093
226763
253674
215488
288661
211210
292474
154364
290943
217728
297156
212509
277952
214787
186226
284973
210296
279023
203754
273640
154469
273877
209805
238247
267062
237659
201248
205026
200288
259261
193361
258795
195739
214112
194645
231591
264182
228862
196547
213888
205153
221038
192869
263374
200534
265585
144016
265455
224306
190549
224493
262180
269842
144741
269397
201123
271908
199084
265819
144411
269222
193849
273151
197997
223233
253895
136367
241527
180976
254925
187336
250471
134179
218579
246693
212569
184656
254209
235214
200435
185444
249270
188895
252723
182517
160977
251133
216500
188333
221794
251310
215363
137234
252684
187319
248349
188678
256309
166492
194436
224011
253262
225499
193062
254760
139171
263596
186988
263471
205517
279854
154610
275611
208422
245303
284361
216685
275049
142715
283268
205838
271010
203749
241024
221350
237454
205973
275306
204035
271233
198465
219371
200447
274252
202934
233917
268932
183402
208184
236223
272940
239535
207096
271732
146510
273683
203615
268066
241194
202810
177583
282121
289033
205932
279443
201792
277640
149367
275184
208391
274156
205390
252075
141021
228240
275045
202015
262957
196581
304985
149137
274068
199988
240269
276258
240723
143907
276671
207703
272399
201352
271951
204562
219522
208991
241156
274993
239215
209456
222717
276176
243760
204208
282449
208206
270794
146948
268067
239976
200853
242814
277231
184264
223884
307549
194226
264673
192536
264315
136600
269124
208218
269075
204923
231969
215265
198328
254495
191710
244033
185650
245904
130517
229186
244332
214249
181740
253593
137791
266029
197840
256593
193517
253265
188181
183263
260186
213778
187044
233643
253760
184245
198644
251994
184733
239680
180497
241697
173167
202091
241578
258183
235252
196855
205055
217357
273217
189270
264161
188627
260886
134671
249870
204622
243606
265711
177369
197525
198641
272593
184612
256258
200259
225335
215549
229748
184726
245423
199790
280325
147315
257862
203286
277011
194246
223218
278066
181725
204457
233390
257598
241231
194527
211324
197991
277168
196181
250201
231926
195821
178610
279390
230874
199321
257059
197535
204317
203265
271271
199302
277737
216790
251871
136817
226364
250810
184064
245136
181817
194848
185221
253939
195607
235901
258735
244573
147782
273660
199641
255054
200872
280246
148113
270286
203707
237791
248574
238183
210220
190481
275030
238367
197205
257075
204421
221009
199554
253291
233211
193726
238572
267054
178993
191686
275325
194280
293015
199170
215120
202390
273625
206130
272332
205817
237736
212212
199694
279015
198357
275061
206555
220796
199678
244783
271298
238743
203402
276546
143501
274083
204243
270457
208370
272676
158748
257927
292405
255731
212407
252975
275196
182632
201932
279509
210714
274450
207499
216626
244151
211772
248663
283438
244765
206218
230121
201154
276173
204708
284680
208786
227296
219667
292475
202418
253724
292024
218682
236506
199275
289311
218807
287819
208508
186155
289548
248971
213543
287197
217056
286383
154602
277937
211105
287782
218017
257693
227221
240608
205410
234487
277619
245254
211185
227876
204088
281202
206622
270831
239373
146635
235072
278155
241968
201814
272873
198652
215377
206382
271046
206396
275003
206877
220717
208650
237582
269647
208502
273097
207029
216599
205226
276154
198535
234664
270739
183935
198220
272195
200043
275762
207874
269014
136280
251717
179889
214506
252551
221572
134674
212092
245786
206060
190222
270885
206412
220188
205562
281067
233886
202855
226161
218309
235786
203096
280253
202524
278934
207170
220915
192197
274900
202230
272935
197568
184020
277316
194624
271211
199277
271259
198276
219255
205016
238904
274768
242361
196632
222342
200202
300713
208540
261521
190381
254585
136562
217314
243463
218629
184212
211755
195001
213306
181718
248592
202052
252992
196199
208024
224248
185823
234133
270717
228927
140827
258241
195099
266136
204752
280581
207779
221017
201548
273870
209526
251833
289213
159186
296222
214754
288470
216539
317868
223581
198244
299298
254138
217016
315158
198647
213707
204844
274600
206288
264324
188992
230710
211095
273269
192459
230072
280985
244135
149668
275985
206331
273316
208376
271645
247316
159338
235333
278821
237751
201321
276802
141625
282420
213050
276670
200462
272559
195947
214380
190560
232850
270330
209674
274577
150565
272882
202081
290500
239228
252344
293747
194681
204952
287010
208608
272359
205405
230141
199491
277563
207486
234387
272972
241632
151607
236406
273820
240539
200830
283324
146882
273227
193960
280846
242544
201338
240781
218133
239420
204019
274626
198950
268858
151888
279246
208966
270141
204893
271043
204202
188383
272649
204519
273357
207719
269353
150335
277629
204333
230279
280731
237104
199243
222407
202432
278578
201212
272968
204814
218265
203307
240208
273110
241784
202698
241249
220374
234399
202935
278937
204613
271436
150798
275092
239466
209067
240135
356352
264572
162755
319304
230194
313190
220511
305812
161866
302404
220454
297191
218888
258803
285703
157051
297715
215912
298353
211959
289536
156790
255417
332381
267788
209632
280816
216856
233717
217777
291565
211382
286618
212210
195840
295775
240432
209970
238289
274526
245390
141666
275869
202211
278299
194682
268193
169783
197166
229362
265034
225087
192566
258871
140648
260433
194325
256711
193545
304202
183633
307617
230823
268361
312413
233305
295560
161463
286280
215213
294112
226441
269463
236308
259294
226338
299661
224584
292209
245282
246118
208424
275090
210290
237228
273447
184714
207469
237053
270322
274143
202232
260536
142724
263743
193871
250367
225055
191595
171230
257379
224999
196183
261765
197227
270566
145426
270766
206518
272616
209461
273784
141658
235174
280111
198087
264080
203855
284579
153756
275846
205705
235932
277943
236606
153749
277879
218323
297469
212087
280660
230286
221392
210305
242490
274994
242248
202869
181080
273856
243305
202143
272217
208361
269809
148836
274327
239337
200643
240598
276381
185666
197702
282594
199155
276692
203507
276548
146328
275410
199708
280030
199262
242665
216957
206410
273464
204822
271604
203369
272535
150183
239159
275965
241272
205909
273478
142910
277180
200170
277666
206965
272186
201015
182398
278578
239597
203501
236902
273924
185179
202001
276548
203778
316587
197227
278343
184356
211207
237572
279642
245103
207939
216156
205031
272647
208482
269298
201415
276025
135630
265658
202982
234850
279799
211652
219245
205642
264993
193233
269431
202130
242605
220405
238375
197352
281040
198047
276412
143219
281182
200946
277794
212286
240594
278874
185900
211352
247634
289484
294045
231176
227583
201192
248684
177028
256905
243379
199966
189258
287620
258200
215149
292506
223032
231085
217270
294565
211030
291152
246520
261314
143409
249888
283921
207634
281800
210397
232652
233337
319827
211829
251098
291887
257833
158384
289971
213944
293850
248400
282736
140010
276853
212349
232835
284055
249243
211912
197141
296024
247439
221377
291340
212947
223112
259615
311902
252035
204918
239740
274493
181911
204188
281972
213306
293507
219430
274057
218929
290827
220861
302466
211113
250888
230699
215724
296459
218767
284412
208663
220919
212126
246957
287029
244060
211453
278258
157650
283588
214636
293178
214473
292036
154750
243381
256458
234864
211378
271248
335320
195464
262616
300106
220144
284549
223594
229842
246446
213446
251800
288794
250138
212282
236132
226844
298187
218882
291368
222240
231094
215664
291959
212710
258081
296216
213482
217839
203311
273972
202287
270371
208761
183597
293979
249814
216430
292886
213503
276421
145623
274660
206717
278895
205565
246820
218898
234372
209780
266825
287715
246075
203124
222483
206196
274473
206167
282375
247712
153069
239551
272517
244913
209083
287253
208867
226371
215175
261905
205144
274716
203873
226703
210128
247701
274620
204666
264151
201278
231003
211418
283879
204504
250387
281248
193079
211942
280985
216500
271663
200462
257942
136336
258946
190971
338867
251714
236206
136237
240629
277447
255795
202838
251824
204711
219492
183083
264366
231329
206275
240266
214195
233463
196107
259714
198143
259510
193119
215624
209774
276287
198683
259675
200140
180539
261047
198325
260521
199735
269902
201663
203781
199183
249218
279295
238244
204386
217409
204875
273131
203980
275464
201886
276109
145967
238329
275497
238330
205156
245265
219319
236130
199007
278174
203170
272390
202227
222511
234010
198001
227884
275723
236699
144971
272840
191683
251779
190258
254548
186729
192611
181675
242360
177549
213156
244470
131596
245252
179381
243668
185742
235965
174525
156530
238464
216281
186115
260394
197575
207279
193288
264239
196393
258061
228716
232046
190681
230671
205333
240259
274409
240062
148773
274232
217400
279589
212346
278523
241593
153806
238414
275426
241966
196087
267424
148590
280612
203033
282539
200187
272165
205218
220074
201125
250116
274277
205244
277376
148842
275503
201011
265884
193998
243714
278412
185494
201874
277484
200590
274531
196197
209218
195834
283332
197786
242133
276461
237086
145490
233991
281722
256571
218271
262517
141530
270778
201915
252222
222753
188138
238317
216426
220850
193412
262977
197942
250275
137527
264155
197835
259162
198973
266678
191329
178415
256869
193235
274104
207780
282147
149237
326984
223138
239356
272170
241070
205996
214895
204397
275325
204451
274590
202590
221125
211284
252188
281240
258872
217934
251919
216733
236887
200356
276316
209627
276918
146422
275532
238004
228346
237997
279299
249929
146510
280878
203931
275038
204935
264212
141833
273715
215368
314671
208223
236071
277827
145159
276984
202741
274178
206594
272993
148739
237693
274012
238193
200562
281683
201781
219047
200660
271718
209922
265457
205501
186020
279283
240306
201801
240581
274035
240351
143979
278134
204304
274211
205278
272697
181083
198516
237718
273015
236437
203592
265278
150285
275574
197207
274084
207943
275874
149862
273369
205685
239628
277479
211233
Xput: 4349
