0.966667
0.946667
0.926667
0.943333
0.953333
0.963333
0.960000
0.920000
0.313333
0.003333
0.003333
0.000000
0.003333
0.003333
0.000000
0.000000
0.030000
0.450000
0.480000
0.476667
0.473333
0.476667
0.476667
0.453333
0.473333
0.130000
0.000000
0.003333
0.000000
0.003333
0.003333
0.000000
0.003333
0.186667
0.450000
0.476667
0.483333
0.466667
0.476667
0.470000
0.300000
0.603333
0.003333
0.000000
0.003333
0.003333
0.003333
0.000000
0.000000
0.006667
0.320000
0.476667
0.473333
0.480000
0.310000
0.636667
0.313333
0.613333
0.286667
0.003333
0.003333
0.000000
0.003333
0.003333
0.000000
0.000000
0.033333
0.450000
0.476667
0.476667
0.473333
0.476667
0.476667
0.453333
0.473333
0.130000
0.000000
0.003333
0.000000
0.003333
0.003333
0.000000
0.003333
0.186667
0.450000
0.476667
0.483333
0.466667
0.476667
0.470000
0.300000
0.603333
0.003333
0.000000
0.003333
0.003333
0.003333
0.000000
0.000000
0.006667
0.320000
0.476667
0.473333
0.480000
0.310000
0.636667
0.313333
0.613333
0.286667
0.003333
0.003333
0.000000
0.003333
0.003333
0.000000
0.000000
0.033333
0.450000
0.476667
0.476667
0.473333
0.476667
0.476667
0.453333
0.473333
0.130000
0.000000
0.003333
0.000000
0.003333
0.003333
0.000000
0.003333
0.186667
0.450000
0.476667
0.483333
0.466667
0.476667
0.470000
0.300000
0.603333
0.003333
0.000000
0.003333
0.003333
0.003333
0.000000
0.000000
0.006667
0.320000
0.476667
0.473333
0.480000
0.310000
0.636667
0.313333
0.613333
0.286667
0.003333
0.003333
0.000000
0.003333
0.003333
0.000000
0.000000
0.033333
0.450000
0.476667
0.476667
0.473333
0.476667
0.476667
0.453333
0.473333
0.130000
0.000000
0.003333
0.000000
0.003333
0.003333
0.000000
0.003333
0.186667
0.450000
0.476667
0.483333
0.466667
0.476667
0.470000
0.300000
0.603333
0.003333
0.000000
0.003333
0.003333
0.003333
0.000000
0.000000
0.006667
0.320000
0.476667
0.473333
0.480000
0.310000
0.636667
0.313333
0.613333
0.286667
0.003333
0.003333
0.000000
0.003333
0.003333
0.000000
0.000000
0.033333
0.450000
0.476667
0.476667
0.473333
0.476667
0.476667
0.453333
0.473333
0.130000
0.000000
0.003333
0.000000
0.003333
0.003333
0.000000
0.003333
0.186667
0.450000
0.476667
0.483333
0.466667
0.476667
0.470000
0.300000
0.603333
0.003333
0.000000
0.003333
0.003333
0.003333
0.000000
0.000000
0.006667
0.320000
0.476667
0.473333
0.480000
0.310000
0.636667
0.313333
0.613333
0.286667
0.003333
0.003333
0.000000
0.003333
0.003333
0.000000
0.000000
0.033333
0.450000
0.476667
0.476667
0.473333
0.476667
0.476667
0.453333
0.473333
0.130000
0.000000
0.003333
0.000000
0.003333
0.003333
0.000000
0.320000
0.480000
0.473333
0.480000
0.310000
0.636667
0.316667
0.933333
0.443333
0.003333
0.003333
0.000000
0.003333
0.003333
0.000000
0.000000
0.030000
0.450000
0.476667
0.476667
0.473333
0.476667
0.476667
0.453333
0.476667
0.130000
0.000000
0.003333
0.000000
0.003333
0.003333
0.000000
0.003333
0.183333
0.450000
0.476667
0.483333
0.466667
0.476667
0.470000
0.300000
0.606667
0.003333
0.000000
0.003333
0.003333
0.003333
0.000000
0.000000
0.003333
0.320000
0.476667
0.473333
0.480000
0.310000
0.636667
0.313333
0.613333
0.290000
0.003333
0.003333
0.000000
0.003333
0.003333
0.000000
0.000000
0.030000
0.450000
0.476667
0.476667
0.473333
0.476667
0.476667
0.453333
0.476667
0.130000
0.000000
0.003333
0.000000
0.003333
0.003333
0.000000
0.003333
0.183333
0.450000
0.476667
0.483333
0.466667
0.476667
0.470000
0.300000
0.606667
0.003333
0.000000
0.003333
0.003333
0.003333
0.000000
0.000000
0.003333
0.320000
0.476667
0.473333
0.480000
0.310000
0.636667
0.313333
0.613333
0.290000
0.003333
0.003333
0.000000
0.003333
0.003333
0.000000
0.000000
0.030000
0.450000
0.476667
0.476667
0.473333
0.476667
0.476667
0.453333
0.476667
0.130000
0.000000
0.003333
0.000000
0.003333
0.003333
0.000000
0.003333
0.183333
0.450000
0.476667
0.483333
0.466667
0.476667
0.470000
0.300000
0.606667
0.003333
0.000000
0.003333
0.003333
0.003333
0.000000
0.000000
0.003333
0.320000
0.476667
0.473333
0.480000
0.310000
0.636667
0.313333
0.613333
0.290000
0.003333
0.003333
0.000000
0.003333
0.003333
0.000000
0.000000
0.030000
0.450000
0.476667
0.476667
0.473333
0.476667
0.476667
0.453333
0.476667
0.130000
0.000000
0.003333
0.000000
0.003333
0.003333
0.000000
0.003333
0.183333
0.450000
0.476667
0.483333
0.466667
0.476667
0.470000
0.300000
0.606667
0.003333
0.000000
0.003333
0.003333
0.003333
0.000000
0.000000
0.003333
0.320000
0.476667
0.473333
0.480000
0.310000
0.636667
0.313333
0.613333
0.290000
0.003333
0.003333
0.000000
0.003333
0.003333
0.000000
0.000000
0.030000
0.450000
0.476667
0.476667
0.473333
0.476667
0.476667
0.453333
0.476667
0.130000
0.000000
0.003333
0.000000
0.003333
0.003333
0.000000
0.003333
0.183333
0.450000
0.476667
0.483333
0.466667
0.476667
0.470000
0.300000
0.606667
0.003333
0.000000
0.003333
0.003333
0.003333
0.000000
0.000000
0.003333
0.320000
0.476667
0.473333
0.480000
0.310000
0.636667
0.313333
0.613333
0.290000
0.003333
0.003333
0.000000
0.003333
0.003333
0.000000
0.000000
0.030000
0.450000
0.476667
0.476667
0.473333
0.476667
0.476667
0.453333
0.476667
0.130000
0.000000
0.003333
0.000000
0.003333
0.003333
0.000000
0.003333
0.183333
0.450000
0.476667
0.483333
0.466667
0.476667
0.470000
0.300000
0.606667
0.003333
0.000000
0.003333
0.003333
0.003333
0.000000
0.000000
0.003333
0.320000
0.476667
0.473333
0.480000
0.310000
0.636667
0.313333
0.613333
0.290000
0.003333
0.003333
0.000000
0.003333
0.003333
0.000000
0.000000
0.030000
0.450000
0.476667
0.476667
0.473333
0.476667
0.476667
0.453333
0.476667
0.130000
0.000000
0.003333
0.000000
0.003333
0.003333
0.000000
0.003333
0.183333
0.450000
0.476667
0.483333
0.466667
0.476667
0.470000
0.300000
0.606667
0.003333
0.000000
0.003333
0.003333
0.003333
0.000000
0.000000
0.003333
0.320000
0.476667
0.473333
0.480000
0.310000
0.636667
0.313333
0.613333
0.290000
0.003333
0.003333
0.000000
0.003333
0.003333
0.000000
0.000000
0.030000
0.450000
0.476667
0.476667
0.473333
0.476667
0.476667
0.133333
0.000000
0.003333
0.000000
0.003333
0.003333
0.306667
0.926667
0.506667
0.453333
0.320000
0.320000
0.473333
0.476667
0.476667
0.000000
0.003333
0.130000
0.156667
0.160000
0.000000
0.006667
0.000000
0.310000
0.456667
0.483333
0.320000
0.316667
0.323333
0.466667
0.476667
0.316667
0.000000
0.133333
0.160000
0.160000
0.000000
0.003333
0.003333
0.000000
0.453333
0.476667
0.320000
0.476667
0.320000
0.320000
0.466667
0.480000
0.160000
0.003333
0.130000
0.156667
0.160000
0.000000
0.003333
0.003333
0.153333
0.453333
0.350000
0.450000
0.320000
0.320000
0.473333
0.476667
0.476667
0.000000
0.003333
0.130000
0.156667
0.160000
0.000000
0.006667
0.000000
0.310000
0.456667
0.483333
0.320000
0.316667
0.323333
0.466667
0.476667
0.316667
0.000000
0.133333
0.160000
0.160000
0.000000
0.003333
0.003333
0.000000
0.453333
0.476667
0.320000
0.476667
0.320000
0.320000
0.466667
0.480000
0.160000
0.003333
0.130000
0.156667
0.160000
0.000000
0.003333
0.003333
0.153333
0.453333
0.350000
0.450000
0.320000
0.320000
0.473333
0.476667
0.476667
0.000000
0.003333
0.130000
0.156667
0.160000
0.000000
0.006667
0.000000
0.310000
0.456667
0.483333
0.320000
0.316667
0.323333
0.466667
0.476667
0.316667
0.000000
0.133333
0.160000
0.160000
0.000000
0.003333
0.003333
0.000000
0.453333
0.476667
0.320000
0.476667
0.320000
0.320000
0.466667
0.480000
0.160000
0.003333
0.130000
0.156667
0.160000
0.000000
0.003333
0.003333
0.153333
0.453333
0.350000
0.450000
0.320000
0.320000
0.473333
0.476667
0.476667
0.000000
0.003333
0.130000
0.156667
0.160000
0.000000
0.006667
0.000000
0.310000
0.456667
0.483333
0.320000
0.316667
0.323333
0.466667
0.476667
0.316667
0.000000
0.133333
0.160000
0.160000
0.000000
0.003333
0.003333
0.000000
0.453333
0.476667
0.320000
0.476667
0.320000
0.320000
0.466667
0.480000
0.160000
0.003333
0.130000
0.156667
0.160000
0.000000
0.003333
0.003333
0.153333
0.453333
0.350000
0.450000
0.320000
0.320000
0.473333
0.476667
0.476667
0.000000
0.003333
0.130000
0.156667
0.160000
0.000000
0.006667
0.000000
0.310000
0.456667
0.483333
0.320000
0.316667
0.323333
0.466667
0.476667
0.316667
0.000000
0.133333
0.160000
0.160000
0.000000
0.003333
0.003333
0.000000
0.453333
0.476667
0.320000
0.476667
0.320000
0.320000
0.466667
0.480000
0.160000
0.003333
0.130000
0.156667
0.160000
0.000000
0.003333
0.003333
0.153333
0.453333
0.350000
0.450000
0.320000
0.320000
0.473333
0.476667
0.476667
0.000000
0.003333
0.130000
0.156667
0.160000
0.000000
0.006667
0.000000
0.310000
0.456667
0.483333
0.320000
0.316667
0.323333
0.466667
0.476667
