10623807.619048
8187545.238095
8219162.380952
9500461.428571
7369930.952381
7661885.238095
7398457.619048
6515416.190476
6776966.190476
6832041.904762
6461490.000000
7053757.619048
6620163.333333
6506015.238095
6416407.619048
7115306.190476
6593971.428571
6871657.619048
6849526.190476
6438361.904762
6929201.428571
6937771.428571
7159893.333333
6904861.904762
6620806.666667
6528067.619048
7331264.761905
7635274.285714
7675767.619048
7042306.666667
7484051.904762
7245391.904762
7061159.047619
7208854.285714
7452349.047619
7315564.761905
7199320.000000
6934809.523810
7391561.428571
7247462.380952
8102046.190476
7438662.857143
7224818.095238
7855710.000000
7303016.190476
7148866.190476
7145695.714286
7634337.142857
8756509.047619
8024312.380952
7048910.000000
7196054.285714
7476643.333333
7912249.523810
8030886.666667
7434416.190476
7428747.619048
7997133.809524
8008790.476190
7299913.333333
7195307.619048
8787769.047619
8500943.809524
7680879.523810
7320571.428571
7145484.761905
7722942.380952
7096904.761905
8010645.238095
7730015.238095
7739217.619048
7850862.380952
7370271.904762
8033027.619048
8665944.761905
7382540.000000
8855494.761905
8964559.047619
7860375.238095
8699972.857143
8419356.666667
8134171.428571
8740995.714286
8768060.476190
8518219.047619
7567670.476190
7357820.000000
7711795.714286
7927278.095238
8275761.904762
7953508.095238
7440251.428571
7459700.476190
7698497.619048
7498681.904762
7247290.000000
8239462.857143
7917552.380952
7740397.142857
7820059.047619
8137308.571429
7350697.619048
7929553.333333
7262682.380952
7562954.285714
8232525.714286
7658366.190476
8179087.619048
7872267.142857
7992918.571429
7797816.190476
8100291.904762
8693098.571429
7717482.380952
7891035.714286
7933783.809524
8265328.571429
8825636.666667
8168740.476190
8578459.047619
8453170.000000
7830341.428571
7414138.571429
8154392.380952
7416842.857143
8595763.809524
7361735.714286
8312125.238095
8779661.904762
8850793.809524
7962389.523810
8154202.380952
8149636.666667
8195802.857143
7487797.619048
9088908.095238
7826856.666667
8194111.904762
7565844.285714
7875477.142857
8129496.190476
7728413.333333
7770362.857143
7067888.571429
7465521.904762
7687762.380952
7391816.190476
7957750.476190
7835514.285714
8556984.761905
7722752.857143
7719737.142857
7933368.095238
7273990.952381
7457884.285714
8772045.714286
7458397.619048
6997710.476190
7433143.809524
7955272.380952
7610843.809524
9029892.857143
7685508.095238
7890456.666667
8043010.000000
8401060.952381
8604711.904762
7992921.904762
8241467.142857
7553147.619048
8231898.571429
9357379.047619
7365478.095238
7314200.476190
7678165.714286
7641685.714286
7652915.238095
7952284.285714
7282174.285714
7330893.809524
8264010.476190
8575925.714286
7981527.142857
7171772.380952
8023706.666667
8076274.761905
7691900.952381
7904084.285714
8167273.333333
8293060.000000
6689302.380952
6654698.095238
6507490.952381
6303601.904762
6737756.190476
6831318.095238
7135644.761905
7249272.380952
7009805.714286
7387954.285714
7137456.190476
6804567.619048
7206451.428571
6951500.000000
7009211.428571
7328003.809524
7032840.000000
6909725.714286
7556616.190476
7117005.714286
6974821.904762
6943692.380952
6690705.238095
7371697.619048
7029234.285714
7035561.904762
7062334.285714
6958707.619048
7032147.619048
7142513.333333
7915225.714286
7596718.571429
6754996.190476
6351198.571429
6791558.095238
6846484.285714
6093480.000000
5979441.904762
6359292.380952
6224587.619048
6468845.238095
6209478.095238
6483008.095238
8039995.238095
7905339.047619
7760264.285714
8087038.095238
7285446.190476
7456974.761905
7719442.380952
7802362.380952
7842731.428571
9163526.190476
7688189.523810
7575911.428571
8555447.142857
7831602.380952
8432770.476190
8258740.952381
7919591.904762
8126985.714286
7839148.571429
7775890.000000
8404455.714286
7878126.190476
8621613.809524
8276788.095238
8547681.904762
7539681.904762
8567051.904762
13465335.238095
7993425.238095
7970750.476190
8403731.428571
7591328.095238
7739660.000000
9470746.190476
8931593.809524
8724371.904762
9391421.904762
8723268.571429
8397289.523810
6933538.095238
7076741.904762
6897671.904762
7285196.190476
7454161.904762
7086120.476190
6831214.761905
6858720.000000
7813628.095238
7197871.904762
7222131.428571
7915461.428571
7718450.952381
7198229.523810
7382015.238095
7619323.809524
8336478.095238
6802391.428571
7116022.857143
7355321.904762
7271349.523810
6978512.380952
7442492.857143
6840064.285714
7784830.952381
6804072.380952
7568830.476190
7103858.095238
7485635.238095
6919386.666667
6881009.523810
7100945.714286
7026500.000000
6814373.333333
6853114.761905
7450000.000000
7682996.666667
7178212.380952
6949674.285714
7047959.523810
7155442.380952
6720476.190476
6553069.523810
6479248.571429
6264051.428571
6108220.952381
5869480.952381
5913373.809524
6158988.571429
6421015.238095
6368126.190476
6204008.571429
6218429.047619
6168594.761905
6146940.000000
6328178.095238
6332583.809524
6321320.000000
6325589.523810
6325212.380952
6154147.619048
6195510.476190
6295336.190476
6335583.809524
6141176.190476
6583056.190476
6368365.714286
6066300.000000
5921906.666667
6357024.761905
6624945.714286
6377568.571429
6396240.000000
6483578.095238
6374199.047619
6245129.523810
6526526.666667
6069048.571429
6140789.523810
6390603.809524
6664785.714286
6226094.285714
6376830.476190
7081040.000000
7233049.523810
8992146.190476
7148030.476190
7670985.714286
6799630.476190
8275168.571429
8446186.190476
8398610.000000
7478178.095238
11641449.523810
9042459.523810
7822893.809524
9154704.761905
8323086.190476
7843085.714286
8104121.428571
8670343.333333
7832148.571429
8089712.380952
8655213.809524
7887944.285714
8538138.095238
8515494.761905
8904334.761905
8112523.809524
7866976.190476
7922322.380952
7700820.000000
9474557.619048
8942051.428571
7387106.190476
7907183.809524
8145994.761905
8068035.714286
7744565.714286
8495636.666667
8327126.190476
7265860.000000
8107670.476190
8842242.857143
9823526.190476
8983487.619048
8081474.285714
8276483.809524
8707640.000000
8025576.190476
8319705.238095
7692030.000000
8220838.571429
7783076.190476
8228352.380952
8554910.476190
8948567.619048
8169281.904762
8281705.238095
8611672.857143
9020492.380952
7442394.761905
8633052.857143
7500825.238095
8747825.238095
8110439.523810
8153373.333333
8017107.619048
7765123.809524
7755930.952381
8424958.571429
7545869.523810
8763547.142857
9196554.285714
8086948.571429
7369247.142857
8393389.523810
7618700.476190
7231860.000000
7361793.809524
8042930.952381
7487568.095238
7364225.238095
8264654.285714
7651864.285714
8408949.523810
6743531.428571
6553245.238095
6431290.476190
6552214.761905
6293659.523810
6348988.571429
6083930.476190
6062527.619048
6607800.000000
6658434.285714
6328663.333333
6302765.238095
6112246.190476
6402340.000000
6979726.190476
6575791.428571
6404265.714286
6264774.285714
6159461.904762
6136598.095238
6393121.904762
6223657.142857
6386438.095238
6467751.428571
6377943.809524
6026724.761905
6144882.380952
6259842.380952
6253314.285714
6412786.190476
6700969.523810
6730251.428571
6384735.714286
6274761.904762
6229804.285714
6399840.000000
6166951.428571
6248251.428571
6193918.095238
6447554.285714
6187814.285714
6076106.666667
6379238.095238
6460570.000000
6689969.523810
6298503.809524
6300891.428571
6152241.904762
6143245.714286
5995840.000000
6399980.476190
6086238.095238
6340351.428571
6230129.523810
6264147.619048
6098101.904762
6156445.714286
6163988.571429
6800869.523810
6378685.714286
6004821.904762
6043264.761905
6077340.000000
6239174.285714
6150952.380952
6180727.619048
6187791.428571
6226363.809524
6236290.952381
7293279.047619
6374161.904762
6105045.714286
6016616.190476
6197141.904762
6252830.476190
6405409.523810
6412789.523810
6238648.095238
6510617.619048
6337079.523810
6991359.523810
6525007.619048
6547442.857143
7184660.476190
7199530.000000
6505940.952381
7333226.190476
6417094.285714
7619454.285714
7054438.571429
6643597.142857
6467168.571429
6503691.428571
6709130.000000
6913106.190476
6592335.238095
6758183.809524
6592405.714286
6586161.904762
6816508.095238
6544847.619048
6591505.238095
7076200.000000
6884466.190476
6861171.904762
8393428.571429
6905854.285714
6765310.000000
