1482
721
819
780
752
642
775
595
581
633
585
615
624
782
646
592
1122498
1025
785
832
922
947
1162
717
905
823
574
671
591
935
607
1156737
1746
1015
1218
1042
1087
976
982
1203
789
636
1120
658
592
745
796
1166187
1103
624
883
1784
936
925
890
732
769
966
946
607
545
558
572
8552
1153894
825
1001
743
1460
957
937
740
685
796
558
949
545
670
602
10104
1141293
772
596
766
1408
912
891
1153
1229
784
728
712
985
595
543
1124523
958
750
931
850
904
917
873
726
1201
745
675
1032
725
687
603
1159213
885
995
976
1023
1000
815
1109
989
833
921
1259
694
856
624
747
1138667
1054
832
1315
1111
1030
974
797
933
761
770
684
807
757
650
597
1170107
1078
1188
1188
1129
988
755
774
777
831
1195
1284
635
596
804
746
1163273
1033
766
912
993
954
925
774
1264
975
620
557
541
1129
622
744
1146178
862
1020
781
667
1158
1367
1067
779
903
788
954
893
616
629
591
1124441
1372
942
858
922
1104
1002
1025
920
797
806
876
759
587
575
746
12207
1154135
1106
689
758
634
1244
985
748
930
996
876
608
771
653
593
1130952
1060
979
1050
1273
1156
884
1043
989
1062
672
751
734
637
592
617
20987
5686
6085
6421
1147269
1373
713
928
1082
1380
664
1016
649
770
637
1083
1135260
1275
929
1251
963
1002
1004
1289
1168
836
1021
1238
667
605
717
736
1137019
890
1027
883
1301
912
1122
833
798
1050
880
600
588
1136
647
1148
1133634
1098
662
901
720
1532
897
1021
750
878
686
779
562
711
628
555
1177044
1350
870
997
1027
988
979
1003
822
942
760
1060
815
653
820
749
1139238
1008
1232
1045
1021
944
774
701
780
557
645
541
686
596
584
708
1166706
1098
1313
1153
1009
1006
813
749
798
595
746
645
593
612
945
643
1144380
913
804
589
1296
1029
783
778
1017
759
729
681
730
701
590
1224
20237
1619
10638
2772
9513
2791
1105407
1205
1473
1096
1060
1057
957
761
632
597
1167760
924
927
1023
1176
1068
997
956
784
876
1025
746
1112
679
708
694
1122926
1498
870
1121
1099
1025
1007
986
843
1223
879
766
647
599
616
733
11365
1120169
1287
927
1188
1470
915
943
1107
1077
1052
677
723
666
641
634
1143996
1755
918
948
874
697
914
778
1000
862
699
1012
792
1088
785
742
1124338
1167
660
778
5808
1040
1789
924
1148
972
824
1106
653
889
610
667
1175759
1260
1105
1011
791
1124
747
1491
940
725
1011
620
789
659
593
633
1144031
995
757
723
922
737
728
684
2030
1321
827
588
906
985
611
626
1132705
1455
884
1216
1047
1055
856
947
761
769
1355
829
1058
806
652
713
1078627
927
830
7823
1031
900
634
1081
926
945
956
1062
824
606
618
592
1130002
942
657
12515
973
1349
828
971
855
922
1036
1016
861
722
776
648
1130747
1185
674
1286
1271
1191
1072
1037
1138
993
799
833
857
942
686
602
1164980
846
966
1388
1043
1178
986
849
778
791
598
691
950
554
540
575
1150356
927
1143
1041
967
1063
1130
937
724
670
691
729
555
662
589
559
1106029
1209
699
907
1191
1068
786
927
701
891
671
777
645
773
723
646
1135135
1432
1989
1278
988
921
988
749
646
594
826
590
1086
758
597
609
13243
1155869
933
1075
1790
1291
941
623
891
748
649
1171
870
716
779
1044
1134590
1094
1201
1298
830
1062
907
1024
1278
1046
825
614
623
591
770
643
1153930
975
675
9567
1114
846
854
898
1310
1034
1053
837
970
664
626
732
1141619
1103
1235
1093
1076
794
1079
917
1017
837
654
778
796
606
618
627
1159032
831
3293
1643
1240
867
1179
903
1057
819
627
965
822
773
636
1471
1175691
903
1110
1281
1112
1182
949
776
1003
794
834
721
645
886
736
635
1164615
1080
832
812
1052
903
834
906
632
798
768
753
547
716
588
897
1115612
959
1011
839
1444
880
815
1180
710
795
1344
791
740
766
547
571
1111362
1001
867
797
1055
790
973
838
780
936
963
592
749
639
611
1045
1105651
5831
807
1429
1645
832
1838
955
1163
938
1769
775
1051
731
1185
1421
17371
1123618
923
1491
1087
1008
860
871
1339
893
640
793
648
599
644
740
13565
3880
1158951
982
894
940
607
1226
774
697
590
551
681
604
582
1051
1216099
1296
1098
1169
870
648
697
1056
665
791
651
617
1236
1019
667
632
1215611
1090
852
803
1990
903
1039
997
833
601
592
792
647
708
641
1089
1110211
1379
1037
1098
973
945
969
935
985
972
757
686
593
1404
598
545
1193123
932
986
1423
1669
1051
882
851
783
977
955
638
735
964
746
743
1096164
13744
996
1037
746
1080
852
1058
837
789
1057
808
975
798
643
705
1259257
1140
686
733
931
1002
1078
1187
852
1487
905
604
742
763
778
653
1300822
952
1079
1166
1072
1133
1075
1004
911
853
685
765
650
592
588
673
1238885
5327
817
974
615
1209
816
934
647
929
637
810
875
748
903
1153
11879
1290568
928
1098
1060
1133
958
763
685
762
630
766
655
595
591
622
1303521
1184
1016
1094
950
980
905
785
742
776
724
1102
691
596
547
551
1254991
832
782
803
668
1106
2278
991
964
1069
726
932
1035
800
595
619
1305072
793
739
805
1184
1080
775
846
797
579
556
539
637
561
538
842
1271557
905
732
13321
925
614
858
807
1075
739
774
1504
754
1946
1123
1496
1250299
841
767
1401
985
904
990
1104
868
853
608
558
657
587
586
588
1270223
1061
1185
807
1329
1541
883
857
976
866
665
1830
1562
1321
1388
1578
1263634
9607
992
984
799
663
917
1939
1090
1051
857
921
914
776
836
764
1258722
977
1046
1343
1061
933
1197
856
829
1019
941
775
638
589
636
811
1291823
828
957
605
709
1025
1149
1025
1088
798
717
766
868
723
593
545
1265868
1172
940
1119
1223
947
925
1083
876
737
928
716
1078
707
709
715
1310757
12079
1070
756
999
1062
1077
953
1047
847
876
1279
673
591
619
584
1310226
1200
703
645
658
1027
955
837
1260
706
896
819
1094
764
652
766
1237155
8444
898
1338
1102
1028
854
1438
818
913
843
1042
753
667
656
1388
1281029
1494
862
1244
1066
1049
806
844
785
772
984
1149
913
605
632
737
1303005
1006
834
830
897
1053
894
795
1015
998
869
736
774
967
686
861
1286451
1184
713
1207
1110
1044
712
987
954
1472
811
609
742
650
592
590
9821
1272290
11336
4489
855
835
820
693
815
1025
1367
1124
1002
665
599
730
19962
1243311
1078
1121
1109
1025
1260
1022
856
1186
1447
697
734
639
592
1155
1288593
1042
828
1106
1073
988
1031
1058
674
610
1004
801
735
650
601
1223
1324728
1191
808
985
783
891
877
1339
682
634
1021
802
644
725
684
604
12803
7608
1288567
1036
1099
917
654
1114
1041
821
947
648
590
619
840
584
14471
1256850
1160
939
825
909
1317
1142
820
815
753
875
743
640
610
709
1272367
9429
1038
1073
1273
1075
992
1252
958
857
746
829
1003
829
701
603
1279783
1105
717
611
1260
1147
1400
959
761
1200
1041
665
902
1951
1715
1161
1276338
1053
820
1445
1198
1006
827
831
615
834
1089
946
816
1026
751
737
12291
1285701
16844
919
1095
1284
1952
1074
1085
978
656
593
735
788
638
707
1262605
919
1100
1058
1051
1031
1006
991
1157
1002
669
1171
646
1226
593
675
1250907
845
1028
749
1064
640
945
581
1295
792
791
999
776
560
1904
726
1312928
1347
1827
1204
1304
1176
1024
855
634
634
722
762
649
594
616
733
1263686
887
1074
989
845
959
901
746
719
941
1005
728
1189
596
543
540
1308631
971
1042
588
1353
887
934
634
733
956
559
951
771
588
706
1210
1265452
908
824
1152
775
595
582
879
1088
825
735
679
1090
727
1972
1318
1251973
16515
1188
1044
933
1471
1071
986
1071
1811
674
783
1006
1035
624
751
1251949
10501
939
1025
673
626
602
866
876
1059
826
744
820
2057
1345
1477
1264007
1211
903
1032
940
959
956
935
797
628
861
1032
580
949
556
706
1278269
1521
888
1144
865
1430
967
846
740
1060
973
1271
661
761
641
601
1277237
1199
868
1234
965
901
1002
907
1314
793
842
827
716
590
761
639
1298283
1176
800
594
937
1155
1031
922
932
810
716
953
576
704
603
552
1284283
6411
795
4772
891
852
906
1822
1079
858
827
978
869
1111
710
606
1302701
1090
1074
1351
1214
846
1376
792
833
817
785
800
657
599
734
989
1249122
3834
1310
1048
1071
1354
1294
1052
844
1132
964
827
810
739
668
617
1315552
1037
1160
1096
961
1028
945
1024
950
1322
951
1070
967
652
730
593
1239972
11991
1168
670
625
1210
1521
1085
863
909
1092
1175
775
642
591
590
12137
7393
1285962
1219
913
1008
1071
1098
821
831
865
734
733
777
648
704
1306374
860
987
1069
1065
1311
1004
1036
795
1100
822
935
792
1156
764
643
1311817
1367
827
600
1407
1044
2248
740
987
1086
790
771
1154
765
1190
816
1293985
8068
1183
856
1267
1073
882
2320
979
1048
752
1171
642
600
774
657
1289015
9681
1550
1031
853
1264
832
923
839
863
906
969
667
611
734
793
1271856
933
1132
1019
1299
1273
1055
941
941
729
652
612
587
871
632
754
1276319
1098
625
1188
750
888
798
858
1094
954
751
563
584
676
596
559
1274362
6053
831
1001
731
691
625
548
614
1014
974
724
606
3639
838
931
1304397
893
1012
1013
1019
1074
855
947
848
593
710
653
769
634
591
705
17898
1265608
12528
1021
712
1193
845
1433
955
885
839
851
874
599
714
639
1239591
1067
1445
1336
1070
971
963
830
816
1171
1088
654
593
584
622
581
1276384
774
887
879
1077
997
854
953
779
732
774
841
583
554
576
700
1275448
8022
900
1154
1221
1075
863
654
1118
971
873
1132
960
768
635
592
1311710
922
1129
1127
1008
1342
944
949
954
816
908
943
779
756
649
597
1271146
950
1503
1266
994
809
958
894
808
982
768
777
848
544
768
685
1293639
885
1047
1166
1042
1080
1061
933
947
1115
917
983
628
546
553
569
1327136
1506
1074
1056
1067
1012
1045
827
1021
1208
953
828
605
1040
1430
669
1300306
1103
967
1016
1025
1027
843
891
869
962
788
676
607
598
631
1261
1284009
10677
787
933
1163
748
716
1225
898
1021
978
908
784
663
587
562
11125
1297217
822
612
721
1377
979
1117
984
663
768
864
747
684
635
563
1277072
961
895
1652
1051
986
1285
1029
803
1001
781
1164
845
593
730
651
1325348
961
1205
1062
1324
1006
1018
1011
854
991
762
1003
789
594
616
720
15540
1270611
856
945
949
874
1083
999
956
941
831
809
764
666
587
585
1293501
9164
811
632
812
876
648
577
804
1327
816
880
1150
647
546
552
1247863
1221
852
759
770
1234
2325
730
801
836
899
805
627
914
735
761
1298839
936
970
3030
1008
1108
1093
1513
897
1189
1069
1025
834
828
627
622
1268502
936
5164
857
1063
820
640
1378
1631
906
924
980
1019
667
732
638
1320874
878
992
866
2071
980
944
697
1037
824
831
835
622
593
622
732
1287971
841
1088
785
1020
911
1098
1050
826
617
767
766
646
594
891
618
10711
1316154
1136
1138
813
758
1145
1004
894
1010
608
565
1194
796
598
552
1254002
1028
669
607
928
765
642
5038
979
1385
1073
856
991
618
793
671
1357754
930
881
2045
822
572
730
827
825
1402
1111
920
759
773
594
973
1262127
982
1106
1091
1055
937
623
967
779
565
652
692
587
545
549
550
1301644
1415
967
1190
971
1123
902
884
775
1054
759
1043
803
553
693
599
1279870
811
745
769
1469
834
817
705
611
645
838
747
746
1350
775
564
1316145
1053
992
1071
786
889
993
873
1027
674
631
587
771
670
627
637
1311892
1052
621
703
773
1026
884
827
682
886
971
804
811
545
926
540
1286470
1001
691
757
638
5330
1164
1221
997
915
738
623
588
636
632
748
1273635
994
1135
1050
1438
1061
889
883
871
664
942
676
596
583
746
1029
1283021
936
662
5054
1026
799
765
1853
1464
2115
722
1325
871
1619
811
792
1285052
2362
1135
1067
1280
847
1224
911
1033
1029
714
590
935
738
594
599
1261347
883
8686
928
1050
1152
978
889
1549
784
737
881
740
589
655
580
1315019
1255
1132
826
940
990
1090
997
1032
972
830
978
650
754
636
590
15604
6369
1296044
965
1379
653
1540
1031
635
717
597
550
669
591
580
572
1231372
945
12026
989
1135
856
1089
1064
1012
857
768
805
614
734
780
646
1298272
1219
832
1088
1268
1070
860
799
1095
1121
805
850
623
861
997
652
1259127
1966
786
1271
848
918
898
1141
913
888
1031
660
592
584
617
593
1294108
933
612
1032
796
736
1552
902
695
990
985
775
771
594
675
588
1295295
1348
972
952
918
960
929
1297
1067
722
1678
662
770
548
541
667
1288359
1143
967
1146
984
1047
853
715
1296
926
814
794
853
1040
797
658
1243026
1091
754
718
1343
1092
869
973
1731
1516
704
592
731
792
646
1045
1272778
1045
896
1064
1065
1058
862
830
928
821
661
932
784
752
697
590
26142
1276146
1033
1092
1107
782
787
777
2435
991
657
2134
837
665
1393
852
29102
1317838
11399
1083
905
1316
1102
809
897
986
648
610
1030
898
1070
649
1248160
1600
829
1068
1032
980
977
993
851
754
1329
859
652
594
774
645
1292424
1387
674
928
793
1058
914
819
818
764
1107
728
608
543
553
683
1262141
983
992
765
1171
974
1250
2297
1132
892
816
753
645
592
808
582
1303445
1497
1058
895
1173
966
952
815
826
1447
834
764
747
659
677
734
1268738
921
1167
940
1068
1001
861
837
785
884
1007
685
609
590
626
1087
19206
1301706
887
1149
1072
1781
1072
806
822
1085
677
611
740
783
677
772
1271182
995
1095
683
669
995
1108
1030
823
975
680
1105
758
684
594
553
1253569
930
843
562
1245
1015
838
646
1261
907
847
692
964
605
549
543
1305325
1203
914
856
1029
978
1049
934
866
625
864
590
750
658
589
792
1294140
1022
827
896
978
736
996
786
1269
1334
626
552
579
538
536
579
1281486
1377
1189
1105
811
836
1229
813
596
582
564
673
710
597
550
551
24782
1288517
970
1117
1065
967
956
952
975
865
852
820
1430
970
799
815
1280557
973
781
970
1001
906
976
978
817
1375
850
1236
1036
644
555
591
1256302
1049
875
1020
969
1227
919
815
950
767
723
752
762
687
621
589
1278687
1168
1905
1144
1381
1113
897
1350
932
981
662
593
741
753
638
590
1262337
7742
834
1010
2165
956
1100
1056
989
710
738
635
1091
933
612
744
1328014
1389
893
1268
1115
1066
943
1045
859
820
791
772
642
595
633
749
1282188
883
1079
1134
1022
729
808
852
706
701
732
687
596
556
657
737
1287440
1167
1077
965
906
965
847
966
826
742
681
745
590
661
585
553
13454
1328964
967
848
747
2070
1035
1035
1080
1024
844
948
775
641
598
1055
23257
1288586
892
948
891
1136
1078
844
1127
883
725
752
781
654
592
710
1270410
11783
1075
1230
688
908
2055
1096
829
1142
782
759
933
1105
831
666
1256367
846
1163
1209
807
1035
1077
999
971
994
1065
997
840
815
651
594
1271397
1271
1136
1067
1050
858
2172
1015
810
781
850
1064
646
597
586
629
7333
1279977
1324
1055
852
2303
819
929
843
1076
670
595
589
615
604
718
11245
1286254
1486
910
905
983
1027
816
808
1017
865
1194
679
606
635
604
1264214
6686
1047
1431
967
1371
1011
1068
1170
1239
809
763
795
592
771
655
10677
1237802
1260
957
831
899
1028
1058
884
1051
807
1385
702
769
630
592
1281693
4104
1233
988
1060
1037
826
1075
660
1300
847
1022
816
775
691
763
1241158
921
10960
1072
878
765
898
1034
1080
997
974
865
594
739
692
589
1229576
1214
1251
961
1025
975
821
1355
815
1128
805
775
905
798
636
718
1252900
1362
1080
968
1064
1404
1054
962
853
919
960
729
762
648
1244
784
1261250
1136
800
1042
1052
1001
787
1239
1371
672
781
742
920
666
605
633
1303625
1008
667
800
714
1149
885
860
844
719
1122
674
959
680
746
626
1249746
893
713
1080
801
1044
647
998
998
845
887
940
588
770
648
830
1288045
815
1046
799
1547
999
825
1018
810
653
550
540
1072
602
578
730
1324391
1020
887
1128
816
787
1104
1178
1062
1077
721
1458
817
617
721
807
1274028
1530
861
1047
652
976
1113
1032
1003
776
1081
877
815
834
1065
756
20834
1282618
11173
1295
1079
1614
1028
1020
1780
1025
928
989
664
921
645
823
1236784
1281
906
1269
1024
978
1163
1554
737
835
869
826
731
792
635
715
1242833
1516
865
1601
1272
1015
1039
1034
864
765
1329
664
781
647
600
888
1305230
890
1160
1084
1305
965
1021
859
930
741
1358
1341
779
625
601
1069
1247139
6614
1446
1048
843
1081
1155
1046
864
994
981
703
982
654
760
650
1261105
1253
855
1830
961
950
813
781
979
942
631
860
816
649
778
657
1283101
904
961
775
1364
1112
813
1047
657
639
676
736
841
638
1581
659
1271363
1170
806
942
1134
968
1294
713
866
826
1093
950
863
568
569
574
10163
1280765
1118
2287
1110
1097
763
911
688
1176
910
757
633
594
625
586
1256127
990
708
870
1007
712
960
770
999
881
968
955
755
550
677
610
1277369
13667
841
1018
784
1084
1060
823
965
785
802
1080
851
599
602
632
1245118
964
994
1020
617
728
2862
770
757
979
746
981
595
1902
1731
769
1267334
1059
1310
731
1157
1079
1054
1057
835
831
611
900
1095
777
639
597
1282482
929
9336
1096
666
1352
729
875
860
788
683
966
898
640
768
673
1287741
1074
1059
1150
1048
1199
855
956
851
1377
695
599
721
770
650
713
1282952
887
1630
1042
998
946
811
813
900
1114
657
598
739
642
662
1032
1268178
809
623
682
1209
1113
2335
935
870
864
654
594
756
647
587
702
10465
6358
1307861
5840
1408
885
1361
741
887
1165
1085
1946
677
770
640
603
15290
1239083
14377
1399
871
1140
808
1194
702
2163
917
858
641
613
688
633
1269805
971
863
765
1531
1163
855
1416
1043
1076
821
593
729
637
762
642
1318032
1034
852
1129
1060
1081
1053
813
760
1370
652
1087
611
775
653
588
22198
7790
1258686
3758
957
823
662
891
1101
911
936
1044
865
753
1920
2190
1283478
1396
838
1537
1159
948
1088
734
884
957
844
803
897
609
938
810
1240632
1154
986
908
1494
1074
1087
985
1744
995
646
594
616
605
670
597
1251661
1079
832
1079
1116
1070
805
663
773
904
1149
845
1031
594
719
758
1301695
1109
1054
990
1005
1011
1116
772
721
889
826
872
766
553
574
555
17578
5019
1238508
907
819
780
1146
747
969
709
642
662
804
1139
763
576
1275268
1428
1075
1595
1014
1340
961
933
1388
1611
856
647
795
656
598
717
1249978
826
864
916
2050
1075
1055
1066
826
788
646
882
650
599
588
611
1353510
1304
899
1198
980
1150
1071
833
1016
1184
767
845
742
735
631
735
8621
7444
1264381
1390
899
1022
1057
1053
1056
1020
767
750
676
610
739
643
1268331
859
3618
736
4456
933
1318
783
699
951
666
930
913
770
899
588
1284060
1117
754
786
1102
767
722
817
584
642
725
967
638
730
592
549
1439343
869
1296
658
971
1056
1167
918
908
955
947
881
816
753
592
683
1298198
8749
891
918
787
991
959
819
626
1170
769
769
693
602
766
1521
1241814
905
998
900
960
995
823
827
899
1074
827
753
653
623
746
644
1271989
975
780
770
929
1285
982
1588
723
774
741
605
777
837
635
943
1280056
1300
893
813
1303
827
735
800
1122
748
587
1180
626
550
555
680
1299581
1056
824
897
813
937
1062
836
1147
892
772
1113
1050
768
637
592
1270678
1025
861
1119
967
1068
879
558
991
1015
748
669
716
687
621
551
11444
8567
1269368
7973
973
634
1282
952
793
789
755
955
925
891
729
811
1217529
1007
749
815
1538
1052
905
810
629
788
859
1033
700
780
638
594
1251523
8337
941
930
601
953
820
731
861
621
943
981
794
1515
637
550
1270228
1073
1147
1094
944
1147
858
1383
881
642
999
793
651
727
638
796
1300441
839
792
801
1190
955
960
1319
1122
692
765
565
723
595
577
584
1248504
789
985
770
1195
990
967
978
747
696
673
722
585
664
584
543
1253397
7711
2834
1111
1087
655
964
1021
1105
944
714
622
1243
815
703
680
1279689
1062
1320
1073
936
974
756
1396
918
639
596
815
759
657
675
600
13971
5692
6920
4428
5071
11929
1221218
1239
809
1352
1025
1052
1158
774
636
959
1310405
1514
869
1081
1052
1049
1064
949
1012
825
801
859
872
891
619
737
1256248
1139
925
1300
1080
968
1044
842
1097
983
663
718
643
595
960
597
1258035
1080
1038
852
814
1056
883
854
1077
822
1119
916
689
602
547
564
1248327
901
834
937
617
1953
1238
919
937
812
876
1017
929
750
639
606
1278334
1259
899
897
1055
1057
1039
955
787
833
1234
791
818
722
766
748
1275740
1296
860
1051
1052
1092
802
891
1618
925
1027
729
602
547
660
724
1301315
1148
921
1053
1031
1263
874
1048
848
1922
707
601
954
592
778
658
1293977
1220
898
1032
1004
1022
811
1213
988
1098
803
750
895
755
651
604
8374
1332040
926
1212
1126
1123
861
1009
667
782
1058
647
716
664
591
624
1236144
1049
862
1527
1010
870
1050
1127
953
981
678
600
731
657
646
1053
1265691
1079
1251
1270
931
944
826
777
1115
1207
684
736
655
756
729
640
1270609
925
827
733
1612
1074
809
1540
809
605
709
862
594
664
581
1149
27814
1254118
759
6313
1429
1013
943
949
928
960
757
818
786
547
574
537
1270552
869
706
13875
925
620
946
787
1334
988
975
1591
804
935
609
678
1246319
1308
1146
1048
1042
1030
855
2081
1292
1133
919
727
779
751
686
602
1245289
6036
957
1091
901
586
564
1277
1079
1352
888
960
983
959
675
592
1282425
899
1147
1147
1053
871
908
1222
1097
1305
1000
761
620
882
652
596
1273682
934
1024
1003
1129
969
1114
970
895
874
890
1002
587
551
669
779
1295390
926
1037
705
1855
1027
935
927
750
810
816
688
716
594
548
639
1227337
1191
996
776
1208
902
992
822
1066
821
946
618
563
552
570
541
1269219
902
841
622
1044
977
605
681
820
935
1054
1479
1180
1586
741
1323
1283709
1042
1116
1109
901
1002
819
1064
804
854
730
922
756
737
634
704
1322768
980
1201
1079
1292
834
1257
1188
1054
868
622
621
585
747
686
598
1227778
787
786
778
1066
949
1163
912
811
1046
792
1157
754
611
548
540
1307988
1023
1258
1096
1048
882
839
1003
1038
892
663
774
639
590
881
586
1268855
1225
943
1243
1406
1015
1175
1163
903
842
1250
836
649
636
597
582
1321703
1428
715
1491
1223
862
1028
1038
1024
1036
773
758
1509
963
679
755
1243091
1006
859
1221
1094
1038
865
1121
1007
1029
890
795
765
779
634
633
20148
1305259
1467
945
1040
761
771
818
1796
1368
1008
639
1265
826
830
611
1276853
2932
803
1936
967
818
1199
1025
1389
974
953
864
703
743
638
755
11546
1250301
5555
1149
671
925
1116
788
804
1037
669
836
842
900
807
651
1266985
1249
856
788
1193
1233
1019
870
874
872
962
774
643
591
581
630
1265232
917
801
708
985
938
790
805
653
886
971
762
666
585
555
568
1354957
986
896
706
904
1049
822
940
797
816
955
746
602
767
638
609
1309103
1509
872
1387
900
995
757
932
869
652
960
1063
950
649
596
880
1312349
973
675
1254
1278
1037
656
1772
1470
1516
1249
2144
1675
1482
1722
1406
1281407
990
1118
1307
877
788
616
700
1090
772
1148
641
550
542
577
549
1279604
1239
901
1042
1051
1038
978
869
703
855
959
978
883
844
632
602
1311420
1153
934
1166
1098
1039
1020
853
936
1859
702
732
654
594
671
591
1317317
969
1093
1110
1046
1055
923
971
1170
833
745
797
588
742
652
626
1255775
999
919
720
1069
1090
1125
1032
847
889
1362
890
606
786
652
785
1252635
1018
894
1214
1265
1357
1035
853
875
791
921
1060
677
596
616
592
1362459
1214
815
1375
1375
1057
1028
951
823
1049
1031
1521
673
625
593
779
1257240
1454
936
957
1024
884
809
976
908
1026
836
939
1034
981
814
801
1311838
971
1574
1002
1302
972
981
759
942
757
604
546
537
650
605
936
1270059
1038
877
948
1014
1254
992
996
780
716
688
867
608
651
593
941
1302172
7561
974
785
1004
778
1336
869
816
980
860
613
828
719
616
696
20050
3850
1223399
10242
1435
1062
854
1413
1332
891
1251
811
758
637
593
748
1304349
1029
882
922
1042
1395
1020
697
1104
824
782
763
655
1430
806
638
1255742
968
919
762
1163
1001
828
809
827
770
792
548
993
543
667
605
1363821
970
2315
1606
1103
923
973
871
665
755
791
755
637
610
641
587
1295120
1374
871
1335
1114
1311
1145
807
867
1081
780
714
1086
944
638
608
1306484
1243
884
650
757
1167
830
1256
1159
842
894
843
1656
652
614
749
1246461
2475
4120
1743
811
1143
1046
1022
888
785
953
895
841
795
2128
678
1280838
984
1096
964
839
828
1044
1059
1735
757
1020
871
977
798
687
601
1306822
801
1230
884
1003
695
1326
1077
870
1724
1443
1406
734
922
654
593
1304355
987
976
969
1414
1777
837
831
935
976
900
657
747
645
593
626
1291668
923
679
7851
895
791
812
632
664
988
793
2036
817
743
842
598
1255405
970
943
679
1315
1110
1022
1170
636
851
930
642
593
600
947
583
12019
8264
1276631
1064
818
875
1297
1198
850
882
791
1292
886
788
662
597
1285762
879
899
817
648
1793
795
1232
921
1162
741
1048
798
665
598
621
12445
8546
1324077
1240
849
869
950
1048
814
837
897
857
1027
1281
666
725
1264321
1099
805
791
906
1029
974
930
791
953
678
713
870
699
625
1165
1289973
939
4853
999
993
1051
905
828
644
1022
830
859
1023
805
904
2539
1345060
5455
806
875
1157
1039
858
624
1194
1012
1511
697
905
1079
672
596
1308295
936
6677
1014
923
1106
848
624
871
826
898
1058
941
815
1102
762
1317370
922
836
771
1029
872
788
1220
672
763
643
728
598
543
775
695
1443135
843
1016
957
1360
1024
979
1054
890
814
893
836
611
718
638
1115
11115
1402571
1081
1152
1197
1075
1194
1111
987
1087
662
773
646
596
716
639
1381685
1027
925
1196
880
803
665
1504
1083
1122
1042
961
849
757
640
597
1302933
Xput: 12531
