1654
841
734
606
708
612
555
936
704
595
677
581
550
570
574
1484
615
1041953
1219
827
662
545
960
1009029
1117
821
649
545
1017
965848
1241
948
719
603
651
996597
920
622
567
577
1069
964933
1591
651
709
636
845
949458
959
627
584
561
623
981014
943
614
692
599
564
958671
1115
829
720
595
1086
950858
975
626
704
592
1052
952696
1389
632
886
754
708
952846
1798
649
567
576
732
954637
848
1721
919
720
598
965864
930
616
722
600
565
943179
933
619
701
2089
783
994715
1330
867
710
717
704
1075696
1081
793
672
610
593
1042859
916
621
733
604
568
1066176
1191
856
794
613
837
1028930
923
722
604
574
741
1045843
1384
643
567
755
728
1050083
792
752
612
717
609
1038929
1220
851
582
858
734
1034641
1278
819
1037
706
700
1043308
1359
884
717
596
760
1073210
1596
760
604
568
756
1021523
1185
646
700
602
552
1089749
1279
636
724
598
720
1019706
1291
925
566
735
739
1041260
1329
645
704
593
715
1017968
1133
649
719
720
726
1077589
1213
834
1161
808
691
1114194
1194
867
1028
771
710
1013263
1014
1119
749
706
717
1023651
1313
841
715
616
814
1041974
1373
835
729
593
714
1029189
1172
880
719
602
796
1031825
1078
1101
618
733
714
1029115
1171
903
720
723
701
1034648
1372
644
709
712
725
1079810
922
975
582
776
720
1091009
1237
1066
623
565
871
1034349
1327
640
563
581
545
1065853
1204
988
723
589
722
1037170
1247
1086
606
556
1046
1037665
1233
888
703
599
919
1023385
894
613
699
606
1591
1063601
1193
1110
602
562
996
1047413
1172
928
569
716
773
1022985
1330
910
713
597
910
1016084
1000
733
612
554
709
1075767
1264
895
712
591
1142
1026454
1351
647
705
733
721
1040870
1240
918
728
596
713
1047809
1337
818
970
599
755
1077940
1078
1195
611
721
714
1088871
1643
653
569
720
743
1046587
1268
932
567
704
719
1018985
899
615
699
602
583
1085437
827
1038
619
776
726
1026569
1221
904
722
590
930
1086677
1489
682
567
598
752
1022520
1313
825
721
606
1099
1083134
1321
845
716
608
777
1021659
1217
935
708
596
891
1032784
1193
865
636
624
750
1025164
1227
1100
611
562
1025
1032416
1042
839
723
624
555
1072789
1301
840
566
740
734
1024584
1271
1044
602
608
967
1017225
1273
876
714
713
710
1032312
1135
960
713
611
556
1051517
1337
1047
605
563
953
995389
942
613
723
589
564
1045665
1199
918
716
1111
600
1015942
854
1552
888
558
703
1026689
1012
1543
757
610
724
1050374
1243
916
719
591
1080
1065445
1276
930
722
748
704
1020820
1153
630
723
592
825
1046277
1029
793
601
714
709
1063679
1270
825
568
756
710
1015919
1325
902
708
596
845
1030742
1217
908
735
751
708
1024061
1311
850
734
613
792
1053604
1194
901
713
607
917
1031473
1295
864
731
594
929
1014539
1816
656
722
728
601
1024935
1155
901
707
589
1131
1025394
1340
901
564
737
723
1018515
939
614
723
612
737
1051084
1069
821
581
589
580
1034355
1179
942
750
611
706
1030419
1303
642
708
592
1144
1106415
980
1141
620
560
730
1021999
1265
909
712
597
955
1047904
1381
641
719
607
1113
1021844
1301
749
597
561
1116
1034258
1079
848
711
602
566
1048291
1068
790
711
609
727
1029085
1030
769
604
592
582
1065679
1177
625
699
598
703
1075592
1241
999
740
596
799
1056616
1167
892
1035
603
731
1064647
1211
897
744
596
723
1063701
1271
860
713
596
1273
1018896
1001
615
722
596
570
1034467
1269
898
733
597
925
1028088
1050
1477
759
741
708
1024952
1288
939
734
601
861
1034474
1359
643
563
706
739
1051483
1272
990
722
597
887
1035441
1306
961
726
595
938
1034650
983
644
740
595
1106
1050622
1129
890
708
613
958
1021791
1317
856
713
594
907
1075172
1324
989
616
563
762
1031440
1748
668
731
603
733
1027753
1098
836
764
594
709
1059924
1337
1094
604
560
817
1027350
1321
909
614
583
761
1026740
1075
822
723
595
1141
1058103
1393
648
569
694
733
1062691
1200
901
956
715
706
1030295
1374
643
699
604
1142
1062690
1029
802
608
880
585
1060368
1174
912
571
737
718
1068155
763
617
781
607
594
1032747
1267
918
570
1063
591
1035356
1318
889
726
590
866
1065304
1196
888
715
602
944
1032405
1367
640
564
748
732
1030114
1088
849
710
743
721
1067399
878
1080
626
595
1047
1082034
1149
920
721
721
708
1033568
1224
906
717
599
1045
1079068
1284
990
737
720
707
1049320
1026
811
597
549
1124
1069108
1127
812
566
716
720
1016048
1185
626
713
593
560
1022309
4944
1027
750
737
693
1035277
1191
875
887
585
723
1051624
1213
904
723
602
911
1027644
1175
909
727
593
1027
1037900
1322
736
598
552
871
1031426
1308
887
735
611
910
1031945
1294
925
718
593
710
1047679
1126
751
598
574
1133
1016695
1342
643
747
601
721
1036460
1281
1001
760
596
578
1053900
1323
1021
610
564
940
1038045
1304
855
726
611
831
1028458
1372
868
716
598
801
1039916
1336
836
714
720
700
1041957
940
623
569
728
719
1042316
1364
645
722
596
1094
1019087
1306
890
707
590
973
1048140
1333
663
767
769
738
1020047
1319
848
734
608
890
1022419
1124
783
598
948
746
1030059
1323
822
719
592
803
1049724
1066
791
568
697
725
1028572
1047
999
619
763
582
1076976
1331
669
944
603
751
1020316
1329
825
738
594
945
1051157
1291
873
725
605
867
1011785
1331
986
614
562
938
1081824
939
620
565
697
726
1048074
1192
892
719
714
713
1075854
1161
787
612
940
725
1099742
1280
996
722
596
764
1008863
1210
901
724
611
802
1064134
1237
1106
608
562
988
1017473
1322
890
717
602
729
1026596
1168
921
712
868
708
1036472
1202
731
614
561
694
1071742
1016
1134
627
583
727
1012756
1328
845
733
594
981
1031562
1257
916
715
597
1017
1019072
1302
636
563
578
717
1029805
1271
963
706
595
947
1032044
982
888
709
623
825
1040363
1331
641
706
587
705
1030772
792
934
612
1124
700
1081565
1318
670
712
598
998
1062457
1276
877
570
707
905
1063741
1173
891
715
593
960
1037236
1231
892
1090
768
599
1002282
1031
1131
931
655
765
988074
1204
904
716
597
893
1094907
1230
911
713
600
740
1095917
1328
1092
616
1115
598
1014871
1040
907
1027
1220
719
1026344
1276
945
758
592
795
1056844
772
771
614
560
551
1018179
1206
860
729
606
723
1062100
905
1149
632
759
602
1024761
1227
1048
857
764
721
1028102
1194
612
725
615
1246
1016991
1185
716
1265
729
696
1003378
1044
1072
1114
727
723
1037418
931
613
574
695
4623
1048800
915
667
1052
708
705
1020561
876
610
774
2268
634
1033247
1340
654
1037
1265
721
1036257
1130
1264
846
733
910
1008453
1223
844
787
703
723
1025691
1317
850
759
603
737
1067745
932
1094
624
1178
713
1082261
1001
771
626
671
827
1019959
1210
674
903
651
1303
1053249
1029
782
725
718
705
1021776
1317
868
734
600
940
1036228
1039
892
582
822
730
1039301
1040
912
752
709
968
1015695
969
930
723
739
725
1026225
1017
630
852
591
769
1030243
1085
856
738
603
2434
1034881
930
961
927
873
738
1035302
940
1089
724
722
703
1074155
1041
966
1053
884
783
1011979
1254
1094
791
724
606
1050929
1205
1055
619
1048
698
1021703
1083
818
906
1046
741
1055622
4238
683
1820
1680
1299
1004887
5130
923
861
624
575
1022069
1331
862
643
758
726
1035186
1186
847
748
734
707
1023881
921
648
1301
1081
721
1027395
1783
883
745
730
698
1008696
1034
763
762
1006
726
1018926
1198
843
736
594
737
1079294
1304
860
726
715
690
1064305
909
1073
752
700
718
1037664
1066
767
757
705
704
1015242
1053
1067
738
600
590
1014310
1273
620
763
717
702
1039102
1030
791
614
909
590
1019415
932
619
718
600
4397
1024376
1011
859
875
1125
754
1053708
1103
875
779
599
740
1057333
1008
1017
740
603
591
1015929
1299
671
961
738
713
1030346
1158
858
723
736
710
1081371
1057
1252
757
711
694
1026064
1354
828
723
606
724
1023890
1323
1087
755
712
708
1033757
1351
998
743
611
721
991496
921
952
991
838
718
1021627
1223
688
1016
728
705
1067082
1085
762
639
745
721
1087450
966
660
1052
770
738
1028519
1008
796
715
730
722
1030320
1180
909
741
710
600
1064993
942
630
582
982
730
1016707
777
603
1123
1601
984
1025867
949
627
578
1063
718
1033834
1038
771
976
843
793
988203
809
871
847
848
718
1068183
869
829
632
986
733
1034315
1033
771
602
764
622
1035768
1057
920
777
1002
761
1039608
1066
832
798
1082
728
1078426
946
738
855
1051
707
1026345
947
616
722
599
2211
1027004
897
701
582
1100
724
1027043
1058
893
936
851
614
1028246
920
947
936
742
1556
1019898
1029
637
879
710
694
1032639
920
814
600
648
2297
1042796
989
712
899
605
4310
995631
6396
931
1534
889
564
1029534
1032
1568
779
712
689
1071474
1356
884
732
595
850
1022673
1044
640
1277
734
707
1020838
802
1376
654
592
589
1027705
1208
859
733
735
713
1032577
1315
823
1027
612
730
1015152
1067
854
766
715
1505
1021849
1205
928
720
718
715
1027322
1129
898
952
832
744
1055563
1271
1136
1232
943
698
1024652
1129
617
610
580
592
1010818
1300
684
971
618
1175
1032803
798
765
751
1136
763
1032632
948
1019
718
591
1070
1073954
1775
655
726
722
710
1020015
868
994
736
602
584
1048069
1292
633
768
712
712
1026753
1162
653
737
705
697
1023954
926
821
988
850
876
1018702
1755
1054
600
1173
590
1062835
1215
663
1113
738
709
1031698
913
903
968
747
713
1060443
991
1030
664
1192
728
1020739
1286
881
731
609
725
1082563
1283
689
1050
754
723
1085429
923
617
1183
930
729
1076152
1294
883
750
728
719
1048263
1364
803
582
588
603
1041225
924
731
645
3326
755
1067440
964
619
1040
817
745
1012654
1312
822
729
591
793
1036053
978
629
945
943
616
1043235
923
906
906
844
809
1036300
1196
944
772
743
730
1034467
1036
826
890
1095
726
1034530
1337
907
744
740
705
1047251
1348
878
737
601
783
1038894
819
761
747
713
699
1015082
5384
1014
1022
891
567
1036595
1155
661
765
726
712
1042220
1338
895
747
757
700
1036747
999
892
673
595
759
1075258
1254
623
747
710
721
1023134
1218
649
722
606
4556
1024015
1051
836
904
594
581
1003910
996
929
747
600
1347
1036014
896
732
1094
1142
725
1046306
1446
636
717
595
782
1040401
1325
794
746
604
919
1039545
763
758
4615
864
622
1015684
1186
720
675
569
1114
1070943
1067
711
579
692
740
1035018
1215
1054
764
1073
594
1031455
1249
1084
856
1104
594
1017997
1048
712
713
592
1018
1010524
1323
810
791
633
724
1036059
2462
928
957
1341
1979
1035387
979
1003
793
607
864
1041906
1049
877
851
816
743
1036048
939
776
969
850
750
1071603
1402
894
741
599
725
1039847
1316
856
741
600
726
1038939
1207
872
741
741
711
1024558
1408
859
754
745
595
1037770
971
1298
843
720
700
1028792
954
1125
782
594
592
1055390
921
1006
684
1792
2934
1028217
1041
871
639
640
761
1033881
3712
1050
1039
706
1445
1032738
911
723
779
1084
607
1021777
1147
874
767
598
741
1076095
1071
880
1033
1463
710
1064686
744
1524
1559
614
780
1046683
1327
789
1014
743
699
1025052
1226
652
733
603
1342
1049456
1021
818
608
568
1078
990684
931
686
1024
611
795
1032542
993
637
734
709
700
1050000
1007
821
627
925
595
1073539
910
635
1227
863
751
1023970
1234
863
732
746
711
1038087
1072
786
722
668
2443
1039930
1285
802
741
722
715
1023530
1277
842
764
737
710
1027956
1245
839
755
609
738
1014147
968
884
713
592
911
1031503
1228
972
1113
759
696
1042364
1481
1064
738
603
720
1013149
926
615
567
2367
1226
1033191
1234
844
732
721
724
1053245
960
706
722
598
882
1073715
914
687
1110
806
723
1058779
1161
630
710
591
890
1020891
927
618
983
727
703
1021741
1240
1057
607
565
1008
1034658
1219
882
573
753
717
1032005
1186
906
720
609
881
1035789
1341
753
596
1046
593
1033069
1218
787
584
716
741
1026020
978
629
706
598
728
1031933
1244
625
763
710
715
1015175
1287
885
729
599
1104
1016835
1203
883
726
599
976
1049452
850
863
960
621
563
1072415
1230
873
1099
713
710
1026233
942
629
704
591
580
1037125
1172
816
716
598
703
1024480
990
620
722
598
570
1031192
1272
836
726
602
851
1023238
1286
890
710
593
762
1025111
1278
856
713
721
699
1028671
1136
667
722
595
1070
1036419
1228
866
727
596
734
1021265
Xput: 5790
