0.998000
0.842000
0.780000
0.788000
0.776000
0.002000
0.106000
0.106000
0.052000
0.050000
0.754000
0.794000
0.848000
0.850000
0.818000
0.046000
0.030000
0.032000
0.088000
0.038000
0.784000
0.818000
0.772000
0.812000
0.912000
0.054000
0.016000
0.042000
0.022000
0.008000
0.906000
0.854000
0.790000
0.808000
0.820000
0.006000
0.084000
0.060000
0.060000
0.046000
0.786000
0.814000
0.846000
0.812000
0.796000
0.040000
0.040000
0.068000
0.106000
0.024000
0.764000
0.808000
0.772000
0.832000
0.952000
0.034000
0.006000
0.016000
0.012000
0.006000
0.936000
0.864000
0.782000
0.808000
0.784000
0.002000
0.094000
0.094000
0.052000
0.060000
0.756000
0.798000
0.846000
0.830000
0.818000
0.056000
0.036000
0.032000
0.098000
0.022000
0.782000
0.824000
0.782000
0.812000
0.918000
0.030000
0.010000
0.044000
0.038000
0.008000
0.906000
0.848000
0.780000
0.812000
0.830000
0.006000
0.084000
0.058000
0.042000
0.046000
0.798000
0.820000
0.846000
0.810000
0.784000
0.040000
0.046000
0.078000
0.106000
0.024000
0.752000
0.802000
0.774000
0.850000
0.952000
0.034000
0.000000
0.006000
0.014000
0.018000
0.936000
0.864000
0.780000
0.790000
0.784000
0.014000
0.100000
0.094000
0.050000
0.048000
0.756000
0.804000
0.856000
0.830000
0.818000
0.044000
0.030000
0.034000
0.116000
0.022000
0.782000
0.818000
0.772000
0.814000
0.930000
0.030000
0.010000
0.042000
0.020000
0.008000
0.918000
0.854000
0.780000
0.810000
0.818000
0.006000
0.090000
0.068000
0.042000
0.046000
0.786000
0.814000
0.848000
0.828000
0.784000
0.040000
0.040000
0.068000
0.108000
0.036000
0.752000
0.802000
0.772000
0.832000
0.952000
0.046000
0.006000
0.006000
0.012000
0.006000
0.936000
0.870000
0.790000
0.790000
0.784000
0.002000
0.094000
0.096000
0.068000
0.048000
0.756000
0.798000
0.846000
0.832000
0.830000
0.044000
0.030000
0.032000
0.098000
0.022000
0.794000
0.824000
0.772000
0.812000
0.918000
0.030000
0.016000
0.052000
0.020000
0.008000
0.906000
0.848000
0.782000
0.828000
0.818000
0.006000
0.084000
0.058000
0.044000
0.058000
0.786000
0.814000
0.846000
0.810000
0.784000
0.052000
0.046000
0.068000
0.106000
0.024000
0.752000
0.808000
0.782000
0.832000
0.952000
0.034000
0.000000
0.008000
0.030000
0.006000
0.936000
0.864000
0.780000
0.792000
0.796000
0.002000
0.094000
0.094000
0.050000
0.048000
0.768000
0.804000
0.846000
0.830000
0.818000
0.044000
0.036000
0.042000
0.098000
0.022000
0.782000
0.818000
0.774000
0.830000
0.918000
0.030000
0.010000
0.042000
0.022000
0.020000
0.906000
0.848000
0.182000
0.026000
0.468000
0.812000
0.886000
0.800000
0.828000
0.346000
0.034000
0.026000
0.144000
0.018000
0.492000
0.824000
0.830000
0.774000
0.880000
0.328000
0.036000
0.022000
0.038000
0.052000
0.554000
0.816000
0.832000
0.778000
0.812000
0.348000
0.118000
0.018000
0.030000
0.014000
0.466000
0.814000
0.912000
0.790000
0.830000
0.328000
0.028000
0.022000
0.154000
0.036000
0.492000
0.822000
0.812000
0.760000
0.890000
0.348000
0.040000
0.024000
0.034000
0.030000
0.554000
0.820000
0.854000
0.782000
0.806000
0.328000
0.112000
0.016000
0.034000
0.024000
0.470000
0.812000
0.888000
0.794000
0.836000
0.342000
0.038000
0.024000
0.144000
0.022000
0.490000
0.822000
0.834000
0.764000
0.882000
0.330000
0.032000
0.022000
0.036000
0.054000
0.558000
0.818000
0.830000
0.778000
0.808000
0.350000
0.120000
0.018000
0.036000
0.006000
0.462000
0.818000
0.914000
0.790000
0.834000
0.322000
0.026000
0.024000
0.150000
0.038000
0.494000
0.816000
0.810000
0.762000
0.890000
0.352000
0.042000
0.022000
0.032000
0.028000
0.558000
0.822000
0.854000
0.786000
0.802000
0.324000
0.116000
0.018000
0.034000
0.028000
0.464000
0.810000
0.890000
0.790000
0.838000
0.344000
0.032000
0.022000
0.144000
0.026000
0.494000
0.824000
0.832000
0.762000
0.880000
0.334000
0.034000
0.022000
0.042000
0.046000
0.554000
0.822000
0.832000
0.778000
0.812000
0.344000
0.118000
0.018000
0.032000
0.008000
0.464000
0.814000
0.912000
0.792000
0.834000
0.326000
0.026000
0.022000
0.148000
0.036000
0.498000
0.820000
0.808000
0.766000
0.886000
0.348000
0.046000
0.024000
0.032000
0.032000
0.552000
0.820000
0.856000
0.782000
0.804000
0.326000
0.110000
0.016000
0.034000
0.032000
0.468000
0.812000
0.888000
0.788000
0.836000
0.348000
0.034000
0.022000
0.150000
0.018000
0.490000
0.828000
0.834000
0.762000
0.884000
0.328000
0.032000
0.024000
0.038000
0.048000
0.556000
0.816000
0.830000
0.780000
0.812000
0.348000
0.120000
0.018000
0.030000
0.006000
0.468000
0.814000
0.912000
0.796000
0.830000
0.322000
0.032000
0.024000
0.148000
0.040000
0.492000
0.816000
0.812000
0.762000
0.888000
0.350000
0.040000
0.022000
0.032000
0.036000
0.556000
0.822000
0.854000
0.780000
0.802000
0.330000
0.112000
0.016000
0.040000
0.024000
0.464000
0.816000
0.890000
0.788000
0.840000
0.342000
0.032000
0.024000
0.146000
0.020000
0.492000
0.822000
0.832000
0.764000
0.884000
0.332000
0.034000
0.022000
0.036000
0.046000
0.560000
0.818000
0.830000
0.784000
0.808000
0.344000
0.124000
0.018000
0.030000
0.010000
0.462000
0.814000
0.914000
0.792000
0.832000
0.324000
0.024000
0.022000
0.148000
0.044000
0.496000
0.820000
0.808000
0.760000
0.886000
0.354000
0.042000
0.022000
0.038000
0.028000
0.552000
0.826000
0.856000
0.780000
0.806000
0.324000
0.110000
0.018000
0.036000
0.026000
0.466000
0.810000
0.888000
0.790000
0.840000
0.346000
0.034000
0.022000
0.144000
0.018000
0.496000
0.824000
0.832000
0.768000
0.880000
0.328000
0.038000
0.024000
0.036000
0.050000
0.554000
0.816000
0.832000
0.780000
0.810000
0.346000
0.118000
0.018000
0.030000
0.014000
0.466000
0.814000
0.912000
0.790000
0.830000
0.328000
0.028000
0.022000
0.154000
0.036000
0.492000
0.822000
0.812000
0.760000
0.890000
0.348000
0.040000
0.024000
0.034000
0.030000
0.554000
0.792000
0.820000
0.336000
0.652000
0.822000
0.292000
0.032000
0.498000
0.192000
0.032000
0.644000
0.902000
0.322000
0.666000
0.830000
0.162000
0.014000
0.570000
0.192000
0.044000
0.624000
0.830000
0.328000
0.722000
0.820000
0.208000
0.018000
0.476000
0.214000
0.088000
0.616000
0.824000
0.326000
0.650000
0.850000
0.290000
0.028000
0.484000
0.176000
0.026000
0.642000
0.912000
0.342000
0.672000
0.806000
0.156000
0.008000
0.578000
0.208000
0.048000
0.630000
0.812000
0.314000
0.716000
0.848000
0.220000
0.030000
0.460000
0.196000
0.084000
0.610000
0.840000
0.336000
0.656000
0.820000
0.288000
0.020000
0.512000
0.188000
0.028000
0.646000
0.894000
0.324000
0.674000
0.832000
0.158000
0.018000
0.558000
0.192000
0.050000
0.630000
0.828000
0.324000
0.718000
0.818000
0.214000
0.026000
0.476000
0.210000
0.084000
0.616000
0.820000
0.338000
0.650000
0.848000
0.288000
0.030000
0.488000
0.180000
0.026000
0.640000
0.908000
0.330000
0.678000
0.808000
0.162000
0.006000
0.574000
0.202000
0.050000
0.632000
0.820000
0.314000
0.712000
0.844000
0.216000
0.034000
0.472000
0.196000
0.082000
0.608000
0.834000
0.340000
0.662000
0.820000
0.286000
0.016000
0.500000
0.192000
0.032000
0.652000
0.892000
0.320000
0.668000
0.834000
0.160000
0.026000
0.558000
0.188000
0.046000
0.626000
0.832000
0.336000
0.718000
0.816000
0.212000
0.020000
0.480000
0.216000
0.084000
0.614000
0.816000
0.326000
0.654000
0.852000
0.294000
0.028000
0.484000
0.174000
0.028000
0.642000
0.916000
0.330000
0.674000
0.804000
0.158000
0.010000
0.586000
0.202000
0.048000
0.630000
0.814000
0.318000
0.718000
0.844000
0.214000
0.030000
0.460000
0.200000
0.086000
0.614000
0.832000
0.336000
0.656000
0.822000
0.288000
0.024000
0.500000
0.188000
0.028000
0.648000
0.896000
0.332000
0.668000
0.832000
0.158000
0.020000
0.562000
0.194000
0.046000
0.624000
0.828000
0.324000
0.722000
0.820000
0.218000
0.018000
0.476000
0.210000
0.086000
0.616000
0.824000
0.326000
0.650000
0.848000
0.290000
0.032000
0.496000
0.174000
0.026000
0.640000
0.910000
0.334000
0.680000
0.804000
0.156000
0.006000
0.574000
0.206000
0.052000
0.636000
0.812000
0.314000
0.712000
0.846000
0.216000
0.038000
0.460000
0.196000
0.082000
0.610000
0.836000
0.348000
0.656000
0.820000
0.286000
0.018000
0.504000
0.194000
0.028000
0.646000
0.892000
0.320000
0.672000
0.836000
0.164000
0.018000
0.558000
0.188000
0.048000
0.626000
0.836000
0.324000
0.718000
0.816000
0.214000
0.022000
0.488000
0.210000
