0.966667
0.953333
0.930000
0.943333
0.953333
0.966667
0.960000
0.920000
0.313333
0.003333
0.003333
0.000000
0.003333
0.003333
0.000000
0.000000
0.173333
0.450000
0.473333
0.476667
0.470000
0.480000
0.476667
0.453333
0.466667
0.003333
0.006667
0.003333
0.006667
0.006667
0.000000
0.000000
0.006667
0.313333
0.450000
0.470000
0.476667
0.466667
0.483333
0.470000
0.300000
0.473333
0.003333
0.003333
0.006667
0.003333
0.000000
0.000000
0.000000
0.010000
0.446667
0.480000
0.466667
0.483333
0.313333
0.640000
0.313333
0.606667
0.160000
0.003333
0.003333
0.000000
0.003333
0.003333
0.000000
0.000000
0.173333
0.450000
0.473333
0.476667
0.470000
0.480000
0.476667
0.453333
0.466667
0.003333
0.006667
0.003333
0.006667
0.006667
0.000000
0.000000
0.006667
0.313333
0.450000
0.470000
0.476667
0.466667
0.483333
0.470000
0.300000
0.473333
0.003333
0.003333
0.006667
0.003333
0.000000
0.000000
0.000000
0.010000
0.446667
0.480000
0.466667
0.483333
0.313333
0.640000
0.313333
0.606667
0.160000
0.003333
0.003333
0.000000
0.003333
0.003333
0.000000
0.000000
0.173333
0.450000
0.473333
0.476667
0.470000
0.480000
0.476667
0.453333
0.466667
0.003333
0.006667
0.003333
0.006667
0.006667
0.000000
0.000000
0.006667
0.313333
0.450000
0.470000
0.476667
0.466667
0.483333
0.470000
0.300000
0.473333
0.003333
0.003333
0.006667
0.003333
0.000000
0.000000
0.000000
0.010000
0.446667
0.480000
0.466667
0.483333
0.313333
0.640000
0.313333
0.606667
0.160000
0.003333
0.003333
0.000000
0.003333
0.003333
0.000000
0.000000
0.173333
0.450000
0.473333
0.476667
0.470000
0.480000
0.476667
0.453333
0.466667
0.003333
0.006667
0.003333
0.006667
0.006667
0.000000
0.000000
0.006667
0.313333
0.450000
0.470000
0.476667
0.466667
0.483333
0.470000
0.300000
0.473333
0.003333
0.003333
0.006667
0.003333
0.000000
0.000000
0.000000
0.010000
0.446667
0.480000
0.466667
0.483333
0.313333
0.640000
0.313333
0.606667
0.160000
0.003333
0.003333
0.000000
0.003333
0.003333
0.000000
0.000000
0.173333
0.450000
0.473333
0.476667
0.470000
0.480000
0.476667
0.453333
0.466667
0.003333
0.006667
0.003333
0.006667
0.006667
0.000000
0.000000
0.006667
0.313333
0.450000
0.470000
0.476667
0.466667
0.483333
0.470000
0.300000
0.473333
0.003333
0.003333
0.006667
0.003333
0.000000
0.000000
0.000000
0.010000
0.446667
0.480000
0.466667
0.483333
0.313333
0.640000
0.313333
0.606667
0.160000
0.003333
0.003333
0.000000
0.003333
0.003333
0.000000
0.000000
0.173333
0.450000
0.473333
0.476667
0.470000
0.480000
0.476667
0.453333
0.466667
0.003333
0.006667
0.003333
0.006667
0.006667
0.313333
0.450000
0.470000
0.476667
0.466667
0.640000
0.973333
0.933333
0.630000
0.003333
0.006667
0.006667
0.006667
0.000000
0.000000
0.000000
0.003333
0.446667
0.476667
0.466667
0.480000
0.313333
0.643333
0.313333
0.613333
0.163333
0.003333
0.003333
0.000000
0.003333
0.000000
0.000000
0.000000
0.163333
0.450000
0.476667
0.476667
0.473333
0.480000
0.476667
0.453333
0.473333
0.003333
0.003333
0.003333
0.003333
0.006667
0.003333
0.000000
0.006667
0.310000
0.450000
0.470000
0.476667
0.466667
0.480000
0.470000
0.300000
0.476667
0.003333
0.006667
0.006667
0.006667
0.000000
0.000000
0.000000
0.003333
0.446667
0.476667
0.466667
0.480000
0.313333
0.643333
0.313333
0.613333
0.163333
0.003333
0.003333
0.000000
0.003333
0.000000
0.000000
0.000000
0.163333
0.450000
0.476667
0.476667
0.473333
0.480000
0.476667
0.453333
0.473333
0.003333
0.003333
0.003333
0.003333
0.006667
0.003333
0.000000
0.006667
0.310000
0.450000
0.470000
0.476667
0.466667
0.480000
0.470000
0.300000
0.476667
0.003333
0.006667
0.006667
0.006667
0.000000
0.000000
0.000000
0.003333
0.446667
0.476667
0.466667
0.480000
0.313333
0.643333
0.313333
0.613333
0.163333
0.003333
0.003333
0.000000
0.003333
0.000000
0.000000
0.000000
0.163333
0.450000
0.476667
0.476667
0.473333
0.480000
0.476667
0.453333
0.473333
0.003333
0.003333
0.003333
0.003333
0.006667
0.003333
0.000000
0.006667
0.310000
0.450000
0.470000
0.476667
0.466667
0.480000
0.470000
0.300000
0.476667
0.003333
0.006667
0.006667
0.006667
0.000000
0.000000
0.000000
0.003333
0.446667
0.476667
0.466667
0.480000
0.313333
0.643333
0.313333
0.613333
0.163333
0.003333
0.003333
0.000000
0.003333
0.000000
0.000000
0.000000
0.163333
0.450000
0.476667
0.476667
0.473333
0.480000
0.476667
0.453333
0.473333
0.003333
0.003333
0.003333
0.003333
0.006667
0.003333
0.000000
0.006667
0.310000
0.450000
0.470000
0.476667
0.466667
0.480000
0.470000
0.300000
0.476667
0.003333
0.006667
0.006667
0.006667
0.000000
0.000000
0.000000
0.003333
0.446667
0.476667
0.466667
0.480000
0.313333
0.643333
0.313333
0.613333
0.163333
0.003333
0.003333
0.000000
0.003333
0.000000
0.000000
0.000000
0.163333
0.450000
0.476667
0.476667
0.473333
0.480000
0.476667
0.453333
0.473333
0.003333
0.003333
0.003333
0.003333
0.006667
0.003333
0.000000
0.006667
0.310000
0.450000
0.470000
0.476667
0.466667
0.480000
0.470000
0.300000
0.476667
0.003333
0.006667
0.006667
0.006667
0.000000
0.000000
0.000000
0.003333
0.446667
0.476667
0.466667
0.480000
0.313333
0.643333
0.313333
0.613333
0.163333
0.003333
0.003333
0.000000
0.003333
0.000000
0.000000
0.000000
0.163333
0.450000
0.476667
0.476667
0.473333
0.480000
0.476667
0.453333
0.473333
0.003333
0.003333
0.003333
0.003333
0.006667
0.003333
0.000000
0.006667
0.310000
0.450000
0.470000
0.476667
0.466667
0.480000
0.470000
0.300000
0.476667
0.003333
0.006667
0.006667
0.006667
0.000000
0.000000
0.000000
0.003333
0.446667
0.476667
0.466667
0.480000
0.313333
0.643333
0.313333
0.613333
0.163333
0.003333
0.003333
0.000000
0.003333
0.000000
0.000000
0.000000
0.163333
0.450000
0.476667
0.476667
0.473333
0.480000
0.476667
0.453333
0.473333
0.003333
0.003333
0.003333
0.003333
0.006667
0.003333
0.000000
0.006667
0.310000
0.450000
0.470000
0.476667
0.466667
0.480000
0.470000
0.300000
0.476667
0.003333
0.006667
0.006667
0.006667
0.000000
0.000000
0.000000
0.003333
0.446667
0.476667
0.466667
0.480000
0.313333
0.643333
0.313333
0.613333
0.163333
0.010000
0.153333
0.156667
0.153333
0.003333
0.163333
0.000000
0.060000
0.153333
0.606667
0.476667
0.320000
0.473333
0.480000
0.476667
0.453333
0.476667
0.003333
0.003333
0.003333
0.003333
0.006667
0.003333
0.000000
0.003333
0.446667
0.473333
0.466667
0.320000
0.466667
0.480000
0.470000
0.453333
0.330000
0.003333
0.010000
0.003333
0.006667
0.000000
0.000000
0.000000
0.000000
0.446667
0.630000
0.473333
0.320000
0.473333
0.483333
0.470000
0.460000
0.166667
0.000000
0.003333
0.000000
0.003333
0.000000
0.000000
0.003333
0.153333
0.606667
0.476667
0.320000
0.473333
0.480000
0.476667
0.453333
0.476667
0.003333
0.003333
0.003333
0.003333
0.006667
0.003333
0.000000
0.003333
0.446667
0.473333
0.466667
0.320000
0.466667
0.480000
0.470000
0.453333
0.330000
0.003333
0.010000
0.003333
0.006667
0.000000
0.000000
0.000000
0.000000
0.446667
0.630000
0.473333
0.320000
0.473333
0.483333
0.470000
0.460000
0.166667
0.000000
0.003333
0.000000
0.003333
0.000000
0.000000
0.003333
0.153333
0.606667
0.476667
0.320000
0.473333
0.480000
0.476667
0.453333
0.476667
0.003333
0.003333
0.003333
0.003333
0.006667
0.003333
0.000000
0.003333
0.446667
0.473333
0.466667
0.320000
0.466667
0.480000
0.470000
0.453333
0.330000
0.003333
0.010000
0.003333
0.006667
0.000000
0.000000
0.000000
0.000000
0.446667
0.630000
0.473333
0.320000
0.473333
0.483333
0.470000
0.460000
0.166667
0.000000
0.003333
0.000000
0.003333
0.000000
0.000000
0.003333
0.153333
0.606667
0.476667
0.320000
0.473333
0.480000
0.476667
0.453333
0.476667
0.003333
0.003333
0.003333
0.003333
0.006667
0.003333
0.000000
0.003333
0.446667
0.473333
0.466667
0.320000
0.466667
0.480000
0.470000
0.453333
0.330000
0.003333
0.010000
0.003333
0.006667
0.000000
0.000000
0.000000
0.000000
0.446667
0.630000
0.473333
0.320000
0.473333
0.483333
0.470000
0.460000
0.166667
0.000000
0.003333
0.000000
0.003333
0.000000
0.000000
0.003333
0.153333
0.606667
0.476667
0.320000
0.473333
0.480000
0.476667
0.453333
0.476667
0.003333
0.003333
0.003333
0.003333
0.006667
0.003333
0.000000
0.003333
0.446667
0.473333
0.466667
0.320000
0.466667
0.480000
0.470000
0.453333
0.330000
0.003333
0.010000
0.003333
0.006667
0.000000
0.000000
0.000000
0.000000
0.446667
0.630000
0.473333
0.320000
0.473333
0.483333
0.470000
0.460000
0.166667
0.000000
0.003333
0.000000
0.003333
0.000000
0.000000
0.003333
0.153333
0.606667
0.476667
0.320000
0.473333
0.480000
0.476667
0.453333
0.476667
0.003333
0.003333
0.003333
0.003333
0.006667
0.003333
0.000000
0.003333
0.446667
0.473333
0.466667
0.320000
0.466667
0.480000
0.470000
0.453333
