21115540.000000
20542931.904762
20620701.428571
20657397.142857
20423230.952381
20273089.047619
21693164.285714
21078021.428571
19844755.714286
19100336.190476
18422252.380952
19154840.476190
17965812.857143
18343468.571429
18256921.428571
18950985.714286
18375537.619048
20639668.571429
20643150.476190
20568438.095238
20553457.142857
20447659.047619
20448693.333333
20397643.809524
20868710.952381
21185269.523810
20558788.571429
20635188.571429
20529481.904762
20826038.095238
20797254.285714
20881165.238095
20532714.285714
20577232.380952
20590548.571429
20684655.238095
20625946.666667
20745165.714286
21078247.619048
20706809.523810
20487838.095238
21525952.380952
20701920.000000
21220861.428571
20746497.142857
21221726.190476
20379607.619048
20588718.095238
20511540.952381
20597760.000000
20676081.904762
21083318.095238
20846502.857143
20545081.904762
20536518.095238
21125059.047619
20627365.714286
20432270.476190
20497563.809524
20544289.523810
20586451.428571
20379072.380952
20670954.285714
20537920.000000
20613918.095238
20977087.619048
21011144.761905
20932464.761905
21087950.000000
20616539.047619
20983276.666667
20434184.761905
20537609.523810
23645828.571429
21901142.857143
21980723.809524
21736556.190476
21592443.809524
21373283.809524
21447824.761905
21502670.476190
21247236.190476
21275984.761905
21157099.047619
21286904.761905
21330798.095238
21823923.809524
21307518.095238
21145725.714286
21058289.523810
20902259.047619
21326262.857143
21234340.952381
21206116.190476
20936967.619048
21138091.428571
21106855.238095
21059952.380952
21455021.428571
21648880.000000
21139586.666667
21237977.142857
21104840.000000
21311739.047619
21007224.761905
21179859.047619
21046053.333333
21046491.428571
21017887.619048
21172289.523810
21016729.523810
21045975.238095
21109464.761905
20997384.761905
20835062.857143
21139619.047619
20955165.714286
21089403.809524
21185960.000000
20926243.809524
21457890.000000
21285369.523810
21128340.952381
21047571.428571
21066998.095238
21241834.285714
21593867.142857
21741014.285714
21299106.666667
21246963.809524
21333270.476190
20928409.523810
21017013.333333
21189140.952381
21244289.523810
21509592.380952
21291961.904762
21037502.857143
21002270.476190
21505380.952381
20858312.380952
21044862.857143
21217175.238095
21028925.714286
20944735.238095
21015588.571429
20855611.428571
20823575.238095
21011074.285714
20956215.238095
21294405.714286
21411299.047619
21338641.904762
21314380.952381
21062775.238095
21110438.095238
21085243.809524
21002502.857143
21116457.142857
21069466.666667
20974996.190476
20895843.809524
21059712.380952
21119518.095238
21195615.238095
21206897.142857
21284350.476190
21332156.190476
21525314.285714
21431702.857143
21226110.476190
21258451.428571
21256453.333333
21169992.380952
21396862.857143
21383908.571429
21378259.047619
21210120.000000
21237453.333333
21090636.190476
21164779.047619
21210283.809524
21327706.666667
21491834.285714
21330672.380952
21395750.476190
21481499.047619
21394900.952381
21157805.714286
21068483.809524
21035944.761905
21359891.428571
21324300.952381
21135344.761905
21324066.666667
21219603.809524
21223373.333333
21384310.476190
21219731.428571
21216982.857143
21212786.666667
21310523.809524
21214649.523810
21185036.190476
21247992.380952
21263744.761905
21010718.095238
21136127.619048
21115638.095238
20985756.190476
21068318.095238
20925870.476190
20981480.000000
20903455.238095
20803274.285714
20870047.619048
21082163.809524
21100013.333333
21018240.000000
21070270.476190
20990880.000000
21146114.285714
24219220.000000
21993351.428571
21346020.952381
21390142.857143
23173870.476190
21224533.333333
21319518.095238
21076590.476190
20986133.333333
21172640.000000
21155371.428571
21147295.238095
21032897.142857
20886358.095238
21072923.809524
21176596.190476
20908742.857143
21000731.428571
20932552.380952
21082834.285714
21239874.285714
21151510.476190
21097895.238095
21059188.571429
21098518.095238
20999066.666667
21029167.619048
21120672.380952
21171811.428571
21195910.476190
21250748.571429
21447304.761905
21359845.714286
21324556.190476
21091603.809524
21139327.619048
21105078.095238
21080630.476190
21093053.333333
21177828.571429
21317314.285714
21052154.285714
21072285.714286
21234344.761905
21304680.000000
21173803.809524
21142238.095238
21054849.523810
21194308.571429
20986841.904762
21040645.714286
21121588.571429
21225232.380952
21239775.238095
21247394.285714
21277864.761905
21064870.476190
21044333.333333
20933283.809524
21118262.857143
20991988.571429
20986851.428571
21219420.952381
21188912.380952
21233758.095238
21199899.047619
20967883.809524
21042443.809524
20888339.047619
17446987.142857
19721511.428571
19279735.714286
18908380.000000
19970448.571429
18924698.571429
19715137.142857
18081798.571429
19143050.952381
18753324.285714
19425180.000000
21284893.333333
21161205.714286
21256765.714286
21206920.000000
21314443.809524
21406820.952381
21485830.476190
21287276.190476
21327980.952381
21441613.333333
21389137.142857
20988415.238095
21044451.428571
21154000.000000
21347607.619048
21513659.047619
21405754.285714
21186506.666667
21306386.666667
21460796.190476
24357132.380952
21204001.904762
21246523.809524
21214055.238095
21195695.238095
21229177.142857
21363318.095238
21226447.619048
21072120.000000
21235396.190476
21243626.666667
21082809.523810
21085563.809524
20993142.857143
21020388.571429
21065952.380952
21169918.095238
21142361.904762
21108561.904762
21329161.904762
21285392.380952
21098260.952381
21216841.904762
21101340.952381
21087950.476190
21003059.047619
21015074.285714
21006716.190476
21298085.714286
21184316.190476
21030906.666667
20952015.238095
20887211.428571
21133001.904762
21101697.142857
21184878.095238
21131200.000000
20910748.571429
21103426.666667
21233201.904762
21126521.904762
21181047.619048
21087169.523810
21250192.380952
21329988.571429
21275116.190476
21298165.714286
21202200.000000
21131285.714286
24006253.333333
22512805.714286
22277224.761905
22238080.000000
22125007.619048
22180729.523810
22088030.476190
22133005.714286
21914236.190476
21953321.904762
21931636.190476
22037495.238095
21826980.952381
21787489.523810
21886146.666667
21849638.095238
21751100.952381
21770609.523810
21940601.904762
21784428.571429
21943154.285714
22153209.523810
21969302.857143
22196278.095238
21883506.666667
21980594.285714
21952405.714286
21804493.333333
21884085.714286
21809106.666667
21677904.761905
21833760.000000
21769213.333333
21816584.761905
21709247.619048
21713561.904762
21680441.904762
21843426.666667
21773340.952381
21720447.619048
21893028.571429
22041382.857143
21762390.476190
21915308.571429
22075409.523810
22204961.904762
22098295.238095
21981580.952381
21829470.476190
21875914.285714
21936838.095238
21896392.380952
21847695.238095
21939811.428571
22026847.619048
21971584.761905
22089824.761905
21848506.666667
22069470.476190
21890967.619048
21755070.476190
21980428.571429
21768986.666667
21626163.809524
21822965.714286
21936704.761905
21723253.333333
21649455.238095
21680613.333333
21847908.571429
21812881.904762
21870598.095238
21838680.000000
21900687.619048
21934430.476190
21938272.380952
21795727.619048
21684512.380952
21606443.809524
21609868.571429
21472363.809524
21623586.666667
21637097.142857
21694617.142857
21607369.523810
21862099.047619
21888893.333333
21856609.523810
21898413.333333
21744815.238095
23616984.761905
23715704.761905
22836260.952381
22631095.238095
22839811.428571
22743382.857143
22619727.619048
22538843.809524
22445059.047619
22294382.857143
22415377.142857
22223552.380952
22074420.952381
22175215.238095
22222700.952381
22151013.333333
22142685.714286
22003750.476190
22093118.095238
21997196.190476
21940548.571429
22107906.666667
22281036.190476
22217028.571429
22094996.190476
22084777.142857
21911354.285714
21874980.952381
21867900.952381
22016179.047619
21941396.190476
22097910.476190
21957540.952381
22112531.428571
22023470.476190
22130398.095238
21884205.714286
21873337.142857
21843735.238095
21899897.142857
21946832.380952
21810533.333333
21824761.904762
21718480.000000
21735453.333333
21708118.095238
21801900.952381
21852533.333333
21887007.619048
21645514.285714
21740678.095238
21674131.428571
21577998.095238
21751487.619048
21730011.428571
22020617.142857
22030243.809524
21827169.523810
21842419.047619
21754786.666667
21846019.047619
21594209.523810
21726659.047619
21728693.333333
21648588.571429
21615160.000000
21805655.238095
21661691.428571
21581344.761905
21686163.809524
21577083.809524
21739798.095238
21785596.190476
21667584.761905
21578672.380952
21693668.571429
21810321.904762
21706514.285714
21812089.523810
21636443.809524
21988306.666667
23178351.904762
23215072.380952
23464486.666667
23058772.857143
22796051.904762
22128098.571429
21811087.619048
22292716.666667
22105549.047619
21765931.428571
22760613.809524
21818057.142857
22189988.095238
21850302.857143
22348528.571429
22763405.714286
21981369.523810
22011691.428571
22601865.238095
22001333.333333
21843540.952381
21730470.476190
22470875.238095
22177115.238095
23190664.285714
22786939.523810
21911952.380952
21673840.000000
21612929.523810
21665499.047619
21834417.142857
21551419.047619
21808634.285714
21698756.190476
21727902.857143
21822925.714286
21657177.142857
21557320.000000
21582828.571429
21579504.761905
21709674.285714
21699089.523810
21597295.238095
21622809.523810
21764921.904762
21763840.000000
21703790.476190
21539207.619048
21713268.571429
21821670.476190
21910459.047619
22135640.476190
22066321.428571
22018520.952381
21683154.285714
21518102.857143
21626632.380952
21496043.809524
21486628.571429
21557295.238095
21506089.523810
21368929.523810
21467352.380952
21423756.190476
21344889.523810
21583040.000000
21375807.619048
21404748.571429
21399792.380952
21499531.428571
21433007.619048
21568483.809524
21628514.285714
21766228.571429
21929752.380952
21853102.857143
21572491.428571
21577295.238095
21599220.952381
21467447.619048
21596211.428571
21576765.714286
21621312.380952
21538028.571429
21291523.809524
21432089.523810
21523177.142857
21290080.000000
21237908.571429
21426760.000000
21446367.619048
21401361.904762
21453207.619048
21362822.857143
21379209.523810
21403617.142857
21418613.333333
21390984.761905
21421350.476190
21510320.000000
21756702.857143
21629386.666667
21435712.380952
21517533.333333
21391356.190476
21264742.857143
21367615.238095
21304474.285714
21456000.000000
21634739.047619
21759521.904762
21693024.761905
21606411.428571
21641335.238095
21652622.857143
21779502.857143
21781881.904762
21624112.380952
21642689.523810
21733348.571429
21758801.904762
21838419.047619
21728748.571429
21951234.285714
21839786.666667
21793506.666667
21892883.809524
21694085.714286
21694260.952381
21649535.238095
18137538.571429
19783874.285714
19795050.952381
19271551.428571
18970417.142857
19210136.190476
19359617.142857
18633148.571429
19709151.428571
18509024.285714
18290775.714286
18718042.857143
18311932.857143
18864210.000000
19804963.809524
18801354.285714
19595534.285714
21841438.095238
21795005.714286
21758120.000000
21848213.333333
22088091.428571
21458449.523810
21388944.761905
21447049.523810
21547201.904762
21626040.000000
21451552.380952
21623586.666667
21681493.333333
24013912.380952
22744053.333333
22619725.714286
22390295.238095
22371925.714286
22352329.523810
22443975.238095
22149209.523810
22096453.333333
21973495.238095
21907697.142857
22356720.000000
22233958.095238
22101942.857143
22209729.523810
22211994.285714
22211361.904762
22022779.047619
21836057.142857
22154327.619048
22202137.142857
22368521.904762
22330272.380952
22528238.095238
22287704.761905
22245634.285714
24661251.428571
23207986.666667
23109573.333333
23076443.809524
22743843.809524
22920916.190476
22767392.380952
22545180.952381
22543798.095238
22320440.000000
22521127.619048
22297573.333333
22258177.142857
22279740.952381
22503358.095238
22631133.333333
22386133.333333
22202695.238095
22349493.333333
22437373.333333
22510013.333333
22427260.952381
22435883.809524
22280175.238095
22391678.095238
22369342.857143
22302318.095238
22298982.857143
22273710.476190
22067281.904762
22310920.000000
22159401.904762
22197540.952381
22121053.333333
22022996.190476
22467927.619048
22459918.095238
22343900.952381
22289276.190476
22256779.047619
22191800.000000
22084327.619048
22001312.380952
22036342.857143
22255535.238095
22320291.428571
22113862.857143
22395819.047619
22362060.952381
22518630.476190
22445960.000000
22110628.571429
22103859.047619
22319041.904762
22294992.380952
22338935.238095
22170847.619048
22147681.904762
21916380.952381
22023615.238095
21972502.857143
21927432.380952
22012099.047619
22132773.333333
22216933.333333
22167508.571429
21876868.571429
22010177.142857
21993024.761905
22016843.809524
22233624.761905
22172222.857143
22165009.523810
22158460.952381
22184335.238095
22070323.809524
22078632.380952
22101388.571429
21988710.476190
21805552.380952
22053588.571429
21783243.809524
21912744.761905
21889087.619048
21719495.238095
22100100.952381
21922080.000000
21961249.523810
21894537.142857
21767607.619048
21847190.476190
21943209.523810
21957438.095238
22161967.619048
22136245.714286
22313481.904762
22033563.809524
22257165.714286
22192840.000000
22030020.952381
22093470.476190
21948914.285714
21898041.904762
22050577.142857
22270521.904762
22221211.428571
22253219.047619
22211013.333333
22244464.761905
22231860.952381
22257432.380952
22089173.333333
22161299.047619
22323695.238095
22395295.238095
22411480.000000
22077276.190476
21927350.476190
22046384.761905
21986186.666667
22238929.523810
22063575.238095
22232411.428571
22166411.428571
22418127.619048
22144620.952381
21845192.380952
22023220.952381
22000059.047619
21959550.476190
22145836.190476
21901017.142857
21923358.095238
22047619.047619
22238211.428571
22211116.190476
22108769.523810
22151472.380952
21982438.095238
22035622.857143
21933283.809524
21830112.380952
21846927.619048
21943497.142857
22083144.761905
22166194.285714
21855920.000000
21978567.619048
22120801.904762
22001272.380952
21923906.666667
21848211.428571
21747674.285714
21802960.000000
21749377.142857
22084228.571429
21907295.238095
21952672.380952
22002960.000000
22018527.619048
22260032.380952
21968453.333333
21890415.238095
22010620.952381
22107207.619048
21943192.380952
21948601.904762
21743847.619048
21905135.238095
21882735.238095
22073815.238095
21822087.619048
21872662.857143
21938800.000000
21915695.238095
22119961.904762
21704182.857143
21752500.952381
21811864.761905
21664335.238095
22024600.000000
21704794.285714
21656902.857143
22023929.523810
21860011.428571
21795763.809524
21861443.809524
21932777.142857
21873308.571429
21789390.476190
21740441.904762
21685394.285714
21674055.238095
21691156.190476
21878480.000000
21969897.142857
21844356.190476
21861638.095238
21828234.285714
21856053.333333
21986980.952381
21721878.095238
21877900.952381
21903961.904762
21856742.857143
21936862.857143
21599102.857143
21784099.047619
21669880.000000
21580047.619048
21876641.904762
21578487.619048
21711883.809524
21758220.952381
21734780.952381
21721036.190476
21762015.238095
21617668.571429
21669455.238095
21789466.666667
21892361.904762
21687923.809524
21751756.190476
21711419.047619
21837960.000000
21618028.571429
21501933.333333
21742377.142857
21611169.523810
21696331.428571
21748426.666667
