20956845.714286
21462091.428571
20253344.285714
19869111.428571
21845788.571429
20600998.571429
20102676.190476
21002103.809524
20383861.428571
19459841.904762
18112527.142857
18916087.142857
21637083.809524
21182156.666667
20867834.285714
20990260.952381
20398716.190476
20438666.666667
20951815.714286
20892637.142857
20639542.857143
20776670.000000
20639006.190476
20482203.809524
20655903.809524
20490405.714286
20450520.000000
20979769.047619
20437542.857143
20193554.285714
20332472.380952
20212575.238095
20870924.761905
20357777.142857
20452908.571429
20534036.190476
20524710.476190
20891340.952381
20553527.619048
21073570.476190
20387826.666667
20614407.619048
20491070.476190
21076239.047619
20506531.428571
20338870.476190
20203925.714286
20928686.666667
20350139.047619
20426649.523810
20528280.000000
20964481.904762
20650283.809524
20385034.285714
20307057.142857
20694916.190476
20357805.714286
20534740.476190
20338497.142857
20344975.238095
20385921.904762
20201440.000000
20442365.714286
20299733.333333
20428289.523810
20648198.095238
20638361.904762
20655634.285714
20553264.761905
20350295.238095
20297257.142857
20233544.761905
20374291.428571
20386281.904762
20438434.285714
20721030.476190
20757697.142857
20582360.000000
24557921.904762
22584971.428571
21730059.047619
21480666.666667
21336426.666667
21186880.000000
21680780.476190
21385186.666667
21305104.761905
23602310.000000
21030367.619048
20913085.714286
20808043.809524
21129034.285714
21057179.047619
20899590.476190
20735746.666667
20887415.238095
20858944.761905
20856638.095238
20784253.333333
20757902.857143
20919973.333333
20970662.857143
20850706.666667
21376014.285714
20767083.809524
20878249.523810
20815171.428571
21077784.761905
20768213.333333
21480861.904762
20758859.047619
20785510.476190
20880121.904762
20774459.047619
20666872.380952
20899015.238095
20800417.142857
20860478.095238
20950005.714286
20716249.523810
20960272.380952
21101497.142857
20976645.714286
20822078.095238
20851093.333333
20998396.190476
21050133.333333
21037956.190476
21426280.952381
21087895.238095
21127520.000000
20835779.047619
21016634.761905
20967495.238095
21286027.142857
20921190.476190
21045946.666667
20801748.571429
20755822.857143
20856017.142857
20655245.714286
20860870.476190
20919112.380952
20913015.238095
21128065.714286
20812984.761905
20700702.857143
20680834.285714
20810316.190476
20730373.333333
21004238.095238
21016752.380952
20947598.095238
21063407.619048
20835813.333333
23012935.238095
20931257.142857
20859765.714286
20977573.333333
20865152.380952
20747716.190476
20743262.857143
20876243.809524
20936015.238095
20961135.238095
20984958.095238
21123253.333333
21116824.761905
21309514.285714
21196253.333333
21003194.285714
21037718.095238
20962649.523810
20888544.761905
21179718.095238
21136312.380952
21107664.761905
21024022.857143
20992636.190476
20835535.238095
20918624.761905
20978849.523810
21090209.523810
21179483.809524
21075097.142857
21108249.523810
21173659.047619
21150929.523810
20872697.142857
20869209.523810
20856320.000000
21046786.666667
21079750.476190
20920634.285714
20943518.095238
21030091.428571
21009049.523810
21099352.380952
21009967.619048
20943190.476190
20926931.428571
21060007.619048
20925841.904762
20936196.190476
21050194.285714
20942643.809524
20767228.571429
20871994.285714
20860552.380952
20821365.714286
20805017.142857
20673333.333333
20697548.571429
20708278.095238
20680664.761905
20627660.952381
20768912.380952
20871895.238095
20860030.476190
20850963.809524
20827438.095238
20978780.952381
20993020.952381
20890299.047619
21052980.952381
21133506.666667
21029840.000000
20934139.047619
21027994.285714
20846876.190476
20778506.666667
20847881.904762
20958862.857143
23142975.238095
21044733.333333
20822853.333333
20913219.047619
20979643.809524
20766171.428571
20982880.000000
20738988.571429
20847527.619048
21023422.857143
20936742.857143
20984337.142857
20801518.095238
20803152.380952
20777782.857143
20817064.761905
20954761.904762
20974657.142857
21024537.142857
21039691.428571
21199590.476190
21248380.952381
21133251.428571
20898078.095238
20952683.809524
20975880.000000
20925179.047619
20844184.761905
20990653.333333
21045478.095238
20905845.714286
20971121.904762
21017927.619048
21069470.476190
21025668.571429
20899628.571429
20925773.333333
20926902.857143
20796219.047619
20783982.857143
20956920.000000
21137480.000000
21001470.476190
20994634.285714
20994870.476190
21172586.666667
20851161.904762
20833619.047619
20948253.333333
20796737.142857
20791508.571429
21075413.333333
21035598.095238
20986201.904762
20954594.285714
20794899.047619
20906293.333333
20644142.857143
20734596.190476
17743412.857143
18717788.095238
18586448.571429
18714388.095238
17846580.000000
19251708.571429
17897614.285714
17952530.000000
18683150.000000
19820830.000000
18908840.000000
19027468.095238
21585706.666667
21492716.190476
21610028.571429
21675401.904762
21573207.619048
21283971.428571
21090918.095238
21148914.285714
21166556.190476
20853798.095238
21146028.571429
21052080.000000
21111872.380952
21158750.476190
21057619.047619
21130323.809524
21021780.952381
21151603.809524
21100693.333333
20902558.095238
21171689.523810
20952571.428571
21202300.952381
21001933.333333
21076146.666667
20870260.952381
20846262.857143
20917704.761905
20946491.428571
20908047.619048
20942142.857143
20907156.190476
20832687.619048
20786870.476190
20889430.476190
20798800.000000
20738158.095238
20887598.095238
20895596.190476
21007255.238095
20896563.809524
20903034.285714
20948405.714286
20899415.238095
20822956.190476
20824152.380952
21046043.809524
20839377.142857
20734655.238095
20807965.714286
20819074.285714
20792542.857143
20997992.380952
20876045.714286
20795146.666667
20891344.761905
20789577.142857
20822186.666667
21048533.333333
20970758.095238
20851257.142857
20990859.047619
21011129.523810
21105325.714286
21080506.666667
20922554.285714
21057883.809524
20978030.476190
20972659.047619
20915422.857143
20942561.904762
20888925.714286
21107807.619048
20972354.285714
20954302.857143
20854106.666667
21001784.761905
20975773.333333
20936403.809524
20931744.761905
20964537.142857
20922321.904762
24092123.809524
23183310.476190
22291236.190476
22130360.000000
21769468.571429
21899295.238095
22246840.000000
22180043.809524
22036316.190476
21927055.238095
21733220.952381
21786480.000000
21805011.428571
21586660.952381
21618184.761905
21709327.619048
21528554.285714
21673365.714286
21678518.095238
21474609.523810
21486457.142857
21554038.095238
21749868.571429
21701112.380952
21546434.285714
21655834.285714
21848609.523810
21624516.190476
21650963.809524
21702836.190476
21806388.571429
21870819.047619
21795481.904762
21761988.571429
21659375.238095
21680653.333333
23429800.000000
22774627.142857
22092057.142857
22320056.190476
22325443.809524
21952150.952381
22289821.904762
22012306.190476
22389581.904762
21961677.142857
21617729.523810
22673078.095238
21509771.428571
21946615.714286
22293208.571429
21773497.142857
21366285.714286
21918637.619048
21854673.809524
21604882.380952
21735872.380952
22151205.238095
22137687.619048
21845512.380952
21688611.428571
21988961.904762
22636597.619048
21403756.190476
21357154.285714
21671794.285714
21323266.666667
21473954.285714
21588788.571429
21479476.190476
21635706.666667
21684775.238095
21584942.857143
21573622.857143
21583885.714286
21489805.714286
21623177.142857
21680476.190476
21589384.761905
21789569.523810
21608640.000000
21816436.190476
21795910.476190
21874862.857143
21715440.000000
21701449.523810
21832704.761905
21494508.571429
21583878.095238
21711680.000000
21645419.047619
21530205.714286
21583024.761905
21524520.000000
21487274.285714
21475474.285714
21596940.952381
21751472.380952
21721169.523810
23864874.285714
22652567.619048
22375304.761905
22212651.428571
21983788.571429
21867697.142857
21855798.095238
22188727.619048
22075931.428571
22129670.476190
22038300.952381
21945186.666667
21864276.190476
21861356.190476
21794224.761905
21688693.333333
21900897.142857
21873478.095238
21695914.285714
21726200.000000
21550735.238095
21566243.809524
21682289.523810
21899306.666667
21700173.333333
21643022.857143
21563440.000000
21662167.619048
21591689.523810
21440041.904762
21676881.904762
21698773.333333
21956657.142857
21845746.666667
21931102.857143
21804226.666667
21573318.095238
21571295.238095
21444822.857143
21586980.952381
21511327.619048
21618403.809524
21626179.047619
21533727.619048
21582552.380952
21443868.571429
21507268.571429
21536556.190476
21603910.476190
21728470.476190
21452628.571429
21418857.142857
21730565.714286
21602394.285714
21485706.666667
21476786.666667
21648735.238095
21968116.190476
21923836.190476
21668651.428571
21677554.285714
21641950.476190
21651278.095238
21615451.428571
21579032.380952
21427441.904762
22355101.904762
21602927.619048
25471971.904762
21811253.333333
21759598.095238
21953769.523810
21849948.571429
21893087.619048
21786220.952381
21911331.428571
21882565.714286
21699944.761905
21686026.666667
21699720.000000
21448651.428571
21516123.809524
21762876.190476
21860443.809524
21561790.476190
21642687.619048
21541352.380952
21753386.666667
21640620.952381
21455297.142857
21577049.523810
21722116.190476
21515853.333333
21599516.190476
21559114.285714
21463142.857143
21561432.380952
21513725.714286
21565053.333333
21610283.809524
21590801.904762
22002600.000000
21977740.952381
21856268.571429
21681883.809524
21801140.952381
21821140.952381
22140365.714286
22004653.333333
21910015.238095
21993400.000000
21833605.714286
21747725.714286
21668078.095238
21744710.476190
21651586.666667
21725140.952381
21722540.952381
21588342.857143
21290640.000000
21816403.809524
21651102.857143
21433209.523810
21558384.761905
21652053.333333
21442003.809524
21528552.380952
21681097.142857
21662350.476190
21632942.857143
21666005.714286
21775952.380952
21916291.428571
21686718.095238
21801668.571429
21744613.333333
21682765.714286
21677140.952381
21742297.142857
21698011.428571
21564184.761905
21523380.952381
21509148.571429
21573483.809524
21429950.476190
21355382.857143
21522076.190476
21470241.904762
21528883.809524
21385790.476190
21459920.000000
21352348.571429
21527512.380952
21596243.809524
21315480.000000
21377144.761905
21501415.238095
21822104.761905
21532508.571429
21636312.380952
21636761.904762
21497927.619048
21530281.904762
21403777.142857
21481430.476190
21644525.714286
21801620.952381
21852348.571429
21783908.571429
21670150.476190
21758100.952381
21751649.523810
21662739.047619
21737382.857143
21699226.666667
21703923.809524
21852268.571429
21849419.047619
21793184.761905
21798320.000000
21603278.095238
21848687.619048
21887830.476190
21817140.952381
21861093.333333
21821676.190476
21738417.142857
21924400.000000
21584264.761905
17986095.714286
19726083.333333
19616293.333333
19238575.238095
19940650.000000
19818921.428571
19530260.000000
17737837.142857
18414200.000000
18836832.380952
19240888.095238
18705931.428571
19576547.142857
21282540.952381
21255041.904762
21628059.047619
21569236.190476
21653758.095238
21777944.761905
21835335.238095
21584554.285714
21652902.857143
21554521.904762
21166916.190476
21068636.190476
21400535.238095
21546864.761905
21467363.809524
21370344.761905
21493325.714286
21356369.523810
21195973.333333
21193485.714286
21128024.761905
21198137.142857
21245990.476190
21085687.619048
21201417.142857
21223339.047619
21314415.238095
21272815.238095
21348815.238095
21381108.571429
21401832.380952
21247996.190476
21245937.142857
21314192.380952
21250472.380952
21171394.285714
21401066.666667
21666360.000000
21544491.428571
21460897.142857
21587779.047619
21555380.952381
21445739.047619
21604666.666667
21407171.428571
21430657.142857
21554500.952381
21396243.809524
21380106.666667
21274923.809524
21265986.666667
21152438.095238
21139683.809524
21158939.047619
21356213.333333
21460209.523810
21356424.761905
21323344.761905
21184710.476190
21177714.285714
21069508.571429
21147102.857143
21329396.190476
21266860.952381
21398948.571429
21380019.047619
21325182.857143
21411005.714286
21169253.333333
21166672.380952
21171944.761905
21279066.666667
21283912.380952
21201377.142857
21059542.857143
21225459.047619
21322409.523810
21309198.095238
21342590.476190
21387205.714286
21249093.333333
21257320.000000
21232956.190476
21105742.857143
21146577.142857
21021586.666667
21229104.761905
21294100.952381
21467965.714286
21618740.952381
21650331.428571
21363209.523810
23931129.523810
22701238.095238
22507028.571429
22307369.523810
22330394.285714
22244466.666667
22150796.190476
22010756.190476
21807118.095238
21867786.666667
21767460.952381
21957281.904762
22099072.380952
21926845.714286
21823074.285714
22011405.714286
21891401.904762
21732363.809524
21785803.809524
21978643.809524
22004735.238095
21930525.714286
22002434.285714
21903880.000000
21923106.666667
22038247.619048
21885249.523810
21775860.952381
21896567.619048
21774579.047619
21819758.095238
21657327.619048
21658910.476190
21747348.571429
21627426.666667
21723680.000000
21659773.333333
21834106.666667
21651763.809524
21829613.333333
21947281.904762
21785807.619048
21743087.619048
21799944.761905
21974744.761905
21940996.190476
22026819.047619
21955274.285714
22007523.809524
21878792.380952
21737641.904762
21825264.761905
21972388.571429
22055451.428571
22028249.523810
21932720.000000
22107123.809524
22162622.857143
21876906.666667
21811034.285714
21919986.666667
22130836.190476
22078169.523810
22203369.523810
21902331.428571
21964697.142857
21910520.000000
21624424.761905
21605965.714286
21902289.523810
21955723.809524
21962093.333333
22145775.238095
22060649.523810
21810883.809524
21914089.523810
21789064.761905
21763066.666667
21873152.380952
21735950.476190
21817038.095238
21820563.809524
21893996.190476
21828965.714286
21787853.333333
21828329.523810
21941375.238095
21876744.761905
21725398.095238
21747544.761905
21846028.571429
21710699.047619
21750792.380952
21597287.619048
21655000.000000
21633224.761905
21903739.047619
21809657.142857
21796756.190476
21735432.380952
21553255.238095
21550897.142857
21643007.619048
21707015.238095
21773601.904762
21743457.142857
21829906.666667
21898053.333333
21869049.523810
21647710.476190
21691636.190476
21748190.476190
21844727.619048
21748179.047619
21775415.238095
21709763.809524
21751104.761905
21536607.619048
23435636.190476
23418676.190476
22847085.714286
22590640.000000
22431512.380952
22619272.380952
22285340.952381
22187820.952381
22039055.238095
21945358.095238
22005074.285714
22023546.666667
21781373.333333
22034434.285714
21819121.904762
21809954.285714
21825169.523810
21982788.571429
21989005.714286
21994255.238095
21808392.380952
21768055.238095
21905371.428571
21633382.857143
21645337.142857
21838920.000000
21760891.428571
21993563.809524
21914409.523810
21969990.476190
22034169.523810
21912380.952381
21957032.380952
21901958.095238
21898556.190476
21832527.619048
21719923.809524
21919504.761905
21727681.904762
21713902.857143
21688443.809524
21575420.952381
21703548.571429
21766590.476190
21736883.809524
21769714.285714
21808076.190476
21809032.380952
21606316.190476
21746179.047619
21704638.095238
21635765.714286
21778104.761905
21686927.619048
21781950.476190
21795820.952381
21721607.619048
21808902.857143
21709910.476190
21596733.333333
21875080.000000
21686059.047619
21524281.904762
21703704.761905
21702480.000000
21670196.190476
