2021
840
718
604
1547
629
578
557
983
561
712
597
1467
603
980
590
1208
712
3253
10974
916099
771
11221
2029
5071
9514
931254
918
12122
1804
4923
937121
26845
929514
958
737
600
1245
23452
5377
919139
913
613
716
21761
2210
919005
762
770
737
26548
5353
8224
943946
891
627
26804
5014
8245
2739
9846
3584
953327
1784
8859
906
9230
3480
944524
2268
938612
764
768
608
927320
1552
810
766
598
582
28041
945390
1131
635
754
595
33181
4748
7418
3882
9962
5132
2063659
1135
792
602
556
1027
1024705
1197
1025
758
712
594
1037340
957
797
599
917
726
1055519
1153
828
1129
614
741
1055564
2323
1092
631
1149
576
1041947
1147
1055
598
556
717
1051075
1170
1015
606
560
1073
1020760
2423
987
1108
1017
720
1088380
1219
983
737
595
927
1085643
1164
1085
606
716
704
1023774
1187
1074
639
563
1087
1068798
1386
654
829
619
728
1039330
872
775
602
788
725
19895
5283
1037189
784
734
607
30161
5579
8682
3075
7112
7582
1019173
1463
8601
3334
8563
7650
1043798
1878
8596
2815
8157
989992
1059941
1126
669
583
585
582
28124
5998
999240
749
759
609
1045584
1156
1011
618
1063
724
1031180
1177
945
598
559
717
23430
4981
8702
1786
10217
3587
1043388
1941
10436
4564
4584
11667
1011712
1049706
923
889
728
774
27558
4614
8436
1725
1019575
904
29980
4174
10471
13768
1173499
949
32157
3310
8076
2316
9211
1042048
30250
4789
9148
4416
6144
7679
1090809
4821
6295
8016
4238
8152
1079150
1768
12039
7591
1056747
848
26393
4703
1112348
902
623
727
1077631
1184
969
618
572
1168
28899
5881
7669
5839
4680
13920
2180371
1228
910
722
611
814
29029
1045397
976
632
737
714
1068815
1201
1058
610
556
1105
1125919
1279
886
718
595
845
1088290
901
621
3777
1038
608
1063824
884
780
743
700
718
1054257
1281
1065
601
565
817
1072808
1278
853
752
592
1048
1064657
1292
1085
628
564
944
1034956
1208
824
600
1055
704
1041369
1143
1027
601
775
730
1033331
1109
1192
775
602
588
1051508
1185
1017
601
558
719
19296
4192
12407
1329
1047212
791
29148
2852
9005
4745
5483
13920
1064350
3430
5359
9083
3739
8654
1037172
2730
10441
6351
6073
8060
1040636
1052557
1288
755
600
563
29469
5833
8960
4791
1074897
883
31933
5260
1045458
896
720
610
31587
2882
1026671
909
610
574
27073
5521
11607
7850
6339
7868
1056862
1922
10668
18846
14654
11873
1154640
1775
10218
1078402
897
617
30174
3348
8965
4947
7176
9740
2125281
1063
1039
628
555
838
1075365
1337
1039
630
555
1065
28264
1023578
914
614
727
592
30656
4960
10355
7949
7464
3949
1053580
1891
8887
3340
7487
9259
2042518
882
722
650
3594
657
30561
9646
1021969
901
725
609
29021
1858
10083
3429
6155
10940
2051750
1216
1044
609
559
795
27126
4930
8279
1043889
959
632
1063118
1200
1101
632
600
807
1061782
1290
1054
608
565
987
28380
5509
1071677
894
628
715
1051591
1366
1016
621
713
705
1040333
1295
914
744
865
709
1033230
1119
805
605
916
593
1057855
807
765
597
559
722
1040193
1321
1114
611
570
957
1055245
1249
1041
605
557
1131
1029585
1259
727
603
555
766
1030162
1255
912
712
589
1001
1052786
1204
1100
600
571
1177
1086345
964
1102
631
571
813
28922
7106
5504
6291
9128
4820
1035036
5811
2784
4869
10498
3376
1090218
1542
7555
1060127
876
718
38727
1033963
1318
644
713
595
1047511
955
1102
610
555
909
1078546
1188
835
727
597
1127
1050922
1194
938
736
608
710
31818
3201
4368
13805
6270
6587
1039770
1490
6060
6077
3131
1005994
41576
1008743
1238
638
722
595
35824
759
1018599
885
614
719
34535
1761
1030745
885
716
633
36894
3041
2710
1022890
889
619
36028
1631
6768
7003
2536
5281
1026940
2187
4172
12481
2892
9485
1037292
1578
1024540
1195
802
611
1053199
1318
641
711
590
714
30650
1017967
1316
631
714
721
1067106
1271
916
724
618
916
1039472
935
993
610
553
954
1066369
1233
1286
632
1095
812
1034551
1296
1094
611
578
867
1075201
950
1101
616
569
858
1084116
2102
2115
753
1068
633
1046094
1234
1137
621
562
977
1039062
1349
1080
606
557
1025
1037862
1350
1036
611
569
1320
1022133
1034
844
614
1019
712
1039577
1234
1274
655
560
867
1036571
1375
1030
618
552
933
1029146
1127
935
573
1047
751
1031554
1322
912
723
721
709
20297
3352
1015743
889
763
609
29964
1578
4457
4368
12305
770
1052575
772
7639
3367
9861
2878
1070328
773
7704
5678
7601
1016142
1058803
1234
1101
603
558
938
26629
3061
1012815
770
734
619
1066408
1035
810
603
584
577
1045255
1323
1096
616
572
923
28950
5727
5620
4643
9041
2129
1041969
1450
4126
8471
6312
3412
1041708
1083863
1251
650
730
594
22852
5804
8855
880
1061259
741
29411
1687
12268
1852
1009815
893
32450
1370
10482
1618
11146
1027863
32947
4481
8337
2350
8397
9462
1044918
2529
11747
4689
6032
9192
1080215
1468
10278
2080
1026610
892
29550
4567
1032722
895
619
706
1047655
1292
1113
728
702
710
1056748
1044
816
603
1031
579
27775
6211
1035791
888
718
612
30878
1013694
1240
627
559
913
1057968
970
1126
774
713
594
1071649
1156
907
1430
602
780
1045584
1124
656
703
593
1078
1035593
1147
1027
602
565
1165
1028542
965
1092
611
557
687
1039006
1289
907
720
594
992
1091164
1022
776
602
553
1158
1018608
1238
1102
606
563
902
1016381
1279
1090
603
574
1075
1026356
870
1076
916
753
703
1030623
976
890
561
705
735
19052
4794
11530
1586
1024237
882
27783
4580
8955
2950
9718
5782
1083145
1805
8804
3303
8464
3232
1022760
3252
10047
1340
5310
8846
1025414
1020729
1231
643
568
744
27680
5402
8717
3575
1003698
892
36306
1363
1026339
754
1215
727
30223
2809
1027745
877
720
624
33651
7084
9554
1906
9738
7506
1053418
4838
8404
6780
6821
6809
1102410
2955
5218
1128591
897
615
24709
2837
4851
10643
7712
9831
2110571
1212
905
717
598
838
1053970
1304
1102
606
555
942
28108
1035332
1170
647
730
604
26764
6216
7801
6501
6822
6812
1034176
2743
4349
10521
6332
5028
2077584
1309
780
741
719
597
30466
4661
1042299
885
720
607
1043456
916
604
784
597
554
33291
4623
8493
5986
1058690
747
1068293
1338
1079
614
573
805
1041309
981
1177
791
729
594
1051214
1224
1113
737
598
584
20077
3692
1012263
885
7546
895
1052703
949
1076
755
727
589
1045726
1049
1084
636
732
715
1026743
1323
983
605
562
1097
1052197
1261
899
723
595
1300
1034251
818
745
614
767
637
1044119
1346
1015
613
556
1007
1033871
1258
1090
602
554
964
1056145
1343
647
738
597
1200
1100594
1259
759
596
557
1109
1035308
1183
762
615
558
1322
25921
5601
6610
6329
8436
3767
1059938
1470
5531
8332
6316
4818
1054407
1501
5195
1034779
884
725
26569
1079296
1269
631
729
594
1118624
1334
1033
602
743
713
1107008
1285
904
564
581
715
1054384
1270
899
735
607
737
28022
3270
4291
10777
6328
6080
1031071
4598
4461
10460
4288
1064586
33314
1017619
1227
649
756
736
30422
4860
1053936
885
611
715
29583
4594
1024787
896
717
622
30798
4553
6210
1013188
878
614
33910
3340
6757
5797
5462
11862
1090194
1453
7807
3346
8616
7393
1105333
4809
1013074
753
739
606
1076545
1261
905
1499
714
714
1034985
987
1902
838
714
942
27772
3117
5105
9153
7435
8294
2106011
1009
1163
608
717
723
1038116
1316
1034
946
738
713
1035630
888
3165
1246
1029
621
1085578
1396
641
724
598
1191
1039971
4430
1101
859
1331
889
1057075
1077
958
604
977
734
1044765
1204
1094
609
560
1062
1051628
1227
1101
626
560
1063
1031033
1336
901
734
589
949
1068573
1081
1042
612
721
710
1029703
1355
758
602
573
1141
1028068
1254
658
732
601
1230
1073564
1183
904
727
591
1036
20392
5271
1029553
883
718
605
30097
2741
5053
10443
4315
5202
1067521
1797
7314
5492
8860
7845
1051559
1493
4659
10825
3237
1018112
1049311
1335
850
565
744
732
20453
5251
1005623
748
748
610
1037160
1033
1161
616
657
580
1043663
1221
1068
617
558
911
23615
4789
8948
7536
5108
4885
1040063
5108
4744
7320
8970
4218
1043373
1013112
1159
626
700
726
32668
4544
4100
8206
1062199
905
29625
5482
6820
4190
1044365
901
31044
2919
9572
7552
7481
1062009
28095
4145
4025
11361
4211
9559
1058491
1476
7935
6942
5886
8202
1049364
1448
8012
3810
1040479
771
33759
2800
1022104
891
618
717
1043670
964
1188
735
711
705
27131
5330
6809
7840
4187
10946
2130691
1030
875
622
748
713
27853
1024354
1223
639
715
609
33224
1625
1072520
768
748
751
1032635
1326
887
752
592
927
1039937
881
614
7312
896
637
1025826
1386
759
601
563
1182
999341
937
624
559
699
755
1081225
1217
893
730
594
980
1026663
1152
1101
608
563
973
1071533
1300
1027
610
574
862
1079277
1199
1118
618
712
706
1041694
1076
1011
616
558
1158
1046108
5763
800
800
602
827
25322
4541
6821
6900
1057239
754
35874
5541
5359
8053
4151
11483
1026830
782
8382
6969
4739
11162
1029290
1826
7890
5234
8609
2441
1034073
1003299
1234
745
602
566
33579
6918
6236
7965
1009789
875
32060
4362
1022522
893
731
609
36789
2113
1024197
897
617
587
38249
4801
6067
5432
4797
13255
1031100
2966
7576
6929
5325
4589
1053330
1826
8262
1001379
889
616
27568
5201
3802
9780
3694
10229
2047370
1013
780
601
563
962
1064641
1633
1129
611
924
589
24134
1013096
955
632
703
596
33394
6854
8691
4097
11707
1357
1026657
1516
7905
6127
3862
9208
2081032
934
1051
562
510
1115
1039679
1182
974
565
680
653
28720
4634
4790
7604
5438
11957
1096529
1068113
1320
639
717
595
1042910
896
723
615
3098
764
32585
3537
9310
6196
1016270
742
1050048
1321
931
616
571
830
28350
4553
1032966
890
625
713
1040709
1026
1114
779
706
708
1038462
998
1103
623
728
720
1025681
1086
1044
608
567
793
1068578
1300
918
739
593
1049
1010810
1015
1167
626
744
721
1035482
1021
860
603
997
714
1023376
1140
765
605
559
688
1042968
986
642
739
717
712
1004587
1321
1036
613
575
749
1058649
769
763
598
592
766
27302
1714
8581
7829
7979
1170
1122766
1802
8357
8021
5455
4858
1042077
1921
10267
1028052
906
723
30085
1015846
1344
633
713
602
1062825
1386
752
730
727
594
1067690
973
629
705
605
566
1053419
1223
916
753
590
1033
34484
1599
6614
7946
1483
10984
1013065
1311
7669
3668
4608
1000571
36694
1030587
953
612
706
592
23977
4963
1029512
889
617
716
31275
1592
1001868
783
782
730
35359
756
8024
1034553
870
614
34458
4831
1745
10413
3820
8493
1031943
1471
4033
9988
1363
8329
1016911
1479
1026323
759
755
747
1045140
1323
954
743
611
738
24702
1004102
1220
632
707
594
32793
2833
5897
1012555
879
617
1073807
1023
764
600
554
1040
1031542
1153
1088
611
707
707
1036082
1279
1077
617
710
702
1033798
1200
883
739
604
997
1044540
5780
773
784
771
609
1088325
1220
1087
610
557
1040
1029344
1238
1089
738
706
594
1031089
1169
1119
614
558
1038
1041746
1323
849
736
597
1059
1115421
1748
797
599
737
719
1112923
1228
1092
621
711
703
1023301
1284
642
718
612
1138
1047552
1033
793
598
1120
713
30680
9343
1007770
874
731
618
43536
9869
12938
9564
5935
2994
1025173
9625
9934
13094
2185
8405
1039984
9285
9871
3377
8463
997220
1047852
1252
859
1034
729
612
42082
8796
1008455
898
784
617
1082694
1082
878
734
715
606
1046901
1193
1060
601
936
747
35078
9515
12556
8607
8073
3697
1057495
9435
9778
3229
8409
6582
1028447
1005495
898
1886
800
616
43527
9820
12075
2115
1020345
900
46434
10152
11418
4533
991919
743
46705
9674
11060
2373
7090
997729
40421
8940
11820
5524
5277
6045
1036141
9274
10789
3244
9120
3507
1077019
9706
10231
2129
1022115
874
1068691
1084
1276
631
599
727
1048417
1181
1101
607
558
1085
1089408
794
769
601
1043
716
1047242
748
5764
762
950
558
39757
8743
996004
887
738
607
42711
9957
994576
5687
882
740
1094819
1309
909
729
610
982
1034621
1262
635
7754
890
611
1050778
1341
1044
617
557
987
1048345
1304
751
603
576
752
1056979
1203
1159
763
730
591
1041585
1232
1084
611
741
715
1088172
1953
1058
973
776
599
1046591
1199
1119
606
703
706
1059002
1223
809
598
594
607
1042140
1015
838
621
552
692
40899
8003
11606
2863
1004743
873
42351
9413
12769
887
2219
7315
1045124
8828
10488
2057
8651
7603
1034732
9602
10558
2723
8830
4312
1030511
1019708
1308
743
598
556
45106
9526
10061
5467
1023473
877
48531
8470
1011206
920
724
608
47383
8940
1054099
899
742
611
45811
10100
10021
5750
4728
8927
1088348
9949
10313
3350
7222
7965
1088196
10030
9853
1016341
897
611
46533
9400
9779
4380
5609
9179
2047253
795
769
737
711
735
1079827
1307
1089
625
572
749
42150
1008803
1287
627
562
955
39240
9449
10116
7638
6160
4601
1042744
9389
9744
4619
7846
6323
2044494
Xput: 5659
