66177950.000000
72824688.095238
56545332.857143
59607788.571429
42190362.380952
39876825.714286
36885217.142857
34706547.142857
38562591.904762
34921300.000000
32109513.809524
33104575.238095
40045570.476190
40680217.142857
37320632.857143
35281135.238095
43781634.761905
38207761.904762
44630827.142857
46069690.952381
34462146.190476
35812824.761905
40622248.571429
43018861.904762
41202387.619048
39249851.428571
44961840.000000
41442550.000000
42829407.619048
46259925.714286
35888125.238095
36400378.571429
44485498.095238
45485087.619048
39973399.523810
48102595.714286
49176143.333333
46888580.952381
44825287.142857
44849430.476190
39858021.428571
40591990.000000
23933387.142857
26300816.190476
23421166.666667
24116580.952381
30805237.142857
28470102.857143
35266153.333333
31557734.761905
37811510.476190
36110447.619048
33969461.904762
32316699.047619
40078846.190476
38989000.000000
48195194.285714
46860454.761905
39547065.714286
34669508.095238
39058049.523810
40338014.285714
38973556.190476
40012984.285714
41105647.619048
41621424.761905
45503059.523810
47573820.952381
40037884.761905
39146110.476190
40380722.857143
39935055.238095
35604053.333333
36612251.428571
39971371.428571
42754729.523810
45549715.238095
47011855.238095
42307357.142857
43230087.142857
40211869.047619
40982089.523810
37403228.571429
38978866.666667
39798754.285714
42421656.190476
48861507.142857
56069078.095238
50346148.095238
52823586.190476
42998813.333333
46874839.523810
46230534.761905
49571947.142857
45394859.047619
46047563.809524
51802519.047619
55470877.619048
48478540.952381
51442671.904762
42805879.523810
45451654.761905
46387493.333333
52368497.142857
46281037.142857
47842601.904762
57407407.619048
55965476.190476
48157156.190476
52401895.238095
42356674.285714
46508091.428571
46161965.238095
50841144.761905
46506089.523810
47929565.714286
51450661.904762
54943859.047619
49327011.428571
52349168.095238
40722305.238095
43017752.380952
46414355.714286
49281380.000000
44172752.857143
45039308.571429
49722854.285714
52052556.190476
47160231.904762
50433949.523810
38717649.523810
41020720.000000
43956683.809524
47691481.428571
43164966.190476
42665148.571429
48820357.142857
49280510.476190
46761037.142857
49390051.428571
37751906.666667
39834167.619048
45429397.142857
47424758.095238
44850040.000000
44822773.333333
48765815.714286
49168613.333333
46041699.523810
50427487.619048
41393426.666667
45459868.571429
44607839.523810
49772992.380952
42363420.476190
42589875.714286
46972147.142857
47844552.380952
47404205.714286
49637398.095238
37281604.285714
38566615.238095
42986764.761905
44569662.857143
43724991.428571
45210316.190476
45098041.904762
53941612.380952
42283733.333333
42523398.095238
38656416.666667
41275519.047619
33826962.380952
34280161.904762
39553796.190476
47315925.714286
47252445.714286
48098477.619048
44419134.285714
46007916.190476
35499858.095238
36114381.428571
48287501.904762
52161508.571429
41527103.333333
45304235.238095
44758584.761905
45840439.523810
40989150.476190
40377144.761905
39958700.952381
41215663.333333
37095461.904762
38294564.761905
40381308.571429
43714099.047619
46328256.666667
47982693.809524
43239240.952381
43236287.619048
39155633.333333
39991207.619048
37958937.142857
40013308.571429
40498179.047619
43368621.904762
43905245.238095
45001095.238095
41590963.809524
41739016.666667
39541143.333333
39587671.428571
39925655.238095
39299802.380952
45927733.333333
46709113.809524
50166058.571429
51576475.714286
44277007.619048
45186918.571429
41372407.619048
42056137.142857
38019290.000000
38529044.285714
42456888.571429
43625156.190476
46357276.190476
46526060.952381
43026300.476190
42610489.047619
41242565.238095
41697644.761905
37806049.523810
39376222.857143
41735141.428571
43268313.333333
48396354.285714
50109253.333333
42884096.666667
51088019.047619
41166647.619048
45251994.285714
44805076.190476
47419045.714286
41237714.285714
40907721.904762
46640190.952381
46855592.380952
45097108.571429
46852808.095238
36075933.333333
37561140.952381
43467744.761905
44807441.904762
42137167.619048
41973966.190476
47081751.428571
46917828.571429
45616633.333333
46987179.523810
39751044.761905
41794424.761905
45516963.809524
46327525.714286
44385914.285714
43715240.000000
49120386.666667
49253666.666667
44902118.095238
46287531.428571
35139164.761905
35747388.571429
43604335.238095
44703660.952381
45643577.142857
42597607.619048
50375204.761905
52781959.523810
43663139.047619
44707449.523810
36667740.952381
38201883.809524
43597171.428571
44821489.523810
41194586.666667
40840499.047619
46638671.428571
46395395.714286
43797158.095238
45279302.857143
37485146.666667
39751041.904762
41751177.142857
42777607.619048
40847706.666667
40845716.190476
43478452.380952
52856026.666667
43147704.761905
45134076.190476
40615123.809524
40795599.047619
38691945.714286
39462085.714286
40244636.190476
42220965.714286
47553243.333333
47823534.285714
38562611.428571
37152032.380952
39599613.333333
40142409.523810
35947645.714286
36830615.238095
40284146.666667
41042367.142857
45250760.000000
52987807.619048
46256889.047619
49486097.619048
37902264.761905
40513175.238095
42032013.333333
43167335.238095
41102055.714286
41727878.095238
45797379.047619
44066320.000000
43341907.619048
44783834.285714
35396921.904762
37002346.666667
43753249.523810
45681770.000000
40209010.952381
36876701.428571
44765940.952381
44004315.238095
42794847.619048
44112213.333333
38317539.523810
43225695.238095
38888105.714286
41525966.666667
38963740.952381
37986347.142857
44055164.761905
44721847.619048
39525135.714286
38850685.714286
40035885.714286
39650540.952381
35702308.571429
36449268.571429
39914386.666667
40806575.238095
44387689.523810
45371470.476190
41122522.380952
41153041.904762
39410009.523810
39535474.285714
37048909.523810
38538125.714286
40989977.142857
44521312.380952
44748100.952381
46646584.761905
42096407.619048
42832878.095238
38959994.285714
39549017.142857
36445095.714286
38243948.571429
40110727.619048
40448406.190476
42644510.476190
50741806.666667
44386644.761905
50111197.142857
40289497.142857
43192497.142857
45713464.761905
50920640.000000
39487308.571429
41362914.285714
43741985.714286
43652028.095238
40260091.428571
39679238.571429
39133958.095238
40609159.523810
35413157.142857
35941407.619048
40846764.285714
42508891.428571
43745361.904762
53876563.809524
40903887.619048
40249925.714286
34510462.857143
34902582.857143
42856620.952381
44154377.142857
37229278.571429
36261152.380952
42871967.142857
42384969.047619
42270382.857143
43058700.000000
38104074.285714
39947745.714286
42805249.523810
44453003.809524
37995531.428571
37746590.476190
40760291.428571
50890911.904762
41554100.952381
44376199.523810
38381348.571429
39870989.047619
34373019.047619
34940611.428571
40026801.904762
40896091.428571
43477586.666667
43195838.095238
41802752.857143
41976651.428571
40012977.142857
39900609.047619
37513369.523810
39224480.000000
39786646.666667
42121200.000000
43731190.476190
43070244.761905
41120097.142857
41215081.904762
38621096.190476
41624029.047619
34353310.476190
35179367.142857
39424375.714286
39701752.380952
45800540.952381
46804028.571429
40170513.333333
49340678.571429
37745313.809524
40312905.714286
41017840.000000
42123419.047619
39537518.095238
39387687.619048
42123721.904762
41743508.571429
42226716.190476
43326108.571429
36040510.476190
35647646.190476
44053080.000000
44898816.190476
39402569.523810
48821361.904762
45734511.904762
48205859.523810
41212089.523810
41146211.428571
38254070.476190
38991162.380952
36629843.809524
37885822.857143
39600084.761905
40564610.000000
43382742.857143
43410510.476190
40775596.190476
40768575.238095
38852967.619048
39824973.809524
36412562.380952
37454731.428571
39958546.666667
40222407.619048
43150569.523810
43961245.714286
41533036.190476
42212965.714286
38266908.571429
41542030.000000
33993960.476190
35580885.714286
40500146.666667
39682835.714286
45211885.714286
44339895.238095
42371136.190476
42571268.571429
39497312.380952
39642380.952381
36428872.380952
37401554.285714
39938638.095238
41093462.857143
44278049.523810
43613076.190476
41468326.190476
41344507.142857
39100624.285714
40632630.000000
39996840.476190
40724030.000000
40514089.523810
44129114.285714
47079828.571429
48390140.952381
42790524.761905
44081450.000000
40121806.190476
42707093.333333
37396943.333333
38805940.476190
40402228.571429
42069091.428571
43305718.095238
44083860.952381
40615116.190476
40507253.333333
39575198.095238
39704621.904762
37357024.285714
38812931.428571
39935767.619048
41065121.904762
42530841.904762
42909201.904762
41032355.238095
40894441.904762
38893060.952381
40083241.904762
36802235.714286
37828766.190476
39847535.238095
41150535.238095
43969771.428571
44992339.047619
41833240.000000
42572278.095238
39771862.857143
39948508.571429
37288615.238095
39056984.285714
39712329.523810
39764990.476190
43435190.952381
44161998.095238
39629380.952381
39120613.333333
40161885.238095
39785832.380952
39720236.190476
41160527.619048
41098929.047619
44934352.380952
44308177.142857
45628485.714286
40493645.714286
41652767.619048
39416660.000000
38655984.285714
36760078.095238
38437321.904762
37772201.904762
40023990.476190
42200840.000000
43221630.476190
40810266.666667
41948954.285714
38959131.428571
40617481.904762
38913158.095238
41678883.809524
36698394.761905
37481778.571429
43193979.047619
43746099.047619
39425729.523810
38886624.761905
39829942.857143
40693131.428571
37255506.666667
39107129.523810
37243981.428571
37366508.571429
44120182.857143
45251750.000000
59851487.619048
58862314.285714
52283552.380952
49644354.285714
37070780.000000
39395950.476190
37115925.714286
37129268.571429
43129392.380952
44024078.095238
40949322.857143
41197108.095238
39677994.761905
40808220.000000
37146282.380952
39017649.523810
37330739.047619
38273065.714286
44732900.952381
46551582.857143
42763281.904762
49277502.857143
42322346.666667
46724219.047619
35326243.809524
35524923.809524
41434788.571429
42473139.047619
54150380.000000
56634834.285714
49406462.857143
50204259.047619
47944807.619048
49242424.285714
39798396.190476
39498071.428571
45356514.285714
46189362.380952
47878666.666667
46830853.809524
47141304.761905
48263635.238095
47795718.095238
49101000.000000
38993003.809524
38700840.000000
44124078.095238
51957474.285714
48804832.380952
54299699.047619
44726038.571429
43979575.714286
43728776.666667
45066259.047619
41245687.619048
43504197.142857
40671408.571429
41994210.000000
50740564.761905
51848838.095238
44838211.428571
53978262.380952
48471952.380952
50174348.571429
38660196.190476
37311766.666667
43577626.666667
45911508.571429
47009673.809524
46956782.857143
45699598.095238
47151644.761905
45854462.857143
47092664.285714
38141862.857143
38395361.904762
44426812.857143
44943177.142857
46545007.619048
44733971.428571
45866889.523810
46725563.809524
45878727.619048
48027076.190476
38269163.809524
37900812.857143
43694977.142857
44697565.714286
45909087.619048
44236274.285714
44653220.952381
45876708.571429
44019186.666667
45099173.333333
37269877.142857
36764621.904762
41460842.857143
42203895.238095
45763822.857143
43981135.714286
45373961.904762
46496904.761905
44968055.238095
46238706.666667
37861917.142857
37930371.904762
43480254.761905
43764857.619048
46246011.428571
42253041.904762
43358167.619048
44494148.571429
42084337.142857
42381550.476190
36956893.333333
37536929.523810
42442041.428571
43457950.476190
45369311.428571
43592800.476190
43036567.619048
43494862.380952
42840964.761905
43364887.142857
37121522.857143
37198162.380952
42429949.047619
43411946.666667
44576211.428571
43622506.666667
46343887.619048
47106060.476190
44122474.285714
46073910.476190
37315617.142857
37197253.333333
41888198.095238
43766775.238095
45229481.428571
41455975.714286
42676646.190476
43553635.714286
48463161.904762
52851020.952381
47056810.000000
50305607.619048
52505477.142857
56796622.857143
52056017.142857
50626308.571429
48913478.095238
50857106.666667
47335188.571429
49120558.095238
39753544.761905
40701941.428571
44846940.952381
46527601.904762
48298749.523810
46616493.333333
46198102.857143
47847908.571429
45255091.428571
46250017.142857
38642000.000000
39810016.666667
43709474.761905
44213967.619048
48581775.238095
46454285.714286
49247343.809524
54802056.190476
42813724.761905
45425857.142857
39679257.142857
42455161.904762
39979743.333333
40323982.857143
47322291.428571
48519624.761905
43579988.571429
43314700.952381
41366472.380952
40955883.809524
43088127.142857
47496045.714286
41906156.190476
45247324.761905
43416761.904762
54341320.476190
45618480.476190
48670010.476190
41651255.238095
41630556.190476
39795996.666667
42062087.142857
40170333.333333
39102607.619048
45231349.523810
45744118.095238
45486015.238095
46078935.238095
42656438.095238
42511786.666667
39702283.809524
42116702.380952
38765099.047619
37170154.285714
45912937.142857
46607465.238095
44168426.666667
46722873.333333
39883066.666667
38235089.523810
38764592.380952
40901685.714286
37709339.047619
35989304.761905
43712135.238095
42486704.285714
44983817.142857
46288683.809524
42262940.476190
43082856.666667
38439474.285714
40513478.095238
37728337.142857
36951988.571429
43186790.476190
38414683.333333
44060691.904762
44851653.333333
41143853.333333
43001664.761905
38362724.285714
40468022.857143
39792643.809524
38404379.047619
47115194.285714
47396114.285714
43377856.666667
46541452.380952
39954198.095238
38851939.047619
38655857.142857
40631407.619048
37680701.904762
35836681.904762
42500080.000000
50755628.571429
44204615.714286
48199080.000000
43479502.857143
44542011.904762
37093796.666667
37457970.000000
42993238.571429
43238114.761905
45444568.571429
41553026.666667
44479700.952381
46003712.380952
41489740.952381
41912531.428571
36800190.476190
37155959.047619
42581295.238095
43308160.000000
45582274.285714
42245211.904762
43707438.095238
46939361.904762
43011692.380952
44125217.142857
37627013.333333
38686783.809524
42458325.714286
42742998.095238
46131532.380952
43241345.238095
44271843.809524
49139041.904762
42065914.285714
41598994.285714
38243950.476190
38190170.952381
42091769.523810
43537622.857143
46000474.285714
43508634.285714
43313557.142857
44776809.047619
40225628.571429
40563095.238095
35993281.904762
36628145.238095
40128159.047619
40049200.952381
44204651.904762
41627001.904762
44450097.142857
46218685.714286
41142556.190476
41749068.571429
36704644.285714
37562668.571429
42089609.523810
43001626.666667
43902432.380952
36755051.428571
43193373.333333
45372973.333333
45020891.428571
47021059.047619
36788434.285714
37934136.190476
42107068.571429
43298085.714286
43667697.619048
43138703.809524
40924365.714286
48777281.904762
40927516.190476
44032700.952381
37714354.285714
39831706.666667
39074375.238095
37492570.476190
44846841.904762
46905278.095238
41418961.428571
40941872.380952
47718868.095238
41697160.000000
43431780.952381
48640062.857143
39092878.095238
38443209.523810
45188146.666667
46490809.523810
42475912.380952
42912344.761905
40488935.238095
41044438.095238
37567512.380952
38176078.095238
37974148.571429
36812619.523810
44351584.761905
45361230.476190
42234131.428571
42331968.095238
39262148.571429
38378480.000000
38741112.380952
41297025.714286
37687213.333333
37906222.857143
43946780.952381
44796586.666667
40676769.523810
39931720.000000
39457748.571429
38900686.666667
37658093.809524
39814647.619048
39255626.666667
40060167.619048
47047607.619048
48445716.190476
44197580.952381
44978240.000000
41189013.333333
42898460.476190
38297213.333333
40248790.000000
38186049.523810
37957805.714286
45144577.142857
46467308.571429
42093952.857143
42112327.619048
40652414.761905
41349760.000000
39400353.333333
42498131.904762
38046307.142857
38175925.238095
44686590.476190
45587525.714286
41683049.523810
41641615.238095
39468737.142857
38751064.761905
39106510.476190
41244386.666667
38207403.809524
39515144.761905
48066731.428571
53003373.333333
43677925.238095
46678039.047619
44542733.333333
46713139.047619
38026693.333333
39798293.333333
41801152.380952
42809695.238095
42673822.857143
42507230.476190
42548478.095238
44133834.285714
41754613.333333
43077980.952381
36315127.619048
36893129.523810
40988736.190476
48405072.380952
44780582.380952
48877585.714286
41062470.476190
40481436.190476
40752580.952381
39349550.476190
38535057.142857
40479442.380952
41046400.000000
44226851.428571
45299958.095238
49710128.571429
40386315.714286
48814005.714286
45197158.095238
50433766.190476
46621085.714286
49500125.714286
41739971.428571
45789819.047619
43054761.428571
42712894.761905
42619100.952381
43744630.476190
40697897.142857
49080484.761905
41079796.190476
44707401.428571
38478247.619048
39787228.571429
45118451.428571
46069293.333333
43659807.619048
44703079.047619
39247263.809524
38132382.380952
38032791.428571
39947984.761905
37617204.285714
38249148.095238
45210761.904762
47690897.142857
41241937.142857
41159430.476190
39317800.000000
38893182.857143
38811026.666667
41374215.238095
42322872.380952
43051441.904762
45437198.095238
48936944.761905
42742687.619048
42905140.952381
40563292.380952
41028798.095238
38501022.380952
40644200.000000
37562939.047619
35927622.857143
43005860.952381
43369902.857143
43008691.428571
50541281.428571
44347810.000000
48371950.000000
41328837.142857
44656925.714286
41554800.000000
42841649.523810
42304857.142857
41904255.238095
43498499.523810
45111982.857143
45187041.904762
47101834.285714
36319170.952381
36406765.714286
40583203.809524
40877060.476190
42560582.857143
39500731.428571
45968224.761905
44535367.619048
50406733.333333
51802403.809524
40426678.095238
41358965.714286
45606243.809524
45973956.666667
49980201.904762
48886849.047619
48693984.761905
49959517.142857
46839621.428571
47356736.666667
45631186.666667
49833409.047619
48165045.714286
50403906.666667
53028910.476190
53902695.238095
53561958.095238
55551565.714286
53341731.428571
55706832.380952
41002967.619048
41578777.142857
47009106.666667
47888167.619048
47682946.666667
48237205.714286
49387180.952381
49045925.238095
45875433.333333
55584752.380952
47445819.047619
52783133.333333
42792628.571429
43499866.190476
44706441.904762
45351944.761905
50251473.809524
50732958.571429
46420415.238095
48667160.000000
42414634.285714
41802579.047619
39730000.000000
40879089.523810
44295994.285714
43315965.714286
49816736.666667
50735325.714286
46371525.714286
47269502.380952
43792542.857143
44204715.714286
40413748.571429
41488556.190476
42888982.857143
43539452.857143
52140598.095238
55032300.000000
45834321.904762
47995169.523810
43137491.428571
42638501.428571
40482526.190476
41547287.619048
43333595.238095
44125654.761905
47851952.380952
48391213.333333
45143160.952381
46598019.047619
42733449.523810
43063367.619048
41607022.857143
44495990.952381
43119295.238095
43822666.190476
49133189.523810
49891859.047619
44502691.428571
47745704.761905
43306036.666667
45037830.952381
39859459.047619
39863743.809524
41764733.333333
43147417.142857
48740904.761905
49915397.619048
45580897.142857
46142097.142857
39926066.666667
39404900.952381
37948032.380952
39000895.238095
41289139.047619
39798318.095238
49139148.571429
50682550.476190
44251819.047619
47494813.333333
41891540.952381
45205460.952381
37760262.857143
38399207.619048
42428480.000000
42043017.142857
50004163.809524
52269441.904762
43927640.000000
47097352.380952
40955550.476190
43143523.809524
41373184.761905
43746232.380952
41548361.904762
42309178.571429
47715045.714286
49127179.047619
44417940.952381
46486396.190476
42232335.238095
46023992.380952
39535453.333333
40799300.952381
41542125.714286
42324204.761905
47165143.333333
48354805.714286
43784064.285714
45586826.666667
42493978.571429
46283571.904762
39862944.761905
41317175.238095
41458588.571429
41395855.238095
46327712.380952
47640491.428571
44078172.380952
45829065.238095
42070567.619048
45661786.666667
40322958.095238
42730689.523810
41069683.809524
42353702.857143
45332253.333333
45108753.809524
43277276.190476
46268106.666667
41232327.142857
43673710.476190
39139325.714286
40310952.380952
40652556.190476
41774587.619048
44862944.761905
45250031.904762
42961849.523810
43225223.333333
40984969.523810
42293415.238095
39630185.238095
41433190.476190
40834007.619048
41988331.428571
44464196.190476
43793904.761905
43499497.142857
44488365.714286
40361531.428571
42926382.857143
38847162.380952
39707256.190476
40304777.142857
41702371.428571
44269314.285714
43160865.238095
42602127.619048
45046546.666667
40289164.761905
42587191.428571
37964729.523810
38592598.095238
41050156.190476
41612744.761905
44026782.857143
44047610.000000
43435373.333333
44102021.428571
43721176.190476
41613979.047619
41118434.761905
43802830.000000
41339289.523810
41424737.142857
43390632.380952
42030836.190476
49688320.000000
44022045.714286
40710462.857143
43954389.047619
37915843.809524
38945466.666667
41455529.523810
41641894.285714
44583083.333333
44173038.095238
43575855.238095
44252335.238095
42210137.142857
46008047.619048
39978855.714286
41109996.190476
41541819.523810
41859380.000000
44926424.761905
45108725.714286
42372946.666667
42047552.857143
40826046.666667
42843485.238095
38380150.476190
39333813.333333
41131752.380952
41137678.571429
44579022.857143
52354371.428571
46637742.857143
48979664.761905
39673258.571429
41678545.238095
44389312.380952
46200801.904762
41646918.095238
41378034.285714
45455788.571429
46453272.380952
42698442.857143
43782612.857143
38827291.904762
41154867.142857
45074944.761905
47441445.714286
41480874.285714
41226659.047619
45818849.047619
49227212.857143
45471777.142857
47327047.619048
38569063.333333
40273353.333333
42600112.380952
43936821.904762
40540535.238095
40148068.571429
44646916.190476
45255520.476190
43996944.761905
45128695.238095
38147468.571429
39755250.000000
43870257.142857
45045430.476190
42800341.428571
42301927.142857
46048434.285714
48626120.000000
44524671.428571
45755067.142857
37966965.714286
39698500.952381
45384043.809524
47062146.666667
42932497.619048
43025554.285714
46135659.523810
49131746.666667
43380320.000000
44084704.761905
40187988.571429
41771489.523810
45478543.809524
47232996.190476
42410272.380952
42314055.238095
45412339.047619
46113361.904762
42655255.238095
43518120.476190
37657937.619048
40036250.476190
41943984.761905
43342993.809524
39322573.333333
39023476.666667
44126980.952381
44570732.857143
42151575.238095
42463339.047619
41289403.809524
44984689.523810
45896967.142857
48076022.857143
40523335.238095
40227394.285714
46132033.333333
48657256.190476
45608093.333333
48779752.380952
38152672.857143
39965603.809524
44466560.000000
45794133.333333
41433357.619048
40736463.333333
46334470.952381
49533116.190476
45650523.809524
47247380.952381
39809205.714286
42453104.761905
47311580.476190
48580646.666667
43905996.190476
43919139.047619
45814676.190476
49092651.428571
45045763.809524
46556682.380952
40019413.333333
41735828.571429
45036084.285714
50712060.952381
43679392.380952
44228400.000000
49408184.761905
53176478.095238
42642987.142857
44976214.285714
40682685.714286
41717211.428571
35969786.666667
36601289.047619
38435537.142857
37030640.000000
42862749.523810
43080196.190476
41585476.190476
41470617.142857
41101598.095238
41729540.952381
36230253.333333
36616433.809524
38883767.619048
37513201.904762
44008201.904762
44834552.380952
43060247.619048
44265166.666667
40131087.619048
43138840.000000
37195327.619048
37677969.523810
40721946.666667
40936139.523810
43415897.142857
43376499.047619
40238205.714286
39142015.238095
40992293.333333
40534954.285714
39153876.190476
40351881.904762
40476971.428571
41545381.904762
44759363.809524
45580419.047619
44386625.238095
41015693.333333
47630902.857143
46091030.476190
41739499.047619
42529674.285714
44011375.238095
52131026.666667
51500241.904762
55653397.142857
50698436.190476
54394702.857143
45373367.619048
47344762.380952
50746053.333333
51163716.190476
48911150.476190
49041890.000000
52487246.666667
54177417.142857
51154040.000000
52774939.047619
43102120.000000
45486295.238095
49691190.476190
51607072.380952
48047600.952381
48199047.142857
48284234.285714
57353512.380952
52200369.523810
56427540.952381
46114577.142857
48266080.952381
41991772.857143
41607483.333333
46413201.904762
45936879.047619
52660241.428571
60226790.476190
51810281.428571
55421000.476190
40517039.047619
41242430.476190
