4203980.000000
4138128.571429
1811235.714286
1929494.285714
1455212.380952
1573010.476190
1618201.904762
1606434.285714
1438040.000000
1543192.857143
1010152.857143
1217512.857143
1099098.571429
1193820.000000
1603114.285714
1622911.428571
1385061.428571
1425491.428571
1260081.428571
1255304.285714
965820.952381
1292611.428571
1632537.142857
1340805.714286
1369626.666667
1314350.476190
1747532.857143
1342647.142857
1690895.714286
1655005.714286
1621641.904762
1628505.714286
1462493.333333
1476764.285714
1359693.333333
1189678.095238
1520618.571429
1310490.952381
1355342.857143
1371122.857143
1461187.142857
1262915.714286
1592941.428571
1524092.857143
1495534.285714
1382358.571429
1536318.571429
1370101.428571
1575767.619048
1577516.190476
1800402.380952
1626765.714286
1487529.523810
1489106.666667
1719853.333333
1793053.333333
1576672.380952
1406131.428571
1667709.523810
1338210.476190
1514602.857143
1467205.714286
1681078.571429
1615441.428571
1544133.333333
1311009.523810
1497994.285714
1430055.238095
1994268.571429
1853872.380952
1461706.666667
1466057.142857
1430982.857143
1371186.666667
1348647.619048
1307287.619048
1634445.238095
1526444.285714
2099946.190476
1972928.571429
1060918.571429
1309867.142857
1591490.952381
1589980.952381
1376622.857143
1639500.952381
1304133.333333
1504590.476190
1594310.000000
1640630.000000
1923323.809524
1841162.380952
1855940.000000
1742274.285714
1856456.190476
1718144.285714
1912441.904762
1825632.380952
1705065.714286
1565285.714286
1547210.000000
1722926.190476
1497059.047619
1634260.952381
1582405.714286
1596007.619048
1518822.857143
1640312.380952
1556432.380952
1723969.523810
1363943.809524
1521091.904762
1669638.095238
1392822.380952
1564514.285714
1552918.095238
1826028.571429
1703630.476190
1824550.476190
1691260.952381
1571156.190476
1412226.666667
1635800.000000
1528687.619048
1534019.047619
1559803.809524
1445594.285714
1354925.714286
1473779.047619
1429720.000000
1379811.428571
1586289.523810
1623165.714286
1702769.523810
1371022.857143
1583502.857143
1520386.666667
1499422.857143
1783714.285714
1632476.190476
1362937.142857
1489622.857143
1214720.000000
1182729.523810
1486430.476190
1480499.047619
1588963.333333
1587527.619048
1548350.000000
1450388.571429
1671962.857143
1593068.571429
1839710.000000
1853302.857143
1824722.857143
1794874.285714
1623940.952381
1557401.904762
1693530.000000
1660488.095238
1555554.285714
1668804.285714
1665712.857143
1832293.333333
1788594.285714
1807529.523810
1588140.952381
1612799.047619
1546154.285714
1666419.523810
1817032.380952
1800485.714286
1836593.333333
1879916.190476
1465569.523810
1630373.333333
1654173.809524
1619949.523810
1735929.523810
1753321.904762
1722577.142857
1644455.238095
1494045.714286
1582659.047619
1417266.190476
1572425.714286
1479298.095238
1589901.904762
1569192.857143
1483153.809524
1524118.095238
1455499.047619
1764940.000000
1664359.047619
1660278.095238
1668622.857143
1679622.857143
1549072.380952
1756383.809524
1657145.714286
1483518.095238
1595768.095238
1326300.000000
1637768.095238
1442020.952381
1285939.047619
1643506.666667
1704921.904762
1284411.428571
1322213.333333
1703891.428571
1601742.857143
1482152.857143
1518653.333333
1678655.238095
1872347.619048
1622357.619048
1658826.190476
1778554.285714
1573263.809524
1687510.476190
1564745.238095
1732335.238095
1702200.000000
1766788.095238
1738783.809524
1762777.142857
1726059.047619
1527753.333333
1627151.904762
1686926.666667
1654453.809524
1794445.714286
1661580.952381
1557340.952381
1564215.238095
1699670.476190
1667310.476190
1732043.809524
1780584.761905
1367489.523810
1500651.428571
1793598.095238
1759274.285714
1480927.619048
1626231.904762
1420024.285714
1518722.857143
1555141.428571
1632630.952381
1462853.333333
1520163.809524
1599575.238095
1650683.809524
1584647.619048
1606960.000000
1776748.095238
1615735.714286
1780548.095238
1697801.904762
1438618.095238
1455244.285714
1749148.095238
1664496.190476
1791275.714286
1725400.476190
1333285.714286
1541520.000000
1199306.666667
1259773.333333
1271845.714286
1363390.476190
1624455.714286
1711702.857143
1487368.571429
1644529.523810
1273750.476190
1150375.238095
1155060.952381
1696188.571429
1581624.761905
1716973.333333
1658154.285714
1876651.428571
1785550.476190
1401855.238095
1601556.190476
1424832.380952
1494609.523810
1214095.238095
1302013.333333
1526798.095238
1656367.619048
1792560.000000
1838984.761905
1317190.476190
1292264.761905
1281941.428571
1294125.714286
1479179.047619
1445494.285714
1397997.142857
1396650.476190
1419377.142857
1481782.857143
1383714.285714
1665091.428571
1413952.380952
1516523.809524
1459257.142857
1549038.095238
1357249.523810
1618247.619048
1477891.428571
1578798.095238
1533560.000000
1338733.333333
1306232.380952
1318388.571429
1136582.857143
1298908.571429
1230310.476190
1438375.238095
1281948.571429
1373750.476190
1163824.761905
1460226.666667
1205695.238095
1065192.380952
1176540.952381
1181987.619048
1167809.523810
1547380.952381
1565676.190476
1368342.857143
1346342.857143
1437226.666667
1649422.857143
1692600.000000
1451093.333333
1517281.904762
1469177.142857
1395906.666667
1541883.809524
1566449.523810
1452053.809524
1357312.857143
1208201.904762
1357499.047619
1201274.285714
1385051.428571
1406211.428571
1367331.428571
1690161.904762
1666333.333333
1495102.857143
1457262.857143
1483940.952381
1531958.095238
1487274.285714
1641413.333333
1511542.857143
1526876.190476
1192769.523810
1250853.333333
1094891.428571
1564531.428571
1327472.380952
1507929.523810
1523076.190476
1368417.142857
1518859.047619
1418935.238095
1409142.857143
1757826.666667
1729213.333333
1480580.952381
1665659.047619
1357857.142857
1396072.380952
1565087.619048
1607255.238095
1540575.238095
1617958.095238
1410569.523810
1329807.619048
1383348.571429
1463620.952381
1434453.333333
1522329.523810
1352060.952381
1419462.857143
1447590.476190
1567099.047619
1332038.095238
1226720.000000
1243826.666667
1026274.285714
1278314.285714
1137283.809524
1541868.571429
1302154.285714
1576350.476190
1484081.904762
1429716.190476
1458144.761905
1506226.666667
1597900.952381
1393163.809524
1533857.142857
1342691.428571
1431161.904762
1570350.476190
1503834.285714
1648177.142857
1696283.809524
1664560.952381
1597758.571429
1455626.190476
1529305.714286
1516320.000000
1522551.904762
1104123.809524
1384613.809524
1091278.095238
1328969.523810
1543156.190476
1419140.952381
1207036.190476
1475723.809524
1657857.142857
1712036.190476
1346902.857143
1505291.428571
1401897.142857
1228430.476190
1075453.333333
1392784.761905
1120619.047619
1650420.952381
1594973.333333
1138072.380952
1361460.952381
1527571.428571
1663462.857143
1617813.333333
1637190.476190
1507264.761905
1618154.285714
1445723.809524
1468533.333333
1706476.190476
1763832.380952
1660068.571429
1716331.428571
1563297.142857
1532122.857143
1473876.190476
1812687.619048
1670563.333333
1520065.238095
1321611.428571
1399441.904762
1790112.380952
1471826.666667
1376746.666667
1289331.428571
1301613.333333
1554853.333333
1490476.190476
1579982.857143
1467573.333333
1486038.095238
1379847.619048
1210129.523810
1360328.095238
1513281.904762
1603868.571429
1411400.000000
1489064.761905
1228499.047619
1307660.952381
1395676.190476
1539552.380952
1225443.809524
1591081.428571
1450616.190476
1644356.190476
1391937.142857
1584638.095238
1699179.047619
1654672.380952
1405144.761905
1062327.619048
1173299.047619
1030588.571429
1164710.476190
1096222.857143
1235822.857143
1037971.428571
1296055.238095
1038415.238095
1248306.666667
1093986.666667
1140447.619048
1176251.428571
1087108.571429
1340840.000000
1457032.380952
1246112.380952
1228394.285714
1437628.571429
1394579.047619
1251798.095238
1167731.428571
1319960.000000
1596935.238095
1251801.904762
1295577.142857
1229761.904762
1224226.666667
1289203.809524
1329272.380952
1280415.238095
1202192.380952
1222297.142857
1144072.380952
1619108.571429
1464727.619048
1789807.619048
1675163.809524
1568481.904762
1529779.047619
1523704.761905
1385866.666667
1701137.142857
1645449.523810
1621287.619048
1659563.809524
1680157.619048
1741780.952381
1435380.000000
1470783.809524
1414054.285714
1544686.190476
1316562.857143
1380043.809524
1617462.857143
1465872.380952
1718041.904762
1680899.047619
1079718.095238
1198365.714286
1322605.714286
1454072.380952
1271001.904762
1275080.000000
1562558.095238
1559931.428571
1723961.904762
1717695.238095
1640198.095238
1621629.047619
1497025.714286
1461459.523810
1550771.904762
1464305.714286
1438956.190476
1471069.047619
1392526.666667
1395036.190476
1440102.857143
1469278.095238
1413530.476190
1582102.857143
1653891.428571
1770205.238095
1433580.476190
1697236.666667
1305617.142857
1389977.142857
1266664.761905
1583447.142857
1528489.047619
1146820.952381
1271373.333333
1376841.904762
1288409.523810
1612139.047619
1514803.809524
1388510.476190
1489489.523810
1540356.190476
1569001.904762
1510792.380952
1463474.285714
1431274.285714
1693600.000000
1556403.809524
1510870.476190
1658411.428571
1428041.904762
1622323.809524
1446539.047619
1627203.809524
1381733.333333
1751560.476190
1815916.190476
1532988.571429
1269809.523810
1374365.714286
1622281.904762
1366702.857143
1348611.428571
1143262.857143
1532680.000000
1768632.380952
1445407.619048
1452436.190476
1634638.095238
1514727.619048
1386353.809524
1635130.000000
1421964.285714
1521848.095238
1229155.714286
1447445.714286
1362777.142857
1386864.761905
1316702.857143
1414247.619048
1395754.285714
1458083.809524
1484582.857143
1578998.095238
1208041.904762
1116354.285714
1478974.761905
1466318.571429
1537767.619048
1380539.047619
1538592.380952
1477445.714286
1477400.000000
1539973.333333
1559700.952381
1392158.095238
1521580.952381
1462100.952381
1634024.761905
1556420.476190
1688022.857143
1436080.000000
1361249.523810
1421653.333333
1134341.904762
1318937.619048
1250440.000000
1147906.666667
1101352.380952
1153514.285714
1454769.523810
1497009.523810
1305040.000000
1353274.285714
16974657.619048
17126189.047619
1401965.714286
1356681.904762
1459558.095238
1626320.000000
1042192.380952
1205965.714286
1640747.142857
1499117.619048
1462571.428571
1721624.761905
1507567.619048
1351994.285714
1435504.761905
1587744.761905
1298011.428571
1452424.761905
1545542.857143
1521826.666667
1336921.904762
1418967.619048
1314628.571429
1319609.523810
1336352.380952
1338314.285714
1464584.761905
1468912.380952
1595716.190476
1452072.380952
1599478.095238
1506158.095238
1782729.523810
1772786.666667
1667699.523810
1601779.523810
1391648.095238
1563301.904762
1426855.714286
1389916.190476
1254401.904762
1223060.476190
1592680.000000
1343045.714286
1624685.714286
1519748.571429
1628899.047619
1563419.047619
1389668.571429
1576754.285714
1609455.238095
1687285.714286
1705563.809524
1637028.571429
1427821.904762
1355953.809524
1360836.190476
1365290.000000
840126.190476
1094939.523810
1567960.952381
1367590.476190
1266712.380952
1251470.476190
1418424.761905
1216896.190476
1446910.476190
1374266.666667
1415287.619048
1475495.238095
1425373.333333
1433988.571429
1560081.904762
1671912.380952
1712718.095238
1709603.809524
1370118.095238
1495973.333333
1987017.142857
1862057.142857
1689011.428571
1700563.809524
1545346.666667
1521047.619048
1596748.571429
1541669.523810
1452420.476190
1559503.809524
1496845.714286
1430564.761905
1818463.809524
1813583.809524
1629394.285714
1604754.285714
1419714.285714
1515026.666667
1421251.904762
1432740.952381
1462163.333333
1440761.904762
1610973.333333
1575412.380952
1487321.904762
1450415.238095
1449390.476190
1352249.523810
1654918.095238
1571740.952381
1685274.285714
1463386.666667
1575575.238095
1364459.047619
1354194.285714
1324807.619048
1414935.238095
1516628.571429
1408196.190476
1575379.047619
1298291.428571
1460443.809524
1367259.047619
1413459.047619
1308070.476190
1474257.142857
1298293.333333
1530367.619048
1540320.000000
1452100.952381
1533803.809524
1630769.523810
1390455.238095
1281451.428571
1155887.619048
1623281.904762
1312720.000000
1330083.809524
1633881.904762
1305891.428571
1332529.523810
1304205.714286
1406244.285714
1272999.047619
1603501.904762
1545483.809524
1419921.904762
1454184.761905
1527445.714286
1479413.333333
1509811.428571
1787369.523810
1404499.047619
1584491.428571
1363314.285714
1650386.666667
1443693.333333
1586607.619048
1330291.428571
1452078.095238
1183207.619048
1405080.000000
1225539.523810
1715388.571429
1569554.285714
1491833.333333
1428070.476190
1611887.619048
1938146.666667
1665335.238095
1754360.952381
1693773.333333
1455655.238095
1550971.428571
1309350.476190
1312001.904762
1343758.095238
1356220.952381
1290820.952381
1255462.857143
1239196.190476
1278750.476190
1342323.809524
1266066.666667
1441948.571429
1453116.190476
1425262.857143
1330312.380952
1306102.857143
1218377.142857
1276910.476190
1459573.333333
1506565.714286
1501899.047619
1352262.857143
1468851.428571
1667133.333333
1488887.619048
1724352.380952
1531392.380952
1590756.190476
1249312.380952
1371306.666667
1529849.523810
1285434.285714
1062641.904762
1475331.428571
1246249.523810
1314965.714286
1122253.333333
1476847.619048
1184716.190476
1322003.809524
1570805.714286
1443544.761905
1384142.857143
1311704.761905
1432556.190476
1502931.428571
1556241.904762
1579929.047619
1661855.238095
1386125.714286
1293569.523810
1268937.142857
1289877.142857
1271807.619048
1575278.095238
1407277.619048
1465895.238095
1400312.380952
1621565.714286
1579920.000000
1353232.380952
1361196.190476
1629685.714286
1632314.285714
1426754.285714
1625603.809524
1166102.857143
1290094.285714
1170944.285714
1263690.000000
1581537.619048
1344121.904762
1492241.904762
1556180.000000
1418902.857143
1360457.142857
1679880.000000
1524733.333333
1381773.333333
1409377.142857
1503998.095238
1306942.857143
1665173.333333
1573072.380952
1690779.047619
1632451.428571
1330634.761905
1571312.857143
1592836.190476
1601538.095238
1841438.095238
1744606.190476
1371613.333333
1615809.523810
1461232.380952
1454721.904762
1511821.904762
1660321.428571
1488651.428571
1605038.095238
1667740.952381
1676862.857143
1479506.666667
1679845.714286
1763891.428571
1827824.761905
1488358.095238
1685470.476190
1402361.904762
1433731.428571
1709760.000000
1715933.333333
1650447.619048
1769756.190476
1677489.523810
1760201.904762
1719733.333333
1712205.714286
1501929.523810
1548702.857143
1293994.285714
1268401.904762
1075653.809524
1281654.285714
1409098.095238
1267493.809524
1768536.190476
1570976.190476
1292948.095238
1228684.285714
1168579.047619
1308857.142857
1290333.333333
1527956.190476
1513560.000000
1578571.428571
1616007.619048
1683483.809524
1348900.952381
1685466.666667
1385733.333333
1339344.761905
1185447.619048
1440398.095238
1366706.666667
1473845.714286
1435407.619048
1281076.190476
1309207.619048
1239226.666667
1264824.761905
1580542.857143
1855121.904762
1496975.238095
1865660.952381
1707595.714286
1534283.809524
1263946.190476
1558000.000000
1464647.142857
1668013.809524
1474388.571429
1697260.952381
1605809.523810
1705194.285714
1586036.190476
1713055.238095
1723184.761905
1480363.809524
1527398.095238
1688274.761905
1473574.761905
1676390.476190
1531085.238095
1471057.142857
1419537.142857
1341180.952381
1441537.142857
1685860.952381
1419765.714286
1226489.523810
1374493.333333
1369596.190476
1398550.476190
1464990.476190
1536533.333333
1530135.238095
1448310.000000
1345316.190476
1166017.142857
1424396.190476
1223584.761905
1616792.380952
1493560.000000
1370605.714286
1466287.619048
1135253.333333
1210310.476190
1382740.952381
1340041.904762
1210506.666667
1307169.523810
1536424.761905
1374628.571429
1443580.952381
1533662.857143
1412729.523810
1543674.285714
1872811.428571
1812700.952381
1324499.047619
1431761.904762
1112377.142857
1020051.428571
1291689.523810
1296952.380952
1476943.809524
1320713.809524
1480086.190476
1428620.000000
1419946.666667
1307878.095238
1261426.666667
1143965.714286
1563887.619048
1314523.809524
1509771.428571
1321649.523810
1432215.238095
1371539.047619
1563655.238095
1381333.333333
1471501.904762
1304769.523810
1487680.000000
1346851.428571
1385240.000000
1287973.333333
1382428.571429
1251906.666667
1379878.095238
1228310.476190
1285760.000000
1126243.809524
1498857.142857
1301702.857143
1539819.047619
1343516.190476
1653272.380952
1515333.333333
1563495.238095
1422382.857143
1688427.142857
1591687.619048
1693593.809524
1573198.095238
1419280.000000
1565031.904762
1492004.285714
1464582.857143
1561834.285714
1513106.666667
1321891.428571
1401464.761905
1510508.571429
1526986.666667
1853918.095238
1777220.952381
1318380.952381
1445401.904762
1446354.285714
1442190.476190
1312773.333333
1285304.761905
1448638.095238
1273053.333333
1494508.571429
1387150.476190
1605095.238095
1520028.571429
1468228.571429
1340727.619048
1238840.000000
1353849.523810
1443769.523810
1509950.476190
1134836.190476
1052161.904762
1531327.619048
1422424.761905
1686158.095238
1605782.857143
1560542.857143
1630392.380952
1587932.857143
1736350.952381
1753022.380952
1736731.904762
1513934.285714
1496780.000000
1407725.238095
1324572.380952
1457076.190476
1576154.285714
1271472.380952
1488177.142857
1447647.619048
1423358.095238
1678800.000000
1700230.476190
1664339.047619
1714891.428571
1579539.047619
1330219.047619
1568933.333333
1355866.666667
1576786.666667
1657748.571429
1387740.952381
1268885.714286
1562710.476190
1349984.761905
1466950.476190
1638087.619048
1562127.619048
1551744.761905
1711464.761905
1647102.857143
1476582.857143
1416236.190476
1299266.666667
1217020.952381
1843977.142857
1786958.095238
1552379.047619
1460356.190476
1492434.285714
1338582.857143
1446278.571429
1328309.523810
1577795.714286
1396904.285714
1643960.000000
1576690.000000
1622222.857143
1468929.523810
1572992.380952
1496779.047619
1674680.000000
1551982.857143
1569457.142857
1426085.714286
1662436.190476
1589767.619048
1705622.857143
1636996.190476
1447549.523810
1347865.238095
1481051.904762
1465006.190476
1459391.904762
1289131.904762
1531041.904762
1505017.619048
1441411.428571
1464220.952381
1424083.809524
1428590.476190
1250520.000000
1398853.333333
1458398.095238
1437727.619048
1668076.190476
1486424.761905
1475752.380952
1418729.523810
1289139.047619
1304990.476190
1911662.857143
1833003.809524
1696720.000000
1675491.904762
1485664.761905
1706685.714286
1209842.857143
1327759.523810
1547308.095238
1665271.904762
1708023.333333
1748268.095238
1796226.666667
1915700.952381
1452944.761905
1350769.523810
1654773.333333
1519990.476190
1629474.285714
1643963.809524
1564262.857143
1531354.285714
1379137.619048
1372738.095238
1505603.809524
1528498.095238
1501692.380952
1374314.285714
1768915.714286
1629038.095238
1444045.714286
1409769.523810
1340405.714286
1266059.047619
1555740.952381
1322022.857143
1700036.190476
1611260.952381
1403057.142857
1376622.857143
1745403.809524
1605177.142857
1318320.000000
1300720.000000
1535116.190476
1454070.476190
1416613.333333
1488668.571429
1430337.142857
1523864.761905
1651190.476190
1753607.619048
1670278.095238
1834140.952381
1354249.523810
1540328.095238
1070542.380952
1284665.714286
1227803.809524
1421354.285714
1560131.428571
1584142.857143
1725428.571429
1633360.000000
1658415.238095
1603428.571429
1657295.238095
1614055.238095
1337592.380952
1303544.761905
1342057.142857
1196049.523810
1562240.000000
1362899.047619
1516363.809524
1646146.666667
1289299.047619
1392780.952381
1320224.761905
1523260.952381
1294643.809524
1373939.047619
1842078.095238
1949544.761905
1635876.190476
1581830.476190
1542291.428571
1594693.333333
1471645.238095
1360213.333333
1382954.285714
1206500.952381
1099952.380952
1450674.285714
1452114.285714
1556198.095238
1697788.571429
1615007.619048
1473430.476190
1644278.095238
1599194.285714
1579369.523810
1709046.666667
1306940.476190
1269830.476190
1125041.904762
1380380.476190
379813697.142857
1775432.857143
1565544.285714
1766755.238095
1550487.619048
1480614.285714
1312159.523810
1605984.761905
1514365.238095
1712403.809524
1376426.190476
1416325.714286
1463160.000000
1519400.000000
1281171.428571
1517388.571429
1021272.380952
1397333.333333
1372337.142857
1476272.380952
1365335.714286
1655188.571429
1745009.523810
1602426.666667
1559480.000000
1700257.142857
1669767.619048
1455055.714286
1623834.761905
1599681.904762
1529888.095238
1610298.095238
1575910.952381
1535680.000000
1682251.428571
1531840.000000
1498712.380952
1348030.000000
1422996.190476
1137315.714286
1513974.285714
1481056.190476
1367630.000000
1136218.095238
1331670.000000
1026481.904762
1267245.714286
1509487.619048
1477853.809524
1429565.714286
1363584.761905
1750588.571429
1640634.285714
1430571.428571
1391510.476190
1468258.571429
1395893.333333
1412314.285714
1290851.428571
1686253.333333
1545527.619048
1416577.142857
1403750.476190
1667926.190476
1513521.904762
1634725.714286
1580291.428571
1628145.238095
1642922.380952
1734101.904762
1621525.714286
1826945.238095
1875659.047619
1620325.714286
1734354.285714
1830780.952381
1934297.142857
1657571.428571
1570622.380952
1746558.095238
1656580.000000
1676728.095238
1674991.904762
1543697.142857
1580716.666667
1473862.857143
1597503.809524
1610427.619048
1846343.809524
1546535.714286
1590091.904762
1389640.000000
1523495.238095
1390720.000000
1517613.333333
1423243.809524
1711432.380952
1584988.571429
1652817.142857
1514817.142857
1562175.238095
1453990.476190
1598770.000000
1474100.000000
1637327.619048
1499047.619048
1555533.333333
1407097.142857
1559841.904762
1465838.095238
1367041.904762
1340017.142857
1531838.095238
1384297.142857
1286628.571429
1242590.476190
1337024.761905
1207377.142857
1495758.095238
1328979.047619
1538948.571429
1406491.428571
1630167.619048
1482335.238095
1267005.714286
1257992.380952
1348417.142857
1289352.380952
1478752.380952
1354960.000000
1441996.190476
1523958.095238
1713624.761905
1750432.380952
1499691.428571
1554030.476190
1450832.380952
1411281.904762
1660963.809524
1723472.380952
1315893.333333
1403331.428571
1520735.238095
1383106.666667
1925354.285714
1818321.904762
1423744.761905
1388918.095238
1361171.904762
1521123.809524
1671852.857143
1586546.666667
1415845.714286
1504680.000000
1721180.952381
1654055.238095
1642096.666667
1651639.047619
1718701.904762
1646000.000000
1674126.190476
1598317.619048
1663706.666667
1774028.571429
1405537.142857
1588146.666667
1583556.190476
1593659.047619
1609554.285714
1451447.619048
1521329.047619
1279982.857143
1674676.190476
1690781.904762
1574038.571429
1510890.000000
1344438.095238
1289019.047619
1703139.047619
1342967.619048
1788923.809524
1700611.428571
1478205.714286
1532902.857143
1445940.952381
1323417.142857
1372647.619048
1401556.190476
1503246.190476
1296190.476190
1521476.190476
1449217.142857
1310194.285714
1248472.380952
1489371.428571
1403230.476190
1340584.761905
1318609.523810
1818704.761905
1711710.476190
1497782.857143
1723451.428571
1811548.095238
1869114.285714
1825771.904762
1969004.285714
1495660.000000
1672706.190476
1724561.428571
1489963.333333
1797601.904762
1677327.619048
1745234.285714
1646340.952381
1737320.000000
1616792.380952
1629883.809524
1517185.714286
1544833.333333
1873763.809524
1448273.809524
1374551.904762
1688471.904762
1698690.000000
1825224.285714
1791974.285714
1845620.000000
1849156.190476
1793142.857143
1663411.428571
1633356.190476
1513761.904762
1591434.285714
1541083.809524
1388209.523810
1414992.380952
1575588.571429
1439041.904762
1717320.000000
1605832.380952
1924289.523810
1839548.571429
1691714.285714
1602575.238095
1560000.000000
1750022.380952
1503052.380952
1617311.904762
1461896.190476
1371185.714286
1429795.714286
1427166.666667
1545946.666667
1449293.333333
1642167.619048
1431487.619048
1377607.619048
1232238.095238
1535773.333333
1472860.952381
1498710.476190
1338834.285714
1673365.714286
1647693.333333
1391784.761905
1581952.380952
1694866.190476
1566198.095238
1341108.095238
1640385.714286
1629546.190476
1725414.285714
1645205.714286
1791666.666667
1877900.952381
1891215.238095
1838900.952381
1526529.523810
1427365.714286
1522138.571429
1304000.000000
1616906.190476
1788160.000000
1891872.380952
1868812.857143
1895018.095238
1978979.047619
1921180.952381
1747140.952381
1586843.809524
1276264.761905
1720968.095238
1717461.904762
1433968.095238
1222856.190476
1388178.095238
1395256.190476
1579086.190476
1403338.095238
1645535.238095
1261194.285714
1594725.714286
1754217.142857
1776070.476190
1679809.523810
1874072.380952
1672293.333333
1809260.952381
1801413.333333
1750830.476190
1739653.333333
1712816.666667
1096474.761905
1499251.428571
1529732.857143
1740128.571429
1412763.809524
1559989.523810
