23461124.285714
22406240.952381
21425031.428571
22019850.000000
22020570.952381
21551883.809524
22791573.333333
22825188.571429
19919773.809524
19165461.428571
17743200.000000
17917389.047619
20086348.571429
20506306.190476
19891933.333333
20237012.857143
19854270.476190
20776228.571429
20338514.285714
19926367.619048
19832241.904762
19921295.238095
19811963.809524
19874899.047619
19684963.809524
20239015.238095
20643672.380952
20554956.190476
20247476.190476
19968940.952381
19885647.619048
20715442.380952
20219548.571429
20381617.619048
20397920.476190
21392947.619048
20105449.523810
20863156.190476
20411085.714286
19892207.619048
20066779.047619
19932520.000000
19936234.285714
20487171.428571
20406297.142857
20868338.571429
20402731.428571
20449140.952381
20682544.761905
20441171.428571
20406826.666667
20142577.142857
20718370.952381
20603677.619048
20259053.333333
20420800.476190
20221146.666667
20373706.666667
20809703.809524
20615278.095238
21053276.666667
20139533.333333
20793983.333333
20272798.095238
20381200.000000
20609542.380952
20175546.666667
20390725.714286
20503695.238095
20284672.380952
20066510.476190
19948182.857143
20164973.333333
20301081.904762
20346078.095238
20345198.095238
20498241.904762
20331615.238095
20121824.761905
20051537.142857
20510132.857143
19938186.666667
20012906.666667
20157062.857143
20630899.047619
20446904.761905
21111957.619048
20512045.714286
20390350.476190
20386992.380952
20157236.190476
20066605.714286
20613639.047619
20956621.428571
20258742.857143
20694868.571429
20269243.809524
20420761.904762
20480927.619048
20685428.571429
20287121.904762
20872040.952381
20417828.571429
20250161.904762
20211912.380952
20475695.238095
20204464.761905
20495988.571429
20566300.952381
21178798.571429
20516775.238095
20556167.619048
20601950.476190
20602200.000000
20446281.904762
20478552.380952
20251264.761905
20607849.523810
20588297.142857
20519291.428571
20301840.000000
20272369.523810
20339613.333333
20515817.142857
20337295.238095
20467979.047619
20520796.190476
20413518.095238
20307093.333333
20130211.428571
20193563.809524
20102843.809524
20113567.619048
20409653.333333
20479584.761905
20505518.095238
20332445.714286
20323636.190476
20420489.523810
20207413.333333
20225249.523810
19941666.666667
20426476.190476
20609361.904762
20357788.571429
20222289.523810
20367371.428571
20239653.333333
20508476.190476
20370866.666667
20828634.285714
20399565.714286
20404428.571429
20217720.000000
20122792.380952
20066870.476190
20182916.190476
20257485.714286
20549137.142857
21131306.190476
20742613.333333
20448344.761905
20315382.857143
20340329.523810
20331180.952381
20347763.809524
20151775.238095
20520190.476190
20518156.190476
20428428.571429
20237630.476190
20264403.809524
20260396.190476
20489361.904762
20505678.095238
20702485.714286
20534316.190476
20575687.619048
20312245.714286
20242659.047619
19977278.095238
20140139.047619
20149889.523810
20470720.000000
20602640.000000
20691940.952381
20350095.238095
20578780.952381
20275887.619048
20283811.428571
20503090.476190
20117222.857143
20364712.380952
20692940.952381
20466775.238095
20309902.857143
20444028.571429
20367624.761905
20587681.904762
20565354.285714
20434203.809524
20299497.142857
20430038.095238
20575950.476190
20158969.523810
20096034.285714
20209874.285714
20444874.285714
20507607.619048
20453641.904762
20542478.095238
20383624.761905
20570200.000000
20534169.523810
20724287.619048
20584316.190476
20480392.380952
20736830.476190
20922026.666667
20738516.190476
20594586.666667
20386344.761905
20644200.000000
20700914.285714
21272409.523810
20632154.285714
20785156.190476
20806139.047619
20371868.571429
20374662.857143
20121533.333333
20179733.333333
20407824.761905
20558649.523810
20699695.238095
20679826.666667
20616940.952381
20906411.428571
20613196.190476
20586615.238095
20533451.428571
20458998.095238
20695323.809524
21051584.761905
20547965.714286
20552422.857143
20417859.047619
20585651.428571
20825588.571429
20790179.047619
20464638.095238
20556165.714286
20530544.761905
20321335.238095
20263510.476190
20358095.238095
20384521.904762
20598870.476190
20713731.428571
20803346.666667
20493163.809524
20663862.857143
20495011.428571
20530516.190476
20362542.857143
20519320.000000
20456106.666667
20685219.047619
20599668.571429
20475908.571429
20317563.809524
20337112.380952
20367678.095238
20509961.904762
20467160.000000
20542533.333333
20630100.952381
20609259.047619
20372525.714286
20248299.047619
20141735.238095
20164066.666667
20380529.523810
20552278.095238
20704554.285714
20593019.047619
20521521.904762
20744167.619048
18302807.142857
19366020.476190
19710758.571429
18687157.619048
18912849.047619
17864994.285714
18035893.333333
17714404.285714
17493576.666667
17669100.476190
17733912.380952
18497087.619048
20369093.333333
21061346.666667
20753041.904762
20602262.857143
20223680.000000
20356310.476190
20158108.571429
20313603.809524
20267078.095238
20216851.428571
20415182.857143
20799350.476190
20655388.571429
20656388.571429
20091203.809524
20278325.714286
20147038.095238
20311720.000000
20290074.285714
20395154.285714
22086731.904762
20788590.476190
20659163.809524
20500251.428571
20370609.523810
20379598.095238
20339097.142857
20761956.190476
20529518.095238
20705403.809524
20784946.666667
20771097.142857
20404377.142857
20308308.571429
20264360.000000
20329851.428571
20638716.190476
20755255.238095
21028784.761905
20995154.285714
20674900.952381
20679857.142857
20499845.714286
20563125.714286
20338043.809524
20425594.285714
20534809.523810
20834081.904762
20761440.000000
20694217.142857
20475316.190476
20522148.571429
20524577.142857
20642040.000000
20275600.000000
20619603.809524
20768634.285714
20583287.619048
20509731.428571
20408710.476190
20984950.476190
20662809.523810
20931950.952381
20561940.952381
20642060.952381
20518819.047619
20530859.047619
20306323.809524
20390091.428571
20266935.238095
20524017.142857
20760912.380952
20781546.666667
20815796.190476
20627590.476190
20465447.619048
20521478.095238
20467133.333333
20618948.571429
20319365.714286
20609125.714286
20737910.476190
20855695.238095
20527516.190476
20583691.428571
20379316.190476
20718577.142857
20730209.523810
20944779.047619
20854489.523810
20640887.619048
20590097.142857
20527110.476190
20455718.095238
20376849.523810
20493342.857143
20694278.095238
20841285.714286
21077165.714286
20898866.666667
20849556.190476
20762975.238095
20744937.142857
20757388.571429
20565076.190476
20828360.000000
20866409.523810
20775285.714286
24091460.952381
22543451.428571
21521586.666667
21836097.142857
21724948.571429
21439401.904762
21440874.285714
21392440.000000
21030588.571429
21025401.904762
20797584.761905
20765910.476190
21056102.857143
21393384.761905
21437514.285714
21557666.666667
21233544.761905
21195087.619048
21306369.523810
21053948.571429
21197072.380952
20969373.333333
21215609.523810
21437521.904762
21217171.428571
20844411.428571
20873960.000000
20762558.095238
21137409.523810
21036072.380952
21114794.285714
21362767.619048
21141598.095238
20939539.047619
20887411.428571
20610761.904762
20741125.714286
20693238.095238
21012360.000000
21208937.142857
21258440.000000
20931963.809524
21044600.000000
20853339.047619
20984548.571429
20897057.142857
20927129.523810
21095510.476190
21336005.714286
22294903.809524
20871748.571429
20764731.428571
21111786.666667
21212560.000000
21390699.047619
21333219.047619
21078318.095238
21289133.333333
20711849.523810
20770872.380952
20602836.190476
20627493.333333
20998030.476190
21152049.523810
21317998.095238
21386954.285714
21240977.142857
21173375.238095
24433314.285714
20950401.904762
21008657.142857
20903430.476190
21116908.571429
21415986.666667
21004704.761905
20822131.428571
20856807.619048
21015388.571429
20949068.571429
21062748.571429
21191514.285714
21120952.380952
21110129.523810
20860040.000000
20815640.000000
20844683.809524
20661156.190476
20948946.666667
21046257.142857
21148933.333333
21175299.047619
21112906.666667
20908883.809524
20842495.238095
20971718.095238
20830742.857143
20996700.952381
21100596.190476
21367952.380952
20977158.095238
20995026.666667
20881438.095238
21072222.857143
21268980.952381
21313127.619048
21074756.190476
21146352.380952
21057201.904762
20901577.142857
24473529.523810
21851714.285714
21311308.571429
21480184.761905
21733167.619048
21716636.190476
21777584.761905
21494247.619048
21485931.428571
21351211.428571
21179009.523810
21294533.333333
21072969.523810
21415838.095238
21545154.285714
21262085.714286
21157234.285714
21299760.000000
21170502.857143
21676238.095238
21474794.285714
21582710.476190
21479990.476190
21501800.000000
21134405.714286
21105885.714286
21030525.714286
20856678.095238
20921767.619048
21414078.095238
25175306.190476
21581603.809524
21480173.333333
21390283.809524
21458040.000000
21318870.476190
21401767.619048
21064975.238095
21486910.476190
21775624.761905
21387520.000000
21038822.857143
21179958.095238
21113899.047619
21366862.857143
21285131.428571
21248569.523810
21201207.619048
21448135.238095
20957841.904762
20979939.047619
20795645.714286
20752803.809524
20937217.142857
21477516.190476
21418171.428571
21462102.857143
21308232.380952
21307790.476190
21149139.047619
21282695.238095
21306880.000000
20963622.857143
21296434.285714
21453320.000000
21326154.285714
20891723.809524
21000563.809524
21142824.761905
21322276.190476
21384832.380952
21507971.428571
21265819.047619
21387207.619048
21332758.095238
21250876.190476
20909230.476190
21018973.333333
20966281.904762
21510653.333333
21502274.285714
21568413.333333
21268310.476190
23877156.190476
22381083.809524
24071154.761905
21919659.047619
21737491.428571
22067813.333333
22525918.095238
22043710.476190
21835171.428571
21594927.619048
21579864.761905
21853337.142857
21979407.619048
21776148.571429
21722419.047619
21962979.047619
21419721.904762
21399712.380952
21161344.761905
21002866.666667
21502180.952381
21777878.095238
21962350.476190
21941099.047619
21575106.666667
21792480.000000
21492266.666667
21640462.857143
21400068.571429
21340933.333333
21626611.428571
21953773.333333
21578754.285714
21349750.476190
21241737.142857
21239083.809524
21394493.333333
21653760.000000
21601914.285714
21634939.047619
21665312.380952
21296228.571429
21242582.857143
21078222.857143
20957280.000000
21260836.190476
21519352.380952
21751201.904762
21798200.000000
21526878.095238
21398179.047619
21206752.380952
21285325.714286
21185626.666667
21087979.047619
21322527.619048
21601026.666667
21328224.761905
21399241.904762
21178200.000000
21206005.714286
21296354.285714
21453213.333333
21242761.904762
21374784.761905
21343826.666667
20956674.285714
20997060.952381
21298195.714286
20703792.857143
20285711.428571
21429501.904762
20263958.095238
18777488.571429
18401195.714286
19202010.952381
19136215.238095
18275660.000000
17964935.714286
18149494.285714
18126240.000000
20547948.095238
19099922.857143
19105401.428571
18504450.000000
18638730.000000
21268569.523810
21099392.380952
21060076.190476
20847222.857143
21267603.809524
21711222.857143
21791249.523810
21388782.857143
21256230.476190
21111739.047619
21159024.761905
20975057.142857
21367323.809524
21458401.904762
21706222.857143
21952937.142857
21581889.523810
21156422.857143
21173986.666667
21094702.857143
21138775.238095
21526921.904762
21466695.238095
21231582.857143
21711883.809524
21765649.523810
21470704.761905
21105746.666667
21147236.190476
21206668.571429
21589537.142857
21480862.857143
21887436.190476
21804205.714286
21730493.333333
21438015.238095
21249796.190476
21209769.523810
21182668.571429
21321160.000000
21484139.047619
21842857.142857
21837022.857143
21365990.476190
21333834.285714
21303845.714286
21403600.000000
21427403.809524
21027554.285714
21401234.285714
21659881.904762
21345975.238095
21219716.190476
21250674.285714
21323382.857143
21485360.000000
21495474.285714
21496348.571429
24154525.714286
21408070.476190
20979283.809524
20961333.333333
20979419.047619
20980956.190476
21078971.428571
21422424.761905
21524340.952381
21592327.619048
21189047.619048
21299822.857143
21262348.571429
21334638.095238
21312800.000000
21032594.285714
21437620.952381
21659676.190476
21357659.047619
20949468.571429
21048746.666667
21189640.000000
21348400.000000
21291756.190476
21256956.190476
21334723.809524
21420369.523810
21148104.761905
21049180.952381
20844415.238095
20882900.952381
21015520.000000
20959899.047619
21464209.523810
21227803.809524
20890278.095238
21122731.428571
20874120.000000
20962718.095238
20980525.714286
20814632.380952
21088615.238095
21537746.666667
20981876.190476
21036110.476190
20939283.809524
21086169.523810
21281150.476190
21382613.333333
21172516.190476
21394756.190476
21366689.523810
20909047.619048
20756247.619048
20767203.809524
20784706.666667
21014495.238095
21133121.904762
21444994.285714
21313156.190476
21188775.238095
21178302.857143
20912278.095238
20925390.476190
21046076.190476
20930817.142857
21281264.761905
21332838.095238
21036746.666667
20936904.761905
20816786.666667
20923131.428571
21034175.238095
21014529.523810
20990872.380952
21060262.857143
20971693.333333
20787560.000000
20725857.142857
20830744.761905
20670843.809524
20829563.809524
20959531.428571
21285577.142857
21262209.523810
20947813.333333
20939828.571429
20983720.000000
20925550.476190
20937466.666667
20833401.904762
21200051.428571
21280289.523810
21102080.000000
20950190.476190
21204125.714286
21090845.714286
21494047.619048
21397340.952381
21149796.190476
21340072.380952
21237697.142857
21027560.000000
20935609.523810
20893897.142857
20834316.190476
20971992.380952
21353310.476190
21587567.619048
21547659.047619
21273666.666667
21287160.000000
21266569.523810
21179586.666667
21266411.428571
20971929.523810
21324942.857143
21493600.000000
21266740.952381
20907510.476190
20982765.714286
21019083.809524
21216853.333333
21245954.285714
21274666.666667
21254160.000000
21312554.285714
20953043.809524
20944508.571429
20861390.476190
20824333.333333
20943192.380952
23863013.333333
22675163.809524
22366367.619048
21907015.238095
21955200.000000
21682139.047619
21470788.571429
26438977.619048
21337603.809524
21608975.238095
21855758.095238
21523617.142857
21238451.428571
21334813.333333
21276062.857143
21782169.523810
21626571.428571
21463363.809524
21450712.380952
21499342.857143
21167767.619048
21275979.047619
21166855.238095
21044921.904762
21267104.761905
24486765.714286
22790266.666667
22432600.000000
21861721.904762
21851169.523810
21702220.952381
21892866.666667
21686072.380952
21543883.809524
21799870.476190
22158150.476190
21666011.428571
21338232.380952
21316986.666667
21417253.333333
21780020.952381
21784344.761905
21705680.000000
21605173.333333
21715257.142857
21231700.952381
21393272.380952
25188866.666667
21312028.571429
21461512.380952
21589417.142857
21954942.857143
22011487.619048
21566165.714286
21711190.476190
21451681.904762
21639824.761905
21545763.809524
24064098.095238
21564889.523810
24855621.428571
21717076.190476
21674525.714286
21552851.428571
21582944.761905
21760209.523810
21982807.619048
21660158.095238
21776135.238095
21664826.666667
21261542.857143
21286059.047619
21254561.904762
21149982.857143
21461405.714286
21668565.714286
21907262.857143
21823620.952381
21498236.190476
