47355855.238095
30490987.142857
28631611.428571
29148594.285714
28441100.000000
28103050.000000
28856440.000000
30006510.000000
27916221.428571
26159367.142857
26620749.523810
26566770.000000
26399147.142857
27887648.571429
27300034.285714
27144118.095238
27968145.714286
27483421.904762
28220258.095238
27769951.428571
26701540.952381
26773254.285714
29262066.666667
29744210.476190
28222559.047619
26674579.047619
27928695.238095
28351778.095238
26931586.666667
27537624.761905
27680681.904762
27642270.476190
27464083.809524
29648498.095238
27945140.952381
28624167.619048
32609005.238095
26593111.428571
27627885.714286
28218202.857143
27175651.428571
28206800.000000
27980583.809524
29425023.333333
27485722.857143
27901621.428571
27235272.857143
27635239.523810
30110105.714286
27299813.333333
28566342.857143
27929619.047619
29149479.523810
27762635.714286
27657053.809524
27831094.761905
28153361.428571
27990903.333333
32266654.285714
27874573.333333
28225248.571429
29216319.047619
28443714.761905
27546121.428571
30374570.000000
30293155.714286
27436384.285714
29693182.380952
27339069.523810
29141060.952381
28794530.476190
28336790.476190
30430257.619048
27852255.714286
27514749.047619
27091116.666667
27517170.000000
27367688.095238
27468688.095238
28079567.142857
27133627.619048
27970403.809524
27858617.619048
28145525.238095
28288293.809524
29057589.047619
28023500.476190
28231175.238095
27824490.000000
27818077.619048
26952898.095238
27496688.571429
27559575.714286
27170445.238095
32199921.904762
27417824.761905
27603846.666667
27279327.619048
27610833.333333
27545465.714286
28620720.952381
28275952.380952
28018142.857143
27385956.190476
28342761.904762
27856905.714286
27971806.666667
29507046.666667
27586015.238095
27870191.428571
27309248.571429
29499195.238095
27085762.857143
29136519.047619
29379096.190476
27457253.333333
27866069.523810
29633660.000000
27968520.000000
27723699.047619
28138820.000000
27722234.285714
26763160.952381
26262713.333333
27706386.666667
28994212.380952
27646197.142857
26596889.523810
26762410.476190
32089248.571429
26929947.142857
25421444.285714
31549770.952381
28004902.857143
27502524.761905
27816317.142857
27484689.523810
28522782.857143
27941949.523810
28010636.190476
28009922.857143
30653464.761905
29196269.523810
30705565.714286
28303967.619048
28297212.380952
29322797.142857
29907384.761905
29316404.761905
28324027.619048
29703937.619048
31173084.761905
31027607.142857
28086391.428571
28084556.190476
28825723.809524
28825436.190476
28669134.285714
30951037.142857
28489697.142857
28425262.857143
28412500.000000
27467380.952381
30679768.571429
27866308.571429
26934740.952381
26756744.761905
29858669.523810
27753144.761905
29212712.380952
27911835.238095
28929686.666667
28360320.952381
29066063.809524
29705706.666667
28385071.428571
27484203.809524
27063556.190476
30098591.428571
30242177.142857
30432324.761905
27177566.666667
29138840.952381
27692640.000000
27461205.714286
29785134.285714
29371680.952381
28445310.476190
27803481.904762
28376821.904762
28657306.190476
28795865.238095
27764568.571429
28858058.571429
27122045.238095
27194009.523810
28487577.142857
28450812.380952
27319411.428571
28717610.476190
28836773.333333
28371392.380952
32848612.857143
27340113.809524
27272768.571429
29150139.523810
35259868.571429
34778320.000000
30777058.095238
31451147.619048
29753563.809524
29262892.380952
29357060.000000
30956327.142857
29504171.904762
30208183.333333
29120567.142857
32209249.523810
29819862.857143
29738689.523810
29430740.000000
30052094.285714
31728744.761905
29586987.619048
30956876.190476
29130126.666667
27892936.666667
29786225.714286
29375987.142857
30707253.809524
30180016.666667
29883526.666667
29238445.714286
28787269.523810
30198968.095238
30677174.285714
28334564.285714
28963715.238095
31089503.809524
30099210.476190
29707120.000000
27609601.904762
27701809.523810
30135294.285714
27513460.952381
27098867.619048
27726495.714286
28448451.904762
30133320.476190
28706028.095238
30333935.238095
30795965.238095
31212584.285714
31164696.190476
27531584.761905
29567784.285714
28467812.857143
30327943.333333
28218971.428571
29394540.952381
29789547.142857
29680075.238095
29974676.666667
29411918.571429
31879875.238095
31092070.952381
28765613.809524
27948620.476190
29424271.428571
29913508.571429
30882477.619048
31001113.333333
31646331.904762
29813138.571429
29649649.523810
27863012.380952
27238043.333333
28670264.761905
30716234.761905
28461594.285714
29155267.142857
27545121.904762
27731898.571429
28041187.142857
28628890.952381
27584605.714286
26361879.523810
27339837.142857
29115462.857143
27409027.142857
27601387.142857
27106340.476190
26476761.428571
28511078.095238
29135272.857143
28989519.523810
28744817.619048
28727997.619048
30018200.952381
29935149.047619
28517123.333333
30588378.571429
28552542.857143
27810966.190476
30634832.857143
29019433.333333
29275053.333333
29802721.428571
28520959.047619
30789596.190476
28834432.857143
28921366.666667
30474877.619048
30183077.619048
28651838.571429
28970136.190476
30860879.047619
29775368.095238
28986142.857143
30852152.380952
28365112.380952
28989122.380952
28134912.857143
28402938.095238
28289465.238095
31531547.619048
29427379.047619
30708500.952381
28468922.857143
29285791.428571
27234168.571429
29135300.000000
29225018.571429
27951412.857143
29800350.000000
27962798.095238
30110423.809524
29226255.714286
30982975.238095
28792140.000000
27404596.190476
30362225.714286
27334650.952381
28643458.571429
30864293.809524
28723394.761905
28067817.142857
29583921.428571
29115253.333333
29159616.190476
28145658.095238
30387956.190476
30269162.857143
28191582.857143
29394561.428571
27612604.761905
30350541.904762
30650145.238095
28634654.285714
28380299.047619
27984768.571429
28482060.952381
26758423.333333
27731369.047619
29032415.714286
31032588.571429
30940742.857143
30807051.904762
28390792.380952
28250257.142857
28338327.619048
28111870.476190
27506046.190476
26975863.333333
28994034.761905
30246280.000000
30894185.714286
29820390.952381
28630865.238095
28645768.095238
28492451.904762
28030577.619048
29097090.952381
28213571.904762
28808415.714286
28344347.619048
28971120.952381
30530560.476190
31070355.714286
27757004.285714
29312059.047619
27740259.047619
29064068.571429
30400498.095238
28680836.190476
28008111.904762
28363182.857143
29940858.571429
29657641.904762
29014472.380952
28771793.333333
28020752.380952
29096333.333333
27719952.380952
30951596.190476
27945598.095238
28129978.095238
27101726.666667
27589594.285714
28299096.190476
26929106.666667
28148899.047619
29846159.047619
30066194.285714
27917527.619048
28137720.000000
27907667.619048
27901120.952381
27855802.857143
27792400.952381
27152244.761905
28443512.857143
29547267.619048
26946822.857143
28781512.380952
27389465.714286
30213711.904762
27617844.285714
29534255.238095
27302046.666667
29270035.714286
29632755.714286
28305237.142857
27797629.523810
29941612.380952
28011402.857143
28216524.285714
27415548.095238
29016259.047619
28329604.761905
27151668.095238
27692724.285714
28705026.666667
27901338.095238
28490860.952381
28033623.809524
27229823.333333
28079976.666667
27998281.904762
28527156.190476
27610297.619048
28392327.142857
28131517.142857
28115777.142857
27922705.714286
27899088.571429
26437226.666667
27215885.714286
30177362.857143
27572584.761905
30119033.333333
30168756.190476
30330922.857143
27301183.809524
28287091.428571
28193478.095238
27675662.857143
29135788.571429
28335722.857143
30544411.428571
27400488.571429
27938948.095238
28003578.571429
27813668.571429
26857792.380952
27809831.428571
27644522.857143
27908871.428571
27789302.857143
27220025.714286
28076671.428571
28449954.285714
27984352.380952
27965208.571429
27988216.190476
27981527.619048
27802762.380952
27771134.761905
27988596.190476
27291793.809524
29757532.857143
28065685.714286
27559836.190476
27607261.904762
29252288.571429
27163184.761905
26883780.000000
29279692.380952
29699596.190476
27798312.380952
28202949.523810
26826527.619048
30656260.952381
27245685.714286
28891859.047619
27405071.428571
30284535.238095
30333421.428571
30382481.428571
28102592.380952
28626940.000000
29144434.285714
28828212.380952
30825195.238095
28863334.285714
28741571.428571
28656157.142857
27663870.476190
27605406.666667
27040646.190476
29411782.380952
27369504.761905
27729818.095238
29090205.238095
26983900.476190
29189233.333333
26717928.571429
27375563.809524
26321091.428571
27092790.476190
29535795.238095
27160874.285714
28001126.666667
27673893.333333
27860851.428571
27732666.666667
27558013.333333
27228709.523810
27346677.142857
27432178.095238
27060563.809524
27905559.047619
26820137.142857
27952557.142857
26947933.333333
27022669.523810
27256330.000000
28083520.952381
27637621.428571
27823887.619048
26961349.047619
27750609.523810
27061605.238095
28868501.904762
27230555.238095
28399378.095238
27770821.428571
26613161.904762
27546332.857143
29869199.047619
29097750.000000
26736698.095238
27622493.809524
26872527.619048
28310751.428571
27934879.047619
28146295.714286
27137369.047619
28793008.095238
27953953.809524
27575737.619048
27262890.000000
28459448.095238
27323808.571429
29473073.333333
29609260.952381
27727012.857143
27674294.761905
28122279.047619
28972275.238095
27539398.571429
28121079.523810
27987095.238095
29809048.571429
27533205.714286
27635747.619048
27403689.047619
27730825.714286
28915997.142857
29429781.904762
27447272.857143
28800800.476190
28684992.380952
28562204.761905
27771000.000000
29346632.380952
27571280.476190
28769029.047619
29046020.000000
28174414.285714
28017094.761905
27483163.333333
28356055.238095
27952084.761905
27994971.428571
31723246.666667
28221374.761905
29937668.095238
28396450.476190
30129264.761905
30347088.095238
29502244.285714
27883050.476190
28094673.333333
28339742.857143
28501626.666667
28275989.047619
27167452.857143
28861223.809524
27274215.238095
28180107.619048
27684240.000000
28481244.761905
27208993.333333
28503573.333333
26924084.761905
27961455.714286
27512574.761905
27275865.714286
28067736.190476
27276583.809524
29457944.761905
27675723.809524
28254613.333333
27580740.952381
27803327.619048
29570572.857143
27427550.952381
28520381.904762
28696727.619048
27854330.476190
30142426.666667
29569027.619048
28996183.809524
27559485.714286
27031335.238095
27500348.095238
27060019.523810
27837069.523810
28663086.666667
28387314.285714
27759751.428571
28250372.380952
27799317.142857
28200356.190476
27763459.047619
29711814.285714
26321962.857143
25396410.000000
26557752.857143
28761840.000000
25481875.714286
26758074.285714
26384530.000000
25393492.857143
27952458.571429
26408194.285714
26502337.142857
27494942.857143
26773717.142857
29583492.380952
27927805.714286
29466190.476190
30299158.095238
29570385.714286
27354858.095238
27840224.761905
27103859.047619
27692727.619048
26725435.238095
27203909.523810
28763279.047619
27493932.380952
26806612.380952
28149838.095238
27312256.190476
28235642.857143
30623200.952381
29789912.380952
28843266.666667
30361060.952381
28715682.857143
27712859.047619
27688616.190476
27758468.571429
27074080.952381
27382807.619048
28724226.666667
26493188.571429
29135068.571429
27633694.285714
26722221.904762
27216466.666667
27914810.000000
28023311.428571
28389005.238095
27353101.904762
30413596.666667
27059531.904762
27588571.428571
29601724.761905
29554595.238095
27042837.142857
27296203.333333
28199857.619048
29986668.571429
28789336.190476
28658044.285714
29192490.000000
28880863.809524
29598720.952381
29335957.619048
28953171.904762
29070303.333333
27973940.476190
29070874.285714
30964347.619048
27334685.238095
29009128.095238
27444700.000000
26669847.619048
29002746.666667
28603004.761905
26684526.666667
29489186.666667
27441807.619048
28311734.285714
27974977.142857
28268751.428571
27687924.761905
29509909.523810
27215192.380952
29782661.904762
29385003.809524
30451628.571429
27772394.285714
27865280.952381
30505840.952381
28179203.809524
28045549.523810
29600456.190476
27451340.952381
29324933.333333
29663512.380952
27610343.809524
27562527.619048
28808190.476190
27645804.761905
29417250.476190
27543168.571429
27605883.809524
25841550.476190
27829209.523810
27653360.952381
28033536.190476
28116805.714286
30362009.523810
29420810.476190
27767142.857143
27935632.380952
27595822.857143
28993779.047619
28745136.190476
27136220.952381
28629152.380952
28159280.952381
27531154.285714
28118487.619048
27758273.333333
26410303.809524
28472980.000000
30693893.333333
30274157.142857
27285198.095238
28154825.714286
28187960.000000
28041768.571429
28719902.857143
28056475.238095
30760100.952381
30262868.571429
28616812.380952
30388260.000000
27472983.809524
27501771.428571
27405174.285714
26885609.523810
26346265.714286
27531772.380952
28320034.285714
28127362.380952
26918820.000000
27970740.476190
28499122.857143
28569010.476190
28415903.333333
27492475.714286
27982240.952381
27820108.571429
27466304.285714
27179395.238095
27895527.619048
27829755.714286
27476370.476190
29263677.142857
28352332.380952
27439935.238095
28176671.428571
27245460.952381
28447701.904762
28016181.904762
28971108.571429
28216438.095238
27400118.095238
27233125.714286
27863511.428571
29484381.904762
27587259.047619
27491253.333333
27656082.857143
28807310.476190
27230265.714286
28230413.333333
29103439.047619
27683084.761905
27035975.238095
28366237.142857
27539080.000000
27770121.904762
27759260.000000
28940773.333333
30217640.952381
29644338.095238
29436924.761905
29448738.095238
30812289.523810
28581775.238095
31528299.047619
29150650.476190
28721368.571429
28367371.428571
29219506.666667
29470530.476190
28408394.285714
28539989.523810
29533999.047619
30685540.952381
27846975.238095
28266007.619048
30112150.952381
28029364.285714
29845108.095238
30320840.476190
29621500.952381
27491820.000000
28104388.571429
27887909.523810
29406583.809524
29160407.619048
27951403.809524
27471624.761905
28103585.714286
27503726.666667
28870278.095238
26928772.380952
28914742.857143
30300824.761905
28110708.571429
27392167.619048
28515560.952381
27410461.904762
27483485.714286
28164945.714286
28050436.190476
28542707.619048
28147231.428571
28320173.333333
27461840.000000
30999947.619048
27328060.952381
30368081.904762
30211898.095238
29286167.619048
28517180.952381
27216432.380952
26604697.142857
28044965.714286
27315241.904762
28046113.333333
28972000.952381
27879355.238095
28250877.142857
27325382.857143
28251436.190476
29812471.428571
27793239.047619
29809815.238095
27147891.428571
27680857.142857
27019347.619048
28938298.095238
27189877.142857
27292506.666667
29399415.238095
27763395.238095
29165812.380952
29151664.761905
27696106.666667
28385385.238095
28145870.000000
27839192.857143
27771060.952381
27815206.666667
27771650.952381
27899417.619048
27621559.523810
27661149.047619
27416881.428571
27436397.619048
26956171.428571
27131833.333333
28033489.523810
27121608.571429
28045218.571429
26846190.000000
27476359.523810
27967972.857143
29793529.047619
28150470.000000
