46952518.571429
31158494.285714
26555368.571429
27445107.142857
26503950.000000
26398518.571429
26215671.428571
28094665.714286
28505430.000000
26631872.380952
27416192.380952
26476291.428571
27355572.857143
31571948.095238
26122031.428571
30007140.476190
27701212.857143
27231934.761905
27631261.428571
27670001.428571
28300713.809524
28194286.666667
28408089.047619
27969905.238095
27633459.047619
30655199.047619
29957690.952381
27919402.380952
27887204.761905
30391660.000000
29665514.285714
28427714.761905
28460325.714286
28003791.428571
30597787.619048
28068658.095238
27369045.238095
29460848.095238
27950482.380952
29930524.285714
27285898.095238
27520606.190476
30660429.523810
30465343.809524
28749324.761905
29867379.047619
28230941.428571
28424095.714286
28013250.952381
29206416.666667
28286337.142857
27082697.619048
27786275.714286
28156583.809524
28779890.476190
27753347.619048
27860082.380952
29200436.190476
27630016.190476
27057971.904762
27876503.809524
29356365.238095
28058653.809524
27932934.285714
28494532.380952
29663308.571429
27490479.523810
29335980.476190
27677556.190476
28007644.285714
29275524.761905
31661798.571429
28503075.238095
27407265.714286
27312365.714286
28956553.333333
28235229.047619
27751756.190476
28066648.571429
27815915.238095
28551787.619048
27592360.952381
29551840.000000
27753700.952381
27794315.238095
27749959.047619
29808021.904762
27580012.380952
30360046.666667
27927234.285714
28167202.857143
27792654.285714
27455366.666667
27595268.571429
27594552.380952
29676217.142857
27794278.095238
27871044.761905
30639169.523810
27640014.285714
27939778.095238
29449252.380952
27669252.380952
27004715.238095
29606780.952381
27480083.809524
27397254.285714
28029574.285714
27654314.285714
27985235.238095
29382146.666667
27963510.952381
28289432.380952
28083889.523810
30394015.238095
28165517.142857
26687204.761905
29846807.619048
27869860.000000
28290065.714286
27671022.857143
28834174.285714
28059328.571429
27951468.571429
28337563.809524
27829263.809524
27855862.857143
27815540.000000
28083535.238095
28053384.761905
27833196.190476
29877516.190476
31698899.523810
29964611.428571
27893842.857143
27913923.809524
27487775.714286
27653599.047619
27555648.571429
27495335.238095
29269252.857143
27360862.857143
27455923.809524
28064381.904762
29570981.904762
28999780.000000
28631747.619048
27787188.571429
27791719.047619
29346549.523810
27380969.523810
28674552.857143
27833593.809524
27927928.571429
28028409.523810
27880036.190476
27556741.904762
27626567.619048
28242893.809524
27753766.190476
27710130.476190
27937204.761905
28100206.666667
27835746.666667
28032320.952381
29623876.190476
46865063.809524
33869042.380952
32019401.428571
30894490.000000
32143331.428571
30187166.190476
30032054.285714
29578194.285714
29193473.333333
31550209.523810
28918819.047619
27404003.809524
27438218.095238
29758993.333333
28063429.523810
27977290.952381
28136049.523810
28296591.428571
27841873.333333
29616045.714286
29593620.000000
28131941.904762
27882596.190476
27539866.666667
28432434.285714
27943301.904762
27244794.285714
27847843.809524
28359052.380952
29528843.333333
27911327.142857
29786458.095238
27903934.285714
27746214.285714
28208793.333333
28868927.619048
28638360.000000
27239684.761905
28280862.857143
26780961.428571
29191820.952381
30183673.333333
32248374.761905
28710392.380952
27014942.857143
28314586.666667
28012612.380952
28967257.619048
28003126.190476
31544868.571429
27482701.904762
26863031.428571
27043946.666667
27073385.714286
26711442.380952
30278811.904762
28569664.761905
28264100.000000
28800783.809524
30586987.619048
27877026.666667
27757652.380952
28118559.047619
30437481.428571
28066455.238095
29391781.904762
29599504.285714
29684674.285714
28143001.428571
30711200.952381
29606034.761905
29890969.047619
28332034.285714
28666506.666667
28307142.857143
30272045.714286
29902677.142857
27822748.571429
29533440.476190
30290383.809524
29770361.428571
28209247.619048
28430730.952381
29390625.238095
29924609.523810
28297712.380952
29790146.190476
29270265.238095
28432355.714286
29150735.714286
28431112.857143
29465938.095238
29231033.333333
29772650.952381
28334256.190476
30409966.190476
28365785.238095
29726775.238095
28861931.428571
31304924.761905
28847549.523810
29632301.428571
30412597.619048
30134229.047619
29181920.000000
31942684.285714
29051583.809524
29152230.476190
29924952.380952
30735417.142857
28892432.380952
28757355.238095
29809532.857143
28230707.142857
29468445.714286
30021049.523810
29582498.571429
28239524.285714
28505467.142857
29213055.238095
27707976.666667
28814620.000000
28374810.952381
30503855.238095
29767236.190476
29491235.714286
27898888.571429
27330509.523810
28153594.761905
27319257.142857
26991925.714286
28004428.571429
26508064.285714
26954070.000000
26044695.714286
26376704.285714
26973917.142857
28158119.523810
26672321.428571
28504141.428571
30497847.619048
28537370.000000
29674254.761905
27908935.238095
29215297.619048
28552983.809524
28555432.857143
28272095.238095
28893723.809524
30635102.380952
27342103.809524
30753759.047619
27430648.571429
28697682.857143
27778057.142857
27606422.857143
31770990.000000
27336820.952381
27610525.714286
28133335.238095
28025707.619048
28058853.333333
28028920.000000
28123821.904762
30904411.428571
31114633.333333
28222223.809524
28854713.333333
28010380.000000
28467454.285714
27717040.952381
29832303.809524
29122862.857143
27817450.476190
27936376.190476
30088743.809524
27581567.619048
28195442.857143
28184369.523810
30292476.190476
30938553.333333
28944925.714286
27579973.333333
30860694.285714
27841714.285714
30951749.523810
27619528.571429
30733424.761905
27989475.238095
28433427.619048
28256127.619048
28446321.904762
29785846.666667
27820417.142857
27713852.380952
28475595.238095
29142688.571429
26707858.095238
29218948.571429
27818634.285714
27681013.333333
29159650.476190
29970642.857143
27688979.047619
29266430.000000
29402265.714286
27574091.428571
28323059.047619
27866470.476190
29203587.619048
28175072.380952
27273954.285714
27986580.952381
28108352.380952
27957500.952381
29423400.000000
28315466.666667
28020023.809524
27977680.952381
27867222.857143
28972950.476190
27800308.571429
28242648.571429
28979907.619048
28299421.904762
29901537.142857
29743291.428571
29414703.809524
28927946.666667
29823303.809524
27547844.761905
28318940.952381
27907935.238095
27669791.428571
28311362.380952
29085844.285714
28186609.523810
28417864.761905
28182785.714286
27783966.666667
30464609.523810
27848821.904762
27647860.952381
29243104.761905
28087064.285714
27965859.523810
29325014.285714
29948123.809524
28177672.380952
29975769.523810
29500897.142857
29804211.428571
27773587.619048
28235071.428571
30085983.809524
28227840.000000
28060176.666667
29474909.523810
30506835.238095
27977757.142857
30799638.095238
28975800.000000
29857642.857143
27673919.047619
28158372.857143
28549202.380952
29088398.095238
27735500.000000
28398288.571429
28168174.285714
28217673.333333
29015146.666667
27683424.761905
28433390.476190
29815670.952381
28660884.285714
27383040.000000
28607208.095238
28336817.142857
29042536.190476
27802886.666667
29260938.095238
27766753.333333
27741579.047619
28214498.571429
29430116.666667
27952936.190476
30684535.238095
27560591.428571
29609210.476190
27744370.476190
30713365.714286
26994547.142857
30590494.761905
32024797.619048
27437076.190476
29851120.952381
27933380.952381
28598144.761905
28791530.476190
30330364.761905
27458666.666667
28346162.857143
27786671.428571
28387427.619048
28339454.285714
28886421.904762
28313232.857143
30875998.095238
29819746.190476
29623002.857143
28533122.857143
26898905.714286
26276380.952381
32104058.571429
31741544.285714
27463851.428571
27618950.476190
29456280.000000
27673464.761905
29842225.714286
28125525.714286
28301670.476190
27724251.428571
27496341.904762
28384262.857143
29085842.857143
27865882.857143
28337452.380952
28821620.952381
27223164.761905
28259002.857143
30172949.523810
30779862.857143
27940455.238095
29244110.476190
27794131.428571
28376878.095238
28774248.571429
27841918.095238
28335124.761905
28149743.809524
28412455.238095
28419437.142857
30849630.476190
27486320.952381
29304988.571429
27536907.619048
30069401.904762
27527734.285714
27654801.904762
28239296.190476
27882166.666667
27909239.047619
27532738.095238
27596776.190476
30878740.952381
29880084.761905
28417004.761905
27303780.000000
27323523.809524
28823884.761905
27894030.476190
28199071.428571
29803802.857143
29898273.333333
27665437.142857
27889737.142857
30757281.904762
28150943.809524
28038060.952381
28580941.904762
26577384.761905
27886100.952381
30633904.761905
30972816.190476
28017853.333333
28046099.047619
29733180.952381
27871978.095238
27947097.142857
28636866.666667
26123378.095238
30029662.857143
28432565.714286
28564587.619048
28685186.666667
30553541.904762
28320942.857143
28446886.666667
28331733.333333
28108810.476190
27299439.047619
28212635.238095
29005130.476190
26771533.333333
28105400.952381
30318540.952381
28120625.714286
27936321.904762
27966989.523810
28273540.000000
27604361.904762
27618869.523810
28429356.190476
29680281.904762
28257459.047619
27389186.666667
28108486.666667
28253951.428571
30526567.619048
27594491.428571
29004970.476190
28232797.142857
28291660.952381
27793715.238095
29879279.047619
27978929.523810
29661437.142857
27852052.380952
27857437.142857
28681806.666667
29183761.904762
28420176.190476
28624926.666667
29247425.714286
26377903.809524
28069420.000000
28155045.714286
28035378.095238
28030148.571429
28052273.333333
28401944.761905
27935241.904762
27168562.857143
27629121.904762
28196341.904762
27858208.571429
29927583.809524
27715736.190476
27833830.476190
26311941.904762
27847630.476190
28240702.857143
28371157.142857
28308709.523810
26901151.428571
29697978.095238
28194243.809524
28089373.333333
26745591.428571
26358929.523810
28075376.190476
26979491.428571
28429297.142857
27873803.809524
29864453.333333
28247950.476190
27996302.857143
27220029.523810
28173306.666667
27627031.428571
28930358.095238
27794807.619048
28529018.095238
28028369.523810
27601851.428571
29812256.190476
29533555.238095
28390607.619048
27420040.000000
28680732.380952
25973078.095238
28130560.000000
29267436.190476
29790452.380952
27258436.190476
28301344.761905
28183139.047619
27732948.571429
27905052.380952
27191772.380952
27827080.952381
28524933.333333
27239402.857143
27871010.476190
29033678.095238
29992789.523810
29325320.952381
27599468.571429
27814532.380952
28108105.714286
27945480.952381
28305003.809524
28188511.428571
27804819.047619
27991711.428571
27583284.761905
27426965.714286
29528820.952381
29651469.523810
27738511.428571
28215440.952381
27626230.476190
28235740.952381
27785390.476190
28068308.571429
28026806.666667
28352609.047619
27265515.238095
28127676.190476
28035741.904762
28091050.000000
26513475.238095
28970991.428571
26632261.428571
25969260.000000
26789969.047619
26203330.476190
26992664.285714
27079975.714286
26821452.857143
26602968.571429
28584427.142857
26959598.571429
26008488.571429
27378873.333333
27584040.952381
26764199.047619
29768354.285714
29027852.380952
27930599.047619
27897888.571429
28138460.000000
26743970.476190
27415006.666667
30004446.666667
30444171.428571
27011425.714286
28110683.809524
28841725.714286
27927777.142857
27812809.523810
29761900.952381
27500372.380952
28084719.047619
27789669.523810
27473173.333333
28068381.904762
27852783.809524
27205741.904762
28969280.952381
27430841.904762
27806419.047619
28035929.523810
27188920.000000
28503441.904762
28313417.142857
27845898.095238
27912584.761905
28121931.428571
27505852.380952
28096166.666667
27145362.857143
27324114.285714
27888226.666667
28087051.428571
28089034.285714
28075706.666667
29752530.476190
29420713.333333
27539170.476190
27589063.809524
27708822.857143
28592980.000000
27625199.047619
29128523.809524
28972721.904762
27825514.285714
26745685.714286
27848641.904762
28171948.571429
27587236.190476
28216440.952381
27920306.666667
27952873.333333
28100172.380952
28089649.523810
29637852.380952
28163991.428571
27823207.619048
27974818.095238
28404834.285714
27685700.952381
29856557.142857
28003760.952381
28474373.333333
27605442.857143
29405172.380952
27697994.285714
27474379.047619
30320241.904762
30341340.000000
28132404.761905
28024180.000000
27792506.666667
27994770.476190
27520828.571429
28170825.714286
28086243.809524
27910516.190476
27605901.904762
28414464.761905
29568180.952381
28053666.666667
27944772.380952
27956039.047619
29270126.666667
28273823.809524
26795443.809524
28628960.000000
27950937.142857
28041534.285714
27846047.619048
30361795.238095
27027987.142857
28237715.714286
27452200.000000
27087204.761905
27752352.380952
27783316.190476
27934285.714286
27907749.523810
27914728.571429
29284236.190476
27258266.666667
27759930.476190
28029249.523810
28454556.190476
29825096.190476
27125921.904762
29216761.904762
27427017.142857
29631744.761905
27488980.000000
27745733.333333
27930866.666667
27330495.238095
28729706.666667
28474066.666667
27375176.190476
27968477.142857
27620882.857143
27459472.380952
29445432.380952
27191693.333333
28449236.190476
31008280.952381
27208463.809524
27701400.476190
26980906.190476
27042231.904762
29160349.523810
29325412.380952
27843961.904762
27803853.333333
26994125.238095
27693004.761905
26738024.761905
27979136.666667
26892221.428571
26625730.952381
28600532.380952
27507491.428571
27697640.000000
27699116.190476
29201609.523810
27347404.761905
27889299.047619
27432915.238095
29856883.809524
28146652.857143
30201418.571429
27315876.190476
27904351.428571
27581941.904762
26704860.000000
26900330.476190
27931410.476190
28418099.047619
27930021.904762
28084815.238095
27625713.333333
28018703.809524
28001035.238095
27684420.952381
26647459.047619
29534544.761905
28078134.285714
28018170.476190
27695190.476190
28193384.761905
28362584.761905
28699277.142857
27849512.380952
27093511.428571
27788858.095238
27713480.000000
26495198.095238
27303249.523810
27363726.666667
28226471.428571
28110570.476190
27043469.523810
27671379.047619
27470363.809524
29340689.523810
27467072.380952
29466384.761905
27391543.809524
27677792.380952
27096513.333333
29506438.095238
28016701.904762
26953918.095238
29415183.809524
27823313.333333
29534090.476190
27040349.523810
27666681.904762
27841527.619048
27295284.761905
29631941.904762
26723828.571429
28034208.571429
26379300.000000
27370815.238095
29840915.238095
27342988.571429
27841227.619048
27517150.476190
27546389.523810
27578498.095238
29198229.523810
27383017.142857
26215056.190476
27500018.095238
27303105.714286
29244998.095238
27177032.380952
27742423.809524
29660145.714286
27934763.809524
27143071.428571
27577527.619048
29380728.571429
27547109.523810
26906589.523810
27438416.190476
29727411.428571
27971057.142857
29367823.809524
28431330.476190
26776653.333333
27162345.714286
30315652.380952
29292567.619048
27038192.380952
28734468.571429
27068079.047619
27500687.142857
27628243.333333
26588813.333333
29651471.428571
26877420.952381
29586819.047619
27152083.809524
29385946.666667
33577149.523810
30420458.095238
28545799.047619
29292139.047619
27987640.952381
27683833.333333
28781895.238095
27356560.952381
27978192.380952
26713846.666667
29231612.380952
26722526.666667
27671055.238095
26449126.666667
27312475.238095
27220613.333333
29524796.190476
27705501.904762
27247233.333333
28975293.333333
27672398.095238
27110702.857143
27919140.952381
27191067.619048
29070948.571429
26703720.952381
26683983.809524
