42947398.571429
32656554.285714
33860978.571429
33344974.285714
28289987.142857
28474698.571429
30464125.714286
27609134.285714
28835518.571429
27204758.571429
27442172.857143
24339207.142857
28829337.142857
26348228.571429
28453331.428571
30186732.380952
27687763.809524
28023296.190476
29820760.952381
28899695.238095
27738545.714286
27525684.761905
27008025.714286
27994553.333333
25128137.142857
29003944.761905
27323845.714286
26868122.857143
27593706.666667
26649013.333333
24936088.571429
29283354.285714
26019992.380952
25713651.428571
27930025.714286
25942251.428571
28107089.523810
27374843.809524
26139560.000000
26014582.857143
27778455.238095
26342445.714286
27350818.095238
28960932.380952
26377842.857143
26428348.571429
26123422.857143
25844254.285714
29126153.333333
27253030.476190
28498993.809524
27346634.285714
28265814.285714
26519180.952381
27150489.523810
26177259.047619
27726327.619048
26517272.380952
26733851.428571
26676700.000000
27565373.333333
25986903.809524
26511219.047619
28559565.238095
26893361.904762
27467297.142857
25563128.571429
25580704.761905
26579868.571429
26395359.047619
25043844.761905
26929266.666667
25524263.809524
26441893.333333
26482560.000000
28138768.571429
26472713.333333
27482101.904762
26816293.333333
26985626.666667
28081290.476190
27390330.476190
30160422.380952
29317293.333333
26981357.142857
27303747.619048
27015985.714286
25704430.476190
27438654.285714
25424009.523810
26454153.809524
26577457.142857
26245940.476190
25894227.142857
28239373.333333
26593119.047619
28504579.047619
26452474.285714
27298792.857143
26145658.571429
28065612.857143
27372676.666667
27435408.571429
28413084.761905
28243630.476190
27358142.857143
27652754.285714
25269884.285714
24903990.476190
25703625.714286
23816846.666667
24516172.380952
27049736.190476
26950634.761905
27671624.761905
26283039.047619
28458510.476190
24987632.380952
26812658.095238
27818846.666667
25150235.238095
26450975.238095
25471556.190476
32199076.190476
28868874.285714
30321720.476190
29365265.238095
28389280.476190
31441906.666667
30766143.809524
30551352.857143
29692850.000000
28602077.619048
26781115.714286
26707100.952381
27743729.523810
26592749.523810
26725243.809524
28290063.333333
28020867.142857
27206135.714286
27286287.619048
28926587.142857
28154700.000000
28158541.428571
28120993.809524
26165855.238095
28204945.238095
26589156.666667
27448637.142857
28112577.142857
28407708.571429
27819510.000000
28481646.190476
27852845.238095
27316064.285714
25790522.857143
26922559.047619
27071012.380952
27228387.619048
29592169.523810
26375967.142857
29236402.380952
26659949.047619
28134193.333333
25665812.857143
26395474.761905
26676580.000000
29370507.619048
28366624.761905
26915679.047619
27795268.571429
27668460.952381
26832676.190476
25636709.523810
27476515.714286
28096877.142857
26951547.619048
29237441.904762
26166952.380952
26702063.809524
29427143.809524
26676890.476190
27176610.952381
26755800.952381
27188476.666667
26295880.952381
25051380.952381
28372069.523810
27882017.142857
28415262.857143
26849145.714286
26392081.904762
28028063.333333
26452237.142857
26039187.142857
26400102.857143
26480650.476190
27124590.476190
26431871.428571
29000320.000000
28122746.666667
29009688.571429
27195866.666667
27009905.714286
26561072.380952
27544648.571429
26279520.952381
26797920.000000
28194925.714286
28977738.095238
26426333.333333
26447036.190476
26630305.714286
28561821.904762
29267492.380952
30563978.095238
25651083.333333
28863007.619048
25864499.047619
25841468.571429
27941652.857143
27488603.809524
26939382.380952
26421778.095238
27348859.523810
28350506.666667
27624364.761905
27444264.761905
28182826.666667
28921091.904762
27452087.619048
25434944.761905
27818791.428571
26480825.714286
26820567.619048
26695349.523810
26574869.523810
26405179.047619
29057502.857143
26263170.476190
26493492.380952
26698659.047619
28039499.047619
26346983.809524
28500922.857143
25767597.142857
26269316.190476
27130266.666667
26718509.523810
27479236.190476
27250726.666667
27788220.000000
28406397.619048
28849948.571429
27302657.142857
27586500.952381
27141174.285714
26553986.666667
27184302.857143
28270020.952381
28808468.571429
27110219.047619
27289267.142857
27136286.666667
28103594.285714
27186780.000000
29360541.904762
26894533.333333
28326661.904762
27322419.047619
26891991.428571
27308458.095238
28245404.761905
27524426.666667
28062068.095238
28481772.857143
27464427.619048
28836363.809524
28133491.428571
29333118.095238
29465478.095238
28094421.904762
26823321.904762
22742591.428571
23420103.809524
24132171.428571
22720974.285714
22379952.380952
24429411.428571
23527201.428571
23527505.714286
25627418.571429
26852490.000000
27105052.857143
26089840.000000
26571559.523810
26695640.000000
25976172.380952
27092315.238095
26232375.238095
27977773.333333
27045024.761905
27787757.619048
27714002.857143
27538458.571429
26582687.142857
28416605.714286
26846850.952381
26642564.761905
26131262.857143
26511066.666667
25992040.000000
26662634.761905
26072614.761905
26244102.380952
26045970.000000
26571563.333333
25762815.714286
26695651.904762
26316597.142857
27222138.571429
27936632.380952
25460102.857143
25763483.809524
26474979.047619
26736346.666667
26559432.857143
26584439.047619
26805323.333333
28940772.380952
26782893.333333
27474078.095238
27442177.142857
27440138.095238
24677535.238095
27987567.619048
27064671.904762
26893117.142857
27893439.047619
27046099.047619
28059529.523810
26641059.523810
27118382.857143
26713622.857143
26944336.190476
26546809.523810
26476404.285714
26500289.523810
28124227.619048
26956243.809524
27956229.523810
26935888.571429
26624081.904762
28541380.476190
27237022.857143
27254775.714286
29698663.809524
28426883.333333
27234851.428571
28187072.380952
27960497.142857
25673847.619048
25963461.904762
28169766.190476
28667250.476190
25770330.000000
24671890.000000
25639943.333333
27705451.428571
27586768.095238
28203559.047619
27450158.571429
26700495.238095
26978868.571429
27252380.952381
26233906.666667
28857750.476190
28915477.142857
29175876.190476
27410902.857143
27603705.714286
29603191.428571
25879087.619048
28393798.095238
28467819.047619
26884555.238095
26353250.952381
27004910.000000
25066524.761905
28299482.857143
27732116.190476
26745511.428571
27777872.380952
26177300.000000
27332964.285714
25880819.047619
26579389.523810
26283795.238095
27840698.095238
27349487.619048
28811407.619048
28088162.857143
27529434.761905
28270865.238095
29150986.666667
28768661.904762
29377568.095238
27217881.904762
25353912.380952
26820880.476190
26307925.238095
28194736.190476
27607910.476190
27786003.809524
27486679.523810
27108623.333333
26490056.190476
25599245.714286
25912698.095238
28480048.571429
27830900.000000
26058658.095238
26697315.238095
27778923.809524
29339526.666667
29150607.619048
28657123.809524
26903664.285714
30203004.285714
28537833.333333
29046345.714286
27128785.238095
28231412.857143
26462905.714286
26115931.428571
27074926.190476
27423113.809524
26994100.000000
27556426.666667
29037573.333333
26079927.619048
28465783.809524
27159779.047619
27257147.619048
27168461.904762
28155579.523810
26193120.000000
29727583.333333
26576597.142857
28859264.761905
28364123.809524
27021903.809524
27978228.095238
27683297.142857
26811087.619048
28092631.428571
27285508.571429
28951739.523810
28983489.523810
28265266.666667
26953401.904762
25724315.238095
25393892.380952
27571412.380952
28648633.333333
27569059.047619
27009487.619048
24858687.142857
28537374.285714
30113700.000000
26698007.142857
25980879.047619
26991855.714286
26877447.619048
27647258.095238
27868093.809524
27155317.142857
27853052.380952
28454640.000000
26351716.666667
28847785.714286
28917337.142857
26606921.904762
25885363.333333
29120484.285714
26530067.619048
28579228.571429
26427160.000000
27075919.523810
29097697.142857
27567888.571429
26573916.190476
28352716.190476
27326929.523810
26802213.333333
26730469.523810
26882614.285714
28012232.380952
27844606.666667
28708093.333333
27843840.952381
29737170.000000
28065036.190476
27112228.095238
28126483.333333
28035622.857143
28461495.238095
27743520.476190
26889545.714286
26923140.000000
26814779.047619
