50270503.809524
35000242.857143
33525471.428571
32915075.714286
32471132.857143
31840134.285714
31789495.714286
31693365.714286
32051551.428571
30064002.857143
27810507.142857
30443456.666667
28769995.714286
29424371.904762
30625431.428571
29371265.714286
30452885.714286
30144997.619048
29276368.571429
30659073.333333
28968022.857143
29564011.428571
31863965.238095
29777803.333333
29249305.238095
31192162.380952
29420536.190476
28626582.857143
29842088.095238
31130373.333333
29273251.904762
29948097.142857
30065241.428571
31291275.238095
28904144.761905
29414912.857143
28758991.428571
31592320.476190
28054810.952381
31194356.666667
28681112.380952
29379540.952381
28837816.666667
31288953.809524
28608335.714286
31355507.142857
27992202.857143
30229691.428571
30209706.190476
29264097.619048
28448020.952381
27884981.904762
29812518.571429
30908102.857143
28305511.428571
28061606.666667
28974645.714286
28125155.714286
29446572.380952
29543927.619048
28288240.952381
31342203.809524
28435568.571429
29381383.809524
28016124.761905
30794489.523810
28541848.571429
29844341.428571
29984149.047619
31622478.571429
29698693.333333
29724555.238095
29407382.380952
29262237.142857
29210996.190476
28272487.619048
28168995.714286
28925037.142857
27390668.571429
28361160.000000
28700969.047619
28639573.333333
28146123.333333
28259076.666667
27893898.095238
30189616.666667
28332804.285714
29455441.428571
28427938.095238
29004209.523810
28222199.523810
29208288.095238
28933313.809524
31182011.904762
29938572.857143
28393532.857143
29451030.476190
29584109.047619
28379483.809524
29458089.047619
31257439.047619
27856320.952381
28562929.523810
28908024.761905
30143903.333333
30222693.333333
30701637.142857
29023199.047619
28692187.619048
28670072.857143
30695750.000000
28037446.666667
29534262.857143
30902127.619048
27749071.904762
29479616.666667
27747536.190476
28361036.190476
27709400.000000
29482948.095238
27057669.523810
31139744.761905
27611846.666667
30875521.904762
30265614.761905
29129925.238095
28391156.190476
28747267.619048
27696411.428571
28295755.714286
28248065.714286
31070032.380952
27904893.333333
29822913.333333
29825496.666667
28444493.809524
29434796.190476
29055881.904762
29734126.666667
26810496.666667
28937406.190476
28922734.285714
29041161.904762
27873507.619048
29276744.285714
30853410.952381
29535391.428571
28449259.523810
29498518.571429
27858356.666667
31002578.095238
27855814.285714
28291335.238095
29279216.190476
28123389.047619
28409101.428571
28525120.000000
27006350.476190
28387460.476190
30020966.190476
27925018.571429
30640536.190476
30057880.952381
28181949.523810
28554122.857143
29062860.952381
27867714.285714
30179022.857143
29071980.952381
29627866.666667
29680022.857143
29804102.857143
30044572.380952
29839755.238095
28803217.142857
28344799.047619
28056934.285714
28240752.380952
32046062.857143
27476952.380952
29449780.000000
28249120.000000
28198435.238095
30877688.571429
30835247.619048
27779092.380952
27725940.952381
28318607.619048
28989656.190476
28442811.428571
28339002.857143
29534454.285714
30216075.238095
28252496.190476
29390991.428571
27802071.428571
28077840.952381
28238102.857143
28582830.476190
28166380.952381
31234295.238095
28700902.857143
31093584.761905
29842210.476190
30103275.238095
28882058.095238
30752140.952381
28745915.238095
28391148.571429
28624615.238095
29309385.714286
28196257.142857
29033213.333333
29044504.761905
28621467.619048
30030496.190476
28039355.238095
27214528.571429
28589962.857143
28400514.285714
28353561.904762
34867283.809524
30826830.476190
29712877.142857
28605091.428571
31425075.238095
29288323.809524
29265662.857143
28586509.523810
29344390.476190
29211343.809524
29885587.142857
32042561.904762
30341126.666667
29684242.380952
29716933.333333
29583914.285714
29402323.809524
28771806.666667
28967067.619048
29933287.619048
29292246.666667
28411511.428571
29304597.142857
29172794.285714
28192240.000000
30071939.047619
29740323.809524
29444534.285714
29829560.952381
30562117.142857
28865375.238095
29154214.285714
30264439.047619
30091043.809524
30953905.714286
28069730.476190
28538630.476190
27954313.333333
29424796.190476
30930892.380952
29721454.285714
27952900.952381
29367207.619048
31020871.428571
28733692.380952
27946910.952381
28653902.380952
28740431.428571
28674450.476190
28444361.904762
28810866.666667
28701340.000000
28795650.476190
31055398.095238
29100735.238095
28073363.809524
28063351.428571
29776076.190476
28007754.285714
28818280.952381
27804183.809524
27638587.619048
28123636.190476
26639781.428571
26765106.190476
27371418.571429
27047137.142857
25824611.428571
26207478.571429
28254137.142857
26988688.571429
26351051.904762
27159394.761905
25915552.857143
26693174.285714
27862340.476190
29547311.904762
27912611.428571
27479110.952381
28830563.809524
29573654.761905
29007814.761905
29694541.428571
28575578.571429
31372440.476190
31276311.428571
28366363.333333
30523500.952381
28435089.047619
29399111.904762
27788050.000000
29119773.809524
27767490.952381
29331711.904762
27678188.095238
28318503.333333
27768974.285714
29000964.761905
27702037.619048
30049670.952381
28908282.380952
33432429.523810
30130601.904762
28889121.904762
29432312.857143
29589076.190476
32222063.333333
28844306.666667
31758244.285714
30095217.619048
28709630.000000
28794391.904762
30509165.238095
29846708.571429
29262900.476190
29323959.047619
30457619.047619
29924120.952381
28672742.857143
28863086.190476
28758490.000000
29017602.380952
29652572.857143
29996921.428571
28374550.952381
28660578.095238
29368136.190476
31405268.095238
29764919.523810
28474618.571429
29401754.761905
31381610.476190
31457161.904762
31330274.285714
28713240.000000
29575139.047619
28483052.380952
29365967.619048
27873955.238095
28228296.190476
28436627.619048
27749140.000000
28443904.761905
29525100.952381
29099867.619048
28452160.952381
30812552.380952
29055242.857143
28744271.428571
28759856.190476
29771233.333333
28884936.190476
29683653.333333
28546239.047619
28556238.095238
28161810.476190
29782135.238095
27842849.523810
30642149.523810
30565360.952381
28781167.619048
28242752.380952
29320161.904762
27972850.476190
28196800.952381
28398407.619048
27731803.809524
28125792.380952
28788291.428571
28673981.904762
27848230.476190
28399719.047619
28433550.476190
28261947.619048
28063536.190476
29187158.095238
27625994.285714
29306423.809524
27580964.761905
29310944.761905
30856708.571429
28370532.380952
28949739.047619
29000042.857143
28336772.380952
29174730.476190
29050128.571429
28611945.714286
28199538.095238
27860194.285714
29013823.809524
29899294.285714
28985460.952381
28292437.142857
27592320.952381
29150923.809524
27858485.714286
28305192.380952
28370876.190476
30897880.952381
30305382.857143
27805635.238095
29315010.476190
28585284.761905
30400098.095238
28740899.047619
28615896.190476
28032353.333333
29147443.809524
28917512.380952
27520528.571429
29119417.142857
28664660.000000
28221075.238095
28524030.476190
28509770.476190
28865053.333333
29821264.761905
28215562.857143
27862126.666667
28664872.380952
28388912.380952
29178352.380952
30767622.857143
27883991.428571
28324475.238095
28296396.190476
28106531.428571
28800012.380952
29122283.809524
29386604.761905
30645417.142857
28696263.809524
29208327.619048
27577463.809524
28261032.380952
28354141.904762
28006564.761905
28042154.285714
29097893.333333
28955554.285714
27844142.380952
28130679.047619
29110687.619048
27869941.904762
27620028.571429
28119275.238095
29101258.095238
29079240.952381
28099807.619048
29644092.380952
28698243.809524
28886994.285714
28786348.571429
30012959.047619
30798540.952381
27513189.523810
29070224.761905
28751000.000000
28610094.285714
30985899.047619
31232144.761905
28886462.857143
28217381.904762
27948558.095238
30914192.380952
27902117.142857
27960613.333333
28243325.714286
28276229.523810
29270500.952381
29433976.190476
27897215.238095
29454214.285714
27615374.285714
28603171.428571
28208201.904762
27908791.428571
27518129.523810
29993939.047619
28963578.095238
29532269.523810
29076882.857143
29563077.142857
28543773.333333
30248025.714286
28409934.285714
28323258.095238
30056577.142857
28217194.285714
29653880.952381
28832284.761905
28354242.857143
27371224.761905
26913458.095238
27197920.000000
27245048.571429
28200283.809524
28297634.285714
27776014.285714
28561879.047619
29569943.809524
30656540.952381
29209096.190476
28748107.619048
27787540.952381
27927532.380952
27603271.428571
30305755.238095
27986710.476190
28130267.619048
30630690.476190
27343821.904762
28429221.904762
27902280.000000
26734200.952381
30718335.238095
28242628.571429
30329402.857143
30611547.619048
29039386.666667
29438226.666667
30560323.809524
28003041.904762
28131107.619048
27928593.333333
27488783.809524
28489006.666667
28328234.285714
28569281.904762
28353198.095238
28840619.047619
27456986.666667
27970835.238095
28013517.142857
28965090.476190
27339435.238095
27844035.238095
29769972.380952
27900219.047619
27647122.857143
28282726.666667
30132567.619048
27913190.476190
28078850.476190
28078560.000000
28460988.571429
28573566.666667
28329145.714286
28122244.761905
30355105.714286
27489047.619048
28815757.142857
28184196.190476
29328254.285714
26088221.904762
29035795.238095
29675811.428571
28701516.190476
29310245.714286
28156465.714286
29215267.619048
29637300.952381
28702182.857143
27373537.142857
28193438.095238
28741767.619048
29174159.047619
27713252.380952
29406024.761905
28302027.619048
27410734.285714
28372214.285714
28057756.190476
27610026.666667
28596188.571429
29213940.952381
27521191.428571
28011376.190476
28137808.571429
28825777.142857
31192604.761905
28332134.285714
28623073.333333
29247687.619048
27814418.095238
32385878.095238
27548397.142857
28217303.809524
27774290.476190
27647132.380952
28227046.666667
28231402.857143
27562177.142857
28016600.000000
28789534.285714
27586393.333333
28985677.142857
27611569.523810
27633167.619048
29015264.761905
27696730.476190
27858389.523810
27922831.904762
29965942.380952
29061940.000000
28252434.285714
27822371.428571
29731152.380952
27968024.761905
27392083.809524
27383180.000000
29856792.380952
27937534.285714
28502929.523810
28525739.047619
29263014.285714
28433137.142857
31196636.190476
28520421.904762
29542440.952381
28558576.190476
27858991.428571
28239936.190476
27814893.333333
27465655.238095
27923354.285714
29068770.476190
27647722.857143
29753158.095238
30232160.952381
30352600.952381
28341888.571429
27492742.857143
27920301.904762
28853903.809524
27548850.476190
28121340.952381
27384028.571429
27937794.285714
27993140.000000
28179160.952381
27669324.285714
25741388.571429
26272874.285714
27410617.142857
26473871.428571
26721237.619048
25581714.285714
28220915.714286
26065570.000000
27366395.714286
25878684.285714
26835626.190476
30393925.714286
28506229.523810
28355146.666667
29954438.095238
28574225.714286
26905022.857143
27709500.952381
27523798.095238
27799389.523810
27753194.285714
27928266.666667
28139287.619048
27361776.190476
29685773.333333
27630974.285714
28929732.380952
29741899.047619
27829661.904762
29044325.714286
28045036.190476
28659124.761905
28139741.904762
27651877.142857
29709903.809524
27616728.571429
28095822.857143
28010972.380952
27597538.571429
28055489.047619
30618043.809524
29394227.619048
28830038.095238
28497103.809524
28486628.571429
28771236.190476
28619297.142857
28647162.857143
28720066.666667
27558728.571429
27733960.000000
28320970.476190
27602920.952381
29651511.428571
27804167.619048
28260410.476190
27875108.571429
27558375.238095
28280200.000000
28950729.523810
28202527.619048
27945777.142857
27619715.238095
28237360.952381
30733470.476190
27747081.904762
28113251.428571
28909203.809524
28166170.476190
28240715.238095
27662895.238095
27958672.380952
28803220.952381
28758304.761905
30343242.857143
28977438.095238
28616600.000000
28851834.285714
28653132.380952
28373060.000000
28735072.380952
28874057.142857
27754156.190476
28063880.952381
27597120.952381
27732017.142857
27838584.761905
27581301.904762
27741057.142857
28406419.047619
27936341.904762
27785289.047619
30516848.095238
30460352.380952
28227909.523810
29544371.904762
28712075.238095
29849374.285714
29048348.571429
27535063.809524
29235247.619048
28289103.809524
28809646.666667
27941453.333333
28155034.285714
29722489.523810
29948378.095238
28296380.952381
28536172.380952
30996450.476190
28631633.333333
31061080.000000
28202021.904762
30077785.714286
27929172.380952
28563804.285714
29814997.619048
28848581.904762
29823080.952381
27953149.523810
29115624.285714
28255034.761905
27623184.761905
27391558.571429
27070241.428571
28005621.428571
28312018.571429
27693289.523810
27737713.809524
28042963.809524
28545270.952381
27636483.333333
29646753.809524
27867780.000000
28231080.476190
27751490.952381
30156523.333333
29571295.238095
27368504.761905
28202992.380952
29495427.142857
30209132.857143
29014761.904762
28689119.523810
29416986.190476
28053830.476190
27592824.761905
27634628.571429
27554694.285714
27779656.190476
27036879.047619
27383094.285714
29776395.238095
34533080.000000
30188570.476190
31760643.809524
29289160.000000
31645717.142857
28846674.285714
28886807.619048
34023836.666667
31555691.428571
29195990.476190
32187518.095238
31060370.476190
30892221.904762
30691713.333333
31230078.095238
32123184.761905
31089099.047619
29701176.190476
30361836.190476
31830120.000000
29277430.476190
29046689.523810
28921669.523810
29473662.857143
31170387.619048
29247799.047619
28993619.047619
29632731.428571
29465907.619048
30728652.380952
28928800.000000
29068472.380952
30865537.142857
28195922.857143
29670846.666667
27676471.428571
29761084.761905
30989268.571429
29408723.809524
28262460.000000
28557218.095238
28594771.428571
28044356.190476
27766460.000000
28003533.333333
27668374.285714
28211798.095238
30766173.333333
28190576.190476
27605465.714286
28342560.000000
27668399.047619
28051179.047619
29541812.380952
28630470.476190
28388640.000000
28732489.523810
30360477.142857
28216090.476190
28188003.809524
28372981.904762
28617207.619048
28130116.190476
28099218.095238
28750751.428571
27951223.809524
28451707.619048
27579568.571429
27855061.904762
27825983.809524
29739194.285714
29722183.809524
30592921.904762
27830818.095238
30019936.190476
30171645.714286
27751004.761905
29686279.047619
27619904.761905
26980643.809524
27751425.714286
27202861.904762
29780012.380952
27559212.380952
29038772.380952
27583679.047619
27491496.190476
28819334.285714
28877721.904762
28780092.380952
28935944.761905
28232034.285714
29166543.809524
29507940.952381
28050165.714286
28229808.571429
28373264.761905
27279908.571429
27391201.904762
28401072.380952
28224999.047619
27981923.809524
28091261.904762
27927564.761905
30128497.142857
30757724.761905
29029659.047619
27423444.761905
27577158.095238
27701275.238095
27942103.809524
29376672.380952
27480335.238095
27354078.095238
28068622.857143
27660964.761905
27915864.761905
29428470.476190
27924854.285714
27847297.142857
27846906.666667
28178751.428571
28590824.761905
27937767.619048
29545617.142857
28349495.238095
29089547.619048
30206882.857143
27478749.523810
27876320.952381
