1878
897
1133
661
726
1413
1086
644
703
946
598
1200
593
1044
632
930
41047
213519
281715
213526
226630
246233
208474
240833
286413
240679
202771
222984
205697
286582
210769
276090
208431
211181
211444
281523
209425
238329
289039
209620
218488
196671
282961
215705
278008
214593
188930
282099
235581
208004
280439
208290
285000
150415
283232
206861
277514
201299
238851
219033
248937
208389
253085
271823
245180
211848
219854
205225
285603
215934
288211
247908
150186
249201
328288
235483
213000
270805
206196
195657
180100
241922
180873
240377
187009
192150
181759
211038
247209
180084
244205
179156
192045
183923
260902
196471
249600
283351
181447
194339
283252
188688
250209
237024
275503
152943
288848
208028
248681
281227
230359
174062
269416
284813
244795
205795
275212
209043
222384
205675
282484
246995
214522
237872
229344
237250
204947
282865
201370
278252
207067
232991
209030
286379
209096
273110
201652
181763
290513
207599
284502
207161
291079
217102
216354
214600
247208
275745
248082
210635
258902
217534
277383
211675
278901
207873
284873
147126
244258
286421
243610
204722
245907
224213
249534
215943
279749
204436
278407
206289
221422
246031
205302
243403
274046
242047
143046
281015
195808
280951
214401
282080
214168
235919
205385
276488
199792
240712
281472
149738
284718
204364
281903
213207
287192
198649
192134
278436
254390
203099
289059
208952
225317
208262
283052
206376
308447
204193
239902
223689
244968
202300
234071
287986
246987
146420
279336
212249
274550
208838
271023
250997
173714
245172
286943
245685
212571
283444
149469
276798
211970
284015
210195
283662
207778
227846
214363
242059
277831
209909
285598
150862
286371
206284
281903
207938
244124
278197
183470
212661
293644
208787
278357
209200
225353
220050
301837
217147
256858
290947
254625
148802
244938
294744
256930
220451
291459
154445
288650
208406
284365
249123
215267
256273
231911
254298
216595
294123
210549
281478
156912
299349
216396
288303
219785
291334
192958
176105
275116
209424
285848
222868
302960
135345
254310
180092
207480
246403
219979
180721
198877
182510
250474
184505
243829
180334
199133
182458
218194
260135
233805
188755
224137
212564
221828
191004
265815
197243
251029
141695
253378
215020
185106
223516
254319
230983
145628
289621
205991
272216
203546
272055
137603
271469
205819
286288
207464
239561
270556
147993
284836
198184
268065
198334
263484
137948
233553
262666
235386
194083
261975
192036
200676
193678
257863
179882
234780
188754
164950
244766
210128
188973
227710
250601
215073
133013
260877
185194
258029
187020
251635
179007
219437
248284
253068
218640
182877
253154
139983
257879
185131
251285
187025
256503
134123
256311
186981
243375
276072
209050
283764
152139
281014
213239
277541
211598
245785
224724
244405
202915
284400
209188
279368
210074
216500
213044
281660
212467
247093
276738
190582
207978
250674
276532
240847
207339
281051
150442
280466
206557
286963
232230
204813
187031
271803
228440
198203
273590
262617
276797
148482
283443
206073
286742
212056
285893
144402
239781
271554
199463
276483
207445
268370
139151
273033
203309
238581
268440
240307
140665
263914
187650
259414
198178
268653
213458
217745
206760
250866
284161
245481
208571
190514
279982
239207
205168
276325
211263
281127
150829
282290
233528
205431
243770
259451
183963
205752
276759
204058
272890
207714
276944
147761
280632
206060
261608
211615
244490
217995
207994
274060
209602
283105
211794
287337
148230
252879
279486
238895
205766
275665
152217
284838
207768
286331
211039
269971
205079
185467
277550
248054
212712
248626
275829
187122
211441
275166
204844
286258
210116
281455
187400
205182
248837
278800
262760
197389
227082
211121
284623
200955
345896
200760
273361
150012
274588
249586
254831
280833
207835
216476
204511
284675
210113
286717
208928
243380
224953
244929
205741
267658
201727
275046
153810
277935
206502
278757
209885
232723
290779
203441
203616
245361
274617
237000
204858
224602
206620
275831
206255
277896
239825
208136
186480
279273
236038
205222
279637
225734
218117
204180
257912
194785
266983
191178
259008
138278
237172
262017
202634
274983
232333
206572
195689
294908
195960
227305
255820
219084
139786
260847
195979
253598
209875
290431
155296
279358
212318
246803
274644
239613
223372
205284
295595
260864
214209
279187
213297
221258
208244
283387
248638
210044
251124
279035
192010
202246
272402
204275
286942
206990
223937
211115
281848
206684
267105
209436
244914
222821
219670
274799
189654
279827
207451
221321
209115
248748
282229
244852
192369
245279
161224
261553
182082
251446
188942
262314
138457
226282
252686
228343
189180
210118
243301
173155
191915
260432
196193
256773
194829
207985
221584
185365
222717
265243
229548
195678
212835
184947
249169
196175
239243
189996
203881
198646
259612
187536
217795
254736
187822
200059
188493
262582
200743
261143
188969
174138
269021
269168
232340
269690
203012
285918
152467
277472
204842
287900
210518
252670
223531
238327
199566
235768
269098
234970
201384
215638
204151
280305
227769
263663
230537
141962
229374
261860
223411
188399
265922
199013
203796
194380
260539
181420
260764
203061
219287
196999
238544
273867
205614
270073
198500
212600
204568
267233
201567
236840
270070
178978
195998
264964
195548
268181
207655
289129
145545
284108
210224
243751
283702
240385
145844
243052
278896
245627
209711
285358
204365
232381
208657
267644
242857
209764
237267
225379
248859
208970
282065
210555
284339
211414
226818
206289
276838
204292
278380
205366
187188
281980
203818
285340
212680
286839
213119
217282
200674
248797
281038
247015
204320
225548
207535
284119
190205
279693
208443
282114
151334
242549
279151
253845
208629
245837
232126
241725
207989
282186
205196
283918
203949
217071
279775
200686
249273
284924
240476
151996
279893
201444
278032
207366
284877
209637
219876
212200
267905
176861
209186
265908
136688
252785
185440
264187
184531
243356
181387
156759
251311
226728
189657
252945
194523
204145
189136
253573
179695
251044
218654
226997
203487
227146
189651
228147
260564
268820
144650
285713
206212
280388
209450
289793
258513
148323
240035
277302
272691
240805
286427
148868
291558
209607
275809
206721
277749
207374
220561
201743
239891
275684
207470
278934
154050
284981
206343
274977
210160
247264
283722
182643
197651
276045
208885
285518
209241
218983
206775
277684
200654
243578
310187
235872
151061
241336
280415
246600
208935
273980
150531
278842
209859
283214
237361
203769
249363
221862
237278
207419
285791
210120
286352
146558
281287
210180
278474
210779
281800
206834
188903
281527
202005
263704
196498
261734
135135
264726
196970
226931
247600
227337
194502
205875
195723
263403
196552
264006
188448
209631
193751
230861
262644
226581
197555
213565
204491
228395
192876
265702
197654
266814
141988
270621
230565
188081
229171
263266
232576
143044
260748
192023
262529
191720
262368
135428
270197
200790
263042
180335
209408
247222
134951
242267
180400
243373
179537
242989
135238
210699
245861
212314
183103
243658
180913
190850
181820
247166
182806
243720
187352
169451
254499
222303
187385
216309
249439
213858
129512
248796
182584
242184
180057
244960
161117
182980
206057
241958
212102
183740
250951
130845
260103
193132
271612
205638
274958
149440
268986
201183
228063
279473
201757
265891
146679
268757
189453
257845
195000
232429
218589
235271
195837
254752
200363
263746
188696
213676
203816
264647
198082
232728
270034
178647
203350
244533
281302
246188
207316
283495
150580
277886
205232
286125
243651
212803
182535
276590
301757
221452
288656
210018
285227
153849
281953
216101
295410
205564
279725
152787
253428
288222
218099
290847
208920
287708
154314
280334
210193
250243
282008
253462
154157
291559
213351
282593
210851
287792
210460
235391
205028
247444
281790
243829
209715
193182
283822
283887
203084
288532
210676
267805
129643
259264
223983
195859
292707
297292
181860
204114
285997
202721
287361
210582
282272
152288
283314
208143
276528
198237
234913
225589
216763
340254
206753
288289
209304
279304
146271
255468
288206
252662
203430
281190
153395
282229
204206
281786
218833
289575
206454
184590
287765
252042
206939
247295
285880
190231
206617
288430
214102
284805
197756
264394
179932
206220
241566
270473
238092
196099
218789
201233
271062
194626
272141
206811
278950
141929
273518
214357
237977
280644
206296
229538
204579
287842
211306
274653
211483
237035
215258
243626
212992
280918
213594
278713
146742
290084
219482
294119
217888
259867
288137
197002
224508
254671
282920
256917
222799
228612
219147
300279
217599
283036
252632
218935
198208
293285
255884
217801
308610
215265
229088
217376
294914
218697
289474
221524
293823
153632
237105
285305
203839
282025
205035
228691
206799
269643
193224
233905
268636
240409
148745
269909
196908
285279
209816
274800
144532
264781
199240
246249
291006
249014
215576
183383
281659
264023
208451
283762
213401
231356
210314
277609
245088
215990
246835
285820
196821
209172
290033
214704
274011
216023
225212
204129
285466
200050
275486
209246
241143
225985
206443
288519
214769
284994
206850
224475
214664
240270
274166
245628
210381
283166
153312
289134
208941
281550
210120
290002
149811
244868
282855
272210
203960
236080
274332
185196
207251
281752
203407
291319
209250
230358
237763
207050
252831
278008
240908
230536
227892
201752
277767
198739
321753
204675
220469
211454
283385
201829
237970
282077
210136
223300
212590
281939
211668
276759
204806
189310
279395
242336
211757
269398
206321
274667
144827
283276
206889
253032
200474
243176
218887
232865
189363
239277
283850
227548
199151
217082
199730
278720
212427
279660
247381
152917
245197
283356
246497
215043
283152
206956
222910
213984
277130
209097
277462
205646
216212
195117
234471
266931
200086
255703
197439
209388
203161
279392
201294
234891
260643
172972
189902
259300
201226
271688
188570
257807
145819
259893
192684
216093
260693
234930
145475
230642
270044
235255
196051
264485
181717
200076
184752
261275
231388
195779
244336
223663
256435
206140
281854
209605
288343
206489
227485
209292
277333
211293
269268
191580
178169
260512
190725
251363
188575
261492
190619
210817
191141
224505
256555
227310
189445
203789
195737
259914
183199
254577
184829
282594
151842
247379
274419
244731
203621
251627
232726
244710
212205
289388
203347
278963
206091
214693
230423
197651
230160
276092
240561
137460
280621
205628
268256
191027
272897
200749
223319
212260
275089
182143
214630
245527
140231
261893
188635
265550
192237
254741
187132
170063
252930
223292
190380
256207
185680
210911
188658
248824
194857
249849
186569
211834
195053
227922
208225
240909
274496
248526
143836
258875
207842
274565
198372
263097
231839
139509
245523
245956
220817
192260
257516
140348
255806
190148
252392
187630
244627
186959
204184
184230
216899
255027
187190
255443
135936
249074
184777
254030
185179
211272
253444
182335
190096
258589
188268
249856
188200
207889
185948
259844
189681
222342
250470
219750
136084
218683
264455
215579
188314
265352
139416
260597
187896
273429
240536
206292
236864
227384
266776
243187
255715
196263
245719
131159
254168
188839
260379
191695
251904
215372
179698
260694
186556
264003
207390
267637
140580
264313
192936
237977
259618
223285
191080
209090
190489
263389
186693
268652
194833
208595
194153
227602
260122
226530
193526
230879
212875
233152
242730
285335
211384
283961
151060
287453
251569
217323
247126
284886
243744
150051
281414
214588
292420
214653
316972
145087
284243
213989
295741
210679
249548
284792
145861
281042
204367
281020
211284
270789
140787
221372
245070
214719
185056
250348
192596
211075
197963
263117
197482
260843
195846
166860
250548
217769
192676
231154
254885
220410
132252
268398
189626
258297
182971
249345
172383
191634
240038
301334
229859
188669
252005
144752
267648
212997
290874
218122
291501
155035
292301
210936
249370
298444
228283
291404
160772
290351
213202
289273
223769
257092
237509
240948
201982
273327
206544
281829
203392
213806
196274
263389
192622
222099
256912
169962
185484
222582
270783
242655
203239
288133
149810
279931
209748
276999
246387
207670
184278
287235
244633
204837
285065
211198
292654
152650
296102
224109
289034
206702
288184
149716
241903
281627
214563
285738
211371
286082
150509
329658
194722
251356
286146
243779
150645
284863
202905
280649
203589
Xput: 4383
