1499
721
817
769
1167
653
592
764
631
767
632
588
1302
631
614
726
2416798
18798
880
603
554
691
1962
1722
1597
1800
1716
2222
1434
1782
2903
74230
11135
10091
10107
8489
9180
6186
13325
2379096
10864
1528
716
1584
1102
1506
2695
84845
6959
2444868
28917
952
1974
923
1180
934
1029
629
594
3282
905
1743
648
80354
2366336
906
658
36249
982
662
767
5465
1178
792
1060
655
1239
1927
2137
2473255
1205
1309
1024
645
2291
2435
826
2226
1754
2348
1334
1743
1552
1766
1768
2541487
7284
1023
893
842
628
577
2548
706
1997
1145
2000
1489
1794
2199
1776
2503590
979
866
810
968
875
1887
1938
1531
2090
1524
2065
1526
2191
1661
2238
2428559
6799
12240
959
1097
805
2632
1763
1246
1744
1178
2002
1149
1762
1792
1802
66628
2447295
1327
688
1454
1048
744
846
1823
1013
769
1353
1593
1987
1532
1816
2483083
729
597
9748
891
954
614
1753
2098
1728
1511
1881
2322
1812
1969
1455
52688
4825
12419
7976
7912
8047
2409427
865
7666
885
598
25236
751
687
1267
1499
109951
789
10272
849
11910
2387596
777
812
776
972
944
829
1201
2016
1373
1562
125041
2985
12050
5029
2572
8938
4370
2378744
972
705
1830
1060
651
1105
1775
1867
95167
2417511
1158
868
839
987
873
936
586
1111
1317
2057
1107
1539
1370
1530
63898
2461070
997
790
650
961
998
958
1467
1809
3069
1369
1570
1967
1972
2071
104238
6293
12881
9151
9444
8162
4511
10640
8122
3583
12298
5415
2296660
828
560
965
113971
3640
2383629
960
651
610
772
6319
810
1004
1032
804
641
2343
1356
1745
90025
5235
2403346
1121
713
1131
917
1496
938
1412
1344
2980
726
1388
1413
1964
57255
6234
12049
6519
5130
2397356
11159
859
1482
2329
1467
16370
996
652
892
1505
2511605
884
606
1051
1209
983
582
1824
1695
1854
1817
1773
1842
1888
1628
2031
2468409
966
657
763
642
1835
970
1487
1384
1614
1976
2611
1368
2132
1339
1968
2434435
1076
997
787
677
6044
735
731
675
1257
1787
1990
1791
1681
1995
1469
58070
4839
2318410
1464
853
1108
1527
962
689
1344
2614
1331
3005
759
2118
3471
66324
6031
15100
2403866
900
967
851
1224
1023
723
1748
3493
1267
992
656
1932
81822
4095
10196
2391952
1187
963
1073
945
840
1072
848
644
1030
1844
1033
1445
2507168
837
966
718
3174
891
1622
1182
1567
1837
1528
1412
2300
1318
1441
1999
2512410
923
597
1141
1029
1028
1149
1067
1397
1656
1698
2066
1659
2026
1504
2680
58708
2384765
1017
778
696
1903
26429
971
3421
827
1435
770
2075
634
2497
1180
76023
2365446
935
12150
965
766
638
16978
901
1121
859
783
1225
1834
803
626
2477061
1668
1079
894
1031
836
714
4744
811
801
760
2285
1926
3036
1323
1795
76223
7369
12784
2322415
1107
1011
641
603
4365
1331
2139
1666
834
707
1397
1673
226674
1036
4198
5382
8800
3143
2444374
907
618
935
745
789
1517
1393
749
1350
110452
2387585
835
728
635
1121
950
949
1773
2021
2456
1285
3432
1453
1254
1362
2534164
995
896
898
759
862
1430
1704
4353
889
625
2756
849
1351
2008
1602
2477407
2755
13797
1337
1275
879
802
755
5443
963
645
978
3373
1257
667
2013
2418626
1065
750
681
1114
1132
757
2435
1837
2184
1320
1533
1558
1922
1666
2774
2434692
930
4652
1236
948
923
887
3034
795
883
1894
2136
1483
2062
1576
2354
2458238
968
646
619
1628
3204
845
751
2464
807
1738
1752
1773
1712
1953
1600
49291
5482
12339
3492
7160
4507
2276984
1037
779
771
627
4711
793
25191
948
652
2464669
941
1147
1674
1385
1559
657
1930
20817
1045
1140
3217
1029
769
2721
779
2475760
967
668
1570
1997
664
830
1369
1414
1407
2215
1316
1948
2199
2458
2432
90007
2365157
830
862
640
1356
987
980
1060
820
813
673
1254
785
1684
1771
2519374
830
817
981
830
777
936
1374
1773
1994
1519
1638
1696
1980
1627
2418
2512525
894
608
1144
1766
1311
1606
1542
1849
1742
2182
1926
1741
1835
1764
2713
70846
2391141
17019
971
652
917
701
2136
793
6249
951
789
656
594
1030
2059
63437
7636
10829
5653
4495
9490
2347075
1077
916
1093
995
1104
804
713
694
607
2474961
1004
877
741
626
4352
993
1049
759
1240
1655
2303
1037
2915
1468
1252
2443810
1207
644
1025
775
1398
6394
879
664
1495
1824
2079
1849
1774
1568
1966
79592
2373919
848
687
9428
730
870
602
1959
1829
1575
1820
1503
1826
1841
1817
2435966
922
773
1037
3036
1277
2171
657
3142
837
998
1502
773
1861
1888
1310
2377953
781
72852
1050
656
622
660
2005
670
5524
877
803
629
1718
1885
1713
2436644
1352
878
633
784
1314
710
1381
1853
1798
1638
2089
1785
1922
1556
1904
2428542
1401
677
769
665
3436
761
786
1212
1752
1605
2371
1746
1628
1801
2032
2435478
1359
850
1025
1083
1000
643
4142
652
2706
974
2650
930
2639
1141
2135
62074
2962
8574
10244
5535
6716
8206
6332
10538
4281
2328420
1027
701
756
635
9188
83728
3369
2328383
1157
656
623
983
1823
1264
2015
1564
1847
1809
1712
2513
1539
109793
2395944
954
669
1711
795
667
617
828
1312
1351
1673
2131
1675
2431
1517
120207
2375523
972
764
648
593
24928
877
629
791
3682
1127
711
717
1902
2209
2471657
1114
954
682
1197
2126
1561
2130
1579
1844
1593
1777
2785
1272
2973
2656
83873
7904
10664
9004
3804
2312984
1298
681
1086
1606
826
1018
1784
1450
1218
2289
118646
3372
2363537
2256
714
1710
1263
1887
1619
2453
1756
1930
1591
2126
1931
1893
2487737
814
798
3475
1071
843
1601
1457
2099
1349
1280
1772
2433
1362
1761
1313
63270
2297438
928
653
14201
841
813
750
1882
1990
1751
2404
1849
1934
1517
1965
2466872
1231
862
810
742
857
837
663
1176
1580
1715
1430
2577
3181
962
745
2509123
923
1095
3065
1045
1489
9067
1010
886
902
1828
1519
1249
1508
1449
2000
2432738
1805
730
1056
754
643
33497
827
1106
827
1551
1174
810
893
1315
1314
2434754
948
715
774
1047
806
694
4621
614
1242
662
1149
1928
1836
1740
1950
2404599
1139
832
1095
1106
810
1528
2111
1427
2219
1714
1583
1674
1539
1140
1841
2482758
1021
775
753
1816
2244
1591
1787
1629
2107
1646
1848
1616
2167
1983
2173
65633
4624
9216
2411421
1109
749
667
627
3269
1446
1324
1748
1700
1975
1633
1853
117373
3886
10546
3275
8645
1335
8292
5328
8263
2288314
986
914
752
1011
1399
783
105716
2345038
1025
756
634
596
1105
3182
1451
1115
1629
1942
1964
1883
1553
2004
77655
8892
9964
7781
3665
2397843
972
856
956
968
1575
1288
1781
1767
14154
950
2488084
825
794
651
5607
977
631
2401
1457
1543
2033
1742
1565
3004
1745
2149
89902
8422
2449420
1172
721
770
835
1222
966
890
917
1273
881
978
1557
1204
2430923
1870
685
3500
668
2157
5070
1245
1571
2210
1219
1775
1974
1840
1747
2375
86496
5964
13887
2502643
1041
781
643
747
835
1140
1213
1748
1635
1859
2125
2076
73588
2451151
1151
762
817
787
959
3436
963
993
1298
1983
1703
1769
2490
1267
60627
2363058
1145
660
1777
794
684
817
952
957
861
964
1656
1518
1267
1268
87369
2406511
1032
1011
771
1303
1386
1831
2064
1741
2124
1734
1762
1841
1712
2058
2528429
951
701
1093
748
1430
1765
1717
1777
1739
1505
3479
1602
1929
1574
1944
2450221
953
971
1104
989
647
29162
966
676
2233
1405
1727
2007
1943
1666
1840
2431591
889
817
579
781
1781
1319
1588
1869
1720
1847
1575
2027
2365
2020
1499
2413087
1060
1091
918
996
1011
1077
1281
1400
2087
1613
2309
1467
1972
1539
2551
2394598
810
779
638
2311
2665
2759
1470
1247
1690
1656
1883
1867
1876
1813
1783
69147
7615
14385
2372966
891
796
1111
1028
673
728
3714
748
831
1335
1788
1904
81432
6332
2445173
1146
1121
1009
861
1070
761
4782
1032
1037
700
1277
1964
2220
100703
2533422
924
611
685
648
1680
1089
1173
2088
1542
2228
1743
1952
1708
1988
82348
6287
15420
6846
6734
9449
7597
8132
2529262
997
1643
812
2119
1911
3339
659
2587859
6243
833
794
756
1535
1694
3456
1411
1574
1883
2085
1925
2126
1396
2080
66337
6235
12119
2452876
964
825
757
880
17676
1222
957
1148
782
736
2049
2260
2568482
886
606
693
585
2640
732
2768
610
2796
1164
1572
1552
3066
616
2175
2554008
849
919
1104
1082
634
623
731
670
1920
1698
2164
2283
1593
1185
1619
2522881
1099
1076
768
2398
1577
1403
2728
1362
1396
1836
1707
1957
14916
832
1889
89393
2430969
33035
942
643
985
935
1085
879
1764
1240
1613
1480
2449
2688
1284
66422
2466628
956
649
767
646
3365
845
747
1242
2141
1805
3155
1056
1380
2030
116333
2427855
819
775
790
758
1416
1087
639
3402
1228
1294
1921
2093
1638
1676
2489783
1157
684
832
621
765
888
2294
1573
1742
1941
1632
1733
1932
1640
2193
2560213
14076
801
1235
1834
623
3757
954
759
2075
1398
1603
2370
1334
1611
1924
2521481
918
834
559
834
1038
885
1133
1427
948
1265
1476
1467
1592
1552
1451
2468594
1543
1010
1095
658
860
3214
840
1958
2000
2038
1927
1698
1942
1570
2130
56257
2462460
832
572
627
561
1301
1173
2059
1073
3073
557
1468
1482
1999
1437
2524205
1326
686
1131
1571
1060
638
3270
680
1695
1871
1806
1409
1983
2330
1182
2512137
7573
789
12362
1069
1130
1692
1387
1566
1891
2183
1905
1724
1813
1988
1771
2506893
992
654
1220
678
1676
704
2091
891
6145
805
797
915
1312
1912
2293
2532243
1042
772
796
973
984
2621
24146
1165
1078
1063
1286
1538
2905
1022
1212
73824
2452891
1006
1007
667
1446
697
902
667
1540
1229
1700
2223
2061
1562
1801
2464389
1097
859
925
860
1468
1573
2143
2259
2262
1696
1938
2054
1546
2290
1175
94561
2407056
1263
1172
970
1002
834
993
615
2134
2523
1136
1944
2181
1239
2073
2531035
923
28934
994
752
632
778
3522
682
3047
663
4875
820
1121
910
599
70168
7637
11207
2431864
829
794
641
741
1836
2072
665
5785
972
849
857
984
104515
2496884
1186
1071
845
1078
1103
916
923
616
816
1672
693
1701
1357
1280
175689
2348350
1443
829
659
854
666
1490
839
630
23513
994
669
818
1072
751
2384966
907
597
1030
823
929
680
1203
5937
1301
642
569
1061
1695
2817
1056
2410473
14234
966
657
1117
2406
946
760
2104
1740
1769
1475
1634
1864
1432
1771
2417473
995
890
919
928
800
549
2344
1249
1534
1729
2510
1948
1644
2167
1825
68803
2349600
804
1118
907
923
1007
819
659
887
596
630
556
2182
577
2064
2549797
769
732
605
771
585
6008
901
742
694
1838
1859
1828
1823
1756
1928
56115
2378667
926
23293
980
775
644
3554
814
897
1045
1500
1881
1406
2015
1565
2483197
899
602
904
741
544
2374
1128
6368
911
692
949
597
1484
1747
21358
2450431
1229
853
995
862
1008
650
773
614
1578
2117
1878
1708
1550
1931
1721
2454237
950
1133
998
762
1005
782
758
731
1728
1432
2602
1287
1360
1967
1861
93703
9237
13787
2322495
1051
727
580
683
875
603
711
1512
1733
1017
1512
1503
2481116
892
601
1067
1027
777
1342
2889
735
3045
616
1688
1912
1629
1821
1863
85369
2355422
935
16696
867
804
640
1279
2615
1816
1245
838
1191
701
1330
1206
84291
5376
2336470
1107
603
967
1388
957
942
733
2007
1785
2087
2475
1679
1874
65219
4743
14356
3500
3583
12267
3166
9371
7876
2339169
850
560
1184
1346
1436
1947
112349
5509
2401950
929
650
905
928
1021
1887
1779
660
2226
1814
1724
1810
1837
107776
2301455
717
896
39294
887
618
687
985
2369
654
1326
1709
1863
1805
1693
2451842
1261
1117
1101
847
639
628
1898
1562
1960
1607
1933
1634
1974
1706
1998
2422626
888
600
1239
3089
1104
709
554
2305
1115
2350
1054
2149
3295
703
2419
2434965
815
1045
1155
846
721
1775
684
5009
1074
666
640
1256
1642
1667
2210
2487685
1045
747
760
1032
1533
1454
2610
2611
1296
12615
801
794
2157
1833
2232
95319
2428341
9612
12374
1913
867
1015
911
2376
1371
12002
1042
662
2257
1769
1749
2461080
1212
679
1039
970
1264
881
672
752
822
632
2107
1538
1193
1824
1321
2498948
1088
1089
655
27638
942
745
762
704
2031
2575
1372
1285
2063
1518
2530
2676146
1012
966
1119
978
749
773
1787
2525
618
2347
1981
1687
2500
1737
1994
2660227
862
602
639
1489
954
903
1010
2720
859
601
2960
1245
2245
1413
2889
3295600
919
647
756
18484
947
766
810
642
826
2391
1488
2275
2101
1463
1747
2898552
916
12967
830
790
3704
748
1311
1581
788
1722
1746
1360
2004
1172
1896
51322
4336
5250
9853
2640483
966
781
1004
1004
996
766
2222
788
2259
3512
793
71719
3217
2595129
1336
882
946
1085
827
800
751
1462
1282
2891
667
1561
1762
66496
4150
7946
2561679
1180
979
1017
838
1048
782
639
2544
1309
1732
1578
1859
55827
3204
6169
9400
4782
2565006
6656
8444
829
679
1844
1236
2028
1706
26307
961
2666697
3001
682
3346
1244
3949
781
637
2006
2191
1210
1320
1602
1987
1347
1879
2507395
5143
1046
1110
1022
767
1961
1595
1777
1862
1627
2249
1663
1817
1774
1877
2476246
965
985
813
1311
1113
1369
2696
1350
2050
1700
2731
1155
1738
1618
2096
2470810
15460
1080
738
594
12882
760
901
1746
1100
2743
736
1929
1873
1696
1986
81060
2603898
866
712
13492
916
623
966
3847
865
795
2592
1630
811
1724
2312
2565562
917
646
29410
867
1055
839
1144
876
971
649
1288
1987
1487
1336
1836
69469
4960
14128
6847
2449593
922
18261
968
1111
971
994
1764
1525
1340
1915
1903
2506615
1127
712
972
588
686
584
2657
2413
1782
1829
1818
2252
1489
1698
1985
78720
6171
12193
3661
8669
2410215
1337
978
865
1097
1099
1086
646
2559
681
1942
77420
2386615
967
649
1018
1660
1244
9064
11070
1000
652
1051
1352
1613
2010
1591
79294
5158
8835
7608
2316
10089
7436
7940
7650
7209
2389609
912
18978
782
861
3173
80870
4434
11021
2373231
1207
909
769
1048
1780
8416
988
800
724
593
2816
1314
113380
8598
11316
8903
3867
5770
2426374
973
665
649
1275
772
17323
1077
821
738
116840
2442455
1005
805
898
746
918
1385
1985
1619
2109
1605
2063
2502
1828
1776
2525627
Xput: 6320
