1424
669
987
757
730
606
564
696
613
579
1014
614
562
547
685
612
550
561
981
1436
613
560
563
825
619
554
546
541
686
721
734
587
550
682
719
601
672
601
556
679
864
603
564
543
544
745
668
557
700
594
570
582
559
561
555
555
555
552
555
557
551
546
555
549
554
566
566
554
568
659
566
752
592
564
550
591
555
556
548
545
552
549
547
565
556
1332
549
548
546
548
551
546
656
560
549
557
552
580
551
551
561
553
558
548
549
546
550
547
551
548
554
577
556
546
746
649
562
546
551
546
580
554
547
550
550
547
552
547
561
556
551
270989
717
6755375
962
755
736
1340
1287
830
729
598
554
3223
900
1025
778
732
990
907
976
3787
902
627
3002
819
1392
1540
580
2839
973
1038
1512
737
1182
1490
717
3065
695
864
985
959
953
991
1297
3972
618
3203
910
1284
1504
812
1101
1631
728
602
1843
1154
706
697
3679
629
3210
788
1013
1396
613
2926
800
805
827
794
957
576
980
2052
665
2144
590
1953
1213
1954
600
2007
1091
1700
1088
1852
591
2051
1171
1708
1161
1714
1155
2024
1149
1589
990
3331
1746
1864
988
1820
978
1821
992
1875
1002
1533
635
642
865
1880
810
5334
444
322
2048
346
1112
897
4164
500
353
691
860
660
406884
5747529
715
8781211
992
1128
1006
611
565
706
624
17246
932
857
969
1575
6080
895
1004
1090
1475
741
2980
626
3157
795
747
2662
4404
637
2603
744
3000
616
3007
752
2772
631
2867
837
668
3535
722
4130
713
2996
709
4006
886
823
684
3658
615
4212
1197
726
970
3399
761
2678
612
3271
712
596
4076
641
4174
751
681
3719
617
2933
727
2808
840
1020
602
4865
750
600
672
3680
646
559
3495
587
2983
950
595
1060
1946
1807
1565
1835
1410
1764
1998
2276
1721
1838
2608
735
1345
1858
1446
1894
1715
2002
1671
1898
1799
1889
2496
1847
2072
1821
1945
1939
4181
367
3373
371
1088
3426
371
2235
743
954
1868
6359743
488
6406422
586
669
1074
6867
551
922
4463
401
3262
552
444
3753
906
4276
402
3310
472
1508
5600
472
3112
411
3351
485
3232
637
1668
3768
4823
3834
726
2884
632
2979
892
2774
620
2020
3865
651
4064
619
2903
612
3588
4068
746
2973
621
2495
4736
629
1143
1717
998
634
556
2700
829
872
929
810
563
985
1594
740
763
674
2941
862
715
556
3038
1437
952
784
840
1014
619
3630
845
672
561
2571
583
2867
839
753
591
1148
2946
2285
376
2270
373
2437
375
2161
371
2478
397
1132
377
1305
830
949
1172
1840
982
872
1388
1908
1005
1853
985
892
974
1831
929
990
1294
6974115
502
706
1217
2166840
895
630372
1615
822
717
598
567
705
6736
773
1171
896
853
975
1227
843
1016
859
571
1212
3158
1013
722
724
1239
1814
841
1115
787
828
1048
1001
737
5786
850
867
716
694
724
2414
1238
920
935
617
560
4116
755
930
789
1291
1605
814
963
654
1186
787
1022
960
930
1447
887
986
613
4223
812
861
1093
884
760
565
2694
826
774
568
633
644
2127
710
1936
1100
1850
1107
1632
1410
2042
616
1232
592
935
1001
1795
963
1877
625
1362
792
1925
867
1172
3866
685
2470
761
648
722
638
564
1619
596
1974
1289
590
918
1873
1313
589
1175
1936
581
2077
1234
638
1915
13745618
651
7812014
1075
1322
1104
641
7335
781
781
3342
763
2419
730
2875
1056
1065
1529
1141
7609
1007
631
566
4234
2112
808
568
3419
583
2715
763
3576
4085
947
626
3773
624
2825
737
3830
614
3055
627
2980
620
2956
668
4358
622
2778
750
2952
623
3086
754
2877
626
2808
1107
3945
618
680
3586
718
3276
645
2911
1050
782
713
5635
624
2873
738
2869
619
3281
753
696
2789
519
457
3336
2042
762
3855
391
1295
1813
1675
2394
1535
1870
2134
1894
2375
1826
2559
2454
2261
2259
1927
2055
2003
1900
2159
1903
1856
2025
2011
1834
1908
1895
1804
1857
2036
3735
4132
573
377
2878
1013
2248
2112
2213
2370
2241
1043
458944
753
5051337
902
625
743
11685407
887
1575
1908
946
617
4592
733
4908
736
607
1724
3492
718
1380
1147
4021
673
557
3577
735
3030
573
3188
594
4524
685
633
3487
666
2946
588
2948
698
563
2034
5223
565
2995
675
2983
565
3164
579
623
3595
668
4439
584
2924
571
624
3359
567
3161
583
2873
680
3034
662
4466
592
3070
576
1605381
717
792
542
496
759
470
7830
109211
824
785
536
1397
8560
578
558
459
522
1715
442
2491
720
579
453
2504
3483
844
477
3956
554
3140
459
3072
548
3324
465
3072
1000
4037
478
4578
701
460
2392
466
4117
755
482
4110
555
2893
4185
474
3119
466
3024
567
2841
1235834
770
1218421
955
267508
877
4974293
1161
1091
789
720
604
558
2964
754
3440
798
705
3647
625
3222
638
3668
1513
729
2670
636
686
1899
4307
690
834
1193
4476
949
723
2637
721
2875
628
681
3808
940
629
683
3732
667
680
3196
729
2615
1752
3700
927
1007
968
609
3531
752
686
3317
617
3414
899
632
2854
1025
612
737
3747
586
3170
669
755
869
937
567
1527
985
589
2158
1966
816
3662
1340
2897
589
4576
586
2726
707
775
567
3254
740
706
574
1291
701
2239
1183
2394
359
1988
353
1979
919
1857
1276
1844
1350
1826
1017
1913
1377
2005
1407
1836
988
1865
1141
1946
1289
1846
1009
1863
1395
1906
14880202
924
793
638
15011
1439
801
644
1007
1034
842
767
1007
1701
794
690
2635
3951
618
3304
982
1194
823
787
761
1050
1208
1952
706
887
806
813
682
2628
1596
909
789
1221
943
998
922
780
560
3428
661
1062
1713
829
711
576
2862
692
949
753
616
671
2871
634
612
780
600
550
2591
802
867
572
4271
716
848
562
1897
856
863
901
709
647
772
667
643
623
702
1529
594
3613
2124
1902
734
563
2090
4051
744
957
1486
743
561
2182
905
772
828
770
821
849
561
690
657
570
1261
2154
615
1145
1740
583
1195
593
2131
1231
582
962
1589
762
831
923
923
1939
909
925
966
1138
21427809
1261
1222
1038
892
570
709
600
3638
926
1008
1198
921
1120
842
795
749
566
1663
1053
894
565
703
2428
1370
758
963
608
555
2477
754
729
966684
1117
1063
738
616
4411
659
3109
48621
1001
915
687
4830
687
3727
688
3202
1107
871
906
741
901
832
901
562
3709
866
570
3803
863
1124
1387
668
2949
727
643
1649
1902
1092
4564
592
2745
703
641
3240
570
2993
890
563
2144
3948
584
628
3461
565
617
2358
665
3908
624
541
5542
4945
585
2267
693
2745
661
3159
832
780
514
2790
822
556
2339
4140
580
2913
674
2910
565
3074
790
636
3476
571
641
3559
777
574
1149
3914
556
4065
537
14098893
953
742
754
817
708
1363
572
4673
861
944
942
787
868
629
812
30867
1780
741
703
2031
1329
5382
994
900
568
680
2491
732
939
799
814
3754077
1834
969
1325
1017
838
711
3427
762
1405
1536
642
1301
1508
668
1972
1102
977
794
694
3523
723
600
2557
959
739
612
4746
901
844
1270
3955
932
1068
1604
771
595
3653
1006
1014
621
3812
668
685
3379
621
3089
752
2979
775
618
1378
3746
938
609
2892
739
2999
720
660
3213
733
842
559
245016
769
591
655
741
573
5112
770
757
1242
607
2821
4352
567
716
769
514
4442
601
782
509
2650
510
456
2314
1047
3972
591
2946
603
3162
592
18871466
1183
755
909
2664
2547
988
2061
3727
4136
647
2924
631
3082
626
2800
668
4342
624
2571
4114
633
2780
920
2843
732
2570
3977
620
3201
920
737
595
3058
766
677
3559
872
719
772
1192
1679
1074
1274
802
1031
1008
697
700
2790
623
2722
3922
703
1159
1643
1002
636
560
2571
894
610
566
2472
724
1217
775
823
650
925
587
2718
828
748
860
849
565
576
1057
593
1131
596
2098
1311
742
1190
1874
1133
1734
576
4573
576
2928
898
861
778
785
610
840
1957
612
1205
1821
1076
1798
582
1150
1389
1798
1089
1778
582
1239
1162
1819
1416
604
1354
1026
984
928
1943
908
919
1890
1045
867
1313
10101171
1272
1011
637
712
6081
767
766
2962468
1006
842
978
624
705
3937
753
2504
730
2964
631
3130
718
799
1237
839
712
3664
915
872
631
2265
884
191106
1200
681
923
750
634
527
476
5244
673
840
731
479
2130
771
638
2328
765
759
680
585
3112
558
1732
3528
967
701
863
523
3093
786
615
4406
611
2927
776
546
4038
807
671
643
512
3294
542
582
862
3396
1253
712
648
509
3140
537
584
506
3002
845
3182
743
609
865
2545
740
496
1795
818
3398
741
626
870
882
541
808
1049
960
1896
1209
994
3987
498
3054
501
3715
973
3121
740
779
519
511
1024
2322
605
1428
1354
1006
1590
11259435
953
624
613
757
624
568
2841
98285
885
3722
929
1494
1504
1774
958
1890
724
3923
952
1011
939
707
2779
38860
3604
716
1155
3317
1042
4057
4009
615
4196
550
2427
3938
624
3000
628
4611
884
705
713
534
3054
657
3772
1643
4154
616
3011
639
583
2215
539
3281
750
530
2017
1000
4208
800
523
13386
530
3778
1790
997
5277
632
900
1441
896
571
475
2519
780
840
681
792
521
3072
750
522
2268
609
842
555
553
1936
4085
494
3209
485
3319
627
673
478
572
2058
1751
532
4358
627
2819
858
676
487
1813
681
1088
2620
387
1484
2112
1856
1827
1502
1874
911
917
1371
1780
1024
903
2686
406
21995108
605
401
687
1415
485
381
5006
617
476
519
367
3754
546
470
2544
606
677
572
788
3728
477
434
4060
517
432
2855
492
628
379
3006
471
1843
1142
528
452
4694
415
430
377
4382
623
390
2415
403
1541
571
757
4353
634
387
3296
635
379
2765
401
3631
483
553
425
431
2222
379
3979
565
564
352
1893
472
359
781
1808
1005
1850
982
1839
946
1878
1015
1865
1326
1805
1035
922
1242
1888
1211
1845
984
1837
947
4240
961
5429
507
354
2514
731
523
355
3682
485
550
429
815
1145
1764
954
1844
974
1870
991
902
1268
1902
1033
1844
976
2222
807
725
1679
1884
1018
1846
988
1843
920
23084291
564
486
2974
2022
2564
4455
519
461
1878
4216
514
439
2951
741
624
445
3310
576
807
7920
570
400
1551
493
2996
798
4180
559
875
2035
4018
396
3404
395
3350
395
3208
404
4526
400
3146
482
3392
475
3075
421
3215
478
3170
621
883
977
4609
393
4412
401
3015
479
3308
473
428
2299
3964
375
3262
449
1082
860
1106
1834
1844
1867
1701
1775
1548
1858
1917
2055
4104
371
3350
378
3965
369
3276
3981
425
1702
1559
1866
2484
2252
420
1536
1551
1835
2077
1798
2203
1935
2179
1918
2092
1826
2031
2052
2639
2118
2199
1844
2140
1967
1924
1946
2153
2002
2143
1856
2091
1899
1886
1885
2059
1917
1893
1855
1929
16727505
953
827
748
756
568
5481
677
707
592
5073
1142
1009
1018
916
682
3332
1223
3845
737
2878
746
599
4759
640
3835
633
3000
627
2414
4181
737
2804
613
2983
732
3122
737
814
727
4235
615
3937
726
2991
615
4025
1099
2565
727
598
2892
3892
721
3840
710
250368
702
785
873
582
530
508
652
430
8140
654
444
403
2960
889
574
664
533
3151
737
443
720
835
3711
323860
979
947
1008
865
891
821
525
652
558
2772
745
1097
1545
568
2991
988
949
1872
801
690
550
3235
933
830
538
2923
735
665
653
1987
3959
659
3153
709
625
2095
580
3433
732
829
886
577
2257
4105
711
742
1681
17535260
915
965
926
587
520
639
558
2578
596
4003
740
1388
1786
1396
776
891
561
3220
1236
974
565
513
2502
599
4320
709
521
1965
693
2951
569
3326
930
577
528
3161
594
620
3775
833
965
774
556
510
3004
761
639
2464
575
3166
894
568
2143
578
2964
725
993
731
514
3701
984
935
539
2285
652
514
2338
1045
654
514
2953
771
685
780
517
1574
963
1768
967
544
2225
540
2223
1099
1638
1958
829
1784
1041
1792
1061
2016
1052
1694
874
3820
816
541
2876
777
525
961
3911
820
768
813
519
4274
1479
1332
580
1085
1208
2082
544
1714
1319
539
1008
808
526
1277
1366
330
976
1969
903
7578810
553
400
1413
727
7093
1021
885
441
3665
4342
784
2431
883
1068
6664
750
989
3256
767
4353
1137
1697
626
3388
1005
693
3005
3960
738
2559
1742
3767
1560
4411
630
694
2009
768
722
624
2914
838
946
1067
998
840
702
592
2935
622
3452
766
1301
1441
1087
813
1181
1701
873
732
739
1995
669
806
640
559
1848
919
568
3304
904
763
573
1068
623
1395
606
2083
1449
591
1605
4441
762
676
1961
753
902
607
560
1972
633
851
1102
1662
993
1988
757
1227
1137
1717
979
1867
628
1192
989
1793
1099
1736
1358
587
937
2266
334
1514
935
1147
999
1866
974
879
1196
1848
991
952
1858
979
1080
20561673
619
462
434
1021
7483
441
425
3128
425
3162
362
3648
1933
1793
1189
3756
754
2505
4083
618
4485
623
3249
659
3644
622
3060
614
2714
728
3024
1655
2123
737
2617
621
3317
616
2030
1197
3975
628
3034
622
2614
4281
634
3286
1009
739
839
599
3472
727
3169
777
750
1383
3822
616
4306
836
604
4588
580
3179
580
2889
691
2772
2685
4303
636
2976
982
1012
1668
649
3130
866
1031
586
554
3159
583
4161
585
2957
593
916
1784
1858
1937
2316
1412
1966
1929
2038
1927
2211
2221
1870
2141
2020
1986
1819
1990
2096
2876
1232
4097
3606
796
1902
3506
753
2540
1369
1938
1176
1827
1253
1996
2750
1919
2168
2004
15050046
543
34434
4769
663
561
404
4624
772
520
45345
740
599
791
595
702
599
397
484
7014
607
538
434
396
1048
648
767
437
2474
441
1807
3605
444
3744
546
2191
3913
438
3366
526
2985
514
3299
529
2160
1807
890
3907
521
3163
506
1412
1768
5517
511
3234
438
3054
439
484
9886
706
456
401
2827
725
444
1671
2384
456
2851
444
3366
545
3199
451
3316
687
437
1846
3279795
822
609
488
500
1072
8431
735
601
8166
884
772
512
457
2597
593
3969
587
4698
580
3087
498
4347
640
644
1005
3376
4219
628
2657
1552
4472
508
3554
1753
681
607
488
3160
584
4691
962
689
552
4409
502
3638
583
22797984
959
946
1031
627
706
4024
753
848753
1663
1013
1088
613
570
700
2030
117848
2814
1052
1105
1055
1099
1036
621
431438
1020
1025
1064
1470
650
707
6475
770
1666
791
1081
1277
1136
1140
817
987
826
694
594
4654
1172
926
718
954
937
757
566
3260
621
1022
1644
894
891
878
1162
1716
899
615
3828
622
900
1520
580
3586
888
1000
587
2603
757
720
941
635
3925
659
708
3413
625
2997
951
1022
1468
610
2747
767
884
565
2965
791
983
784
570
1318
1580
1059
832
801
603
580
964
4253
590
3042
783
870
564
2908
737
790
839
881
568
720
1655
755
642
571
2207
776
1176
592
2053
1388
587
386321
1076
1038
1246
1046
1044
630
558
282534
2077
976
766
621
3252
730
920
614
3015
625
3031
1165
1042
633
564
2746
898
614
3251
647
935
623
682
3677
821
855
683
3706
713
2917
731
602
3875
867
881
615
3788
853
732
10194351
728
641
840
491
8254
847
968
529
630
487
449
440
3322
807
826
647
611
601
798
1050
960
670
931
500
3157
748
492
2302
666
556
3165
47831
610
6061
772
507
462
564
644
5433
630
603
495
471
786
946
1243
980
6652
695
1895
517
3540
644
3043
918
824
497
774
1124
1800
4174
492
3118
583
3039
493
3502
573
2193
913
4420
893
2733
818
3937
653
528
4462
9035962
897
591768
1546
1064
1047
917
571
1210
1092
975
987
603
3613
629
2931
623
2159
208443
914
1024
990
895
683
677
554
970
3400
1025
698
704
515
1184
1754
779
733
829
631
2748
959
825
841
567
639
1997
693
578
982
1882
638
636
3721
575
621
2339
848
800
518
3469
963
853
949
656
733
752
2558
858
563
3843
832
1019
891
721
668
551
3492
886
820
702
567
523
2505
896
836
521
3843
732
753
705
584
510
1555
1284
2302
1824
1767
914
1888
1333
711
1113
1849
953
540
2322
722
1082
1865
1062
1768
1397
549
4345
714
624
1405
604
628
663
1349
576
1968
1305
542
1921
944
1063
1795
14917840
821
11312
953
805
875
989
570
516
507
25752
1783
811
699
563
1178
569
8615
825
1078
849
528
649
550
45944
814
1754533
1229
986
953
567
521
649
565
112915
962
886
1042
902
573
518
644
551
6074
726
1225
800
842
694
1000
944
972
758
899
753
1187
1692
1037
812
693
547
2544
587
2951
710
557
2598
658
823
561
3219
736
458
1903
468
3166
724
548
4169
550
3179
570
2969
467
3215
622
898
1538
6525
570
1382
3626
4474
608
887
3129
461
3117
444
3044
453
2056
1560
1966
1998
1975
2284
2020
2092
2023
2102
1911
1870
2163
2598
5315
633
430
3287
442
1107
5147
480
961
1531
2044
2056
2004
1884
1927
14296756
1406
1370
985
839
571
724
607
4939
785
769
615
1429
1756
723
1352
670
1274
1030
996
831
1054
1536
726
2872
646
1168
3284
621
1227
1624
805
964
1911
1258
1034
611
1008
1614
726
596
3777
791
1003
655
553
3821
596
745
2114
640
687
596
2964
659
1174
841
1038
889
904
678
3822
629
572
2033
742
855
558
2852
699
450327
802
929
664
772
607
512
803
219721
1233
948
925
1109
542
622
513
3438
983
3907
630
3082
535
589
2620
640
580
2302
787
528
3003
622
1016
762
1260
1057
673
4161
884
693
1688
682
3084
667
3110
680
641
1323
2028
584
5018
582
1070
1927
792
833
691
19195963
Xput: 7942
