51061035.714286
32166180.000000
30907080.000000
30470098.571429
28276531.428571
29771007.142857
29247005.714286
29906540.952381
28993997.142857
29185938.571429
26665031.428571
28396217.619048
27721860.000000
29166268.571429
27554379.047619
31420126.190476
29051505.714286
29135529.523810
28470971.428571
31012424.761905
30103523.809524
28653529.523810
28490645.714286
28610773.333333
30092915.238095
28941193.333333
28915244.761905
28685140.000000
28602735.238095
30006520.000000
27911040.952381
28080643.809524
28468664.761905
28056974.285714
28582104.285714
28316715.238095
30125548.571429
28581328.571429
28279208.571429
28812871.428571
29217511.428571
30354642.857143
29131191.428571
31465136.190476
29663934.285714
30271567.142857
29741875.238095
29973546.666667
29137189.523810
34060800.000000
30469592.380952
28394186.190476
30467545.238095
31770942.857143
29349695.714286
30390023.809524
32066470.000000
29840361.428571
28622904.285714
29571891.428571
29614421.904762
30126586.190476
28991072.857143
28881100.952381
28668419.047619
28972035.714286
28895196.190476
29373493.333333
29268090.000000
31050980.000000
29557647.619048
29142004.761905
29709105.714286
28768609.523810
28595797.142857
28830286.666667
27895841.904762
28762220.476190
27943256.190476
30920066.666667
30611170.476190
30828952.380952
30544368.571429
30957949.523810
29349392.380952
28169048.095238
27956617.619048
30859718.095238
28641566.666667
29205183.809524
28166344.761905
30875665.714286
30677022.857143
28932556.190476
28757045.714286
30147654.285714
28190998.095238
28719928.571429
27855902.857143
28421913.333333
29129577.142857
28033519.523810
31200326.666667
28419127.619048
35238428.095238
33587424.285714
32721432.857143
31551143.333333
32475931.904762
30628205.238095
30657706.190476
32957970.000000
30566797.142857
28751910.952381
28985964.761905
28327759.047619
28927321.904762
28712376.666667
29460397.142857
28056417.142857
27302077.619048
27348493.333333
28057140.952381
29313404.761905
27860789.523810
28803055.714286
30247635.238095
29365943.809524
31346006.666667
29476807.142857
29908227.142857
28755165.714286
28236481.904762
29230691.428571
30609495.238095
27970846.666667
30162176.190476
28363081.904762
28374570.476190
28235024.761905
27933256.190476
27691269.523810
27852982.857143
28004550.476190
27133958.095238
28160774.285714
27903067.619048
28000224.761905
28022040.000000
26296725.714286
28514261.904762
28819630.476190
27557900.000000
31327672.857143
27385775.238095
29381982.857143
28609014.285714
28427619.047619
28636328.571429
32408840.952381
26274699.047619
26379771.428571
28084693.333333
27244503.809524
30576162.380952
32274028.095238
31724226.666667
28873666.190476
29073853.809524
29669370.000000
31088090.476190
32037624.285714
30242405.238095
28808295.238095
29640293.809524
28669946.666667
32160694.285714
29256184.285714
29604354.285714
30947221.904762
28443114.285714
28370243.809524
30046396.666667
32244974.285714
28919229.523810
28745179.047619
29010420.000000
29179417.142857
28529371.428571
28414100.952381
30097358.095238
29045502.857143
29575133.333333
28375983.809524
30401340.476190
30015332.380952
28515506.190476
29855222.380952
28132350.476190
29644354.285714
28211991.428571
28650306.666667
29340465.238095
30398373.809524
30052771.904762
28766018.571429
29907114.761905
28641555.714286
27922462.380952
28195425.714286
28079072.857143
28193560.476190
29337837.142857
27990681.904762
28540574.285714
29641287.619048
27915463.809524
30369820.952381
30690780.000000
31304364.761905
30919019.523810
29817937.142857
30669358.095238
29361869.047619
28109519.523810
28233664.761905
28492209.047619
28072127.142857
29564488.571429
29250373.333333
29246054.761905
30704365.238095
29796520.000000
32588030.952381
29115255.714286
30405479.047619
29122031.428571
29213284.761905
29150147.619048
29942219.047619
31629677.142857
32268510.952381
30649296.190476
29609782.380952
31101206.190476
29446148.571429
29663455.238095
31800322.857143
29164032.380952
30166827.142857
28438057.142857
29790101.428571
31034282.857143
31638993.809524
29347993.333333
29502319.047619
28959139.047619
29683961.904762
30453568.571429
28235837.142857
30262440.952381
29846219.523810
27080572.380952
27462920.952381
27873593.333333
28337908.571429
31344530.476190
29836295.238095
29812041.904762
29071590.476190
28408752.380952
30492259.047619
28918580.000000
29122801.428571
28348265.714286
27916760.000000
28270544.285714
25899264.285714
27767788.571429
26525737.142857
27847600.000000
28630127.142857
27821122.857143
26669965.714286
27249287.142857
28190472.857143
28798128.571429
28266478.095238
29432616.190476
27815558.095238
29116379.047619
27920789.523810
29133440.000000
29023665.714286
28340184.761905
29272590.476190
28916773.333333
31089357.142857
28695934.285714
28335840.952381
31249391.428571
29884548.571429
28068642.857143
29647800.000000
28291784.761905
29993962.857143
31409845.714286
30416060.952381
28522811.428571
28600700.952381
29705517.142857
27745773.333333
28431339.047619
30602148.571429
31073533.333333
28900412.380952
28976495.238095
29327408.571429
29416771.428571
31073917.142857
30988986.666667
28288291.428571
30554090.476190
30907182.857143
29783908.571429
28791043.809524
29291766.666667
30389550.476190
30891965.714286
30315639.047619
27933700.000000
28320928.571429
27845525.714286
29224770.476190
30215803.333333
29457058.571429
28448037.142857
29165079.047619
28435139.047619
28307148.571429
28438356.190476
28312252.380952
30768621.904762
28374127.619048
27570414.285714
28511906.666667
27808753.333333
30043910.476190
28488213.333333
29148433.809524
28244303.333333
30959417.142857
28033197.142857
27616752.380952
28733249.523810
28254836.190476
27305869.523810
28028721.904762
28638709.523810
28085352.380952
30047060.952381
29860166.666667
27471254.285714
30907279.047619
28726185.714286
30378529.523810
28226458.095238
28756069.523810
28280676.190476
30422690.476190
28194549.523810
29119811.428571
28475077.142857
31402824.761905
28202358.095238
28873326.666667
29284417.142857
29150737.142857
28413202.857143
29413776.190476
29202344.761905
27648329.523810
27941819.047619
28287493.333333
26119400.952381
29043246.666667
26458453.333333
30780084.761905
27001199.047619
28251796.190476
29128940.952381
27419761.904762
29925027.619048
29101034.285714
28086274.285714
27882966.666667
30589110.476190
30670132.380952
31039954.285714
27950562.857143
28888049.523810
28947872.380952
28720589.523810
29548441.904762
31239933.333333
31259764.761905
28042442.857143
29336000.000000
28612374.285714
28173719.047619
26698314.285714
28095884.761905
28440489.523810
27760716.190476
29894905.714286
29379642.857143
29436719.047619
31084941.904762
27818427.619048
29201025.714286
29910372.380952
28299024.761905
27402155.714286
28583027.619048
27934882.857143
28965032.857143
28555496.190476
27882815.238095
28725104.761905
30610631.428571
30431479.047619
29192925.714286
30247432.380952
27847644.285714
30487766.190476
29792281.904762
30465379.523810
29537841.428571
31638022.857143
31411294.285714
29397975.238095
28591790.476190
28370128.571429
29497797.619048
28066610.476190
27510836.190476
27763679.047619
28560797.142857
27761904.761905
28246554.285714
27798569.523810
29885243.809524
30873167.619048
28389237.619048
30247387.142857
30124422.380952
30974260.476190
29250129.523810
30048828.571429
29647374.285714
31114010.476190
26671014.285714
29022273.333333
27874630.952381
28211203.333333
30905526.190476
30508660.952381
29205642.380952
31278700.952381
28462719.047619
30324486.666667
28386843.809524
28509404.761905
28007698.571429
28674714.761905
28450923.809524
28922036.190476
30796142.857143
30644581.904762
29720672.857143
27522548.571429
28382220.000000
27351924.761905
28630922.857143
28013979.047619
28615101.904762
30582234.285714
29250211.428571
28679946.666667
27486333.333333
28642602.857143
27910336.190476
30477147.619048
28995947.619048
27922520.952381
28493779.047619
29037305.238095
29891236.666667
30916695.714286
28773133.333333
30335085.238095
29943337.142857
27931440.952381
28919030.476190
28905893.333333
30313340.000000
29908410.476190
28648554.285714
29811164.761905
29319627.142857
27013159.523810
26872717.142857
28187981.904762
27268587.619048
30073613.333333
28685067.619048
27423772.380952
28316413.333333
27832918.095238
28183780.000000
27664741.904762
28128214.285714
27646543.809524
29879039.047619
27648647.619048
29865746.666667
28772816.190476
28941000.952381
30026719.047619
27482888.095238
26223832.857143
27139355.238095
27640959.047619
29574911.428571
28115650.476190
30360560.952381
27661860.000000
28530848.571429
28737515.238095
28194595.238095
29036001.904762
28150880.000000
29444171.428571
29935520.000000
28088089.523810
27475028.571429
28222281.904762
29758522.380952
27248316.666667
28206214.285714
27118102.857143
26238396.190476
28254846.666667
27753940.952381
29710912.380952
30198808.571429
30834852.380952
30387198.095238
28686126.666667
28195515.238095
28350799.047619
27838456.190476
28193889.523810
28987405.714286
28084303.809524
28378029.523810
28225329.523810
28324079.523810
28201855.714286
30379118.095238
26610447.619048
26336354.285714
27897840.952381
28617332.380952
30213168.571429
28193578.095238
30285365.238095
29107407.142857
28031473.809524
28903124.761905
29677293.809524
27046479.523810
29743012.380952
27758263.333333
29678014.761905
28547657.142857
27953559.047619
28075635.238095
26603056.666667
29232567.142857
25849240.000000
26476171.904762
28559838.095238
28311144.761905
28224719.523810
27742387.142857
28842753.809524
28020617.142857
30869123.333333
30436936.666667
26799835.238095
28349244.761905
27879359.047619
28559423.333333
27976458.571429
31010648.571429
29082371.428571
28222314.285714
27219387.142857
27677273.809524
27446272.857143
27474080.476190
29830125.714286
27386023.333333
29591123.333333
27639080.476190
27970974.761905
27649347.619048
27710173.809524
29744520.952381
26406182.380952
27532126.666667
28233221.904762
27658154.761905
28343270.952381
28274801.904762
28277644.761905
28244903.809524
26989508.095238
27975110.952381
27033300.000000
27355148.571429
27719543.809524
29778382.380952
28106620.476190
29639255.238095
30067680.000000
28299353.333333
30045566.190476
27871354.761905
27940584.761905
27282413.333333
29462335.238095
27798816.666667
28609253.809524
27439298.571429
27452358.571429
25695252.857143
25577764.285714
27159245.238095
26541718.571429
24226388.571429
26445295.714286
25777605.714286
31636421.428571
26091728.571429
27813768.571429
26903562.857143
27591025.714286
27718435.714286
26290084.285714
27661740.000000
28219250.000000
28402857.142857
27281148.571429
27709367.142857
26425004.285714
26904018.571429
26665151.428571
26341967.619048
25596878.571429
25733848.571429
27602074.285714
28606595.714286
28185557.142857
28692301.428571
28113527.142857
29661388.571429
28723100.000000
30054841.428571
27368725.714286
28498955.714286
27750275.238095
32069092.380952
29644100.952381
28784861.428571
29032458.095238
31307809.523810
27947676.666667
27451490.000000
27215028.095238
27076554.761905
29583367.142857
30860481.428571
29722966.190476
28454174.285714
27800400.952381
27868916.666667
27891391.428571
28151448.095238
27254177.142857
30805406.666667
29191765.238095
28063752.380952
28061870.952381
29226002.857143
27997312.380952
30396444.761905
27548151.428571
26828047.619048
26957637.142857
28198383.809524
28647034.761905
28921500.952381
28243104.285714
30922468.095238
30624767.619048
29075781.428571
27900703.809524
27239269.523810
27492941.904762
32898947.142857
29465840.000000
28393765.238095
27761741.904762
27222021.428571
28819895.238095
29114124.761905
27007876.190476
28802664.761905
26484694.761905
27417227.619048
28822663.809524
28222043.809524
27559920.476190
30669923.809524
29723582.380952
28706899.523810
28577154.285714
28554376.190476
27736000.000000
30174283.809524
28590708.571429
27876108.095238
28261133.333333
29778710.952381
28291768.571429
26823792.380952
28321137.142857
26992184.285714
26294591.428571
26219763.333333
29200975.238095
29111715.714286
28132978.571429
27938833.333333
27806662.380952
28940486.190476
29226961.904762
29973903.809524
27281689.523810
26881978.095238
27640346.666667
27544170.476190
30169915.238095
28137755.238095
28783274.285714
29184800.952381
28415232.380952
28126983.809524
27345994.285714
28264290.476190
28159604.761905
27709955.238095
30183709.523810
27741655.238095
28464373.333333
28610554.285714
28169150.476190
28047962.857143
28466617.142857
28726955.238095
28341655.238095
27892021.904762
28471472.380952
29022361.904762
30392171.428571
30450576.190476
27944217.142857
29580345.714286
27686489.523810
29605657.142857
28633684.761905
29786442.857143
27852474.285714
30023106.666667
29171650.476190
28712440.000000
28464892.380952
30561638.095238
29186583.809524
29462913.333333
29535740.000000
28118234.285714
27985136.190476
30282963.809524
28749292.380952
27782385.714286
29437359.047619
28643563.809524
28199897.142857
27821936.190476
28197707.619048
28694247.619048
28117838.571429
28341333.809524
29248599.047619
27521027.619048
29631205.714286
28966922.857143
28057289.523810
29596257.142857
27786544.761905
28246313.333333
27837600.000000
29582119.047619
29005043.809524
28029098.095238
28243717.142857
28063763.809524
27588685.714286
28850711.428571
28422698.095238
28501425.714286
28575425.714286
27913330.476190
27336128.571429
27629538.095238
29871519.047619
29334287.619048
30043541.904762
28488288.571429
27934360.000000
27996405.714286
28996053.333333
30181173.333333
28315644.761905
29876545.714286
29414407.619048
30680981.904762
28006124.761905
27633871.428571
29971437.142857
30792700.952381
29959203.809524
27623434.285714
29874748.571429
30188022.857143
29059574.285714
29189623.809524
29188247.619048
28581027.619048
29726580.952381
29779950.476190
27456345.714286
27787161.428571
28184367.619048
30612396.190476
29272150.000000
31205613.333333
28479750.000000
28059190.952381
28878233.333333
27801814.285714
28957023.809524
29273554.761905
28133808.571429
28718740.476190
28540111.428571
28098799.047619
28720412.857143
28759554.761905
29126015.714286
28259342.857143
27604016.190476
28616200.476190
29229029.523810
30815244.761905
28386667.142857
28825419.047619
28885438.571429
30811427.142857
29054825.714286
28717610.476190
30594376.666667
30891060.952381
30831862.380952
30107102.857143
30270907.619048
29733114.285714
28040705.714286
29024469.523810
27947072.380952
28410349.047619
28074244.285714
30693604.285714
28961610.476190
28249903.333333
27924027.619048
29147857.142857
27630041.904762
27229668.571429
28720919.047619
30207983.333333
28669867.619048
31021509.047619
28148006.666667
28291106.666667
30100892.380952
29216929.523810
