113485571.428571
121312425.238095
83325027.142857
87636736.666667
67120637.142857
67959091.428571
58468256.190476
59872037.142857
55766610.000000
56881195.238095
38400768.571429
38954130.952381
36525950.000000
36855301.428571
43476352.857143
42006275.714286
56714320.000000
56285520.000000
59256845.714286
56925995.714286
40376854.285714
40690334.285714
40513385.714286
41379787.142857
46570257.619048
45317762.380952
54716317.619048
67555836.190476
59235942.857143
67666649.523810
45204610.000000
48778654.285714
41972407.619048
44439747.142857
44958710.476190
46220716.190476
61354890.000000
59450132.857143
58578163.809524
57620017.142857
41380360.000000
43805255.238095
37136417.142857
38174447.619048
45648611.428571
44334250.952381
59132204.761905
58238096.666667
58072921.904762
58161751.428571
38240323.809524
39837208.095238
35694422.857143
38250019.047619
43527615.238095
39346127.619048
76721530.476190
82079166.666667
59990708.571429
61082698.095238
42375598.095238
44716457.142857
39411005.714286
42149994.285714
49711580.952381
42720809.523810
56346085.714286
54315880.000000
57639009.523810
55391700.952381
40972641.904762
40816190.476190
37593419.047619
40375125.714286
47739491.428571
41231036.190476
59022163.809524
56176260.952381
60192756.190476
58523788.571429
42216043.809524
42633059.047619
42075859.047619
45655424.285714
48486963.809524
44716506.666667
57029773.333333
60715470.476190
55341219.047619
52992881.904762
38975891.428571
39707017.142857
37295937.142857
39063908.571429
44396784.761905
42367167.619048
56107380.476190
52951415.714286
52483727.619048
49366139.047619
40544222.857143
41610908.571429
41698565.714286
44211463.809524
43646437.142857
44820952.857143
55332983.333333
55577495.238095
52914321.904762
52465939.047619
39528382.857143
40296678.095238
41584171.428571
44211426.666667
42930043.809524
43091542.857143
56719142.857143
55359731.428571
54244464.761905
54292200.000000
39278866.666667
39334029.047619
42356127.619048
46398439.523810
43989400.000000
43071961.904762
57918163.809524
56364733.333333
54592977.142857
56038786.666667
41977975.714286
44588500.000000
37508958.095238
38053630.476190
42969874.285714
42345758.095238
53778203.809524
52985594.285714
48454714.285714
60024428.571429
43536948.571429
46955811.428571
37833520.000000
38721600.000000
42614822.857143
42597348.571429
54401554.285714
51919940.952381
52339209.523810
50169379.047619
39940651.428571
40842468.571429
40655674.285714
43008137.142857
42323112.380952
42720129.523810
54459967.619048
53018007.619048
52100177.142857
50120569.523810
38927849.047619
39082792.380952
40887089.523810
42608474.285714
41707748.571429
41653517.619048
51839700.952381
50514139.047619
51421765.714286
49742270.476190
38580958.095238
38864900.952381
37316849.523810
37911424.761905
42120832.380952
41858156.190476
52436864.761905
49718652.857143
49964603.333333
46891129.047619
37803304.761905
38015586.666667
36960241.904762
37555060.952381
42711600.000000
41245544.761905
50386974.761905
59661708.571429
57980830.000000
60414964.761905
43807119.523810
47677366.666667
41076028.095238
43376090.000000
41684026.666667
42045344.761905
52728601.904762
50943190.476190
51788474.285714
49889384.761905
39832101.428571
40215892.380952
40930095.238095
42968643.333333
41458167.619048
41787832.380952
52878348.571429
50330592.380952
50485340.952381
48693691.428571
38310184.761905
38710881.904762
37808664.285714
38134014.761905
42221160.000000
42496637.142857
49365849.523810
59559342.857143
52127111.904762
55087632.380952
39878165.714286
41224222.857143
41194200.000000
43989001.904762
41761181.428571
42207605.714286
51139693.333333
50257036.190476
45247824.761905
56122889.523810
42793285.714286
47381396.190476
37563255.238095
35551434.285714
41262314.761905
35819040.000000
41368480.952381
38503566.190476
42569548.571429
39464245.714286
36689489.523810
37902506.666667
34871324.285714
36491009.523810
40288171.428571
37645217.142857
51075748.571429
49288649.523810
49597569.047619
46995249.523810
37412531.428571
37615167.619048
41902855.714286
45227738.571429
41371422.857143
42132152.857143
50369530.000000
47269259.047619
49580030.952381
47667750.476190
38174099.523810
38380547.619048
37343798.095238
37645699.047619
40303401.428571
38176590.000000
50921834.285714
48842868.571429
48353617.142857
44899624.761905
41133735.238095
43812809.523810
40602560.952381
43180337.142857
41117634.285714
41516706.666667
49627118.095238
49804794.285714
48192104.761905
44881761.904762
41962979.523810
45289512.380952
38947207.619048
40369567.619048
40869060.952381
41530447.619048
51007721.904762
49632053.333333
49244213.333333
46864384.761905
40734721.904762
43288655.238095
37451779.047619
38011832.380952
41469202.380952
41536582.857143
51001838.095238
47076529.047619
50259657.142857
47591916.666667
40654521.428571
42411958.571429
37249718.095238
37636580.952381
41427005.714286
41325078.095238
49180403.809524
44581509.047619
48735453.333333
47690272.380952
38811910.476190
38692609.523810
38123465.714286
39283925.714286
41784649.523810
42911026.190476
48378192.857143
49019810.476190
50094745.714286
47914956.190476
37537561.904762
38047148.571429
36338792.380952
36818550.476190
41329383.809524
39743210.476190
49297979.047619
49375773.333333
49570912.380952
47243700.000000
38873689.047619
39172068.571429
37234222.857143
37579481.904762
41056316.190476
41014565.714286
51447353.809524
48319617.142857
49167171.428571
48003720.000000
40248887.619048
41357933.333333
37546070.476190
37837735.238095
41086580.952381
42296587.142857
50006826.666667
46596205.714286
48362920.000000
47126961.904762
39546055.238095
40366773.333333
36949249.523810
37029992.380952
40738046.190476
41590061.428571
49319498.095238
49098680.000000
48937421.428571
46513579.047619
39283748.571429
39825927.619048
40587744.761905
43046095.238095
40611213.333333
42180885.714286
44519081.904762
57219779.047619
50144156.190476
54366208.095238
39730683.809524
40622998.095238
42106940.476190
45432038.095238
43705818.095238
46246699.047619
52212421.904762
52269257.142857
47632344.761905
46303156.190476
38327291.428571
38382815.238095
49379062.857143
55193194.285714
39201212.857143
39470758.095238
40088820.952381
41306140.952381
40835453.333333
41943222.380952
50509400.000000
48599204.761905
55142129.523810
48031729.523810
44521690.476190
49492378.571429
38498125.714286
39184992.380952
39996445.714286
40721457.142857
50112780.952381
47189529.523810
44385973.333333
44281335.238095
37464716.666667
38097148.571429
37605743.333333
38128855.238095
40165780.952381
40585047.142857
50035025.714286
48306544.761905
44934832.380952
44579165.714286
38936965.714286
39569622.857143
38224259.047619
38832455.238095
40439180.952381
41817912.380952
50390226.666667
49289508.571429
44519940.952381
42656056.666667
39024735.238095
39677156.190476
38600460.952381
39191169.523810
40570874.285714
40952546.190476
48204382.857143
47188942.857143
42569925.714286
51014356.190476
