898
349
212
562
253
265
184
246
180
253
182
255
181
217
166
130
244
49593
319
71579
337
63579
673
63232
266
63905
277
63100
322
62486
312
62773
5015
24153
44251
22064
44526
20533
46585
19490
5756
102164
225
60449
5486
21744
41611
19992
43211
20365
43885
18917
44838
20835
41344
20443
41509
18546
43591
56573
229
21336
42002
54305
278
60292
329
58593
386
57398
432
56661
427
64423
268
59884
260
56585
318
58886
304
57423
5016
20179
43758
19945
46537
20786
44123
19335
4454
96431
442
117417
9622
28382
44257
19735
44198
19015
43647
18641
42260
17246
44505
17868
40570
18091
44075
53710
455
23090
39773
54797
498
59390
700
66110
313
100813
327
74853
339
91215
254
75325
268
85055
676
82091
311
80043
9846
30523
104360
29257
107459
29324
105848
27586
4466
100353
322
59622
5372
18006
44200
17655
44057
18183
45429
17507
42136
16848
41760
17613
41660
17966
44225
53957
241
21673
41029
52679
275
59305
365
60341
73742
250
288
57740
349
61598
254
60057
264
60729
330
61273
309
60937
5372
17420
42665
18178
43171
19008
44017
17975
3925
95223
231
59446
5154
20129
42890
19501
42337
18236
42774
17919
42537
16912
42686
20804
47986
18244
99840
57723
451
22105
87479
109343
757
74088
700
107503
679
88293
681
78505
721
82452
467
76480
523
105758
710
61817
314
63308
5436
17707
102129
21853
45846
17385
43639
16958
4352
96937
450
57520
5049
17766
44801
16977
42768
17642
43034
18046
39614
19912
38894
17404
42298
18281
43482
53960
224
20731
41458
54316
237
56456
983
60206
657
57032
669
55857
311
57338
438
56468
433
57994
660
56078
647
55862
5114
18209
42974
16284
43695
15739
42363
18792
3537
94367
203
58689
5207
18044
43261
17645
43501
17370
48120
18309
43315
17698
43964
16874
41330
16439
41779
54410
240
19358
39859
54875
382
58295
483
59706
474
56624
477
59126
495
58319
372
56486
367
55926
479
61913
59981
405
6332
18046
41141
18260
43641
19264
44035
17916
4447
98796
343
55873
6207
16732
43440
17416
41383
21509
42543
17194
41378
17020
41280
18245
42187
18241
41739
53590
334
20355
40271
53619
393
58041
1110
55187
459
56786
851
60306
481
58511
365
57311
366
56219
466
59550
460
59288
6404
17856
42867
18051
44475
18291
43691
16661
3389
95678
339
57718
5209
17868
45729
19128
42993
18309
41072
16919
40763
17498
41968
16902
40801
18206
42204
54114
348
20725
41509
51800
853
55521
480
57933
475
56224
480
55241
1964
56894
367
57438
371
54999
601
58378
481
57094
5515
18739
42453
17238
42970
16113
40409
17033
5275
94248
352
54751
5306
18474
40251
17405
42385
18025
42086
17728
39719
18816
40814
16506
42126
17767
40284
53148
351
21349
39536
51454
403
56299
485
58628
459
57841
481
56397
490
56059
371
58335
371
55423
470
55940
444
54935
5018
16721
42061
17686
42130
17842
42612
18942
4547
95355
340
57099
5321
18696
43539
19412
43158
18286
43138
17352
43399
18838
40097
17843
40933
19200
43544
55160
354
19527
40708
54090
393
59100
493
59442
455
57907
494
58745
492
58253
358
56304
365
56159
472
62632
311
127965
9738
29985
104242
28983
106035
29953
103009
28821
7096
114088
232
129240
10030
29795
103423
32609
101245
29782
105496
29420
103204
30096
98762
29754
101188
30524
107318
119523
250
35492
98684
114360
405
58215
60623
279
280
59105
58469
247
296
58166
256
57857
245
59765
289
57687
277
56092
4970
17304
44002
17493
43799
16520
41946
16695
3818
93891
328
57763
5057
16686
41462
17462
41246
17965
41944
16795
43787
16996
41803
16508
39731
20386
45006
55493
206
18752
41933
51086
270
56475
339
58241
313
55813
334
55257
334
56417
252
57459
263
55649
319
58615
310
56312
7033
14065
43380
19500
42704
15976
43553
17472
1086
95819
227
56471
5698
17822
42665
15779
41899
18887
42116
19305
42202
18753
42377
17579
40988
18313
41367
55327
242
20793
41155
53647
280
56615
340
58784
310
56833
332
53865
339
55556
382
58619
281
56998
320
56347
309
53935
5854
16240
41442
15660
43261
16758
40826
18261
5244
96331
249
55283
5775
17016
39533
18488
41898
17687
40531
17195
38213
18226
40055
18149
41160
16625
40151
54375
436
19753
39381
51647
450
55979
687
57942
669
59650
665
56090
676
55529
436
54713
451
55942
653
55797
636
56090
4972
18204
43007
18733
43584
17537
40122
17057
3431
93921
231
61461
5937
18590
40216
16983
41995
18079
43857
17633
41355
17959
40672
17363
40471
18046
41899
58825
240
19473
40525
52401
280
57134
504
60646
319
57898
322
57185
337
62084
260
55945
270
57768
325
61260
309
58168
5193
16878
39042
19854
44983
18425
41759
16832
11111
93484
417
57052
8201
17321
40618
16305
43122
17266
43798
17233
44424
16581
40609
17227
41803
17772
41523
56165
317
20925
41956
54686
409
56009
500
60308
461
57598
486
56828
503
55749
370
60523
385
57795
435
58625
420
56170
5612
17072
41964
16934
44035
16960
42034
17953
5021
96179
212
58442
5352
18101
43047
17474
42269
15256
42468
16686
42280
16755
41461
18662
39459
20195
40562
55211
243
20908
41081
52810
290
60913
706
57116
369
59204
347
58824
354
58789
268
55926
267
58885
324
58017
315
67661
4738
19691
44784
18621
42905
17577
40278
19183
2878
94586
437
57368
6464
16235
39812
17208
44470
17838
44489
18441
41254
16721
38508
17326
39688
18706
40370
56009
247
18413
40174
52188
280
56554
367
56360
311
57188
330
57152
351
58811
269
57652
261
56857
324
58405
320
56460
4785
18032
39851
19874
72544
27259
43989
19072
1955
98418
427
55854
5919
20913
90822
19751
44405
18980
42085
17459
41623
17736
42712
17792
42823
18375
45293
55434
432
21806
43257
54448
288
60823
330
59598
287
58454
307
55886
313
55717
232
62323
571
61581
343
59902
313
56663
5890
17253
41909
16384
44455
21498
46535
28752
5424
95213
231
57720
4873
18235
42647
18068
47847
19896
42875
20631
42417
19380
40424
17858
41170
18046
46282
56658
436
22160
40764
54041
458
54565
683
57180
384
59991
694
58220
704
56777
450
57032
456
57013
689
61470
1158
59095
5151
17239
41606
16008
43324
17820
42428
17547
3869
102197
1086
62333
5889
18010
43325
18672
42609
17520
42258
17466
44881
18807
41724
18519
41581
18066
40771
55399
436
22567
41724
57966
467
54494
708
59409
659
57826
668
54168
686
57649
449
58363
450
57492
671
57170
657
57138
4692
21015
55875
26649
50665
16816
44042
19098
3726
93908
432
55310
4820
17595
43109
18876
42435
17236
42379
18544
40464
18115
42023
16094
40711
19108
43001
55437
239
19153
41497
52299
363
54520
336
58746
311
57579
492
56505
734
62312
423
57761
434
55103
478
60810
506
57103
5231
16185
43518
15249
43291
17093
41469
15928
5241
102310
349
56936
5069
16908
41966
18001
41023
19065
47667
17546
43575
18583
42730
17688
41644
16194
43676
51880
237
17419
41357
62238
449
64293
340
59025
279
56647
289
56555
371
57498
256
65704
247
56613
306
59867
285
56903
5038
16750
43955
19130
47471
18692
42426
17049
3866
99630
232
56512
5932
18333
46113
29004
103279
28808
105296
29803
101859
30627
99530
29839
102949
30282
77068
121083
442
35594
98531
121232
274
125703
334
131843
322
130466
337
107431
336
133009
268
106660
269
129216
341
134451
321
129486
10351
29976
104438
29402
106397
29024
103197
29551
6926
153467
235
129981
9513
30226
48904
28373
102736
29523
104376
30281
103712
28658
101035
29536
100140
28596
101306
123167
237
35633
99061
117331
283
127271
339
129129
454
131610
479
129884
509
130661
429
127216
406
127044
493
133203
477
128379
10045
29225
104474
28856
105501
29321
104319
29261
7318
176044
227
127774
9875
29673
103106
28687
102547
28482
104574
29706
96789
26900
88133
18187
40001
25538
80078
54393
233
19794
41079
57434
280
72683
342
58956
469
57078
485
57855
518
59727
411
59394
420
57398
474
60220
311
58276
5039
19904
41714
18470
41766
16234
42034
16492
4243
97418
229
57259
5321
19081
41117
18094
42417
17527
42944
18909
40132
19386
42317
18456
42020
17905
41124
52562
244
20009
39960
53264
277
55953
338
58089
315
57250
691
57514
339
58146
252
56832
269
56365
324
59042
309
57406
5431
19919
41512
16318
42789
15733
40926
16921
4382
102126
225
96158
5455
21009
41261
16437
59116
21181
51060
18125
57478
17506
87437
17585
77744
18600
93237
104757
245
20719
45752
73323
276
55085
344
57896
308
56588
329
57266
338
63192
259
58372
271
60879
328
60796
286
56976
5590
17564
39922
17836
42995
17864
41498
17011
4956
93846
237
62157
5494
16169
40866
17035
41629
17775
43750
18253
42451
18472
43658
17408
41811
18012
41496
53770
1709
19276
38529
53004
2481
56977
1236
61138
1790
55449
338
55464
570
56077
497
58002
266
53638
428
56504
305
54601
5241
15429
41551
15971
45766
17249
42693
15339
3709
91225
590
57441
5795
18363
40349
17372
41319
16695
40593
15509
39369
15903
40898
15354
41050
16394
46023
54558
234
19217
40493
52899
278
53871
334
55922
317
56253
333
56389
344
113787
254
86349
270
58041
323
58948
312
61766
6371
18431
45927
17043
43961
15255
43538
17222
4519
94363
229
56827
4811
16789
42687
17340
41801
15522
51238
27870
56729
27749
53516
25641
43881
21673
44272
54862
684
21062
38893
53374
280
119083
692
133604
317
127710
342
125131
345
126996
361
125644
274
125287
331
132496
323
127912
9826
29006
86704
19508
42722
15815
48745
24246
7069
96123
238
55211
4731
16924
40677
17864
40488
16399
44564
16503
40968
16274
43474
17649
39784
16985
43261
56015
246
19914
40478
59011
291
71131
343
59682
310
57865
1222
57106
347
57865
256
59863
266
60461
433
80843
310
58173
4965
17805
41645
18529
44303
17194
42072
18019
3771
95085
236
58408
5622
22025
103955
30432
105845
29236
107680
29096
104612
29756
101159
29106
104974
30038
107773
123215
244
34056
100884
119717
288
129850
339
135560
317
131589
332
131130
346
134474
261
130675
272
131289
324
136801
313
121976
9829
31001
106225
28244
109196
29943
107361
29721
6931
142292
233
132068
9814
30749
90529
28960
106175
29600
104980
30298
104402
29846
101106
30080
102169
29355
104994
123257
249
35133
100552
121268
271
128516
656
134471
315
132638
328
132431
351
133227
261
130436
269
129242
321
133663
312
131069
10003
30086
105021
29881
107222
29218
106117
28312
7634
213100
233
132246
9969
30023
74357
28855
106012
30290
107806
29085
103111
30041
102750
29286
102697
30230
105301
122651
244
35713
101117
118631
276
127566
341
134309
314
131130
335
130608
334
134265
259
131068
271
127471
322
135648
311
132513
9765
30158
105111
29633
108079
29485
104388
28066
7649
154208
229
130203
9752
30373
104894
29763
104997
29703
105235
29687
102738
29555
101471
30481
101266
30235
105474
121662
244
36248
100746
120797
282
130264
347
133511
311
129100
334
73007
339
132563
260
106741
264
127892
326
93191
314
99497
4995
18689
42099
16224
44225
16313
42469
18469
3498
96482
239
61358
5541
16201
44834
18450
43562
17380
41932
16595
43143
18066
40533
18422
41035
16852
40931
55127
236
20867
39849
51233
273
55308
334
58960
313
58633
338
58760
335
58699
252
56618
260
55021
327
57995
305
57169
6814
18298
43880
19202
43464
16582
43107
16253
2241
97107
747
55900
5407
18154
41145
18596
41978
18051
43623
16711
40612
20280
40889
17147
40287
15956
43170
56479
434
20730
40789
56233
461
53288
696
57794
645
56612
660
55441
691
55195
1087
58106
449
59249
515
56436
1006
56876
5301
16997
42965
16394
44630
16647
44706
16969
3908
97206
331
57185
4892
17443
43298
17226
42799
18118
46652
14272
45274
17492
42638
16765
40520
17506
42402
55050
246
20172
40125
54246
279
58986
350
60259
313
57207
334
57555
332
59172
383
56548
332
56765
576
58802
312
59023
4919
18430
41444
16416
45094
17599
42348
16696
3947
96464
352
77137
5013
17515
41469
18407
42700
16181
43413
16470
41796
15707
41211
17984
41686
17632
41353
53114
260
18930
40356
53937
275
54706
687
57697
466
57621
336
58036
339
56350
556
55330
264
59048
331
58250
316
55226
5200
15084
41111
16353
46510
17301
43013
16084
4573
92300
227
55586
4656
15634
43085
15876
39707
17300
43315
16757
42726
16831
40691
17409
38723
17397
41856
56050
737
18150
43103
53516
277
57955
332
59425
317
57198
1037
59136
338
59042
247
59540
427
58787
319
59374
305
56389
5036
16466
42282
17083
40425
17481
40938
17717
4379
94568
234
55976
4719
16916
42146
16710
39652
17277
39279
17593
39085
18848
40723
18005
40088
17172
39410
52499
245
19575
40126
52132
290
55427
337
58955
529
59424
324
54480
336
56599
260
55717
263
54391
323
58010
312
56915
4981
16288
42920
17375
40449
16323
41209
17443
4174
92255
229
53320
6227
17706
53662
16891
42894
16747
39967
17760
39046
16971
38713
18772
39211
17533
41629
55501
241
19163
42512
52571
280
54991
337
57703
319
54509
337
54302
342
58592
263
55537
279
54932
2425
58598
2672
55676
4818
17303
40399
15404
44557
15891
40678
15627
5423
94495
233
56112
4863
16953
41381
17659
43609
17282
43399
18664
47681
16471
40859
15453
42165
15525
40370
50664
246
17639
41011
56746
359
52577
327
54936
309
56423
1788
52883
413
56253
277
55286
628
53722
323
56354
313
55902
5199
16748
41164
17288
43600
17197
41545
18715
3914
94185
232
56870
5343
17601
42780
16622
43246
17432
42523
16621
40948
16346
42320
17295
40716
17253
41882
52808
444
20339
42529
53287
473
55588
683
57663
310
58963
696
55342
311
56971
426
55065
433
57249
675
57763
485
55332
8041
13540
43814
18207
46217
16983
42987
17436
3243
94702
232
55753
5238
16676
42182
16312
41285
16956
43666
16593
41204
15704
41266
16689
39561
17028
43020
52994
236
17692
43721
55228
286
55482
342
56617
647
57729
328
56225
951
56439
402
100841
275
84321
319
84997
316
80780
5869
20237
51960
26962
57144
18634
58797
17816
6545
210468
241
59726
5038
19403
72626
18777
51979
27285
65870
18385
95882
18329
40311
16060
42924
17401
41793
54435
424
20039
40709
54950
461
60299
666
58860
645
59669
678
57931
445
58754
452
58354
458
55878
675
58025
667
54208
5190
15920
41195
16692
45825
17237
44010
16344
3803
94847
229
56219
7437
16350
41094
18737
41832
18244
41692
16944
42281
17691
40299
16875
42041
17288
42062
55299
242
17898
39655
55716
1561
117657
889
60491
2073
58005
496
59577
507
55921
413
54518
55688
478
300
69625
56361
402
4341
17488
43544
18496
43034
17532
44581
18289
3765
97202
230
57504
6615
16081
44261
16557
44343
15661
43062
16398
40557
17159
41561
18847
43616
16831
44862
55055
456
18343
42272
54381
415
56508
712
57537
455
57778
469
56330
499
56293
382
57308
286
60212
1334
59847
1837
56091
5073
19018
41057
18388
44447
19459
43407
18750
3176
95241
430
59493
5120
19100
42009
17851
42637
18434
42284
18187
44458
18479
41426
18778
38856
20775
40795
56125
441
20222
40505
53556
470
55382
688
58470
313
57250
1579
55878
721
57747
345
55252
382
53588
487
55718
451
54970
4987
16121
41801
15479
41923
18091
40617
17285
3999
95193
440
58081
5366
17187
44270
16677
42592
17132
42240
18851
41198
17761
40239
16135
39729
17375
41268
113454
241
34952
54625
53521
895
57690
337
59818
309
59313
326
57793
345
57894
254
59361
268
77196
327
82770
312
74947
8585
21782
54823
27455
45257
19383
58377
18266
5704
163753
240
109450
4967
19401
42879
17400
90016
19146
94004
19213
93760
17221
83942
21385
52314
25740
51584
82447
240
20159
69636
105439
273
113324
335
113659
308
106861
328
63542
342
122654
260
85986
265
109800
327
109607
313
91668
4946
19861
43572
18642
84715
27208
95254
18263
3830
166309
226
100647
5063
16619
55457
28469
55096
19996
58869
28133
52237
28077
42613
19637
44125
20147
46294
54377
243
20847
39438
54980
280
56198
332
59073
310
56454
332
57165
345
59868
260
56661
261
57112
326
59952
591
57502
5971
15811
42497
17099
45431
19060
42190
15442
4236
92674
230
56771
5787
16974
40306
16986
41245
18066
41986
21163
43761
16478
43179
16733
39728
17431
42610
53975
237
18655
41832
54679
289
58155
421
56010
320
55763
336
58216
61627
304
244
57225
268
54648
881
61363
315
59272
4920
17544
42442
17067
42246
17295
42412
16354
5409
93656
230
61439
5662
17969
42105
16172
42405
16493
42693
16171
38951
17537
41971
19113
45551
17129
42504
53603
239
19518
42065
60998
280
55768
332
58189
305
59500
304
56927
652
55749
428
55182
441
56432
652
57936
275
56632
5105
17373
41231
21740
46334
17326
43852
18002
4929
95242
224
56753
4721
17644
42565
18004
43254
17412
42740
16601
42301
18782
40158
21102
40718
17099
42865
54596
442
19549
41090
52213
466
55017
683
57388
657
54391
661
56122
683
58241
451
58795
461
56115
393
57037
660
55552
5494
18133
39444
18914
40110
19720
43025
17654
1888
96397
56093
679
4582
17838
44241
21244
42371
17845
44524
18880
46865
22579
88026
18314
43344
19408
43538
54224
245
20370
42789
54576
275
64100
350
60757
669
57224
330
55892
1825
56213
258
57588
374
57475
1530
57677
320
54967
5411
14928
43146
17388
43184
25004
46085
19745
4853
98943
234
60865
5518
18857
42200
17414
42242
19616
43292
18350
47162
15575
41721
17721
39899
19205
50882
92807
260
26784
74221
87229
288
122424
724
61042
478
57423
332
56661
336
54292
258
57861
427
63719
2147
61584
318
58415
5826
18341
42452
17875
44951
18393
43563
16515
4044
103190
417
59547
4920
17243
42690
17731
42387
18167
52666
25316
86261
27526
61934
27417
54660
18622
63498
67451
465
32178
45847
72162
505
85319
695
87243
652
79533
708
74421
723
70201
445
66714
489
98012
672
71567
663
58903
5170
17055
43304
16212
43410
16324
44668
17999
3687
98053
433
60230
5587
19189
44449
17288
44119
17592
43612
18477
41300
18907
57297
19524
40890
19823
102303
55133
440
20001
43237
56718
423
60036
1374
59110
310
58885
330
59264
427
59355
410
58374
273
57598
321
60971
398
56519
5193
18583
41976
17020
45564
18728
44233
19147
4456
99189
241
58274
5827
17556
46826
18185
45220
17558
45309
18058
43115
19427
44753
17573
43841
19339
41474
55462
239
18153
41000
54144
272
56149
338
62210
320
59100
336
57560
346
58401
420
57609
261
56166
672
63472
668
59102
4732
18033
43433
16896
44561
18260
43207
18520
5058
98882
350
58880
6059
19217
43568
18985
41156
17293
44146
17943
43943
16893
44026
16888
42533
17904
42201
54316
946
22265
42839
55449
456
55323
663
58064
638
58550
680
58533
691
60203
444
58871
444
58599
679
59643
655
59485
6202
22946
44802
19846
44972
16565
43595
18915
4538
94116
245
58856
6429
17239
47101
16810
42620
18596
43272
18327
41267
17497
41701
18984
44969
15267
42894
55512
380
19685
38760
54168
275
56177
778
66757
314
59000
339
57510
341
59243
257
57240
263
59152
322
59013
310
58977
5469
16655
42682
17155
44219
18243
43890
18587
5282
96677
218
58552
4988
16075
43002
16172
41368
17935
43045
16636
43179
16506
42487
16608
41613
17081
41384
55898
239
21024
42289
52099
470
56969
683
59772
671
58848
325
63341
347
58156
432
58023
432
57899
293
59253
632
58368
5320
18804
47887
19679
49213
18969
42191
19467
5090
98153
202
58699
5266
18928
42443
19008
41758
18129
43216
17214
42846
17820
43668
18364
39448
19709
40644
54794
238
20515
41358
52964
270
57553
333
60404
315
55716
324
60764
346
59428
1976
58397
455
56992
319
58295
663
56203
5003
18128
43562
19496
44278
16739
41836
16157
4891
93981
1460
58126
5989
18035
40432
17410
41923
18816
45763
16484
42163
18043
41263
18496
41127
18657
42753
53555
388
21086
41402
55101
260
55740
335
57123
310
56774
331
57422
336
58441
359
56643
268
56228
329
58190
310
54262
5077
16725
42780
15545
42539
15702
43628
15020
4283
95217
226
56453
5094
16348
42000
16132
41006
20096
40188
16372
41657
16591
41199
21153
48968
17532
42613
57241
437
19888
40542
53395
408
58760
335
60594
310
58600
685
55013
335
57541
458
56344
267
56297
330
61046
651
59612
4995
18218
44000
16725
42556
18097
41489
17350
6776
95285
202
56484
4416
16479
41499
16212
42002
17976
44176
17071
41210
18457
40672
17361
42044
18593
41650
53944
218
20784
40671
56541
260
57753
326
58705
308
60938
339
58365
344
58807
258
57185
266
58345
326
59187
311
55629
4461
18647
40245
17682
44528
16825
45558
16651
3557
95177
897
59478
6107
17218
44339
17181
44107
17613
43504
17462
40760
18288
43031
16543
42515
17234
41618
56611
240
19886
42534
53182
284
55583
338
57735
442
62066
340
55861
58664
302
226
58735
261
58973
322
61240
1236
59547
5875
16816
46201
18509
45002
17151
43805
17024
3729
98196
2207
58196
5904
17909
42634
18585
43435
19560
43174
17892
43297
17818
41755
15993
39910
18522
43177
59143
247
21739
43602
54452
276
58839
351
59742
318
60597
336
60943
339
62097
251
58572
262
56145
317
58943
302
56825
4477
18351
43559
17965
44184
17449
42455
17902
3367
94795
426
59509
5254
16361
44676
16849
43161
16880
41480
16816
42432
16230
40876
18536
39260
17082
41199
53609
247
20183
39562
52881
476
57417
333
56097
670
55234
681
62640
334
56907
262
56144
457
54641
327
59799
316
56018
5513
16854
40658
19027
41389
16084
42616
15503
5368
90009
228
57514
4862
15954
38762
18938
41302
14231
42613
14776
42254
17737
40504
17834
39088
18801
41386
51670
235
19941
38834
53315
1342
58803
334
56879
309
56006
333
57211
336
64011
254
68915
273
58205
325
57677
311
66876
4719
17741
49317
27411
41938
16385
40085
16386
3958
102799
233
56542
5029
15817
41818
17458
41101
15863
43523
15969
41075
19245
42535
14887
40099
15557
53555
52389
244
18986
75159
53121
380
57264
346
63097
321
61668
341
67257
339
55104
255
55654
263
60721
614
70973
322
53281
4883
16301
41782
16583
51447
15447
40869
18678
5372
125535
232
55956
4724
19093
39202
16274
49833
25916
40199
15804
43559
19900
41967
16564
39905
16401
42126
53592
214
20345
38308
67406
252
56159
332
57360
303
56798
317
69890
340
58284
248
55804
231
57907
300
59131
305
57129
5621
18117
41096
16926
41573
15594
43247
16777
4923
91425
229
60959
3720
16604
41876
16214
40289
18460
40680
15902
41737
16499
40239
16811
41576
17186
40421
63836
241
20196
38981
55154
280
54387
342
71325
314
56035
333
56310
336
56322
253
67677
261
55064
323
57252
315
55491
5049
17601
54700
17300
41315
24882
32527
17039
5566
92643
229
59065
5057
18136
40137
14572
40023
17107
54141
16387
40224
17756
39359
17848
38529
18536
50956
54526
243
20157
40505
51590
277
66979
332
56120
315
54793
329
54250
338
63254
259
69736
276
54435
327
57195
302
68373
5188
16959
49591
26971
43340
15305
74603
17748
4675
91515
236
118130
7383
19777
74368
19341
52123
25728
45836
21550
68828
19945
61795
19858
59605
20704
61563
75365
247
20425
42817
54477
281
56041
333
59043
309
58529
332
56676
345
57437
578
62178
445
116318
673
130201
665
130868
9894
29782
105271
30696
106532
28842
103197
28814
7237
214577
228
91353
8588
27837
96969
17149
41930
18945
41560
18452
44195
17521
51379
28381
60284
19675
41065
53833
214
20785
39972
54088
245
55575
317
58146
274
58513
644
56785
306
57489
244
57659
276
60225
323
58627
315
55533
5470
17468
41132
17736
44618
20805
41371
17923
3132
95042
227
57471
5059
18451
41646
16471
41741
18742
44832
17987
42718
17771
43414
17834
44011
18893
42955
73689
254
6777
46710
52480
251
54539
1786
61396
326
59141
330
55993
341
55804
399
55733
276
55726
322
74093
546
60691
6091
17986
42994
16946
43900
16434
42259
17288
3305
110940
242
58159
4442
17526
43535
17114
44221
16218
42082
23348
103044
28728
44361
17909
41485
18478
42468
61177
243
20678
42485
54305
269
57540
341
57021
59504
340
490
120860
348
69183
259
56381
263
54704
325
84991
323
73715
6538
17196
42013
19522
41104
17992
46853
22975
3021
99500
313
58742
5230
18011
41908
17526
41988
17174
44858
20652
47641
15461
41891
16157
40790
16432
41518
52531
242
20793
50175
68217
916
57390
496
58127
662
55289
511
63714
703
60615
431
60792
427
59087
648
59756
273
57864
6204
21599
46181
18467
43746
17056
40923
17437
4737
98601
344
62659
5235
17762
41641
18391
41880
17445
43253
18602
42267
19803
41387
17749
43381
18931
43434
54506
348
20663
42501
55069
60940
344
472
61031
468
58110
485
58909
488
58442
364
57071
386
58186
478
59640
462
59929
5380
18689
41474
17730
42993
18817
45114
18725
4701
96936
228
56046
5548
17750
96919
25480
40258
17754
46580
18127
41784
18008
40686
17702
42056
19151
40943
58199
246
21227
39848
55766
275
56282
338
58624
318
60878
334
60528
336
56880
246
57179
379
61990
325
71120
320
53947
4814
16636
39785
15531
52846
15211
40524
17442
6235
120898
236
56971
4808
17869
42575
15175
39280
15581
40424
18980
43751
17131
41749
17003
40420
16736
40971
55387
235
18155
42932
53736
277
57097
338
59318
309
55123
325
57720
337
56916
258
56512
265
55414
328
58431
314
55833
5197
15941
41955
20609
43107
17008
40647
17801
5336
92446
232
57564
4923
19298
41988
16153
45208
18280
43912
18650
42386
17021
42310
20899
41297
18482
41747
53372
242
19209
40701
52748
272
55311
338
57498
311
55212
337
56654
338
67919
256
55866
271
55921
329
57775
472
86603
4885
18090
40941
17509
42133
17490
40355
15837
5178
92306
572
57448
5617
17833
43345
16768
43567
17663
43571
17529
40612
15693
39682
18353
39687
18459
42801
53030
440
18235
42011
52996
1546
57263
699
56061
58495
430
644
56577
450
57732
427
56348
455
55263
680
56423
646
56814
4835
16348
44523
16548
46216
16961
41894
15574
3895
92833
431
56731
4681
18302
45368
19807
43534
15901
45208
17092
40381
18701
39472
16371
40085
18696
42030
52342
242
21460
39526
56457
278
54400
337
55999
323
53233
335
67580
339
57428
256
55382
264
58285
327
57609
322
55276
6131
18472
38610
18683
43924
16873
44349
16274
3758
90090
224
60182
4604
17775
49534
26422
42539
17610
48329
17704
43219
17587
41239
17750
47663
26146
39997
52390
217
20813
39508
65184
260
55982
330
57847
307
57640
306
69139
327
57675
293
58780
255
54404
295
59165
277
54757
5556
17065
40650
17399
43035
16752
43523
16734
4818
91394
231
57813
4643
17027
50733
25185
40880
17712
43430
17767
42145
16469
41524
16822
40379
17498
42251
53892
236
19340
40535
52402
525
56496
495
59169
471
54713
484
56200
499
57348
400
56370
56603
418
654
57787
1874
56505
4991
17733
42135
17266
42617
17768
41745
16502
5618
93447
234
58664
6541
17808
41701
17315
41696
17404
45506
17500
41997
16838
41676
16660
43161
15990
41693
54446
240
19482
39422
52296
276
60304
345
59766
308
57063
323
59736
336
58129
253
57548
259
58559
319
61375
322
58750
5480
18140
42493
18235
44351
17160
45206
17386
5693
93176
225
58383
5414
16161
44240
17385
42505
17689
43351
14901
42375
17593
42676
16945
42692
16823
41811
56741
236
20907
41572
54632
279
56950
685
63781
697
62568
379
59626
334
58066
252
55350
258
58294
324
60574
313
57906
6444
24551
43444
16792
49272
17659
43792
18290
3838
95914
1894
57494
5247
18217
43725
16914
42588
17269
41500
17916
41818
17465
43293
17425
41423
17854
41175
56342
254
20525
42243
52722
313
57796
346
68040
308
60047
405
55738
1158
56509
257
58440
270
56364
317
59053
313
59895
6022
18363
44230
16930
43544
15469
41903
16700
3856
139405
231
57204
6993
20235
44249
18443
42640
16401
42536
18088
40652
17563
40140
17166
40601
16948
41539
54040
465
19767
41640
52741
283
57256
56850
238
261
56332
693
59783
373
56012
260
55172
268
55965
323
61604
309
58160
4847
17508
43859
16046
53268
17402
41726
17733
5251
95491
240
58202
5200
16707
41453
18248
40610
18260
41923
18075
42390
17054
43076
18416
40364
18960
41319
55059
243
25086
41345
53501
506
57388
336
59167
310
56438
329
57753
340
61310
258
59475
266
57418
327
60256
309
58341
5826
17791
43228
19397
46058
18188
41385
18361
4003
95553
238
57997
5285
18750
41865
17718
42789
18663
44286
18512
41240
18279
42388
18083
41739
18224
42840
55415
448
20025
41548
54434
471
58481
716
59385
670
55269
689
56359
725
58461
463
56623
457
56619
701
61406
696
59314
5099
15924
43311
18619
45869
18401
43004
19180
5505
98057
227
58243
5252
17394
41208
15855
43585
15825
41331
15258
42969
19943
39479
15902
43883
16157
43302
51273
241
19773
47715
53697
276
55050
334
70711
309
55016
331
55046
333
55463
260
54731
603
70920
334
56764
307
56066
4984
16213
41970
15704
42303
15985
42555
16176
4125
91947
235
57699
4764
16838
44244
17333
40959
19040
43254
17185
41738
17965
42831
16931
40990
17696
41826
53414
240
18838
40435
54657
273
57194
345
59314
314
57787
333
58144
343
60716
258
56432
269
57189
449
60374
318
59270
5384
18507
40935
16902
44278
18553
42305
16653
4905
98219
231
58995
5344
16136
40810
16093
41444
15771
42545
15639
40618
15732
41200
16362
41154
15831
40794
55161
240
18363
40303
53314
279
59846
336
58792
309
57989
332
56130
338
57635
250
55642
261
56164
317
57375
311
56932
5190
16696
43475
15545
43936
15644
41576
16464
5377
94135
228
55254
5140
15532
41369
14901
43053
18162
41879
16423
43084
18680
40783
19227
41773
18174
45604
51309
245
23791
40300
54771
281
57210
338
57916
310
58204
329
58599
333
60321
251
55952
262
56083
327
58824
314
60829
5210
17022
43504
17170
42863
16812
42845
17570
3779
94167
956
59496
5028
17420
44401
17090
43890
16842
42159
17883
40655
17142
41629
16823
41432
17229
41672
54498
230
19393
40417
56372
274
57464
332
61634
307
56553
329
57411
442
58771
246
59214
253
57358
287
58107
303
56636
4941
17636
43260
16654
44124
17283
43972
18651
4520
97241
261
57820
4846
18460
40860
16860
40226
16357
41224
17685
42857
16036
40331
17333
41111
16938
43786
54192
248
20528
41861
54691
270
56584
325
57897
287
56110
295
57914
310
58056
221
55474
243
58006
305
59227
283
56882
4757
16792
39916
17729
44327
19139
42433
18226
4551
95786
411
57759
5553
16996
42889
17872
40748
17919
41080
17176
42632
18008
41812
17579
41037
19018
42578
55394
435
19984
40815
54324
451
57991
689
59772
661
56060
409
94179
684
55756
445
56285
457
58921
665
57519
651
55635
5045
17392
40556
18458
41757
21427
41846
19272
3368
118910
558
61333
6061
22011
41790
17629
44629
16725
51266
27474
63120
18105
43070
18167
92354
17668
84683
59149
208
20776
44480
54707
241
55085
303
58196
718
59819
346
56299
896
59550
586
58827
1193
58510
327
58410
320
58608
5249
15571
43967
15518
41529
18315
41383
16006
4376
97258
352
56899
4813
17392
43474
18530
41514
17592
43606
18435
50199
18538
43089
17922
39201
18590
41762
52330
212
18912
39503
54915
967
59300
703
57550
57698
487
316
57605
692
58231
464
63730
470
97134
712
83640
758
102668
5153
18537
97299
19027
109297
19040
44235
18240
4973
98246
226
56601
4839
15839
40872
18741
43305
20659
40812
18606
42226
16475
40670
17412
42328
17662
50151
65359
254
20917
40071
103743
277
56802
336
57867
308
57897
339
61813
688
56041
431
58269
449
59919
2110
67356
319
59870
4948
20557
41920
16043
43973
16556
42702
16311
3737
93156
228
63770
5102
18738
48362
16261
42786
15900
40858
18350
40522
21239
44500
16205
43450
17019
40700
54381
243
18247
49224
61412
448
54683
506
56875
495
59988
503
66898
503
55472
424
57467
433
57542
497
56599
984
54327
4567
18618
42807
16967
48944
16764
43035
18033
3652
93673
237
56602
5306
17548
42875
17310
47727
19210
44789
17431
42223
17299
40865
16502
42215
16867
43776
57337
327
19421
43749
59653
291
57353
340
56612
1824
56654
336
55791
338
115236
270
56579
273
58945
677
61625
316
55142
5086
17210
40758
17054
44285
17096
43236
17270
4103
113313
235
56654
4755
17186
44815
22242
45772
18506
44791
18155
41951
16428
41630
16866
41959
16125
50653
61097
481
21115
42659
56355
462
58409
669
57175
655
94388
506
62432
362
57350
256
58671
261
58944
320
60002
307
59046
5704
17713
45235
16942
44262
18022
43491
18065
3706
98384
432
68663
8643
29453
43958
17499
42717
18089
47711
18387
44551
19084
86725
18695
41796
18135
41934
54335
435
20318
40542
52383
463
56436
711
59861
664
59729
322
58383
342
61055
56804
317
224
55282
489
57896
663
55362
4944
16331
40180
16912
43743
17748
41172
16125
4658
95511
906
58007
5191
18395
41290
18417
42591
17710
43771
18101
44589
18715
40659
16448
42726
16582
42901
54040
347
20824
39076
55650
58573
351
465
58249
461
57521
481
56096
492
57584
368
55449
1460
57216
1136
65968
795
60292
5638
17983
44462
18625
43117
17402
44204
16539
5047
96440
1651
57813
4923
16855
43661
18014
43621
19562
44514
18925
41776
18967
43673
17865
43626
18531
42298
59017
423
21061
40845
57763
445
57452
685
58972
654
57720
664
57299
690
59130
425
56787
431
56009
663
59924
656
56857
5821
17793
41034
18847
41857
17844
43477
18262
3378
94637
420
56975
5858
17169
43060
17722
41959
17853
41859
18397
42367
19352
43940
17232
41246
17519
43337
56433
418
19339
41551
54501
463
56637
682
59802
680
59977
680
57746
667
58626
446
59577
446
58771
673
59412
665
57508
4612
17471
44274
18894
44801
18985
45013
18190
3982
94417
428
59244
4902
18473
42149
19646
42974
19465
43958
17547
43717
18783
43897
17373
41474
19099
42539
56033
238
20091
42603
54267
290
58555
342
60134
442
58578
328
58002
350
59234
256
58573
260
57068
331
60834
313
57079
5305
16464
43510
17590
42588
17176
42870
19553
4278
98142
231
58190
4765
18148
42842
19457
43224
19390
43413
18144
43738
17800
41355
17500
43901
17622
42585
57689
238
20352
41076
54045
274
58082
343
60980
398
58779
327
58726
341
59643
257
58496
261
58115
329
59466
911
58308
5559
16534
43331
17844
44716
17016
42727
18698
4065
95948
228
58951
4282
17330
42419
17732
42066
17284
43677
18110
42208
17480
41406
17602
39933
17893
44212
57432
240
20240
41527
54363
285
59611
343
60005
313
57788
324
61415
672
58872
439
57753
546
58210
317
59839
312
58789
4967
17717
42254
16369
43322
15906
44404
16102
5189
93970
207
56957
4980
17783
42702
18261
43434
17644
42642
21275
40054
18322
41624
17213
42885
17626
43151
53645
214
21835
41392
54292
448
54805
635
60240
645
57967
301
56743
309
56387
233
57791
246
57101
300
60350
282
56424
5238
20348
41822
17351
42681
16350
44758
17053
3924
95125
210
57202
4924
17594
41761
17061
40564
17617
43079
16913
40558
17443
41873
18083
41190
17343
42186
52337
217
19691
39874
55125
250
57279
308
58759
293
56423
299
56188
311
58925
435
55943
240
55051
659
57953
280
57108
5599
17513
42373
16462
42878
17109
42921
16929
3524
94065
210
56703
4719
17300
44024
18096
42109
17645
41696
18502
41778
16797
42941
17632
40894
17734
41026
54260
210
19956
40894
52394
251
56545
944
57703
284
57087
314
57721
666
58268
233
58873
253
55406
654
58202
287
57914
5266
19167
42453
15813
43523
18053
42503
18396
5298
95880
203
53201
5635
16406
40356
17669
48307
22088
42626
16545
42394
15712
40003
15973
41888
15833
44185
50810
238
18911
42675
64789
279
57451
336
56017
317
56784
333
55518
340
54801
255
53419
260
54414
318
57537
309
53776
5305
18248
42814
15677
41328
14906
41663
15627
5158
107173
231
55192
4861
16549
43169
15880
44665
17707
43844
15487
41989
16099
57277
15938
39552
16567
40301
51114
242
18756
39976
51825
282
56035
337
56135
318
54151
329
54773
332
56997
249
52637
259
53791
318
60957
312
63895
5286
16677
40464
16474
43166
16642
42247
16594
4704
92443
238
61092
7599
25245
44381
17252
44457
16752
43891
17731
40778
18829
40468
16037
41731
17190
41144
52186
239
19377
40275
54626
275
55843
343
60355
309
66522
330
63170
333
58025
256
57217
267
58370
322
58693
315
55940
4952
17060
41336
17225
42715
17172
39930
16576
3493
93375
227
58023
5559
16306
55694
17384
41250
16699
43750
16456
41598
17591
41852
15567
39865
17488
40844
67328
266
22178
39970
54003
271
55633
328
59702
306
58390
326
56704
335
58602
251
57456
267
56737
328
58647
309
56795
7576
17955
43821
18302
58312
16370
42379
17782
4163
94951
228
56820
5161
19657
43640
17173
43615
23872
54867
16939
42551
17471
39035
16967
39925
17084
41077
55868
241
19684
39556
58742
274
56811
442
59361
308
54615
329
55790
333
58621
252
70880
270
55594
322
57862
307
55886
5022
17976
43401
14795
48115
17267
44022
22813
6801
102090
238
59995
5527
16819
43013
17050
41904
16415
47452
17607
41067
17464
41047
17666
39518
16528
41164
50378
244
19087
40248
56882
277
65476
334
57914
307
57129
334
58248
338
56941
254
55132
689
58094
355
68751
314
56594
5080
18506
40623
17758
42416
17572
41044
17487
3720
93294
209
55448
4948
16545
42488
18149
43924
17017
41975
17323
42673
19155
56468
16730
42580
17866
41971
53825
436
20436
40299
53425
459
58388
687
58078
664
57571
673
57195
690
58020
439
57215
442
58807
671
77089
674
55507
4462
18805
41870
18101
43655
17550
43386
18077
3766
93443
429
70604
4402
17292
41490
15874
42503
16111
41972
17846
39258
18607
40943
16865
41132
17686
42791
54124
424
20011
39579
52826
284
55397
685
59009
663
71840
694
57465
693
57631
442
56694
450
59083
656
57919
645
55789
5548
21181
55536
17708
42095
16268
41215
16869
3820
94700
425
57516
5003
17310
41797
18039
43398
18401
41415
17162
41308
17944
40991
17380
41282
17928
54844
54564
427
20345
41343
54476
460
60857
670
58833
663
59315
671
75189
668
59052
260
56790
272
57032
333
58989
313
55606
4902
18815
43471
16819
42911
16174
44422
16532
3930
95046
234
56685
4875
18052
48834
24191
42909
17068
41418
17127
40445
16874
41994
16918
40218
17626
42160
57012
241
29416
41423
55409
356
54275
342
58779
390
58420
332
56189
342
57916
253
58740
261
54236
320
60678
313
57389
5865
17934
43410
17523
49933
24681
42287
16780
3509
94791
57488
350
4064
17495
41209
16958
40689
16517
49121
23966
43980
17492
41899
17826
40609
17285
40181
54326
241
20543
38145
52276
283
57023
340
57901
312
56750
332
55331
343
58451
256
63728
275
60912
322
56599
318
56976
5285
15501
42119
17876
41570
17699
40698
16807
2310
96386
208
55709
4864
16766
44288
17765
41668
17075
42794
16944
55864
19053
38921
16947
41511
17348
40870
54496
425
20047
39290
54474
450
64716
680
60308
354
56245
672
57758
681
57840
867
55425
452
56582
660
57553
654
56900
5135
17312
42525
17165
42617
17509
41507
17950
3904
110341
423
57323
5631
17798
42898
16919
42134
16935
41712
18623
41411
18822
41583
18083
58367
17337
41423
52790
442
20124
40412
51632
246
55199
661
56221
639
57416
653
57528
660
57232
424
57127
223
55891
281
57313
640
75650
4650
18176
43034
16551
42645
17743
41414
17751
3476
95387
227
58609
4784
21287
42143
17082
41921
17919
41133
16878
42611
18110
42098
16289
40392
17637
40749
53754
246
18180
41685
52455
277
56754
343
57642
320
55124
333
55373
2221
58221
1815
53872
1865
53445
330
57660
314
53701
4610
18759
43236
17250
43656
17225
43570
17483
2368
95015
229
57267
4984
18149
41151
17337
43637
17252
41379
18899
40695
17785
44341
18884
39954
17793
41623
54679
237
20550
40096
54260
282
55392
346
58701
312
56592
325
56127
343
56898
347
68938
271
55258
317
57594
313
73748
4842
17295
41797
16366
42704
17289
42377
16953
2996
93577
228
60889
9124
26901
41183
16723
41660
16854
91328
17395
45186
17284
40336
18439
40401
16446
43629
53231
245
21709
37613
58683
283
54985
335
56768
311
55727
333
70076
335
56550
251
55404
270
57357
322
55981
314
53877
5204
18600
42636
19139
43937
17294
43921
19938
2859
92857
421
55850
4885
17147
41431
18463
39475
18346
39115
17812
40494
17288
38902
18304
40201
17826
49541
61297
242
19743
40499
53749
274
61302
969
58357
312
54717
335
57779
347
57263
256
56595
762
57200
327
57511
325
59552
5184
16750
43016
16897
40710
17117
42117
19244
5145
93404
235
55497
5642
19364
39751
17353
41433
17569
42128
16903
39979
16465
39463
15653
40140
17292
41784
54407
245
21043
39566
59920
277
68658
344
59730
317
56000
334
66861
343
57055
255
58419
272
54426
327
69299
317
54378
5325
18060
39935
16117
41787
16340
41974
17143
4231
93858
234
56940
4731
17040
42265
18884
42796
18388
42104
19422
41145
16743
40848
16418
40956
17869
41947
54498
242
17736
38642
52887
278
54206
342
58361
320
55959
340
57024
345
58432
267
55552
266
56174
322
59671
311
57014
4218
16222
41314
17848
42629
20163
40449
16377
4499
91847
212
57587
4940
17696
42423
16411
41470
17421
41894
16848
42498
17041
41922
16939
40299
16207
42963
54276
419
18339
39615
54153
519
56753
300
57217
293
56691
649
88279
342
55499
233
56352
428
59008
292
56963
266
88283
5010
17173
41383
16450
42770
16780
41026
17293
3996
90177
415
56968
5347
16259
41371
15902
40320
17073
42570
16841
41735
16251
51008
15665
40085
16779
41280
52793
243
20179
50261
53408
279
92608
365
59990
325
54944
440
58870
340
56276
238
56630
242
55380
317
67396
309
55307
5142
17369
42169
19787
43261
15825
43733
15945
3841
95205
228
55821
4941
18716
43128
17445
39823
18945
77121
17242
43186
16215
39595
17398
42525
16792
42990
52841
239
19485
39898
54920
282
55887
338
56802
317
54750
329
61063
691
71126
261
54862
270
54952
324
68487
311
55422
4996
17237
76717
18074
41862
18148
41142
18133
5405
91706
231
56512
6029
17929
40156
19443
96282
15350
43138
17176
48239
24534
39223
18196
49832
17314
40620
52496
343
20218
41066
65517
273
54915
558
58282
310
56346
332
67485
346
58074
256
56029
262
58093
323
67218
445
56090
4912
19914
72982
17804
41975
18167
40660
18833
6556
142677
232
59467
4859
16268
41013
16908
41147
17745
40717
17655
39670
19673
49379
17489
48112
26802
39560
53553
424
20607
39470
63330
450
55082
449
57393
655
58147
666
69256
682
55959
241
57005
452
56927
324
70184
314
55213
5187
18353
39682
14402
41618
15438
52522
16736
3210
113653
240
55777
6143
16939
43106
16454
43145
17365
42065
17101
40289
17662
40008
16585
42744
16833
42065
53698
540
20128
40900
52097
269
55821
335
56168
662
58215
328
57749
332
56722
428
56610
437
54323
323
57243
303
55847
5633
16621
44251
16450
42105
17990
40553
15889
4000
105540
229
55281
4966
15780
42285
17673
41015
17822
51244
17491
49523
26287
39997
15991
39970
17674
90617
54109
240
21078
91826
60509
280
55040
341
57315
312
57485
327
56321
341
58465
259
57823
265
55064
326
95227
309
55479
5671
16675
41092
17462
43497
17581
44933
17376
3302
95397
442
58415
4987
17689
43736
16378
41522
17147
40098
18371
40355
17416
47349
26146
38621
16803
42076
54471
237
19949
51332
52796
273
55609
336
58862
318
69221
329
55148
339
57247
453
54890
459
70620
328
57529
310
56539
5592
17334
40027
18801
48721
17478
51370
20786
4021
91772
1860
56368
5811
16986
40438
16229
40121
16215
40796
16970
43384
15599
43443
16732
40279
20009
58044
54533
433
19146
41065
54420
446
55522
681
58639
657
58721
662
58183
1593
58027
431
58073
451
55310
651
56415
635
56423
5161
18316
41083
17571
43052
18341
40698
16434
5221
94480
404
57219
4922
18147
40623
16028
41623
17365
43472
17596
40349
18022
43797
17351
41040
16930
41903
53340
430
20699
40860
63216
333
57523
681
57044
657
56907
671
56267
686
57510
445
55332
446
54833
433
58552
656
55572
5652
16507
40864
16479
43634
15778
44296
27022
5332
97696
228
56536
4991
16219
41750
16734
40762
16178
41727
15933
42630
15871
42302
15917
41351
15836
40247
53318
238
18046
40821
52226
282
64453
335
59440
314
56568
328
52104
350
57590
252
56265
263
53960
317
74285
314
55637
4398
15357
43353
16387
45449
18328
43374
17114
3672
96582
233
60359
4896
17961
47039
18321
44703
17244
44145
16856
42212
19455
51175
22375
44767
21280
72298
107247
241
18710
48749
93228
280
69239
342
59473
314
57242
329
58831
338
57860
278
59132
1764
55003
331
61172
312
57570
4798
19177
41858
17030
42414
17944
42651
17944
4030
113381
422
55717
5985
17088
41717
18011
44482
19962
44815
17092
40879
17523
54971
18853
43028
18300
50405
56675
445
19268
41875
53371
280
55745
336
58880
680
64078
335
58628
337
58410
252
58431
261
58221
400
65447
635
64212
4965
18040
42662
16896
42195
17040
42277
15636
4038
101631
228
59595
6097
15153
48426
17727
41841
16591
45640
14938
43353
21089
41485
18534
39271
20318
42490
68480
413
18526
40244
56604
274
56958
334
58279
313
57919
329
57580
341
63099
252
57334
268
54706
322
56680
311
56438
4438
20543
44050
18926
51341
18564
42224
19015
4947
98159
231
59078
5591
18030
46544
17860
43978
18539
42797
17290
44884
16222
40773
18387
41587
22515
46700
59564
397
19758
41607
53847
412
59126
641
65599
477
59904
483
59158
498
59750
415
57672
423
59886
673
57577
58314
250
4580
16471
43495
16534
44464
15231
44127
16780
5426
97562
229
57537
5631
17883
44649
17002
41966
17153
47230
18847
42750
16943
41250
16061
38764
18354
40437
54896
241
24371
44682
61427
287
55910
337
58415
314
53764
951
98621
352
58168
259
55574
268
57281
322
58840
315
59370
5218
19225
43103
17570
46799
18766
43526
16292
4100
97621
1453
62151
5088
18041
42540
17474
42954
18380
43934
18401
42857
19224
44339
17445
44150
16889
43812
53669
242
19550
45222
52729
435
61071
347
56110
320
56987
337
56802
339
55967
551
66672
280
62438
325
59795
311
57591
4712
17546
43196
15793
42341
17040
45489
18206
3923
95978
233
58172
5259
18309
42834
18888
47684
22403
43647
22039
40769
19104
43244
18759
42176
17610
45455
55211
252
22806
41532
57216
288
63446
502
59226
327
66814
341
59854
341
56587
253
55013
260
57066
329
66026
324
60377
6311
17673
42132
18222
42253
17262
47582
17619
3691
99560
230
57308
4962
18102
42936
16162
42883
16632
44674
19093
46952
21225
44929
16970
43279
16514
41460
53210
242
19585
40387
55198
284
56000
337
57367
316
58667
332
59076
334
56782
262
57595
341
59981
322
62519
321
54716
5957
17646
41952
17501
43767
17379
44625
16315
3499
94252
266
59273
6248
17708
43820
17751
43107
16403
42064
16224
41430
16561
41266
16993
40194
17799
40816
53297
242
19298
41603
51159
275
56733
338
59063
313
61237
662
56031
338
58297
257
55694
273
54848
330
56438
316
55474
6194
17658
42284
15994
42110
16611
42701
16395
3432
93523
446
58712
4922
17156
41976
16801
40978
17152
40268
17106
40549
17098
43406
17233
42090
18010
43322
60224
228
20751
41539
54086
259
56500
318
59089
318
58523
330
57464
342
57525
260
58021
266
56187
330
56193
315
55859
4784
17238
43131
17746
48377
23639
43960
17045
4457
93802
429
68831
5395
17674
50223
21034
44803
17993
43392
16937
40677
16979
42964
17344
40840
16929
42769
53475
236
19490
42516
53983
412
54539
340
58754
315
55622
328
54748
344
60674
426
61030
271
55168
1929
58300
306
56608
4937
17081
41423
16370
43564
16065
43066
16326
4981
96502
233
55440
5422
17955
42728
18618
42712
17414
43027
17622
42246
17436
40353
16903
42582
17048
44703
51964
237
20803
41458
55734
279
62813
342
56224
313
57784
331
57382
333
57183
254
54914
269
56866
320
59890
311
56424
5734
16843
39986
17204
41834
16860
41311
17082
4408
100343
416
57959
5425
17378
41887
17373
43509
17680
40818
16844
41835
17358
44476
18302
44769
17332
40561
55634
424
19357
40824
52978
436
56446
668
60780
271
58229
283
57706
314
58653
423
58572
237
57555
284
60102
640
63002
5125
16450
42390
16376
42861
17052
41227
18188
3898
102971
428
58384
4906
20539
41020
16357
42231
17330
42681
18072
41550
17869
40083
18754
40797
15873
42877
54092
244
20767
39446
52558
308
57561
344
56630
313
60277
414
59519
337
58390
250
55901
269
56099
478
57493
414
57117
4981
17400
43066
16389
45924
14605
41850
16431
3147
91921
230
56585
4980
15330
40159
18214
39992
17848
42300
17496
39583
17570
40985
18016
38714
16827
41498
54064
245
21639
43890
53439
293
55444
344
56580
318
57329
334
52906
722
59306
263
61339
265
56665
328
56685
317
56558
5180
17553
41071
18507
42597
17506
43467
17036
3935
94616
231
57327
6701
18010
42512
16909
43025
16549
42559
17266
43475
20228
41208
16766
41920
16426
44516
53667
242
19789
39965
54541
279
57836
359
58228
332
58622
355
56268
367
56568
254
57586
272
58906
347
62326
56742
243
5252
18077
40261
16870
43262
17926
42781
17290
3876
93958
234
60645
4830
16616
41866
17782
41625
18207
41634
17116
42954
17426
40782
17689
41434
16935
43294
55514
240
20396
39337
53943
426
61835
679
108555
508
113158
510
93932
335
72393
254
100357
272
58748
666
60121
314
54626
5004
19017
41053
17399
43276
17895
41906
17546
4564
149999
234
112281
4843
18982
49995
21224
53038
15407
42195
16945
40689
17565
39837
16990
41181
18110
42572
56931
255
17873
43551
51823
276
54173
337
57344
317
58366
353
56950
341
54921
342
56883
263
57345
322
56809
321
55606
5305
18051
40665
17100
45076
19012
44162
18040
3720
93071
227
58935
5364
17563
39428
16603
39746
18808
41515
16986
41179
16780
38028
19989
41438
20302
42643
54469
353
22116
40282
54216
380
60164
495
60803
464
58940
476
59336
496
60173
370
59101
384
57912
488
59629
468
58112
5460
18429
41463
18761
42452
19191
42683
18743
5192
96487
345
58850
5175
19527
42470
20956
41323
18824
42304
20290
43068
19194
41330
18744
39677
18073
41701
56412
246
21134
40120
56497
270
59559
343
60506
323
59947
336
59308
314
59950
235
57496
229
58059
290
60407
888
58494
5002
16483
45514
17906
42597
18946
41860
18885
3565
99437
229
58684
4922
18458
41386
18571
43918
18162
42738
17165
41914
19013
41439
18192
43700
17565
43740
54062
246
20856
38821
55507
284
57418
345
57852
314
57883
332
57890
337
57167
258
55915
266
56664
325
58311
627
57768
4851
18735
41537
17649
41573
18092
42653
17354
2649
95326
230
58923
4114
18971
40799
19588
41290
19171
42877
19092
41055
18976
40056
18597
39579
18937
41730
56740
21733
329
40865
54989
281
57637
336
61041
312
58043
541
59276
343
57595
345
60033
262
57841
320
58893
309
57702
5317
17566
42816
18841
43284
18497
40486
18192
3684
96850
421
58335
4970
17776
41223
18117
41170
18495
42795
17694
40242
18316
40057
19281
40345
18235
42653
55351
219
22117
41975
53972
443
57602
665
59720
284
57545
653
58971
674
59877
414
57384
836
56778
614
71296
422
63863
5507
18595
44983
18434
43863
20986
47305
17152
4401
94889
404
56438
6248
19101
42201
18999
45871
19053
47311
16796
42116
16756
40467
17585
39514
16021
43382
64045
252
20851
42403
53048
365
57562
349
57540
312
61229
1050
128077
478
71050
263
60140
269
60033
329
66708
313
59186
5987
16307
42016
16641
50458
23418
50864
25451
6703
170935
429
60168
4916
17217
47665
20683
45029
18026
45326
17876
42277
17341
42198
14976
39085
17013
73364
60233
244
20826
41326
55311
286
58312
343
61648
613
60237
323
72418
339
61546
250
56628
263
56767
575
63212
315
57843
5293
16301
41038
16749
43387
16210
43390
19487
5787
104132
232
59148
6266
18818
46001
28522
43570
16548
46571
19152
43994
17311
42716
18224
40482
18554
42703
58843
349
22887
43810
56254
391
59059
496
61974
462
59477
481
61231
338
58619
257
57748
265
55676
321
58935
314
59818
5244
17530
44498
18313
42629
16646
44732
18230
4578
95752
231
59701
5618
17227
42669
16680
42910
17499
43633
17541
43912
16618
42558
18396
40014
19011
42320
56352
244
20736
41049
54975
284
56158
340
58330
954
54800
680
56415
692
55171
454
61954
271
62017
678
60222
664
57099
5776
16475
42567
17164
45317
16288
41175
19769
4077
98121
227
57272
4226
16707
42818
15270
44580
17847
44747
17263
43839
17505
41364
16645
42595
16916
44050
52673
249
18491
41271
54582
278
56818
346
60209
311
58809
332
61578
340
58685
257
55911
268
57897
327
60159
309
58189
6602
17953
43059
17963
43405
17080
43949
17046
5310
96272
239
57589
5291
17186
44947
15934
43590
17262
42548
15252
42877
16964
43394
17069
42955
16678
42338
54986
360
19184
41055
53425
516
58804
476
59524
472
58085
481
53866
469
58731
413
57558
407
56579
465
58538
461
56139
5150
16626
42249
17816
42486
16478
42619
16214
3584
99062
220
59534
4931
18077
42577
18540
42154
17703
43589
17689
42463
17200
41503
17257
40540
17069
43645
54595
218
20535
39863
54245
249
58614
398
58425
305
58001
331
57843
343
59149
1260
58278
258
55725
332
56663
308
57807
5303
17833
42249
17753
41490
18940
52865
17136
3613
93455
214
56102
5518
15060
41534
15954
41297
15900
42850
16033
42592
17308
51559
17624
41780
16914
40909
53476
237
21215
48952
54081
275
56690
354
66328
319
62693
353
61099
360
68650
458
56842
545
55954
657
72256
320
54844
4463
15596
39193
16137
44187
16774
51626
17138
4945
93985
434
56588
4869
16250
46558
16878
42354
16607
48960
17752
41668
17035
40057
16409
41611
16192
40578
53753
437
20736
41379
53159
463
54906
693
58107
684
56974
678
55877
703
56594
264
62370
446
55560
519
61777
656
60372
8768
25788
41390
16799
45717
17152
42047
17560
5208
96088
227
60457
4951
17540
44297
16067
43417
17120
41534
18134
41629
17895
43011
17943
40843
19579
40994
55584
430
19012
43382
54849
456
57809
726
59779
655
58987
732
56043
676
58641
483
65712
445
57997
660
60142
703
57812
5820
18524
42729
17749
43868
18153
42572
18175
5054
96026
422
58725
5292
18257
47171
18725
42497
17813
41621
18223
43442
17274
40098
18120
39387
19853
40939
55032
427
19542
40966
52338
460
56806
1584
57602
656
53792
660
56433
682
58488
452
56297
436
55104
692
58019
656
54157
5441
18521
40979
18803
43610
17968
48261
17719
3091
96639
416
58278
5076
16971
45483
14175
45166
18624
43393
18098
41316
17832
41608
17344
42564
17327
46758
52957
240
20761
41990
56276
466
58753
348
58909
665
57607
684
57813
334
57974
254
56976
433
58418
664
60412
286
56259
6506
17758
42641
17648
44625
16607
45648
15038
3651
93669
227
58030
5155
17549
42385
17681
40978
22189
43394
18125
41727
18312
40395
18387
40469
18028
40591
54036
241
20745
40301
50752
279
56992
336
57437
315
58262
484
55707
512
56547
439
56175
427
53666
675
56007
393
55498
4811
16231
41785
16928
42952
18182
42224
17789
3117
97818
233
58715
5275
17894
43173
17268
42197
17822
41237
18523
40819
18599
42575
17355
42258
18024
42896
55989
423
19575
41025
54749
449
56884
1993
63172
59374
446
642
59204
685
59093
444
57276
456
59310
655
59291
60071
443
5424
19991
45463
18436
42215
17549
43475
19035
4264
97299
1045
58409
4965
18562
44992
17452
43915
17452
44726
18419
42306
20303
42440
19396
45342
19113
45142
56535
435
22142
41461
55850
464
60116
675
58650
758
57731
659
57931
688
58906
439
58592
430
59580
373
64251
654
61050
7525
17583
44103
16083
44238
18706
42646
18605
3745
123962
235
84895
7157
24632
55173
18577
42640
19133
41079
19073
40301
18086
40310
17006
43680
15398
42633
52685
247
17638
40572
51452
285
57839
346
59482
657
60605
663
56141
313
55421
427
58504
264
56417
313
56867
643
58637
5005
16118
42044
16932
43283
18385
43395
17353
4975
94343
256
57526
5640
16260
45246
17983
43334
18582
42693
18356
43540
17952
41646
17676
40313
18570
44224
58366
1212
21891
41119
53628
1341
56510
2538
59372
305
58341
329
56828
340
57788
255
56954
267
56317
324
58115
311
57866
5047
16585
40315
16933
46105
20088
41031
18349
2553
99032
233
54863
5656
18378
42220
15966
42715
16860
43236
17561
41700
18577
40847
17517
42357
17721
42072
54643
428
22980
39468
54494
454
58479
716
57026
647
58457
654
58437
705
57679
477
58015
458
58439
528
60257
660
55511
5914
17128
44420
15813
46116
15912
44198
18545
2296
94447
436
55752
4658
15249
43499
15787
41433
17586
44506
16658
43332
15762
42310
16744
41632
16960
41855
54776
876
18413
40839
53647
457
57633
697
59170
673
58317
658
59355
678
57616
447
58819
595
56707
914
58805
310
58683
5097
16884
44538
17710
44292
17205
41976
17469
4581
95694
422
55610
5838
15984
41681
17722
42202
17095
44899
19711
41058
18342
40628
19306
41358
17347
42902
54896
430
20708
39524
53683
459
56649
680
57658
665
57254
670
59273
686
59238
437
57671
1077
59143
681
58915
656
58230
4967
16515
39740
16766
42089
16409
42781
18061
3766
96002
442
55331
5223
20096
43676
17208
42308
17246
40957
18058
40240
17636
41674
18425
42294
17738
40776
54626
434
21278
41000
54040
458
55466
679
58708
653
56940
670
58637
685
57484
433
58549
454
58117
653
58691
657
55417
5748
17579
42675
18712
45355
17508
42243
14801
4285
97624
421
57198
5572
16481
41152
17636
40113
18530
41911
17616
41128
17951
41033
18280
42425
16790
43999
55609
213
21782
40800
54941
241
58720
669
59004
297
57854
310
59258
315
58614
867
59067
249
60136
658
61546
295
57980
4910
18212
41709
17981
43223
17102
43636
17201
3952
98819
240
56687
5051
19193
42152
17305
41421
17363
44672
18455
42298
17038
42498
16571
41447
17259
42587
54939
245
21036
39758
56565
275
57430
60734
435
608
57041
342
57785
344
57539
261
63118
270
58799
324
59357
313
57954
5038
18377
44198
17932
43394
16338
43527
19158
4478
95385
424
57760
6007
17947
43415
16565
42190
16799
41617
16757
41631
22814
104214
27311
90514
29611
45076
56137
245
20154
46033
60507
299
62773
348
62073
314
58388
330
58306
345
61539
283
68081
611
59980
318
61220
309
56665
5165
19041
43466
17762
49465
16167
43065
18018
4698
93969
234
56136
5461
18466
45385
17870
42206
20083
45550
21283
40278
17323
41235
17137
44493
19759
41218
54113
433
18994
41482
55147
455
56578
676
61387
660
60605
663
55587
681
56283
442
57536
453
57577
460
60261
463
60621
5400
18423
43487
17653
43861
17619
42619
19530
7555
96477
345
60917
5162
19070
41601
17620
42601
18588
43997
18505
43488
16672
42558
17474
42289
18445
43300
57369
246
19816
42451
53118
285
55317
341
57882
323
58881
332
63712
1729
57967
538
60379
897
57955
663
62176
661
57320
5703
18239
45933
17639
47146
18794
44267
18081
4184
101978
431
63487
5940
20761
58658
19373
43814
18050
41804
16765
40812
18458
42712
18707
42631
18745
42865
63509
248
20321
40442
55863
274
60426
346
57713
310
60934
643
59187
429
58875
255
58422
275
60822
330
62706
312
66566
2756
19108
43102
18182
45787
17277
45592
18528
4838
96361
229
56145
4960
17623
40355
17683
48633
16704
47336
18468
42728
18980
41487
17760
43407
18392
54224
66454
242
21362
41479
57158
289
60558
344
62435
645
66755
330
61984
699
59691
429
58930
2038
60523
338
58183
329
59284
5396
19404
45535
17755
45420
17920
45434
19148
4921
103207
457
59573
6563
18346
42779
16888
42647
18097
45106
18454
42007
19441
43602
17786
42940
17280
43111
56958
249
22054
44098
57144
453
56821
489
59468
660
60265
657
58721
716
61252
442
61906
273
60063
330
60521
668
55327
4984
19291
48047
18702
45296
17052
44590
19420
4613
94983
229
59200
4897
17681
43258
18751
45685
19142
45599
18485
41790
17954
43508
17403
42269
17580
44696
57030
238
19548
41543
57905
273
60493
695
60037
311
59696
680
59796
340
60392
414
59878
1041
60347
481
61683
342
57766
5048
19010
43960
17152
44296
18226
45746
19341
5994
99199
217
58577
5660
15780
42824
16544
44284
18190
41869
16958
42312
18202
40407
17425
42608
18075
42545
56042
410
21531
39892
55640
428
58673
507
59428
478
58634
608
58492
315
60244
226
58492
235
57655
295
60527
293
59161
5990
18524
42069
18475
42444
18631
44921
17937
4745
94147
235
57401
5667
18139
42464
18575
43362
17684
44468
18080
41756
18607
42910
17400
43324
17357
44071
55437
424
19483
41087
56274
250
56312
309
58387
647
61182
296
58384
312
58613
430
57300
239
59547
295
58560
640
54921
4879
19870
43006
17626
44853
18021
43012
18120
4617
96851
357
59143
5069
15874
43828
16904
42014
19787
41522
17490
43700
18424
46236
17783
42470
18472
40997
55960
450
22293
41760
55131
1399
57215
340
60099
670
59250
687
57366
520
58894
427
57138
460
55868
686
60141
666
55897
5271
17595
43778
17312
42752
17140
42623
16864
4371
95045
249
59003
5721
17422
41249
18268
42102
17284
41140
17580
43019
18153
41767
18706
40379
19583
44164
55588
237
19081
39842
54497
275
57686
332
59802
677
58696
659
58334
336
59932
448
59280
462
57454
679
59100
674
57935
5211
17993
43670
17714
42197
16230
44859
16939
4848
98367
236
59248
5210
19163
41607
16661
44091
18280
44131
16288
40638
17379
39983
16568
42276
18445
41648
55061
241
21400
40055
55812
280
58675
341
59031
309
59821
335
59059
339
59877
255
58141
262
58614
320
59241
312
58585
6037
17580
42226
18760
43269
17955
42972
18209
4102
92822
226
59010
5228
17706
42152
17617
41758
17153
41395
18147
41838
19129
98049
17665
91952
19338
61096
107779
239
22535
72672
58299
284
57535
698
59555
317
57928
331
56686
340
59223
261
57508
268
56213
321
58780
314
57762
4718
18195
42171
17699
42165
17212
42762
18329
4494
97235
231
58684
5110
17386
42266
17914
43945
18671
42512
17761
40936
18289
40787
18818
42907
18202
41468
54950
247
19487
40880
56306
275
60860
351
58753
310
58174
328
60237
338
60091
260
58552
264
59169
329
59036
317
57539
5169
18679
41746
21972
41739
17415
43334
17830
3542
95927
232
56291
4984
17958
43036
18595
42747
17362
44706
17374
42066
18173
43371
18012
40359
18511
44469
55865
440
22617
42130
53955
444
56844
665
59659
366
58453
335
56227
345
58918
249
57005
267
58326
328
60504
1472
57645
5037
20009
41428
17866
44768
17076
42831
17899
4214
95220
232
60128
5660
18587
41061
18629
43213
18867
42237
17590
43049
17441
42352
17123
41724
18943
42288
55091
241
21146
41242
55108
427
56351
513
61798
476
59551
475
58507
498
59138
410
60611
415
58929
481
60586
320
59368
5754
20293
43297
18831
44051
18154
44395
18764
4356
95068
226
59002
4660
17482
42351
18546
42075
17508
42107
17639
41831
19184
41550
17163
40260
18163
42876
56078
237
19898
42396
103861
278
110119
339
113528
317
111170
326
112256
341
108750
260
90877
269
82998
328
74340
313
108919
4956
17494
49885
26500
94389
18369
79845
27674
5798
126325
235
79783
4306
20059
97842
16739
93102
18615
96085
21484
101158
27336
65697
18851
63806
28568
56389
69516
419
33809
55086
73763
278
79079
341
82802
315
79824
328
74597
333
80235
256
82223
270
122635
321
110607
316
110964
4856
18722
96439
18198
105544
24362
88759
18206
6538
210288
229
122431
4918
21366
100263
26250
105230
20135
95888
18979
103705
18527
92037
18303
63720
20719
95351
112395
242
31394
93460
111556
310
96494
340
87365
312
79048
341
111770
347
112909
257
108698
264
67700
323
82544
559
122334
5197
17170
83985
27248
96570
17979
105171
24793
6730
128603
231
80495
8508
27742
96225
18582
95087
19364
95973
18076
79770
19624
92197
16522
95567
18276
95244
106900
242
18260
40974
66895
280
109308
341
126025
315
84392
327
115169
334
118193
252
108721
272
108392
328
100522
307
89674
8164
27545
54393
28125
45972
18557
63224
27771
5695
125736
408
74890
8422
27023
94911
17301
86988
27864
64852
28313
51510
28462
45800
19929
61574
28969
57139
71551
253
34392
53826
72430
289
76272
347
73508
313
83217
949
82990
333
82582
251
78676
261
78651
321
123352
484
104971
4306
16209
70661
27716
58978
28613
53741
27545
5081
120511
404
78703
8053
26751
44813
18256
101074
17298
97324
20014
64397
25823
57891
27666
48093
19238
55236
80575
240
33206
56080
73763
278
80954
347
76767
310
73964
332
56338
2375
56788
251
57516
270
56073
321
59498
287
56727
4538
17078
41211
17329
44039
16558
43069
17150
4085
93361
411
57314
5590
15887
42135
18134
42075
17329
43538
16181
43743
17398
41586
18128
40901
16575
43237
55932
241
19268
40466
53940
282
56260
699
59101
547
59068
286
57705
672
58582
226
55204
612
57632
283
59936
277
56536
4920
16431
41844
17467
42581
15983
45156
17135
4702
95837
202
58302
5046
17453
43153
16336
43785
16155
42413
17628
39812
15432
42912
18642
42188
16168
41480
56133
239
19308
42563
53902
275
55069
338
60908
313
58658
337
56592
347
56674
259
58269
264
58171
321
58296
315
57524
5769
19584
44729
16949
46413
18432
44636
17034
4571
94196
235
60614
4912
18230
41904
18491
39288
17163
42997
18140
42032
17581
41992
18596
39688
18338
41800
54248
240
20209
41751
53918
275
58346
336
57867
310
57723
328
58303
342
58648
256
58345
266
57667
328
58968
307
56752
4957
17596
42439
18027
44213
17809
43251
17248
3927
95259
231
56061
5018
16258
41729
17149
42764
19438
40319
15998
40343
18960
39775
18793
41225
18731
41855
54338
244
20973
43945
55153
284
59292
424
58441
314
58821
324
59220
434
60062
264
57835
265
59071
317
59203
396
55153
5825
18430
44018
18739
42863
18363
41530
17833
4718
94537
232
58961
4623
18289
41056
17418
41562
18255
40895
18210
41978
17453
41494
19156
39255
18342
42126
53548
242
20638
39725
52234
295
59405
349
59859
315
55613
796
55255
341
55529
360
56269
264
55479
427
57550
514
56865
5424
16310
42786
15833
42337
18263
42666
16941
3721
95198
214
58109
4353
19775
44968
17345
44089
17079
42525
17695
40748
18327
40692
18096
42613
17494
42433
56381
238
21088
40636
54865
273
55295
671
59921
311
57812
410
55769
333
57889
258
55401
300
54823
402
58248
312
54755
5107
16791
43988
18188
45199
21589
44286
18990
3425
93528
419
56237
5232
19920
44444
17259
40581
17578
42762
17628
43250
17983
40918
18475
39160
19337
42935
58578
241
20873
41713
55164
475
57167
694
58336
669
57265
330
54137
311
57771
226
56955
242
58177
648
57489
660
57127
5336
17790
41176
18699
47817
16139
41455
17368
3929
97624
232
56353
5076
18049
43736
16637
43173
20694
43045
16082
41026
19833
39789
17721
41797
17430
41697
52964
419
20599
40801
55197
244
56578
313
58443
268
62352
289
58897
665
57257
424
58108
431
56791
685
58677
657
55518
6325
18624
40708
17788
44830
17392
42292
16773
4989
94469
428
57547
5246
18083
42223
17816
42227
17927
41889
18917
43896
17187
41146
17797
40452
18061
41255
54615
438
22709
41878
53689
278
57430
695
58739
314
57187
336
55407
345
56864
259
55815
268
56455
320
58019
316
57614
5168
18424
41150
17637
42998
16987
41557
18108
2904
96530
234
57979
5567
18229
42097
19761
42483
18834
43625
18204
43550
18982
42207
19871
40916
17725
42777
55472
243
20708
40537
55681
470
57063
695
57973
655
57430
656
58356
303
63020
217
57153
371
57726
653
59537
286
57790
4696
18992
41406
19849
43136
16246
45842
16499
3832
96116
463
60188
4995
20368
42688
17256
41798
17478
43056
17432
40848
17954
41227
17454
42248
17847
42832
54276
440
21294
39690
59339
455
55848
687
57460
666
56708
679
57777
682
55250
445
54803
458
56487
677
57837
756
55007
5353
18767
42366
21268
43240
16703
41686
16775
4743
94361
226
55913
5313
17494
45184
17641
44195
16599
43818
16831
43904
16961
43072
20507
41364
17447
42018
55433
245
20419
42681
53429
363
56511
343
58729
312
57317
325
58212
334
58322
256
62963
261
58311
323
61399
312
55954
5416
15589
41564
15982
42321
17219
42790
15823
3912
94069
227
55119
5209
17232
43350
16513
42568
15777
45150
18631
42547
17285
42744
17372
41394
18724
42377
53367
236
19601
39664
52605
266
57396
337
62614
308
59276
433
56882
333
55626
257
57126
258
57932
316
59433
409
55098
5190
17027
41485
16663
42964
18392
46275
18281
3372
94808
57621
340
5017
17014
41601
17486
42349
17852
42527
17180
42516
17104
40153
17288
40814
17114
44435
52251
331
19108
40473
53299
280
54252
335
58264
316
56713
331
59045
1624
55584
253
55890
266
54544
320
61356
382
57305
5364
16967
43990
17396
42799
16797
43945
17569
4003
92397
226
56604
5294
16700
43345
16221
43912
16067
43763
18365
42460
16454
42718
16632
40628
17600
43486
56414
239
18814
42255
54267
279
57750
339
60359
309
75694
337
60027
333
58368
261
58281
267
59432
326
59123
314
58689
4264
20571
42514
15602
45194
15359
43488
16343
4790
96421
455
57023
5622
15309
41800
17363
46022
16504
42424
17549
45493
17253
42099
16848
42035
17779
40090
54608
444
19381
47210
54904
474
55791
693
58228
666
55324
325
57749
691
58689
454
57571
263
57854
323
58489
318
57989
6538
18104
44289
16612
45934
17760
41845
17133
3942
95756
422
57914
5092
18154
41773
17716
41369
16372
43086
17157
41822
17796
40158
16784
40376
17219
40812
52170
209
21523
40931
51775
329
54869
325
57900
277
54767
328
53777
337
55585
257
57966
266
56821
327
58491
819
54988
5769
17530
42292
17333
43096
16884
42485
17158
4763
92264
231
54440
4158
17515
41557
17621
45049
18145
42159
19013
42055
17996
42963
17887
42381
19751
42610
55188
440
19817
39237
53215
467
57258
337
58216
310
57363
330
56864
334
56817
252
57465
265
55062
327
58932
308
54805
4709
17528
41275
17145
45127
17133
44300
17678
5639
94499
435
57950
5511
17364
43206
16517
41152
17244
41348
18097
42633
18371
42613
17689
41871
16554
41951
54643
249
20720
42266
53217
291
56008
335
60033
316
61273
337
58054
344
58338
258
57621
272
58286
328
59670
323
57304
4770
19085
42775
18291
43448
17547
41462
18332
4018
96002
236
58061
5238
17828
41257
17332
40888
18976
43858
17664
41169
16930
41025
17275
39732
16210
42115
54969
240
19525
40021
54031
276
55319
342
60610
312
55298
335
59945
343
54941
259
56603
277
59060
328
62238
608
74657
7715
20155
50315
22830
42073
17214
41318
17311
4243
94184
231
61586
8479
25699
43074
17731
40774
19106
40708
16051
53467
16042
41475
16933
75001
16243
45801
53602
247
22555
41809
54791
419
57144
999
64863
666
58414
680
58339
334
59300
254
57155
458
62793
673
108838
640
104978
5584
22313
71529
28545
60246
28029
52800
28068
5457
119654
425
77476
5700
17529
60649
26977
47620
15603
66756
26760
49604
18982
56020
17273
87109
20705
95253
94263
429
32450
53530
74720
277
60675
709
64763
317
128137
337
75673
335
127255
261
98789
263
126197
324
112693
319
128150
8426
19535
50731
21529
98280
21296
52503
18908
6127
218921
232
60491
5483
20600
50445
27636
96755
20085
47060
19839
50411
28726
44968
18680
92701
18690
99836
105163
233
21592
100824
56749
1490
109074
351
63940
314
122951
339
63563
349
59244
261
56546
1283
57132
323
63849
311
67095
5508
18017
41299
18255
43825
18069
42111
17512
3939
97235
455
60311
5387
22775
42096
18511
44293
17523
43642
18270
42127
29833
81737
18098
42322
17871
41263
54204
215
20817
43049
54916
272
58729
495
64482
294
59039
295
57624
291
124664
258
72814
261
57624
313
57427
305
60736
5710
17401
95899
18025
42451
18411
42528
17695
3503
100711
229
57410
5900
18188
41745
17436
44991
18022
43183
18610
46246
20936
42979
18676
41254
17656
44726
54646
234
20282
44967
57169
277
58324
337
60142
308
57721
327
108892
346
59528
252
58381
1771
56149
319
59907
314
56276
5861
21352
44763
19000
44914
19321
44378
19360
4996
97586
435
62311
5891
20332
43951
18375
44027
18781
43052
18258
42650
21112
45095
17858
44968
17190
43348
54761
244
21688
39491
55445
276
122595
350
62567
315
58118
330
58416
348
59593
794
62089
263
57018
681
59170
313
55949
4650
17509
41963
17854
45322
17923
44170
16073
3991
96474
228
57681
4717
17114
43446
20398
41176
16062
41850
16439
42789
17173
41434
18044
39965
23376
78281
56021
242
19124
51245
56499
479
59351
683
58664
318
57001
679
56054
333
57154
450
56380
452
56811
1263
62049
314
54980
5517
17442
42559
17174
44568
16752
43852
17918
5934
105211
238
56038
6078
17664
42628
17645
43666
17067
44380
19706
44680
23037
43581
16837
45392
17383
43576
55686
541
22528
41204
54740
491
58707
702
61404
643
59731
701
59519
343
59871
1691
56151
1628
57030
424
58954
312
58254
9092
27113
108740
21309
42646
18490
42387
17111
4976
99235
230
58347
4684
18172
43310
16668
45789
16465
42380
17362
44294
16590
41589
16943
42517
16786
40359
52646
218
20727
40497
57207
246
57337
312
58908
387
59728
303
60480
313
58208
240
58405
237
59754
292
59666
1652
56230
5975
18076
40731
19253
43811
16763
43998
17704
3903
96397
209
57335
4013
18807
43759
18649
43258
18327
41896
17763
42814
18237
42674
17624
42657
16807
43940
54921
241
20133
42086
54460
277
58192
366
59460
327
58630
341
59051
360
58635
258
60827
343
58509
347
61105
329
57326
5130
18812
43164
21244
46932
17331
43436
18561
4669
96823
245
59890
4911
18384
45052
18740
43244
17708
42371
18878
41792
18232
42561
19543
41710
18286
42408
53692
241
21815
43874
59591
273
57166
365
59905
327
59508
344
59404
364
59314
267
56884
270
59321
345
60372
325
58346
4899
17004
41792
19462
44546
18402
42678
17372
3951
98888
681
58298
6278
17129
44391
17919
42964
16565
41440
17512
45903
17837
42583
19138
44994
18456
42388
111273
238
24533
91220
74934
274
70861
334
83040
312
79269
325
88936
340
69697
332
79726
284
110667
318
87965
317
110227
5055
18272
50025
27412
61191
18741
45575
19366
6176
136049
232
110272
4898
17742
44358
18618
44003
18102
43194
18999
43064
16868
41012
17117
42618
18138
43397
53581
243
21318
41238
53793
284
54781
334
62376
316
57635
334
57069
339
59039
252
59913
264
58591
322
58646
319
58754
4835
14501
43199
16309
44554
15951
42804
16549
3640
97957
232
55107
4947
15768
44497
17523
44242
Xput: 31245
