21622564.285714
20623888.571429
21424007.142857
20794040.952381
19656730.952381
20782775.714286
19996062.857143
21119488.571429
19909181.904762
19562793.333333
19708250.476190
19780104.761905
22204315.238095
21803961.904762
22012527.619048
22030565.714286
23180072.857143
21635546.666667
21929161.904762
22760243.333333
21820956.190476
21715152.380952
21679163.809524
22845474.285714
21728695.238095
21985814.285714
21590628.571429
22616478.571429
21867942.857143
22812685.714286
21641579.047619
21697735.238095
22450326.190476
22658869.047619
22730019.523810
22121481.904762
22817354.761905
21692535.238095
23159643.809524
22008874.761905
22127259.523810
23094466.666667
21745695.238095
21631883.809524
21740708.571429
22852705.714286
21861721.904762
21745531.428571
22669503.809524
22227515.238095
22209258.571429
21860366.666667
22154044.285714
21436758.571429
22634283.809524
22084088.095238
22148601.428571
21294434.285714
21851168.095238
21076921.904762
21920903.333333
21230110.476190
20854889.523810
20738552.380952
20877508.571429
21325392.857143
21332744.285714
21468178.095238
20911251.428571
21191640.476190
21244686.666667
21181845.238095
21336243.333333
21231247.619048
21971363.809524
21947150.476190
22686059.047619
22306220.000000
21789346.666667
22291693.333333
21909874.285714
22301770.952381
22361022.380952
22477214.285714
22614314.285714
22191059.047619
22038895.238095
22461917.619048
21877601.904762
21702672.380952
22514441.428571
22197900.000000
22601638.095238
22473022.857143
22472025.714286
22740456.190476
22532199.523810
21856605.714286
21716493.333333
22302407.142857
21147365.714286
21041973.333333
21038481.904762
21635091.428571
21034687.619048
23122580.476190
21074245.714286
20871169.523810
21459692.380952
23397314.285714
23031045.714286
21873099.047619
21523165.714286
22010565.714286
22053070.000000
21914291.428571
21636210.952381
21728327.142857
21588324.285714
21184156.190476
21432108.571429
21728802.857143
21195779.047619
21613246.666667
21070491.428571
21911156.190476
22584422.857143
22143756.190476
22075215.238095
21904600.000000
22486557.619048
22678780.952381
21996325.714286
22664970.952381
22435995.714286
22633920.000000
22088763.809524
22220017.142857
22382076.190476
22313516.190476
22423961.904762
22927364.761905
22140860.952381
22352588.571429
22238847.619048
22216352.380952
22172613.333333
21956127.619048
22670736.190476
22598057.619048
21914641.904762
21531401.904762
21242744.761905
21969356.190476
21221365.714286
21550476.190476
21621872.380952
24809185.238095
21190836.190476
21135664.761905
21145380.952381
21645824.761905
21362899.047619
21162746.666667
21759488.095238
21193255.238095
21206594.285714
21265493.333333
21674611.428571
21092403.809524
21719824.761905
21662077.142857
21591338.571429
24876580.952381
21162200.000000
22248329.523810
22130205.714286
22661869.523810
22235952.380952
22148118.095238
22640647.142857
23071513.809524
22690562.380952
22677413.333333
22705865.238095
22324929.523810
22153200.000000
22662780.000000
22547823.809524
22484736.190476
22799955.238095
22716211.428571
22540643.333333
22795019.047619
22086994.285714
22829364.761905
22091600.000000
22668922.857143
22527962.857143
22039739.047619
21784641.904762
21123849.523810
21797377.142857
21321417.142857
21864308.571429
21314057.142857
21802762.857143
21371586.666667
21834620.000000
21333986.666667
21351916.190476
21629836.190476
21892907.619048
21746953.333333
21513990.000000
21529137.619048
21549442.857143
21661612.380952
21233318.095238
21112472.380952
21555540.952381
21624002.380952
21367983.809524
20972619.047619
21621390.476190
22062171.428571
22618587.619048
22057832.380952
22195521.904762
22156609.523810
22617486.666667
22514916.190476
22601715.714286
22571238.571429
22317480.952381
22212643.809524
22091470.476190
22660800.952381
22679429.523810
22555502.857143
22568536.666667
22070095.238095
22628922.857143
21969299.047619
22646191.904762
22083548.571429
21953064.761905
21926015.238095
22653497.619048
22509883.809524
21238001.904762
21186154.285714
21253952.380952
21671193.809524
21287257.142857
21200205.714286
21536205.238095
21259226.666667
21907284.285714
21384133.333333
21362780.952381
21909292.857143
21233811.428571
21781840.476190
21955045.238095
21681994.761905
21517485.714286
21626591.428571
21644154.761905
21626700.476190
21736665.714286
21745978.571429
21230112.380952
21199619.047619
21791645.238095
21950967.619048
22614443.333333
22660946.666667
22698310.476190
22439934.761905
22884517.142857
22828899.047619
22733296.190476
22803687.619048
22153234.285714
22264904.761905
22523768.571429
24886973.333333
24740366.666667
24236657.142857
23402935.238095
23355293.333333
23013007.619048
22709720.000000
22589841.904762
23050456.190476
22488914.285714
22930846.666667
22298796.190476
22206712.380952
21968428.571429
21740971.428571
21598868.571429
18998627.142857
20333110.476190
20123826.666667
20029952.857143
19200041.428571
20038338.571429
19242945.714286
19206865.714286
19908828.571429
19881677.142857
19783170.476190
19137227.142857
20434623.333333
21288327.619048
21308420.952381
21271807.619048
21843350.000000
21879612.857143
21328226.666667
21289529.523810
21941389.047619
21716330.476190
21166024.761905
21063771.428571
21689472.380952
22793375.714286
22870648.571429
22784818.095238
22717979.047619
22018584.761905
22137521.904762
22631335.238095
22556259.047619
22082478.095238
22770394.761905
22578741.904762
22170746.666667
22176548.571429
22920917.619048
22148921.904762
21945622.857143
22204243.809524
22249800.000000
22899758.571429
22916946.190476
22331653.333333
22256066.666667
22660605.714286
22809275.238095
22811689.047619
21611832.380952
22058517.619048
21583022.857143
22047252.380952
22000782.857143
21464161.904762
21345348.571429
21738954.285714
21992333.333333
21779204.761905
21351830.476190
21640305.714286
22112894.285714
21995081.904762
21326133.333333
21914134.285714
21656020.000000
21772930.000000
21594925.238095
21951591.428571
21763973.333333
21725521.428571
21625229.047619
21717139.523810
21953650.476190
22142948.571429
22304632.380952
22702791.428571
22605821.904762
22868142.857143
22872186.666667
22875688.571429
22953461.904762
22166758.095238
22308779.047619
23156574.285714
22575110.476190
22504127.619048
22407310.476190
23013983.809524
22422944.285714
23057563.333333
22784052.857143
23133897.142857
22534927.619048
22900468.571429
22846785.714286
22869318.095238
22388704.761905
22418994.285714
22109180.000000
21514057.142857
22133904.285714
21593137.142857
21460415.238095
22086186.666667
21496605.714286
21971620.476190
21930102.857143
21525472.380952
21820792.380952
22052261.428571
21421615.238095
21866524.285714
22080440.000000
22058462.857143
21427704.761905
21942880.000000
21976482.857143
21440761.904762
22125312.380952
21374409.523810
21887801.904762
21495900.952381
21968289.523810
22843476.666667
22250358.095238
22136200.000000
22098710.476190
22173093.333333
22248769.523810
22153638.095238
22561420.000000
22123420.952381
22714275.238095
22838214.285714
22213590.476190
22174144.761905
22226495.238095
22157994.285714
22321500.952381
22457460.952381
22178365.714286
22324832.380952
22799663.809524
22203699.047619
22186241.904762
22221573.333333
22738778.095238
22093276.190476
21971621.428571
21503339.047619
21408459.047619
21316622.857143
21343352.380952
21198838.095238
21918216.190476
21360769.523810
21320533.333333
21391346.666667
21324497.142857
21411725.714286
21866050.476190
21424580.952381
21748508.571429
21371287.619048
21797903.809524
21395219.047619
21326630.476190
21183885.714286
21348960.000000
21421152.380952
21882658.095238
21283727.619048
21941484.285714
22243596.190476
22253339.047619
22271620.952381
22263139.047619
22275834.285714
22622469.523810
22277895.238095
22118537.142857
22176175.238095
22308638.095238
22202567.619048
22718963.809524
22116729.523810
21988367.619048
22183200.000000
22644274.285714
22307786.666667
22769211.428571
22125767.619048
22630525.238095
22022569.523810
21892725.714286
22047085.714286
22109636.190476
22321910.476190
21447653.333333
21407510.476190
21562365.714286
21377093.333333
21315026.666667
21418040.000000
21476502.857143
21466822.857143
21340007.619048
21989864.761905
21398070.476190
21415339.047619
21320146.666667
21428685.714286
21386820.952381
21445276.190476
21980204.761905
21452620.952381
21278803.809524
21393455.238095
21242000.000000
21380760.000000
21533245.714286
21350582.857143
21949221.904762
21979883.809524
22108931.428571
22240340.952381
22176613.333333
22264201.904762
22224205.714286
22242234.285714
23040392.380952
22181569.523810
22281800.000000
22350365.714286
22476807.619048
22394761.904762
22494036.190476
22471613.333333
22279668.571429
22277283.809524
24352629.523810
24405221.904762
23787058.095238
23860916.666667
23957462.857143
23695158.095238
22616676.190476
23994569.523810
22151056.190476
21413038.095238
22710767.619048
21568106.666667
21507784.761905
21735178.571429
22376683.333333
21337880.000000
21838463.809524
21141619.047619
21710010.476190
22796125.238095
21469466.666667
21492040.000000
21308099.047619
21294091.428571
21795218.095238
21828104.761905
21192820.952381
22918796.666667
22323312.857143
21877808.095238
21906071.904762
21194666.666667
21322817.142857
22136226.666667
22215805.714286
22084721.904762
22196558.095238
22257912.380952
22388914.285714
22359299.047619
22227678.095238
22292472.380952
22425470.476190
22108460.952381
22224024.761905
22114047.619048
22257870.476190
22212409.523810
22219009.523810
22078874.285714
22020824.761905
22207316.190476
22276807.619048
22058746.666667
21990281.904762
22004790.476190
21960076.190476
21958340.952381
21535653.333333
21582308.571429
21509259.047619
21490281.904762
22240448.571429
22085626.190476
21541331.428571
21517826.666667
21450121.904762
21534619.047619
21301285.714286
21407287.619048
21411899.047619
21392262.857143
21300830.476190
21237443.809524
21276232.380952
23441388.095238
21285560.000000
21243516.190476
21294727.619048
21004278.095238
21165708.571429
21894760.000000
21393346.666667
22156601.904762
22080784.761905
22559352.380952
22273163.809524
22291998.095238
22299714.285714
22183681.904762
22281095.238095
22238881.904762
22253620.952381
22984808.571429
22423131.428571
22155883.809524
22878789.047619
22299405.714286
22280598.095238
22845325.714286
22258066.666667
22404474.285714
22850498.095238
22312369.523810
22365405.714286
22913279.047619
22335369.523810
22296720.000000
21594369.523810
22242352.380952
21701940.952381
21626140.952381
21635455.238095
21669015.238095
21640775.238095
21625967.619048
21483325.714286
21557914.285714
21457523.809524
21951975.238095
21509291.428571
21473820.952381
21489693.333333
21462192.380952
21604699.047619
21391567.619048
21469129.523810
21353415.238095
21407373.333333
21282994.285714
21332891.428571
21400944.761905
21377708.571429
22203243.809524
22357666.666667
22813365.238095
22263466.666667
22196106.666667
22193068.571429
22233123.809524
22155720.000000
21990899.047619
22019916.190476
22084066.666667
22589786.190476
22781656.666667
22236228.571429
22122100.952381
22264213.333333
22268466.666667
22174579.047619
22239651.428571
22276024.761905
22877256.666667
22346819.047619
22494956.190476
22226209.523810
22227571.428571
21562089.523810
21527849.523810
21481580.952381
21591660.952381
21672760.000000
21383554.285714
18581825.714286
20706776.190476
20062200.952381
20155337.142857
20212441.428571
19631530.000000
18460492.857143
20069792.857143
19125570.000000
20107125.714286
18454555.714286
19269705.714286
18942085.714286
21676764.761905
21364847.619048
21367213.333333
21313443.809524
21396767.619048
21305710.476190
21152527.619048
21149539.047619
21486601.904762
25248479.047619
21250133.333333
21391083.809524
21996575.238095
22099929.523810
21987135.238095
22073645.714286
22048150.476190
22005866.666667
22153887.619048
22022780.952381
21995664.761905
21928045.714286
22122203.809524
21933990.476190
22049988.571429
21984792.380952
22044769.523810
21910660.952381
22084860.952381
22103822.857143
22033120.000000
21912758.095238
21929468.571429
22123638.095238
22001182.857143
22231464.761905
22249097.142857
21548382.857143
21638601.904762
21540000.000000
21429752.380952
21293967.619048
21351095.238095
21383302.857143
21379436.190476
21387365.714286
21358474.285714
21313085.714286
21303550.476190
21558156.190476
21383032.380952
21371998.095238
21460900.952381
21306977.142857
21347554.285714
21181009.523810
21190150.476190
21225902.857143
21270826.666667
21449478.095238
21382140.952381
21354636.190476
22147702.857143
22452816.190476
22076424.761905
22092028.571429
22000344.761905
22031940.952381
22058386.666667
22057377.142857
22102388.571429
22046493.333333
22119792.380952
22039946.666667
22121923.809524
22133308.571429
22046474.285714
22024849.523810
21982489.523810
22200958.095238
22666368.095238
22009826.666667
22635231.428571
21940902.857143
22020590.476190
21914504.761905
22154510.476190
21642853.333333
21477672.380952
21436727.619048
21408611.428571
21395443.809524
21416034.285714
21397036.190476
21365019.047619
22020236.190476
21852424.761905
21419198.095238
21356859.047619
21495289.523810
21501607.619048
21402438.095238
21357889.523810
21357916.190476
21909344.761905
21256325.714286
21170036.190476
21273240.000000
21728290.476190
21357066.666667
21336085.714286
21520400.000000
22126344.761905
22748364.761905
22117213.333333
22562246.666667
22243192.380952
22213400.000000
22308249.523810
22423125.714286
22379681.904762
22466582.857143
22290139.047619
22792328.095238
22375725.714286
22358392.380952
22364308.571429
22260963.809524
22301064.761905
22184451.428571
22626672.380952
22149228.571429
22760271.904762
22062398.095238
22084398.095238
22123931.428571
22659333.333333
21625224.761905
22133249.523810
21525523.809524
21451161.904762
21624739.047619
21511718.095238
21471043.809524
21660100.476190
21944600.476190
21351552.380952
21288192.380952
21373866.666667
21446213.333333
21335106.666667
21425447.619048
21271702.857143
21179960.000000
21202120.000000
21344590.476190
21427078.095238
21273620.952381
21767852.857143
21422491.428571
21797350.476190
21453409.523810
22259087.619048
22238622.857143
22829940.952381
22283725.714286
22784360.952381
22266280.000000
22638439.047619
22073120.000000
22731083.809524
22204373.333333
22316329.523810
22217140.952381
22701499.047619
22259188.571429
22425607.619048
22239076.190476
22335977.142857
22246554.285714
22314171.428571
22378845.714286
22489714.285714
22577803.809524
22471394.285714
22194979.047619
22417158.095238
21793344.761905
21721074.285714
21783857.142857
21790723.809524
21580222.857143
21787304.761905
21481714.285714
21636125.714286
21514483.809524
21971870.476190
21533083.809524
22186056.190476
21495417.142857
21420782.857143
21515259.047619
21566700.952381
21495150.476190
21413775.238095
21392714.285714
21322476.190476
21475481.904762
21442493.333333
21362262.857143
21931838.095238
21426853.333333
22158539.047619
22156923.809524
22038653.333333
21919180.952381
22190055.238095
22174489.523810
22224036.190476
22092422.857143
22077761.904762
22179173.333333
22725271.904762
22408733.333333
22617030.000000
22203798.095238
23013296.666667
22219108.571429
22357419.047619
22282401.904762
22227289.523810
22264428.571429
22191169.523810
22331718.095238
22853302.857143
22237567.619048
22889804.761905
21635327.619048
21523851.428571
21421011.428571
22143384.761905
21460853.333333
21494659.047619
21499089.523810
22108767.142857
21555573.333333
21477426.666667
21408605.714286
21434756.190476
21562291.428571
21591923.809524
21635030.476190
21574371.428571
21482024.761905
21585510.476190
21489163.809524
21451280.000000
21396666.666667
21296739.047619
21411693.333333
21476152.380952
21660523.809524
22250405.714286
22187980.952381
22349813.333333
22358706.666667
22326266.666667
22421731.428571
22423003.809524
22564714.285714
22297651.428571
22253579.047619
22211017.142857
22176586.666667
22183289.523810
22884548.571429
22252979.047619
22112350.476190
22257182.857143
22204630.476190
22157078.095238
22237257.142857
22177468.571429
22276674.285714
22320552.380952
22288358.095238
22248283.809524
21699089.523810
21631933.333333
21749596.190476
21718156.190476
22253922.857143
23153546.666667
22449146.666667
22315619.047619
