829
328
208
259
222
264
501
518
187
266
187
256
184
218
174
141
39968
253
22524
46224
19838
41331
20451
45679
20328
43243
19764
43227
20233
41248
18913
43246
59239
413
60375
570
60608
568
59607
255
22324
42130
21504
44267
58541
575
61849
350
59491
648
59726
643
61883
626
60096
620
57778
625
59294
6880
22155
6940
93907
6053
19834
44174
21624
39624
20887
40832
20080
42101
21687
42641
17282
40834
18267
38319
17050
40963
17942
39730
53573
273
56021
253
57355
251
56555
253
19731
39543
17183
42763
52100
261
59467
373
58701
359
57141
355
57286
336
55409
469
55406
463
54004
4360
16826
3883
86100
4176
17349
38804
16654
38701
17173
39488
16416
39191
17314
40627
17533
39708
17303
39140
16980
41288
16919
39275
54394
281
57065
254
57696
262
55766
262
20084
39751
17072
41570
52425
275
56124
374
58159
356
56013
362
55779
340
55848
340
54680
345
54036
4517
17848
4524
84850
4276
17889
39979
18845
39742
16572
41233
16358
39740
16956
40366
17975
40291
16858
41956
16876
40391
17618
40536
52911
274
55344
258
56666
253
55841
253
19753
41047
16614
41302
52990
277
55323
370
54557
364
55033
351
55677
340
56310
345
54903
342
55061
4792
17439
3941
87450
4220
16321
38669
17506
39674
16765
39983
17233
39200
18298
40094
17313
41384
17178
38710
17442
40160
16495
40096
52464
282
54955
250
56262
262
56320
261
19472
40780
15413
40393
53599
265
55585
367
55464
360
55193
348
55632
341
55535
344
54932
443
53761
4879
17676
3950
84576
4146
16952
38747
17434
38867
17584
39657
17469
39104
16747
40983
16801
40072
17193
38593
17053
40684
17468
39446
52552
278
56176
257
55964
262
55799
255
20677
40212
16700
41070
53560
316
55287
363
54359
358
55616
363
56174
340
55296
343
55484
330
54097
4516
17752
5273
85961
4175
19050
39624
17249
38839
17581
40420
16942
40596
17043
40905
18165
40739
16298
39392
16444
40337
16696
38591
53077
272
54168
257
56371
261
56511
260
19238
40607
17564
41589
53542
268
56046
365
55962
354
55440
353
55793
337
55991
334
55339
338
54743
4780
16243
3741
87568
4234
17941
38834
17703
39148
16649
40545
17018
38996
18161
40072
16630
40609
15982
38876
17137
40346
17774
39564
54274
263
56275
257
56411
266
57160
250
19091
40567
17480
40595
53664
259
57656
683
53389
354
55103
348
55697
336
53845
687
54884
327
55122
4621
18400
4044
85266
4322
19057
39418
16967
39968
17486
39611
17438
37956
16712
41482
17212
40757
17530
39633
17656
40944
17411
39944
53668
269
56805
269
57543
251
55880
263
20124
40278
16332
40382
53252
273
54872
362
55602
355
56220
347
55284
342
55057
344
55083
339
53449
4450
18007
5284
85022
4858
18161
41004
17599
39128
17365
40704
16666
40157
17195
40104
17930
40874
17834
39317
16352
40356
17474
39903
52593
271
55219
280
56418
255
55840
254
20264
40313
17877
42911
53417
336
55254
437
56424
466
54918
356
55172
337
56066
330
56790
334
53259
4502
18692
3700
83769
4040
18025
38928
17473
38915
17385
41436
17262
40162
17850
41533
18813
50225
17127
39996
16769
41176
16682
40391
53537
277
55664
252
58424
256
56297
256
21427
42551
16611
41535
52207
275
53786
426
55172
351
56517
356
54598
403
54300
404
53864
342
52925
4501
17275
3912
86528
4134
18305
39071
17704
39392
17004
40938
17513
41049
18900
40920
17254
40469
17797
40583
17828
41217
17627
39469
52245
263
54643
253
55701
249
55531
258
18142
41245
17880
40115
53713
248
58428
344
57685
339
55952
435
56736
306
57242
309
53585
309
54700
5270
20204
2212
87528
4279
17826
38077
18469
38754
16412
41158
16850
38931
17418
40994
18394
41495
16230
38976
17107
40933
18549
39591
55000
264
55833
243
56324
246
57892
246
21345
40535
17761
39758
54901
311
56548
431
54750
434
57061
326
56014
310
54619
309
52999
310
52984
4445
16654
1768
86326
4481
16978
38869
17348
39808
16565
40283
16617
38420
17276
40443
17012
40470
17822
38510
17917
41187
17456
40786
53180
270
56677
251
57510
250
56055
452
19571
39458
18224
40522
54843
262
56050
333
55210
347
57641
328
55277
319
55103
315
54348
305
53166
3874
18653
5945
84289
4174
17117
41333
17516
39127
16647
39088
16920
40324
17464
40706
16871
42056
16790
38802
18556
42480
18377
39866
52917
461
55901
446
57305
249
56145
443
18655
39836
17194
42302
54172
253
55810
515
57677
516
57382
325
55521
669
53597
671
56225
306
53869
6387
18804
3955
86604
4167
18358
39953
17991
38479
18750
38917
16822
40885
17206
41191
18586
41098
18027
40216
15929
41765
16698
42490
54611
263
58285
254
57504
245
57547
240
20913
42722
16668
41156
54438
258
57186
340
56884
335
54890
331
56484
314
56891
309
55099
302
55862
4467
18095
9577
94944
3983
17371
39822
17133
42122
16803
42439
17630
41767
16964
41147
16809
43329
16934
41841
17095
41424
16453
41714
54490
274
55813
253
56890
242
57403
284
16951
40032
17692
42870
56699
254
55374
612
55723
320
59483
327
54711
310
55807
307
55008
303
55455
5251
17798
3798
86765
4108
18660
41198
17951
39126
18240
39404
16102
40997
16248
41629
16920
42200
16830
39259
16789
42741
17472
40810
51824
267
55619
244
57759
247
56196
1678
18445
40527
16059
42074
52311
250
54784
332
55311
331
56385
331
55073
303
56067
304
55501
301
53694
5373
18617
3639
85261
4278
17370
38244
17298
39374
18651
39360
16996
40015
17606
40403
18397
40787
16818
39694
16619
40706
16510
38278
52728
252
56546
253
56747
1008
55924
241
24520
37888
16575
44664
59090
259
54546
332
56829
338
56802
325
54135
309
56858
314
56538
303
53648
4199
18193
3961
86216
4140
18991
40386
18100
38529
17898
40336
18032
40095
17878
41330
17663
39758
16794
41810
16153
42237
17137
40931
52546
463
58699
248
56834
239
56153
439
19746
40869
17738
41189
52977
447
56008
684
55711
676
57371
297
54966
265
54894
633
54646
308
53007
4389
18334
2918
87177
3702
17902
40602
17329
38100
15747
40646
16654
39980
16839
40633
15770
41928
16996
40925
17425
40729
18746
39240
54538
451
55455
439
56065
422
54496
435
20573
40131
17535
40878
53732
446
55061
678
55254
365
55236
670
54737
645
52904
661
54246
343
53091
5324
18200
3666
84919
4524
18717
37984
16274
38092
17074
39506
16412
38766
16231
40570
16679
39700
15935
40397
18813
41372
16195
40272
53435
263
54757
247
57529
245
56185
242
21699
41608
16847
39931
52217
246
54929
328
56455
335
56778
323
56248
312
56152
308
55734
306
54482
4433
16938
3226
85105
4386
17647
40351
16125
38305
16604
39823
16356
40125
17247
40177
17040
39353
17010
38799
16127
39917
16919
39920
53502
273
55790
247
57462
245
55917
250
19108
40902
16786
41106
52273
256
55879
330
55170
331
57061
428
55457
309
53584
309
53929
312
53607
4414
16085
3888
84771
4240
16695
38913
16945
38977
16421
39878
15326
37838
16686
40994
15553
40077
16138
38263
16288
40721
16890
41269
54302
256
55592
248
56881
248
57796
245
19418
38734
17437
40157
55054
256
55893
339
55514
333
56370
326
57299
312
54734
309
56001
311
54213
5058
17273
4034
84175
4275
16052
39198
16982
38119
17147
39788
17693
39906
16344
41509
16772
41039
17500
41271
17434
41137
17141
37494
53614
270
55971
245
58196
252
54091
252
21277
40128
15302
42120
53194
255
57009
334
55089
331
55868
333
54170
315
53944
310
57435
308
53313
12786
18449
4888
84372
3681
17903
39220
17392
38822
18519
39981
18980
40146
17587
40705
17333
39427
18293
40209
16836
41064
17596
38600
51852
455
55960
440
56327
253
54930
440
18242
41392
17168
41977
52021
447
53599
674
55655
671
56744
657
52984
645
54366
644
53793
645
51679
4754
17160
5287
81198
3802
19760
37862
17160
37206
17132
40267
16738
37156
17569
38527
15113
41236
16898
40087
17393
39460
16935
38308
52117
440
53825
421
55052
421
55433
420
18827
43370
17607
39379
54378
448
55119
394
54147
676
54138
658
54345
368
53326
665
53212
649
51027
5314
18457
3202
82197
3572
17132
40056
19787
39232
19089
39259
16029
38679
17173
63598
16373
97075
23911
38958
17415
51265
15913
39250
89177
272
53230
256
56982
245
54592
256
19870
41929
15301
39423
53079
257
52045
339
55008
326
53707
331
53504
320
58703
315
56129
310
53076
3979
16710
3522
84540
3630
18874
44205
15553
38341
17703
41351
16509
41018
15709
51043
15693
40066
16205
38862
16938
40467
15517
48380
61364
270
55720
254
56093
246
57442
250
20185
38967
16885
95054
58995
258
52904
339
54964
331
55670
333
52905
313
52678
311
67863
310
52834
5078
16612
3401
83587
4197
17524
92858
23724
39312
16342
51204
15758
39350
17047
76543
15781
40728
16728
38455
19564
47173
18533
44827
55064
269
58428
252
57452
243
57919
246
22367
43026
18469
94352
100584
254
65592
364
78412
753
81798
679
80045
650
77256
646
79528
745
74255
5440
18522
5801
122012
7443
29149
50887
20202
57417
19316
60790
19382
58422
20085
72386
21419
52581
29369
49866
19864
57587
20614
58906
64719
265
95972
259
86298
243
81423
242
22574
52374
27546
60577
75420
248
78812
683
78319
673
74984
659
60141
658
83436
646
81876
679
104339
4425
19377
6829
189943
7341
28967
58377
27943
43969
20101
63576
21820
97176
16929
83934
15724
47788
17379
90215
15771
71786
27598
57684
76038
451
114451
434
63408
445
122166
428
33676
66234
26949
98819
107472
441
76854
663
84952
673
102888
657
107965
650
68130
661
62952
650
112440
4636
20470
4535
151100
4251
17380
42449
18163
40745
18091
41606
18360
39826
16217
45986
17526
43858
16835
40561
17293
42842
16611
41937
54127
475
78699
441
108197
247
56948
245
19609
41286
16779
51739
67651
258
56838
341
56743
439
56174
425
58113
312
57590
309
59692
301
56509
4606
17956
3613
90475
4878
20430
44702
16084
40701
17144
43910
19027
41864
18461
41598
18792
41757
17912
41408
19802
42935
18367
40937
55452
266
59163
249
59770
255
61457
255
21837
44175
19867
43997
54668
1372
56896
1646
56907
340
62222
334
59080
312
56320
310
57484
806
57446
5427
18785
3934
88154
4116
19972
40675
18964
40255
18806
41375
17696
40892
19884
42291
17574
44676
17534
42572
18399
42562
16700
42865
57581
297
62379
256
60060
254
60093
244
23067
44713
18971
43941
62517
273
60426
453
59264
348
61368
334
58436
597
58533
305
61685
316
58328
5892
19043
3757
92201
5426
18397
39964
18488
40895
19456
41072
19612
40221
17292
41830
17591
43455
20604
41180
20830
42474
20672
39966
58135
275
62999
251
60415
884
58335
244
24290
43753
18361
44892
56539
248
57143
338
60514
330
59722
326
57969
307
58750
303
58812
311
57886
4597
19734
3787
90587
5117
20024
43320
19439
41379
18671
41102
20341
40731
18369
42680
18172
43741
18840
39785
19598
42411
18376
41408
55965
261
58431
250
60425
244
59613
243
21455
42458
17235
43112
56253
261
59192
336
58666
337
59700
329
58575
302
57147
312
57681
305
57304
5558
19640
4124
86848
4133
19049
41194
19658
42144
20673
40338
19957
38591
19628
42562
19906
42357
20208
39319
19860
41163
20635
41982
56008
261
58314
254
59093
249
59936
1540
22135
41829
19018
40793
57360
1429
57990
334
57924
328
56829
1701
56739
1456
59186
317
58530
313
56602
5755
21111
3983
88885
4715
18079
39357
19360
38453
18785
41893
19393
41832
18123
39195
19146
40541
17343
39868
18986
40709
16763
40646
54891
262
58806
245
59060
242
56486
246
22558
41691
16477
41598
53156
254
54048
337
58494
334
56596
330
56167
308
56584
315
57750
398
54723
4695
17669
3191
88953
4338
18960
42073
18100
38212
19005
39917
18771
41514
18266
41559
18408
40189
17185
38588
18128
42278
19445
40601
51408
267
55819
252
57173
245
55280
256
20153
41350
18819
43075
53270
253
54262
331
54686
334
55849
332
54333
310
55180
309
53788
310
53962
4874
18006
3629
86426
4328
17341
41818
17232
38637
17436
42432
16710
39970
16518
40378
18641
41894
17083
39442
16703
40303
17809
39755
53174
260
57762
248
55370
259
55926
245
20250
42758
16629
40576
52180
255
57353
339
59284
346
55871
334
57243
309
57682
307
57710
316
55014
4716
18892
4164
87327
4685
18501
39602
16907
41686
18497
41675
18150
41724
18039
41045
19110
41826
18785
39933
18840
41871
17844
40092
53517
274
58635
258
57858
252
58561
246
20827
42635
18133
42730
54772
251
55634
336
56646
337
57652
329
56322
309
56441
315
56843
307
54949
4412
17724
3916
86221
5329
19254
41906
18903
40365
18040
40718
17419
42160
18687
43676
17995
40891
17387
40638
18913
42934
18408
42395
53379
267
57024
250
58705
244
57364
250
20601
41048
17863
41144
54971
251
57686
337
58374
331
58020
330
58298
308
55928
309
56091
315
55284
5465
18934
3795
85234
4070
19697
40425
18154
38499
18584
40760
16423
39428
17074
42366
18401
42720
18055
39173
17657
40683
18093
41805
53362
259
56835
250
57018
243
58253
249
21912
42547
17788
41536
54750
252
56710
348
56041
342
56055
1531
54856
312
56327
310
55807
311
56356
5239
18732
3960
88010
4943
18503
38707
17403
38561
17974
41189
17612
40951
16478
42700
18212
42625
18265
40005
17078
41079
18363
39543
52823
269
56923
255
59296
254
58816
255
21799
44175
17410
41293
54384
253
57628
341
55883
333
57412
339
56733
311
57057
311
56772
317
57450
4717
16819
4998
85742
4926
17926
41063
19036
39884
17667
41774
18265
41273
18185
42465
17653
40573
18133
40322
18525
41251
18293
40755
53756
269
56474
250
59238
240
58353
1222
20160
41193
18248
43454
53066
260
59393
327
57480
335
58404
327
58256
313
57032
309
55172
307
57263
5864
19017
3955
89881
4373
18606
41535
18231
39025
18195
39603
18139
41985
18583
42361
17854
41376
18594
38840
17526
42895
18126
42935
54567
272
55828
250
57202
242
59635
251
22029
41645
16713
42234
54653
251
56578
367
55313
329
55805
329
57446
311
55847
327
57345
305
56397
5056
19062
4439
89470
4817
17592
40328
16680
40984
18821
41381
19378
40097
18238
42218
17852
43725
17943
38863
18970
40857
16787
43688
55072
266
57824
248
59073
248
55749
246
21651
41967
18703
41118
53334
254
56823
342
56515
336
57769
334
55888
312
55721
313
55961
307
57404
4393
17548
3889
87291
4804
19600
39505
17639
39759
17352
40331
16741
40526
19067
42244
17419
41202
17841
39887
18349
41293
19151
41306
55137
263
57957
253
57795
240
58761
578
19953
41837
17413
40603
54029
257
56046
335
56076
330
56427
330
55882
322
55915
310
54435
314
57025
5308
17360
5234
86489
4267
19021
39344
18655
39718
18700
41241
16575
40678
18932
41256
20633
42400
19153
41177
19031
42424
20167
41217
56132
451
59232
259
58711
296
58151
1432
21836
42855
17578
44168
55572
440
56566
682
57411
654
56431
678
55297
644
56578
644
56782
642
54141
5435
18250
5248
84087
4926
17801
38597
18242
39285
19833
40656
17629
42669
17640
43835
16968
42321
19471
40838
18127
42868
17672
41874
55859
441
59189
262
59350
288
56087
443
21611
43319
19194
42208
56963
447
57448
382
58783
684
58297
671
58956
645
56972
666
57957
645
56210
4024
18472
4300
89421
4951
19670
40238
18720
39783
17674
43233
19071
40911
18483
41927
17229
41024
16845
41077
18262
42926
19668
40628
56349
448
58406
262
61328
440
58908
421
20954
42054
18508
43925
57200
440
57787
680
57074
682
59590
670
59110
648
57910
657
58782
644
56283
5399
17998
4864
88682
3500
19627
42560
17837
42631
18638
41002
19213
39857
18382
43801
19477
44119
19011
41660
18355
42233
19193
42087
55518
260
59675
251
58226
243
59491
247
20860
43575
18314
42066
55277
254
58732
338
59194
443
57713
609
57290
307
58559
307
58687
307
54383
5285
20400
5198
90548
5439
18694
40684
18210
41235
18900
41151
19002
43062
18079
41721
17774
41656
19451
39753
18612
41719
17893
40461
54039
262
58343
250
59823
242
56880
246
22063
42048
16690
43258
54570
252
56202
335
57895
324
58937
330
56393
783
55265
311
58846
308
55391
4644
17765
3495
90168
4789
17707
42679
18252
41322
17235
41688
17959
40715
17939
41548
16872
42477
16994
39425
17745
42414
19902
40988
53899
461
58327
447
59994
450
57675
241
21127
40668
18312
41543
56023
421
58165
304
56335
303
58709
646
56682
641
56813
279
55978
504
55846
5327
19876
4914
88516
4553
19488
40733
20358
38724
19918
41969
19351
39580
17752
41417
20626
40757
18858
40467
18470
41681
19649
41329
54066
430
59966
217
58863
416
59123
227
22438
40570
16468
41904
55636
253
56449
344
57606
338
58598
337
58417
311
57289
311
59166
308
57272
5786
19189
4201
88371
4868
19348
40043
19588
40730
18531
41236
18923
42270
20409
40983
17810
44410
19775
40299
19793
40077
18487
41757
57023
261
58869
255
59364
249
58767
247
22049
44935
18556
43321
55275
259
57283
335
59860
334
59884
331
58550
411
56942
309
59249
304
56915
5302
17565
5265
89590
5076
18913
43007
18495
41323
18469
41100
19693
41598
17018
44510
17907
42669
18782
39456
20623
42075
17390
42513
54098
264
57986
255
61173
251
60194
248
19839
42993
17726
41734
56263
255
57973
344
55933
332
58887
334
57417
315
57184
313
56559
314
56936
5290
18690
5211
90749
3656
19635
41101
19332
40910
18789
41418
18409
40071
17773
41492
19031
42596
17939
40758
17928
41803
18597
40515
55351
361
61605
251
58457
253
59032
252
21574
45047
18450
42483
55452
254
57364
340
57841
329
57491
336
56728
315
58187
313
59206
311
55242
5208
18153
5086
88650
4943
18259
39614
16950
40552
18973
41335
18061
42065
17582
49707
21333
51975
20444
43184
18279
42367
17726
43823
56534
269
58953
248
65750
265
59517
248
25367
44012
17554
44806
56588
250
59583
358
60634
332
61763
334
59800
317
57709
315
63870
318
61423
4566
20706
3992
90459
4731
20714
40709
19784
42083
20644
45409
17740
42388
17804
42729
17308
45316
16491
42776
17736
48032
19034
43021
56837
260
60239
222
62333
235
59429
237
24579
42766
18937
44722
58344
222
58930
342
58859
330
59640
312
63083
274
58019
306
57891
301
57547
5417
18560
3883
97300
7395
26848
50137
25862
49276
25733
50649
25368
99984
27485
51933
26753
51480
26900
50605
30591
55702
26193
52334
73145
282
121903
463
65272
245
77117
251
33259
104185
28640
55406
116160
266
98470
352
91442
336
125140
331
107546
312
81278
318
122028
314
104600
4539
18432
5795
134160
7326
28832
62374
27932
55234
28036
53985
26233
45553
17294
44122
17049
41819
17946
41041
17282
44749
17952
42839
54190
452
56816
245
59098
230
56266
224
21051
42380
17438
42131
53555
447
56758
666
55726
652
56209
648
57083
638
55069
660
55226
663
54298
4508
17377
3940
87394
4237
16906
40546
17598
39047
17233
40405
18610
40210
17425
42354
17830
41039
18171
40657
18105
42538
17138
42636
54803
247
57026
231
58231
227
78176
227
34689
100883
28938
47179
101403
267
126589
455
127523
342
92656
344
127123
313
125868
317
71400
310
124387
8988
29604
6758
153200
8449
30119
99097
28917
97875
28940
104768
28650
102279
28369
105491
28836
46458
28686
100647
29234
105481
28265
104025
123355
279
126608
253
130338
258
131507
251
34113
104719
28835
104647
122344
282
126994
373
127239
356
126642
359
126444
340
126731
346
125426
341
123796
8939
29550
6947
184243
9185
30105
100145
29205
99991
29224
103262
28478
102230
28871
103881
28829
101586
31272
101113
29374
102903
30222
103981
122226
585
129550
251
128823
250
127453
256
34726
106614
28144
105205
120451
267
127952
351
126343
356
129168
670
126709
350
124603
337
127746
326
125379
8722
30682
8536
154178
10579
30301
100098
29167
99809
30966
100849
29066
103039
29254
107402
28151
100099
29985
100453
31274
104183
29492
48739
122389
274
127489
259
126978
252
129718
244
34532
105672
29109
48605
124638
264
126603
354
129873
346
82240
340
58184
638
57201
406
59615
328
57532
4534
20585
5029
91313
3884
18578
38149
17930
40303
17562
40253
17107
40205
18106
40801
17276
40683
16614
39315
17363
40151
16864
39391
53523
245
55938
227
56120
227
56404
427
17183
39628
15598
41532
54849
237
55356
321
55273
313
56128
313
54846
289
54938
293
54317
289
54163
4731
17646
3594
84329
4111
16585
39962
17247
38777
17112
40224
16679
39840
16850
40958
16495
41061
17037
40116
16582
41097
16080
40321
53199
229
56158
217
57008
246
56498
248
17824
41097
16301
42937
53145
256
56310
335
56476
337
56518
330
55471
316
54520
311
55089
309
54974
4475
18246
3273
87945
4141
17738
40426
17390
40402
16910
42025
16872
39962
19083
44961
16586
40787
17107
42231
16719
40893
17219
38886
54595
456
58245
256
56716
244
55309
245
18448
41747
17668
41333
54257
259
54888
683
57912
679
55684
327
54518
673
55678
671
56733
675
54918
4157
16306
3818
89631
5013
16940
40044
16744
39229
16028
41257
16342
38476
17747
41935
16720
41187
17358
41893
17386
41364
17549
40545
53321
268
53994
248
55402
250
56739
250
18553
41854
18111
42026
53444
268
55360
344
53206
349
53758
336
56839
317
53449
311
59057
487
63383
4707
19231
4249
93224
4210
17793
41652
17591
43431
17534
41396
17553
41228
17476
43000
16822
40994
16094
46100
18110
42526
16268
40378
54549
445
57416
447
55122
439
60778
434
18975
41822
16649
44059
83651
1334
78971
683
79810
676
78083
689
67011
1268
89234
669
79339
653
74074
5112
22376
6320
113060
4031
25366
64635
19179
63227
18599
70162
19112
50572
20910
60823
19472
59423
18322
61703
19978
64517
18243
68036
107154
265
64985
261
126056
239
85392
272
20780
72256
18765
45504
86244
259
71052
350
90601
356
71499
356
88645
333
70390
325
87629
323
75244
4900
26692
5090
125972
5438
26000
49305
21629
65744
27711
57146
28168
52836
28344
53904
28171
53314
27148
51806
27545
52884
27330
51960
69855
271
82147
253
79110
248
122498
322
20451
88176
26820
102190
105088
262
79496
347
79868
334
79012
338
79523
313
78730
328
84643
310
73496
3951
19687
4098
129287
4945
18467
72068
28187
42055
20363
41149
18195
76562
18685
66247
18394
62903
17908
70009
27325
94204
18779
82443
83935
278
81968
262
112846
248
116894
251
33944
62443
19557
68649
78272
256
80215
344
76053
455
102760
338
114914
317
109042
933
71204
313
75785
3726
21096
6156
129664
7347
29195
55554
27071
44494
20764
64056
27680
50984
28299
57371
28382
53454
28147
50265
28702
52207
28829
43301
64615
272
89422
256
82664
252
75871
267
21872
51077
29130
51540
85468
266
82322
492
78745
333
77865
336
69724
315
104743
329
61736
310
103176
4389
20425
5962
175700
4189
18578
49078
27309
65950
18897
95598
21626
91320
18354
73083
20438
63826
19900
61153
20288
69500
28107
47961
78042
265
82987
252
77381
249
79192
249
33995
56684
27511
45312
76115
250
81603
340
76045
342
78526
329
83658
318
80781
315
79606
307
74920
8047
28176
6421
112430
7292
28797
57006
28435
45038
19405
65568
27668
54948
27161
46648
19308
50518
27150
65265
27712
48912
19109
64465
77610
259
75664
249
81514
244
83302
253
33720
45301
19932
63540
76630
249
74824
332
103989
336
113528
326
93819
316
83906
310
84362
317
76563
4372
19600
6073
130287
7224
29005
46394
16296
57976
20020
68616
28137
48361
19800
66266
27774
55894
27359
44017
19434
66216
27726
54071
75131
267
80027
244
81414
243
79832
244
33360
52805
27216
53057
66764
249
75903
334
104558
323
108484
324
104046
311
105834
308
107971
311
99129
4408
21380
6201
186150
4175
19488
84134
28045
63468
28019
47751
19609
63979
28112
56787
27520
45081
19320
54569
19970
68950
27581
47089
78288
264
83648
255
81579
241
95648
247
23352
49970
27302
43013
75224
250
81664
337
81421
341
80370
327
79474
309
74045
309
78924
309
82811
7889
28628
6424
110172
7341
29026
47300
19484
57765
20014
68104
27056
49389
28143
52320
19347
66388
27596
54072
27907
45683
19998
64524
76644
266
79883
252
80707
243
80532
249
34037
43191
18388
93694
100088
251
95594
338
77353
325
90637
333
77941
308
78497
312
83158
305
75926
4467
20759
6289
130093
7450
28728
44669
19008
64922
27797
57866
28089
44244
19402
64820
27875
56094
27787
43527
19633
56144
17307
58504
82466
263
85209
250
78113
242
103997
252
19864
93469
17741
82649
76761
253
81433
348
84005
331
76675
331
63475
665
110906
317
106743
326
98845
4547
20640
6223
142136
4089
19383
90076
19738
91745
17018
93400
18595
93972
18807
93866
28128
55360
19595
65597
28020
57869
27885
44671
76190
269
84317
246
76381
244
79906
243
34211
55533
27658
45668
75982
255
82727
339
78168
333
82767
325
80238
312
79253
305
79173
305
78041
8035
28504
6307
132381
4377
20471
40530
17855
90747
18394
100278
25997
48719
28109
62824
20053
61003
20042
61614
18214
93102
18110
100692
115026
265
114888
247
97767
245
84600
245
33567
45224
20193
64864
76208
253
79373
334
80311
332
119125
328
106534
311
107283
310
109326
307
100516
4269
19896
6797
149356
4263
19612
89726
17051
81696
18599
90619
15793
97871
19091
94695
18216
94683
16941
90105
16775
93360
18972
94098
97332
460
108490
246
110872
243
108130
248
21420
96782
20195
102077
115603
254
113464
335
120247
331
107820
325
109807
309
104652
308
107442
664
97485
7885
28601
6277
119419
4108
20692
68146
27948
56949
26727
48912
26305
94474
17498
95756
18655
96925
18444
48401
27082
49393
27524
48940
116408
272
94474
258
83019
246
80987
243
20385
94308
19112
97378
91658
260
84134
336
107730
334
115809
329
73892
309
73806
306
121004
309
104274
4120
20333
6376
187555
4388
18762
89697
18740
79335
20051
76073
28109
58384
28026
46542
19476
64051
27718
55098
27895
46309
19717
63301
76362
263
80165
255
81948
245
95581
253
23526
102381
25749
96128
111459
248
119240
335
114006
330
100186
330
85754
311
81912
309
79122
311
78920
7762
28748
5157
115496
7361
29337
53035
28350
51958
28713
52488
28169
51122
28260
53488
27392
51968
27572
51027
28002
53398
27363
50244
74374
261
74618
248
79669
242
83653
244
33662
53466
27467
53097
73478
249
78272
332
79680
320
80467
330
75795
309
81383
305
75147
306
79284
7999
28362
6097
119056
7288
28659
45118
19644
63902
27627
48848
19806
63665
27928
57254
27650
45627
19382
63022
27758
57438
27845
44520
73340
261
108946
245
116263
243
124109
242
20905
92514
17665
81249
81357
261
82210
337
75235
325
80901
326
83057
311
75007
305
78638
309
83015
7783
28561
6532
105619
4300
19363
90505
18107
94288
18937
49312
26815
93319
18558
95802
17655
93725
18620
85155
19981
56266
27896
52055
73419
269
75550
249
79504
254
83567
250
33931
45248
17079
55965
106281
259
110122
334
95462
332
90864
335
82518
325
78913
318
78945
314
76142
7893
28346
5709
119567
7317
29123
44919
19951
62734
28521
48148
19725
55851
19875
62878
18015
93481
17080
97881
26015
95761
19988
93749
85793
269
109380
248
110178
249
100471
252
33878
56417
19631
68237
77007
259
79265
340
80548
334
80030
336
78327
312
76223
313
81522
320
79129
7840
28405
2555
117279
7685
28349
53526
27627
53898
27896
44605
16726
91935
17296
42010
16697
93985
17311
89421
19339
75481
27635
50196
78902
262
82676
254
75677
250
111287
248
18257
50394
26551
50257
113733
253
104735
341
108817
334
111662
335
73198
315
117193
316
106757
313
108856
7772
18276
5316
131078
4206
20682
70348
28402
57507
27801
55300
28393
51998
28489
52603
27448
52744
27551
51315
27438
53602
27352
52154
68731
273
108742
254
62950
252
118366
248
21642
83081
19088
93441
107351
250
107702
339
108092
334
97363
332
98398
316
71006
310
56654
320
55936
4264
17830
3351
89499
4245
18700
39899
16264
40313
16638
42180
16723
40525
17155
41021
16850
42494
16526
41206
17058
40989
17536
39570
54816
446
54612
365
55989
441
56519
433
18495
42805
16293
40673
53009
433
55335
664
55364
654
55229
653
56508
642
53903
643
54305
659
53864
4628
17012
3696
86934
4565
19066
38016
17411
39835
17645
39649
17700
38945
18485
41455
16345
43220
16670
41039
16874
40333
17903
40513
54685
444
57126
421
56849
419
56033
416
18957
40441
17475
39622
54442
439
53560
667
55675
654
56102
653
56026
643
54093
666
54136
646
53625
4653
16187
4054
82764
4809
17091
38743
17459
37414
17047
38109
18277
38377
16508
40173
16178
41465
17088
39643
17763
41339
16715
40830
53769
443
57062
437
57755
439
56804
446
20173
42672
17295
43189
55343
430
56567
677
55153
682
57247
653
56328
643
55288
647
56821
643
53243
4237
17507
3686
87265
4008
17743
39552
17304
41180
17329
40898
16054
40627
16173
40378
15941
41770
17290
39403
16652
41984
17069
41212
53475
448
54879
437
56960
442
56871
425
19014
40553
16601
42806
53984
433
55597
486
55141
682
56507
660
56678
642
55233
645
55020
636
53997
5293
18224
3586
86974
4118
18287
39284
17233
39938
17562
41794
16248
41723
16781
41066
17543
41211
17782
39428
16821
41146
16586
41403
53980
456
57359
445
57859
265
56972
455
19554
39781
16818
43618
53941
872
54896
549
55583
676
54538
660
55239
650
55668
669
54941
646
53463
4648
18835
3125
87050
4119
18174
39643
17807
39267
17756
40383
16588
41856
16439
41471
17569
40748
16370
41199
17261
40463
17582
39820
53666
449
55970
441
56718
423
57172
534
19354
42822
17383
41860
53444
444
54573
681
57793
670
57198
661
55335
644
55486
659
54138
483
53704
4646
17264
4562
86676
4172
18480
39527
17774
39122
16415
41085
17436
39920
16490
40884
17420
40934
16106
40588
17583
41252
17657
39344
52640
293
55617
443
56594
423
56474
275
19847
41974
17190
41455
52916
435
55663
667
54870
659
54846
647
60059
638
70286
652
55846
644
53664
4564
16810
3783
87037
4220
18714
38186
18268
38393
16576
41600
16258
39006
17538
40314
16938
41316
16514
39983
17334
41510
16911
39949
55263
443
55187
439
56539
427
57192
421
19268
42043
17337
42770
53300
446
54532
686
55825
674
55393
669
55734
650
55360
666
54897
559
54958
4535
16519
4137
89127
4916
17391
40390
15964
39732
16422
42418
16787
40916
17943
41058
18621
39862
15997
40526
16690
40759
17955
40795
53454
446
56348
424
55837
420
55574
436
18372
40981
16591
41428
52292
463
55520
680
54568
793
55954
659
56471
638
55372
645
55257
520
53155
4411
16822
4547
86800
4173
18043
37923
17465
40259
17753
41637
17576
38644
17486
41508
16455
42106
16239
41323
16779
39905
16335
42243
54185
439
56077
439
55962
434
55942
477
19400
41307
17846
39751
51497
450
53212
666
52877
699
53711
663
53046
644
52879
794
54597
647
50922
4682
18070
3612
82095
3603
17393
38255
16183
37929
16556
40339
16237
40589
17307
40740
16158
39751
16449
40147
15041
40960
15605
39512
52830
265
55140
246
54328
242
53728
243
19934
41035
15376
40610
50242
258
52169
330
53385
328
53635
329
53739
313
52472
305
55013
303
52394
4275
17500
5410
83983
4232
15669
39110
15657
40914
15623
39124
18278
38642
15458
41491
15766
42926
16889
40445
16670
42167
17344
40335
53477
264
57346
248
58756
249
58405
242
19376
41941
17710
40793
54268
246
55488
329
56814
327
56505
329
56183
323
54884
315
54594
309
53263
4588
16579
4584
85236
3701
17080
39626
17096
40241
18586
40838
16113
42077
17536
40104
17517
41766
17979
40582
17021
42133
17431
40465
54459
265
55995
248
55745
245
55917
246
19992
42350
17816
42063
55018
252
55379
342
56075
321
58406
338
54769
552
57185
309
56486
306
55475
4592
17529
4254
89282
5237
16439
41789
16958
40255
17617
40447
16706
41386
16636
41188
17306
41052
16654
40450
16188
41638
16888
39685
52861
267
55862
245
56653
243
55786
246
19041
41243
16614
41771
53512
255
54604
333
55712
327
54822
333
54515
311
54273
309
55103
305
54408
4633
15773
3996
86071
4314
17351
40332
17683
39613
16747
41386
16886
38210
16957
41794
18184
42645
16551
40790
17725
42242
17397
39734
54207
260
57299
247
57284
244
57515
248
19968
40476
17177
40891
53520
251
55911
329
56792
330
55759
329
56987
303
56151
306
55465
305
54090
4560
17398
4058
87153
3619
18671
40538
17090
39710
16948
41852
17414
40938
17715
41340
18535
42449
17330
42267
17887
42416
17329
40443
55143
455
56730
239
56721
447
55688
400
21043
42515
17458
44287
54835
248
55181
336
58852
326
57334
324
55665
498
56509
304
57144
308
53856
4471
18013
3611
88439
3074
22236
60437
19951
42785
18597
42066
15637
40940
15799
44375
18336
42437
16071
42046
18035
43942
15975
43227
55634
255
56996
228
59595
560
58760
217
21054
44195
17948
42369
56173
236
57178
407
59309
305
57508
305
58474
281
56333
486
55807
289
55648
4581
19534
4152
89780
4033
18585
39883
17175
41599
16786
43636
17983
40520
20677
73350
21072
44036
17449
39893
18247
42942
16313
45816
57601
251
58443
259
57429
218
57796
215
19152
41837
16844
44336
54161
288
56404
324
56600
312
55929
380
55813
293
97866
292
75186
366
54432
4514
17183
3269
86740
4197
16835
86845
23221
41049
15162
41646
17284
40088
17726
42075
19965
41715
17457
42403
18213
42028
17157
41021
51626
304
60464
445
59534
450
56263
439
19578
40376
17924
43573
52904
676
93985
718
55159
677
55967
656
54093
662
52529
668
59376
645
66268
5096
16324
3873
90161
4218
19595
40180
17406
41519
23551
57557
17285
41273
18321
41743
19384
43308
18475
43006
19849
46787
18763
41785
55713
268
59451
253
60722
239
62854
253
35471
69469
18648
43322
56320
253
58241
342
62411
338
59291
332
58403
311
59226
316
58495
305
55279
4662
19553
5035
88983
3643
20155
41413
18016
40849
18524
40071
17773
44952
17237
43068
17123
41984
17175
41579
17693
40716
16984
41402
60251
452
57004
426
57820
227
58096
443
19726
42276
16731
41009
57451
449
56050
685
54599
664
56014
661
57637
665
63086
656
96115
646
53504
4040
18124
5041
87224
4598
17271
45327
15734
40408
18031
40372
16443
42486
17713
42911
16846
41670
19871
44730
17512
42747
17450
41482
53405
497
55418
460
58229
357
61929
247
21285
43156
18539
42022
56520
324
56577
446
57984
441
57884
427
57854
407
55502
313
55421
308
55929
4204
17537
5828
91678
4150
16609
39334
16276
39677
15560
40120
15443
38487
18263
44943
16037
41764
16772
69953
16022
42460
16220
40979
57490
279
63951
263
69240
249
55710
256
18888
40908
17277
53965
62562
265
68421
344
54876
336
56332
335
66789
308
62100
1875
68233
308
53566
4697
18200
4124
85771
4031
18330
41652
16798
96216
19095
42702
16666
39687
19108
103040
25050
40713
17481
39676
17849
40393
18714
42072
52288
266
55982
258
58530
258
61713
252
31760
40671
16505
40635
54387
257
65802
350
57111
337
55475
337
55613
316
70943
316
55148
311
53101
4651
18621
3878
84253
4253
17126
38762
17182
38652
17442
51452
16031
37515
17738
40786
16613
40331
15873
52383
17826
38929
17524
39821
52483
453
70239
447
55953
421
55642
416
19539
39983
16455
41842
52685
429
55202
680
58172
680
53724
674
54485
652
56379
650
53697
662
53464
4158
18627
4135
86542
4173
17577
41336
17363
40532
17119
39734
16185
38987
15354
40601
18518
100884
25169
40277
16390
41985
16658
38838
65487
442
54739
258
56408
445
57161
443
18491
53372
17608
40978
54169
436
53994
452
54772
673
60831
664
55481
644
56738
645
53539
643
53678
4206
19443
3875
98835
4287
17002
38975
18393
39910
17501
39071
16342
52822
17145
39828
17430
40043
18037
40801
16130
51663
17816
39909
52744
450
56949
420
66036
421
57083
419
18209
40544
18432
39751
65908
444
55349
368
54877
673
55119
678
71845
645
54620
645
54499
638
55180
4258
17004
4035
86147
4500
17480
38370
18250
42008
17806
48310
24318
40958
16037
41355
17225
42948
15794
41997
16773
40609
16736
40001
55341
446
57625
437
57682
425
57922
440
20260
42018
15733
43569
53074
434
56783
671
57024
664
56380
659
57665
649
53718
663
55204
778
54392
4270
17619
4125
86527
4249
15991
39113
17756
39607
15613
41351
17138
39596
18622
41332
18595
42203
18152
40723
17971
40556
15635
39649
55224
457
57145
420
57090
456
53895
440
19753
41395
16463
40630
52556
445
56111
658
56676
657
56596
652
55521
649
56429
640
54935
636
52718
4782
17149
3120
87135
4084
18857
39678
18059
40133
16398
40094
17815
39482
16969
40799
16327
41216
17738
40182
16998
39854
16665
41369
54133
451
56572
420
57234
419
57168
437
20066
41738
16809
41076
54014
444
57518
373
55924
677
57530
658
57363
662
56551
647
55312
646
53961
4426
17876
3870
87193
4172
18681
39279
17735
41103
18315
40876
18590
39634
15705
40753
17108
42798
17797
40035
17864
40649
18646
40544
55438
447
56122
444
58214
424
58710
420
20080
41931
18607
42431
54928
441
57656
387
57049
672
54238
653
56363
644
54330
659
54744
649
53780
4366
17419
4334
89237
4402
19154
40561
18071
39094
17674
41311
17677
39263
18551
40532
17651
43229
17634
40039
18108
41443
16950
39877
54181
455
57285
424
56091
439
57344
420
19041
41906
16661
41860
53329
448
56663
673
56069
678
55281
1546
55875
660
55161
1954
54685
777
54992
5195
19704
3341
88687
4503
16812
39583
17210
39075
16843
40200
16915
38071
17747
39354
16304
42535
15805
38978
16574
39599
15614
41826
51788
259
53853
255
55629
244
54987
242
18308
39006
15615
41388
53109
240
54071
692
55915
294
54950
300
54531
279
53249
282
53886
279
52931
3945
17602
2995
87938
3789
16828
40512
15840
39904
16519
41119
16415
41945
16121
42298
15862
41292
16038
38975
17708
42695
16225
40547
52762
259
55308
251
56174
249
54813
242
17683
43078
17051
42180
53417
254
57265
368
56558
328
57388
335
56021
307
55916
313
55618
310
52829
4634
19365
3484
87032
4252
18149
39666
17575
40197
18084
41024
16906
40573
17244
41688
17150
40672
16375
40811
17411
39860
17272
39984
53430
262
56626
245
56428
252
56666
245
18997
43041
16817
40993
53383
252
55331
328
57366
327
55804
650
55192
310
57280
311
55116
308
53938
4534
17657
3773
84360
3949
17556
39592
16097
40006
16858
41478
16612
40106
17058
40445
16551
42495
16609
40241
17507
41406
16954
39918
53305
262
56789
246
56856
250
56202
246
18987
42314
17196
40956
53974
254
56017
329
56658
335
56148
329
56997
309
57153
307
55903
309
55979
4551
16727
3629
88567
4346
18109
38832
18015
39454
16776
42096
16653
38934
19023
41183
17379
42307
17153
40298
17370
40366
17876
39730
53842
258
56368
247
58094
244
58271
252
19218
42092
17344
40727
53715
257
56011
335
55604
324
56298
331
55696
311
56420
309
55800
308
54406
4445
18214
4779
88782
4223
17653
39198
17105
41380
17602
41221
17391
39233
16443
40571
17313
41963
16343
40308
16919
40489
17544
40000
52765
261
55458
251
55967
251
56841
245
19777
41020
17161
40874
52938
252
57418
334
56649
342
58476
336
58775
316
56536
310
55425
403
54678
4338
18097
3655
87058
4066
18135
39714
17221
40824
17211
40318
17926
38444
17342
41122
16155
43526
18171
41206
19305
41169
17123
42208
55434
461
56746
447
58675
447
59072
448
19612
42981
17118
42684
55611
253
55878
335
56213
337
55702
335
55469
312
54304
314
53736
306
53233
4372
16647
4090
87960
3932
16750
38932
16321
40317
16416
40150
16292
40023
15025
43866
16293
41025
15888
39800
17409
41778
16524
41277
52066
265
54996
253
55729
245
56515
244
18089
41979
16084
42605
53791
255
55562
340
56268
329
56072
333
54990
1706
53010
308
55274
311
53514
4970
16253
3881
87081
4652
16714
41543
16716
38918
17168
42256
17460
40107
16303
43031
15962
40589
16197
39383
15902
42030
16590
40880
53081
1289
55018
1464
54882
241
54915
241
19592
40577
15739
42518
52516
246
54010
1520
54143
1624
53564
328
54561
315
54708
308
54492
305
52864
4743
16666
3437
86202
4428
16687
39797
17748
38715
16156
41709
16392
38266
16279
40578
15530
41641
16135
41174
16139
40741
17563
41036
52665
264
56065
243
55444
244
56177
247
18812
42007
16636
43488
54016
252
55760
331
56084
333
55086
332
55889
307
53314
308
54680
301
54289
4627
16724
3519
89867
4118
17893
40281
15918
42137
16790
40066
16084
40831
17430
42093
16722
42413
16295
40093
15808
41302
16233
41625
52190
264
56224
247
55586
243
56422
240
19021
41178
17330
41150
52879
247
54449
325
54564
340
54520
327
54835
314
54629
313
55247
305
54414
4523
15519
4326
88623
4154
16004
41472
16658
39423
16724
40442
16607
40636
16393
42403
15953
41404
16283
39429
15819
41792
16343
40836
51765
262
56003
243
55346
243
55924
246
18297
41691
16520
42253
52401
259
56540
329
54005
324
55998
329
54723
310
55287
315
54896
305
52559
4501
14898
3629
89676
4329
15428
42037
15908
40341
16736
41508
16735
39152
16493
41226
16802
42502
16538
41828
16263
42152
16155
40629
52990
271
57017
252
55676
242
56286
248
20329
43457
15734
41570
52267
255
55559
327
53681
330
55434
325
53975
309
57695
312
54049
307
53725
4589
16111
3781
88017
4631
15547
39469
16286
40403
17063
40292
17552
40448
15255
42082
16095
42353
16473
40183
15916
42255
15922
41480
52303
268
55148
246
55869
242
56187
245
18479
42697
17146
42351
55159
246
56915
329
55420
339
57491
335
56626
306
55949
321
56221
312
54726
5345
17747
3016
90485
3862
17365
40044
16022
42105
17129
41140
16771
40294
16917
41416
17065
43051
16238
40594
16872
41619
16194
42743
51398
260
59506
252
55356
242
56548
243
21085
42564
17384
40296
53702
250
53370
332
56144
329
54366
323
55054
311
53130
310
53635
306
52899
4522
16205
3754
88643
4009
16062
39600
16142
40639
15794
40347
17353
93774
19620
59591
23587
56740
18234
43481
19615
43248
18135
42772
56325
275
57864
252
64794
256
58952
246
18831
43722
17732
43824
54629
256
59190
486
63211
341
59185
313
61880
639
56801
637
56491
643
62084
4060
19378
4264
90231
4101
18041
42811
16861
42611
17460
44276
19758
41715
18835
44026
16276
43004
16371
40070
16665
43726
18480
46682
56686
425
60048
261
56579
724
56276
247
20602
46835
17689
46945
57344
264
59061
343
58895
315
57237
468
61132
319
59056
303
56722
288
54836
4453
18994
5126
93794
5283
22446
44416
19915
44207
18743
44233
18389
41077
18301
44831
20816
47996
17683
43594
18947
41557
17016
43916
54762
236
62627
925
63526
243
58479
247
20503
44266
18648
41452
57607
292
89699
1232
59948
345
57683
338
56835
317
59066
312
60719
451
58733
5632
17965
3564
91041
4567
17373
42531
17087
43994
16931
42219
16968
43478
16623
45726
17820
43954
16843
42299
17558
43560
18667
41819
57108
381
56781
344
57997
357
60751
354
19775
45500
15492
44239
54564
371
59543
486
59942
489
56722
490
57982
455
59392
453
57801
456
55634
4970
19159
4563
87627
4523
16283
42508
16296
43521
16709
43443
16583
41735
16757
45051
16397
44872
15966
41426
15985
45522
17559
46021
57685
378
57791
359
60398
353
58277
351
20151
43398
16203
44162
55273
367
57790
490
57418
489
58560
479
58876
464
55785
444
57944
444
56375
4928
18695
3804
91438
4463
20052
41497
18598
43107
17822
45600
19352
42048
16503
43487
17636
42994
17145
42475
17478
45166
17084
43480
57130
276
58691
262
62099
244
59914
248
20386
43927
17421
42398
56101
258
58080
345
57811
335
59845
328
58872
657
55711
470
59072
460
55795
5712
18156
3987
88605
4753
19128
41066
18223
41008
18349
43318
18416
40987
19221
41735
19013
43801
17806
41431
16911
41723
20961
41014
55150
375
59521
361
58761
357
58912
358
20944
44125
17983
44064
55186
375
57857
482
58776
475
60386
487
57754
956
59518
464
58718
466
56544
4972
19287
3830
88294
4553
17461
42798
16773
41512
17058
42374
16129
41363
17307
42247
17141
41830
16537
41361
17451
44389
16613
41175
53665
367
61028
355
56461
360
57194
342
19941
43437
16593
43610
54034
358
55315
488
55230
463
56945
465
55984
465
57042
458
55358
456
56563
4591
17012
4181
87472
4232
18754
40138
17540
40878
17358
41024
17506
40875
16365
44175
17014
43149
17077
41779
17865
43986
16807
43391
54408
368
56430
354
59481
349
57325
354
21243
43584
18644
43240
55127
368
55968
488
55597
469
55538
454
56113
445
58495
452
57889
461
57076
5356
18334
4401
88918
4373
16789
40700
17345
39952
17480
43163
16855
40741
17137
41655
17967
42150
16184
41429
16626
42176
17606
40699
55433
376
56622
336
58615
355
58174
351
20418
42417
17629
42982
55768
369
58097
482
58719
473
57726
471
57476
455
56888
459
56850
458
55498
4958
17534
3773
88775
4690
16693
40465
16462
39581
16346
41714
17191
42335
17199
42279
16486
41322
18658
39770
16622
43284
16817
41584
54802
385
57722
354
58663
354
57836
355
20438
40877
16364
43519
54716
362
56741
478
58377
470
58603
473
57649
470
56854
457
58325
456
54895
4888
18245
3426
87266
4272
18065
41412
16672
39739
17634
40970
17442
40832
16717
42838
16737
42710
17102
40216
16063
43170
15738
41982
55655
379
57021
352
58938
348
58675
353
20043
41976
17390
43286
55681
357
56883
470
57576
473
58647
470
57711
453
57208
463
57199
465
56115
4930
17557
3404
89631
4302
16886
39584
16832
42012
16038
41255
17052
40523
16306
42175
17372
43263
17244
40271
17277
41215
17251
41091
53643
367
60722
345
104605
366
114991
354
21807
45126
16996
94458
106572
367
83884
467
79879
478
107989
493
60734
459
105351
465
109814
462
102325
4683
17087
6088
152737
5048
17323
49488
18942
51233
17028
95755
19443
49132
27026
44095
16854
95664
16866
101031
18746
55463
18513
60454
106756
372
114467
349
113781
352
88504
352
19819
95727
16547
42957
55126
977
58149
486
57277
490
56870
483
57231
1372
58058
460
57001
458
55502
4741
17266
4796
88857
4146
17202
40616
17607
42232
16939
42885
17204
40655
17114
42357
17571
41728
16785
41292
17032
42594
17042
41079
53080
379
56382
350
56495
355
57217
338
19691
42667
18407
43418
53320
363
56619
481
55896
476
55647
577
57135
454
56137
459
54173
461
55889
4835
17727
3572
90347
4314
17632
41373
17204
41443
17470
43222
16560
42699
16686
42676
16275
41744
16684
43344
17022
44443
16625
41902
53400
374
56358
358
56071
336
55822
353
19586
41709
16587
43604
54109
393
55472
490
57476
495
55459
483
55006
474
54804
474
54686
505
52998
4053
17848
3632
89747
2789
18009
46127
17674
46106
19171
43159
18330
42509
18416
43288
16464
48532
17032
42066
17500
42999
16811
43511
58237
447
60045
453
62304
290
59756
378
20563
42281
17052
42103
53970
473
64726
532
58324
682
56967
729
57311
815
55955
671
58549
667
59080
4995
17664
3695
89754
4620
18580
40651
17449
39669
17076
42686
19183
42439
19320
43398
17511
44055
18089
41281
17759
44085
17854
44929
55199
470
58828
450
60211
226
59702
218
20137
44006
17996
50966
56543
439
56210
310
57946
670
57487
666
61553
288
69823
646
58378
286
56456
4519
17931
4361
90881
3720
19702
53523
18563
40760
17563
41635
18832
41518
18064
42856
18793
41562
16316
41150
18739
42710
18562
40664
56664
446
57784
838
61693
427
59772
424
19940
43028
18566
42482
57523
317
59083
345
57471
425
56939
404
58346
314
58176
311
59470
457
56527
5000
17855
3899
87775
3349
18031
41335
17498
42564
18359
44146
17921
43392
17739
42829
17258
42882
17237
42014
15823
43843
18870
43739
56602
279
59354
1529
57078
256
57752
1385
18272
46226
16941
45448
57368
438
58202
505
56928
688
60492
676
60681
318
57284
666
57331
480
56964
4652
17920
4068
92390
3853
17260
42554
19205
42040
17418
42284
18744
40630
17290
46321
18012
44365
17219
43110
17246
43904
17230
43438
57254
234
60907
235
59085
426
59393
426
18208
43755
17406
42859
56770
246
59570
674
60021
303
59299
302
58382
303
58847
284
60063
308
58760
4666
17380
3297
89166
4300
17472
41573
16721
41980
19543
43209
18148
41845
16747
44471
16343
43545
16504
41845
17034
45745
16234
42222
54822
632
56271
338
57555
247
54790
248
20306
45874
18599
43394
54151
262
57497
337
56941
340
59637
334
58692
1647
57547
282
58577
263
55570
4440
17448
4462
93310
4712
17744
43577
19105
41879
17699
44050
16736
43262
17349
42885
17294
46351
17137
45508
18974
44499
17607
42701
57075
276
60667
264
62282
248
58964
247
20169
44300
17530
42658
56722
582
59652
359
59924
337
58563
331
59662
317
57988
315
60701
316
59103
4687
18352
4188
90367
3710
18573
43187
18221
42195
16818
44845
17237
42501
17650
43400
17284
42385
16669
41093
17414
41647
16964
42192
53428
274
57341
257
54872
251
56241
247
18570
42094
17497
41645
53401
259
55042
477
56151
335
56277
333
54401
312
55758
309
54627
311
54956
4791
17128
3923
87806
4286
17711
38820
15583
43629
16183
42007
17651
38845
17919
40574
17032
43179
17781
40453
16773
40842
17586
39044
54799
266
54932
248
57299
244
57052
251
20049
43727
16879
41671
54477
255
56054
343
56174
331
54829
331
54754
309
55894
315
56716
307
53936
4327
16491
2965
88003
3889
16870
38992
15879
42125
15692
39814
15509
39491
15260
41945
17164
42922
16303
38450
17401
40519
16398
41310
53877
442
55145
421
57115
438
53012
420
19052
41404
16920
42427
54624
432
53494
659
55027
659
56004
652
56959
640
54010
664
54556
649
54217
4166
18111
3867
85219
3708
17578
40960
18686
40462
16558
40532
18150
40650
16261
40311
17928
39073
18122
39177
16253
41923
16171
39915
53137
275
56429
265
58212
248
54931
246
21205
39234
17235
41791
53797
254
56281
339
55720
343
56839
335
55693
313
55809
321
57180
310
54192
4638
18370
4418
85055
4198
18082
39013
17246
39141
16536
39372
16041
38659
17436
41329
17440
39268
17141
39602
16360
41423
17204
38989
55058
267
57295
250
54883
241
55883
250
19353
41592
15174
42496
53226
257
55044
339
55608
334
54071
340
54964
315
55863
308
55533
311
53279
4673
17620
4987
85100
4291
17993
38249
16755
39365
18079
40864
16510
40298
17704
40054
16771
42771
15910
39038
17514
39672
16878
40774
53571
261
55265
244
56931
253
56287
357
19272
40140
16482
40437
52416
256
56082
334
53309
344
55980
328
56325
312
53407
309
54698
309
53887
4533
16269
4134
84536
4174
16902
40994
18252
39807
16049
39582
18405
38736
17463
41101
16042
41452
17110
38727
16065
39769
17562
40252
52958
267
56498
248
59119
241
57042
244
19820
40649
17029
42203
53541
257
55664
339
54846
337
57321
332
55140
311
54680
313
55921
305
54239
4487
17960
4077
86767
4355
17219
41080
15888
38594
18290
38978
17404
39527
16482
40825
17015
40061
17398
40253
16346
41408
16391
39675
53298
270
57226
246
56493
244
55695
246
18723
41626
16991
41738
50878
257
55728
329
56146
333
54074
481
56760
311
56824
314
53707
305
53485
4403
18300
3939
88091
4247
18257
38997
18376
38482
16529
40145
16914
39738
16953
39550
17199
40952
14681
39803
16542
39197
15508
38745
54337
278
55924
459
57203
251
56297
252
19429
42346
16167
40649
53759
258
55168
351
56463
700
55046
349
55756
333
54270
331
53941
328
53275
4238
18026
3540
82749
4501
17403
38565
15995
40141
16552
39016
16529
38596
15389
41500
17106
40358
16626
38730
15351
41309
16883
40749
53252
264
54362
253
58069
655
54603
486
21779
39112
15563
43173
52824
254
55069
686
52667
683
53452
329
55889
676
55448
302
55841
1766
51895
4604
18537
3564
86186
4166
17812
38612
16704
38929
16266
41080
16063
40333
17277
40034
16900
39798
17237
40927
16801
39550
17508
38609
51827
275
56557
254
56295
252
54114
246
18340
42589
17450
40493
54256
249
56321
337
56366
339
55456
339
55540
314
55495
317
55682
308
53976
4021
18550
4305
87565
3388
19186
39620
17235
40557
17495
40891
16845
39966
17887
40317
17411
42272
17277
39977
16908
40187
17002
40059
56997
259
57228
246
57180
246
56395
240
20171
40111
15695
40538
53961
252
56660
332
55169
1209
55539
329
56700
307
53818
305
54414
310
54241
4542
18150
4079
85505
4634
17655
38385
16789
40428
17504
41216
17850
39198
15511
41775
16047
42909
15764
41092
14743
40754
17282
42759
53757
259
55356
245
55882
241
54676
251
19020
40589
17014
40295
52298
250
55246
666
55164
327
57518
333
55740
307
54465
304
56256
305
52003
4647
17269
4585
85403
4288
18072
39407
17600
38800
18150
39460
16971
41021
17410
42300
17373
40079
18104
38908
17577
40551
16137
39252
52573
268
56312
247
57201
237
55760
268
19051
43301
14605
41736
53851
252
55426
326
55873
332
56341
321
56763
311
55767
307
56013
305
53687
4500
17731
3930
84700
4415
17643
46891
17932
38956
15761
41589
15371
41888
17659
40389
16410
40185
17398
40816
17297
40304
17739
39250
53295
265
57306
241
57637
241
56528
241
19909
41022
14797
40265
51690
248
54949
333
55917
444
54984
327
56381
309
57011
306
54997
305
53301
4734
15714
4631
85876
4324
16714
39514
17323
40553
15403
42237
17414
39753
18260
39924
15895
41963
16882
39145
17358
40118
15890
41997
53467
266
55770
309
56035
242
57243
245
19994
40700
17419
40226
55326
246
57232
328
56087
340
55783
330
54841
310
56496
314
54509
308
53513
4738
17435
4679
86978
3424
18987
39351
17728
39561
16426
40667
17146
39332
17184
42216
16567
42963
17883
39313
17036
42113
15989
42255
54637
261
57043
247
57274
240
57110
314
19872
41651
17363
40942
54190
248
53091
333
52940
327
55939
322
55735
318
54622
309
54298
382
54548
4482
17237
3143
85747
4072
17467
40449
17655
39145
18199
39298
15431
41886
15681
41515
17361
41462
16642
38728
15244
41087
17581
39656
52440
276
57354
248
58291
242
56933
523
18652
41890
16946
42553
52927
246
52854
327
54177
434
57049
331
54846
307
55619
305
55409
305
53350
5172
17648
2933
86170
4238
18004
39527
18292
38932
18188
41348
17378
40114
17586
40400
16763
39944
17150
39453
16799
42842
15301
40400
52922
260
57415
242
56319
238
56240
246
19227
42872
17190
42125
50792
254
58848
331
56141
323
55782
328
55519
309
55140
303
55242
308
53970
4348
16264
4135
87042
3594
18764
38298
18390
38340
15605
40388
17364
38586
17599
39223
16201
40404
17854
41086
17060
39820
15991
39227
52221
265
54657
242
56245
241
56828
284
19661
42073
17471
40762
53740
248
56592
342
55985
335
56021
325
55959
308
53731
308
55071
313
52508
4633
15389
3705
84892
4182
17152
40949
15752
40648
17423
40007
17766
40057
16299
41734
17014
40557
17410
40527
16248
41014
17938
41960
52698
272
55684
246
59241
240
56189
247
19517
39249
18022
40098
53099
256
55430
705
56181
424
57296
329
56099
311
55214
314
56379
307
55340
4547
16420
3395
86825
4202
16749
39869
18196
38608
16917
40060
17046
41599
16655
42014
17090
39627
18227
38910
16731
43229
17079
40888
53046
268
55684
242
58173
238
55182
244
20674
41146
17100
42218
53094
248
55177
327
54495
325
57045
324
56110
307
55360
304
55110
303
52901
4666
17883
4052
85837
4294
17941
41453
17116
39274
17094
39373
17013
41440
17215
40350
17465
40271
16375
41606
17257
43039
16798
41318
53434
279
57140
261
59147
245
56755
243
19728
43356
15385
41975
52673
251
55731
331
56497
327
56707
323
55689
657
56879
309
57487
309
54323
4647
17636
3997
85953
3977
17705
40847
15838
39035
16639
41733
16785
42096
16687
41754
17740
40530
16717
40908
17110
40550
18149
40564
52653
258
57724
250
59123
238
55846
244
19877
42772
15850
41991
53104
249
54764
332
56339
432
55374
337
55589
304
54650
305
53753
306
52564
4564
18319
3615
83960
4194
16164
38815
18661
38607
16991
41942
17697
39019
17866
39948
16744
40477
15621
42643
14991
39134
18074
40238
54668
255
56933
240
56280
242
54110
239
19875
40054
17037
42313
52676
249
57231
330
55468
336
56088
330
56266
305
55494
308
54529
311
53876
4567
16987
4346
87087
3416
18748
38492
17069
40156
17858
40586
17888
38533
15559
39712
16589
39477
18518
39173
16034
41020
17153
43001
55717
262
56583
248
59332
249
58128
254
18675
44589
17499
42763
55049
255
58025
335
55313
338
58330
326
57648
1531
55719
311
55900
1810
54533
4928
17478
5010
92814
4479
17948
39519
18292
40363
17835
43251
17151
40955
18375
40222
17532
42604
16709
41482
17369
41040
19371
40479
55609
263
57257
247
58358
443
57666
421
19542
44350
16443
41709
54598
448
57028
333
57784
324
57367
327
58865
315
57663
306
56834
304
54622
4384
18141
4030
89883
4121
18636
41048
18388
38662
17390
40825
18080
40948
18111
42392
17254
40679
16337
41334
17460
43052
17045
41569
52986
454
57677
246
58116
248
57997
445
18918
42123
17788
42684
54634
255
56149
681
56918
680
57186
671
55808
302
57686
666
56346
664
55821
4470
17782
4273
96948
4028
19047
41488
18231
40030
17403
42650
18115
41344
17707
42459
18440
40879
17549
48124
19480
40211
18037
52522
56114
269
56407
643
57568
443
58566
442
20357
44093
17772
44056
54150
450
57975
679
56614
682
56455
326
56950
666
56153
321
57446
308
54659
4551
18653
4130
89503
4140
18662
38906
19570
38679
17029
42662
17276
40540
18308
40755
18980
41264
17169
42785
18116
41526
17689
41367
54606
266
58659
254
59814
242
56930
443
20024
41743
16972
44013
54986
250
56553
679
57993
686
56933
678
57564
306
56011
668
57630
306
56180
4361
18482
3243
87196
4123
18935
40484
18454
41438
19416
39819
17276
41384
16870
41086
17418
42064
18174
39796
18242
43101
18027
41934
54697
259
57256
245
58812
444
57496
242
20140
40967
17992
41716
55557
251
56433
991
57795
680
57844
685
56134
668
55426
673
55460
666
55733
4456
17911
3700
88593
4021
19058
41695
17067
42318
16186
42301
15675
40634
17828
43086
17329
43226
17487
40052
19289
39909
18394
41983
53181
454
57164
449
57579
242
59467
246
20470
42398
17906
40546
57219
250
57712
385
56624
1074
57080
676
57965
663
57398
314
56472
665
55352
4501
17437
3386
91432
4270
16725
39762
18107
40041
17781
43610
16900
41619
17844
40947
16841
43271
16538
41801
16744
41215
17946
39503
57045
428
56531
215
57844
200
57533
208
19713
43414
17846
42122
54167
211
56690
651
56855
283
57103
641
56535
637
57321
271
56077
264
55006
4488
18735
3985
89008
4156
17839
40372
19239
39107
17381
42093
17635
42035
16907
40487
18661
41487
16307
41756
18453
42265
18815
41761
55641
451
58582
241
57529
421
56454
445
19531
42431
17702
43252
55357
254
56490
677
56703
680
58057
323
55448
666
57871
308
57000
667
56237
4459
17658
3721
86783
3877
18445
42377
18175
40940
18381
39816
17941
39977
17697
41986
16632
42837
18897
40145
17451
44196
18796
41936
53767
456
57865
250
59254
238
58579
217
20147
41621
18185
41356
56324
250
56573
305
55752
286
57468
644
58413
273
56010
276
56479
642
54432
4532
17666
4035
88604
3962
16746
40080
18435
40871
18416
43728
16179
41803
18836
42381
16683
43633
16476
40007
16602
42326
16581
42182
55003
266
55377
247
58278
245
58433
248
18524
41370
18488
42066
53606
1052
57095
678
56710
798
55989
681
59263
667
56916
311
56841
668
55649
4622
17612
4075
90508
4324
18075
39748
19335
40140
17469
42561
18001
40664
17870
40310
18247
40781
17661
41563
16710
40276
18934
41333
56058
452
57897
251
57841
446
56125
242
20794
43240
18582
41087
54055
449
55759
682
57722
323
57465
706
56372
666
57314
665
57232
306
55395
4447
19225
4230
88466
4133
19093
40100
17909
39433
19022
41591
18257
42030
18211
40823
17566
40700
18446
40949
17520
42400
18021
40870
54503
456
58217
447
57176
443
57199
239
20904
42919
18182
44157
58038
453
54521
681
56463
334
59181
683
57534
667
55128
684
58395
306
55896
4489
17490
3874
90423
4097
18023
41669
18955
41015
16766
39848
19198
41503
18189
42639
16690
42981
17605
41921
18579
40934
18619
41870
53905
268
56372
446
57918
445
58351
443
20383
42886
17741
43278
54492
454
56740
681
57141
627
56466
679
56848
671
54496
310
54953
668
54872
4816
17833
1652
88052
4228
18715
39478
18292
40588
16331
41473
17739
39333
16762
42742
16774
42991
15864
43463
17255
40377
17617
42374
54080
268
56284
250
56934
250
56360
243
19862
39916
17360
40905
53930
259
55879
331
56402
333
56799
336
57071
310
56382
309
54420
305
53728
4739
17178
5023
85243
4105
17562
39478
16665
40475
17172
40865
17124
40607
16260
42196
15778
42818
16984
40432
16719
41812
16228
42173
54797
264
55645
250
57797
249
57517
248
19307
43728
16064
43073
54441
259
56516
332
56193
328
57102
333
56832
318
57001
312
56818
308
55351
4467
16126
4345
88482
4134
17302
39876
17011
41981
17194
42702
16665
40520
16934
42137
15685
43749
16224
41697
17624
40993
16802
41121
54522
269
57062
248
56295
246
56102
243
18976
42143
15613
43362
58866
377
58159
366
58038
351
65778
348
56110
327
55514
338
58010
337
60617
9406
15966
3624
90366
4031
17577
41441
18004
48395
27235
41298
16482
44944
17183
50108
27896
41465
16948
39811
20152
42554
23253
43165
55566
452
56537
224
58279
240
61734
236
18742
43504
20182
51621
54920
236
58802
348
59917
351
66606
343
61516
315
58604
315
57365
313
55680
4559
19765
5945
102922
4309
18082
40177
16620
41618
16872
41474
17997
42711
16791
42488
16291
43682
17778
39800
17831
40907
16276
42210
57435
273
69985
263
58054
247
57914
247
20290
43877
16803
45651
61573
264
53876
345
57874
335
57610
1158
55756
314
58345
316
63127
312
51207
4531
17030
4341
89773
4143
20607
103412
23094
41241
17467
43864
18426
43166
18042
42286
19410
44630
17358
41425
17722
44901
18156
43083
54846
239
58532
232
59242
221
58466
218
21896
42613
17389
42600
54928
231
57419
668
55814
325
58304
311
56638
284
56502
281
57097
274
60133
4569
18318
4291
86906
4032
18972
49859
16921
42644
17495
44005
16912
41159
16014
42680
16655
44050
17720
41955
15683
42263
17841
41783
54419
272
57603
250
57937
242
57808
249
18659
43183
17617
43611
53561
356
57048
500
58542
487
55511
482
56944
485
56643
471
55728
662
54629
4303
16889
3275
90412
4282
18399
41658
18987
41303
20858
42733
18655
39986
16665
42485
17348
41673
18791
47146
16217
42266
17719
42120
54037
270
56497
249
58845
254
59155
244
19001
42421
17520
43788
55137
253
57586
345
57729
335
57803
328
55672
310
56344
310
56265
306
54363
4555
18566
4336
88287
4146
17043
41478
18202
43111
18186
41907
17714
44152
16067
46353
18738
43963
20690
42874
18655
41413
17668
42260
121375
277
112977
260
134570
252
133139
248
35040
108331
29518
55981
126368
255
132162
337
133201
345
130599
336
130219
325
131702
315
130835
311
127685
8822
29655
6930
136049
8423
31101
102884
29983
103679
29550
105895
28147
104365
30136
108494
29201
49725
29310
103295
29722
106745
30536
106106
125521
272
132152
251
132487
243
131793
252
35128
106734
29008
48239
123712
257
129179
437
131163
334
131304
330
128971
310
127583
316
127119
308
125877
8901
29045
7029
176779
8131
30304
102870
28911
103500
29171
105631
28517
51966
28297
107775
29422
45895
28378
103396
29000
106185
29200
104006
125687
269
133323
254
133715
248
132132
249
34110
106714
29047
106775
123921
251
128788
335
130354
337
129650
330
128851
308
128166
314
154593
323
150271
8632
41746
7660
141627
8385
40771
105489
39044
108219
39895
79307
37120
105744
35644
110877
36589
109813
36166
104851
36455
107389
35565
106082
132523
285
141384
251
139818
242
139945
251
40641
110982
34089
52440
130419
263
136106
351
137292
1682
134806
331
135852
314
132830
320
131732
309
130864
9015
31928
7558
180301
8919
32991
103237
31614
104633
33412
107187
33465
105423
31618
109444
31026
49269
31604
105835
33050
109873
32709
106432
129622
279
137607
261
138825
247
138013
252
37504
108884
31958
108584
128526
269
133984
346
135201
336
134128
331
135676
315
134844
315
134840
311
132220
9070
32124
7038
164027
4623
23024
41270
20024
47398
21593
45717
19947
42450
20002
44926
19967
44846
20151
48333
20477
43216
19534
43814
60722
240
59202
435
62453
215
62719
208
21599
44345
18709
47872
59026
445
61393
667
64130
295
61335
294
62052
305
59734
291
60076
277
58549
4715
20052
4625
99733
6044
20858
44138
20140
42832
19287
43722
19150
42904
19168
45096
19209
45572
19099
44993
19032
43550
18174
41933
54101
274
59019
250
61040
249
60993
254
21045
40786
17481
48713
56310
257
55631
631
58642
363
60031
335
57367
312
58529
311
60775
309
59031
4105
21131
3655
94924
3778
17607
43366
19676
40923
18982
44280
17896
43307
18876
41993
19001
45448
17999
43677
20257
45067
19091
45121
57317
256
114962
238
91969
217
65162
235
33360
42045
17607
75577
56858
234
95567
498
85546
331
62714
345
57806
321
59777
323
60696
320
57659
5074
19448
4141
144834
4787
21757
45237
21907
42489
22865
43163
20662
41671
20281
43215
19631
42916
19358
41151
22245
44396
19430
44979
59715
441
69997
439
92060
432
90419
435
27678
92557
18916
93360
83821
450
74673
377
86966
672
75661
663
81844
510
79936
653
73030
655
81616
7986
28339
6141
181879
4209
19229
68797
21915
69890
28251
51390
27499
95733
17843
81871
19975
74256
21120
50244
27487
66692
27602
51612
71573
268
77166
259
78202
248
78273
248
34006
42126
19347
50765
117332
256
63144
346
79140
337
75460
332
78244
316
78296
313
79740
309
105597
4630
21174
3168
94015
7339
27891
91880
19137
93953
18824
81378
28358
59399
28207
46950
20225
59382
18459
55242
18350
98855
16655
95926
109656
269
114411
254
94711
244
89151
246
34231
51791
19619
65393
73983
260
108000
346
104426
334
110211
332
110915
313
107046
314
109740
307
104623
4715
19068
6389
166134
6643
20407
93000
16649
93332
18243
96227
20942
93507
18558
84738
27977
63248
27989
53250
28027
54325
28054
42661
74307
268
110210
264
115351
250
123692
248
20462
95319
17489
97093
65149
256
80230
333
73860
326
78973
333
124717
316
103243
309
63751
312
54416
5120
15284
3753
87311
4153
17814
41101
16702
38446
16981
40907
17366
40533
16889
41063
16880
41826
17773
41685
17498
42450
16164
39830
54434
263
56247
247
56692
241
57641
350
20854
43552
15820
43818
54137
250
55127
683
55932
326
56066
333
55745
670
56217
667
55075
668
53560
4359
16752
4559
85117
4007
17985
39140
18917
39252
17347
41214
17413
41167
16118
45597
16773
42925
15839
42191
17286
43033
18340
41563
56060
486
58149
422
57862
396
54475
470
19848
43161
16238
41509
53493
482
54490
454
55415
469
54421
700
55384
662
55138
449
58134
472
54952
5007
15341
3363
89017
4131
17239
40556
18147
41302
18525
42905
18205
41756
18392
41739
17677
42442
16902
43052
17247
42208
15849
42181
55473
450
57917
437
58427
434
55781
428
19341
41704
17371
43239
57621
379
56152
671
57076
500
58199
375
57356
498
57086
646
55306
481
55639
4577
17542
4114
87360
4432
15958
44208
17167
42235
17521
42729
17793
40960
16295
42504
16737
41995
16566
44632
17123
42841
15720
43562
54550
273
57373
255
58409
243
58238
250
19018
43574
16449
41547
55432
260
57588
345
56822
330
57916
326
57684
311
56885
318
56734
305
55061
6367
18134
3003
86433
4047
16560
40069
15559
40898
15847
40274
16197
41439
15421
42421
15106
41195
15685
40515
17328
43585
15529
42215
54804
265
56290
349
58068
241
58038
399
17945
42024
15692
44848
55193
253
56738
470
55749
317
57362
331
57204
509
55639
315
56597
436
54651
4374
17755
4433
88217
3629
19768
41369
17560
42554
16395
42573
16483
43217
17523
41763
16419
44228
15767
41344
16731
43558
15892
44788
76464
298
72759
262
86393
254
81116
249
34385
52591
27829
55528
60016
260
58921
339
58934
333
103931
333
117675
323
62708
317
68016
308
79149
4494
17646
8566
141489
7468
27376
51438
27029
48361
21363
58133
19397
65113
20378
63276
26550
54101
26065
52787
27223
53275
27098
51925
118311
463
63807
439
114483
441
109837
442
21368
47058
17787
46644
59014
262
59250
342
58314
336
62064
1275
60336
674
58898
671
57422
665
57193
4037
18327
3566
94008
4552
15628
46852
15972
42856
18125
41853
17700
42761
16096
43146
17842
45151
24306
42532
17760
43133
15921
41252
56975
274
60002
262
69491
254
57919
247
19759
43312
17807
44700
56195
254
60085
335
109316
338
89935
329
81438
318
78697
307
106457
307
62494
4522
18795
6700
149627
7384
26243
95120
15944
102780
25967
41425
17558
97297
15980
106374
27223
53129
25832
96647
16889
105795
27961
95780
86412
278
108763
251
65077
244
110313
242
18384
42087
15825
43517
56715
249
56832
339
57058
333
56868
333
57258
310
56872
309
57562
307
55270
4599
16380
4404
88270
5291
16336
41939
17742
42320
16990
43570
19067
42319
19423
44237
17799
44054
17765
40577
17704
42929
17388
42873
54508
452
57490
426
58267
426
57442
424
19335
44041
17340
42456
54255
445
55752
692
55522
686
56163
666
62993
660
57109
651
56462
649
54365
4413
17284
3941
89355
4962
18560
39829
18029
39729
16137
50730
26093
40079
17659
42539
19846
42370
15654
45081
16643
41019
16837
40097
52393
461
68097
300
58010
258
60428
447
23726
43011
16125
53262
66151
443
57975
676
55431
670
104947
668
57023
642
55312
655
63586
680
52946
4697
16584
4087
87131
4131
17881
40994
16697
41220
17135
40485
16044
42520
17627
52208
25180
41995
17391
39417
17516
49971
24118
105918
87342
441
83131
445
81677
432
78779
423
33608
44297
19310
65512
76008
443
74502
668
79009
672
78557
660
79090
645
79661
666
83115
645
75073
4435
20777
6270
122304
7404
28759
51026
19991
65278
28012
56441
28132
44750
20444
64381
27752
56110
27510
43362
19921
64629
27953
54657
69544
448
79769
444
84430
430
81607
420
33794
42745
18055
97707
105158
443
91556
669
77020
662
85604
663
80797
664
79703
650
78721
643
78746
7932
28670
5229
112249
4418
20990
62731
28230
49204
28053
49985
19606
63687
27747
57320
27422
46359
19880
61173
27869
56593
28127
53644
72997
443
79778
440
81235
425
78811
421
33288
53094
28113
52723
71465
444
77956
682
75742
652
82487
664
80552
645
78869
646
78950
643
79300
7905
28122
4994
110712
7354
28870
55176
29134
52050
28252
50005
28458
53763
28192
45617
19721
64255
27537
53752
27897
46311
19999
62563
78330
454
80683
447
79865
423
78973
419
33740
43626
20002
64231
75605
454
75808
395
79933
675
83213
660
74485
644
77965
663
82397
644
80265
7935
28310
6050
115988
7430
28659
44373
20402
63244
27931
56416
28335
52981
28027
53568
27134
54057
27201
50487
25714
96819
19944
82627
78531
441
83360
448
83977
425
80214
431
34060
53027
27124
53334
72085
444
79015
671
80153
677
79585
647
78403
641
78277
640
79309
653
78638
7879
28407
5325
115085
7430
29209
52725
27877
43292
20266
63601
28581
55338
28336
54243
27310
44423
19114
62325
28686
56240
27789
43760
78172
452
80528
443
83011
446
79294
430
34212
52865
27119
44271
74982
440
125100
423
101919
679
91636
656
82402
644
80144
659
78768
641
79327
7903
29058
5027
109666
7405
28849
57429
28705
52777
28232
43786
20318
53670
17589
95648
17363
93147
18879
99748
29126
95534
17696
105273
116946
271
119197
269
123094
244
111209
243
20863
98881
18697
73672
62804
255
122106
806
111320
335
101527
327
89645
308
82084
310
80607
305
73914
3797
20620
6073
130811
7245
29383
54245
28363
52723
29440
52329
28359
43182
19660
64114
27040
55997
25036
48505
16968
47486
17857
42878
55413
273
59351
254
62091
268
60088
252
19500
43771
15108
45132
56236
255
58163
340
58981
337
57830
687
59075
312
56306
310
56100
306
56757
5209
19724
315
91073
4404
17452
41579
16714
43397
17807
44022
19282
42523
19325
43807
17208
44545
17899
41991
17027
45737
17285
43599
56344
276
59529
253
59355
249
58244
252
20473
43419
17455
45401
55590
253
56085
312
57718
304
56287
297
56380
653
56499
296
59537
276
56967
4254
16892
3763
88670
4427
17040
45296
16973
42350
18174
94762
20368
56690
20202
69141
28417
57125
27148
44218
17516
55942
20318
68856
77760
276
81026
256
80534
247
75395
447
21310
98914
17416
107114
75315
271
113207
342
109304
329
111218
333
69768
310
128363
313
121391
665
114118
7910
28481
6272
132671
7461
29138
55669
19366
49887
28129
52338
28092
57701
20324
61072
19878
52444
27457
58070
19588
70225
28114
56165
74433
464
80057
446
79890
443
80138
425
33439
105056
25920
98712
61776
440
126423
691
116012
687
60541
674
111867
653
105140
650
88454
665
106340
Xput: 30517
