1420
822
754
747
716
617
570
701
609
914
814
613
556
579
762
607
631
564
586
555
624
547
566
692
581
547
569
546
543
553
569
543
542
724
901
722
704
590
547
668
711
593
582
554
788
571
673
714
600
552
544
563
544
916
542
534
541
573
545
536
867
541
708
605
564
675
611
545
574
984
554
540
694
725
715
600
578
546
613
680
1134
580
549
567
1011
551
546
546
574
558
555
691
643
552
553
547
549
547
551
546
548
550
545
546
547
546
547
545
544
541
545
558
543
545
558
650
558
550
549
548
552
594
550
548
548
549
544
549
546
554
550
543
564
552
544
562
547
546
647
580
548
550
552
790830
887
19446
15944
778
763
28142
1106
1009
1157
766
732
630
1751
688
761
2819376
771
1476
888
1261
756
759
573
684
761
720
718
716
648
589
634
2840441
1031
1036
959
676
925
922
830
621
686
931
1915
594
1482
1619
540
2840745
15596
936
616
575
713
1130
963
2103
850
968
812
859
850
730
735
2912035
1076
876
683
1338
809
931
753
579
940
944
742
1124
968
742
561
2801503
1103
749
1009
819
782
649
1475
800
854
832
739
863
1061
633
710
2843458
958
819
620
638
769
906
1019
750
919
637
713
1274
1334
934
570
2845658
983
690
636
1489
771
712
775
773
937
999
918
924
1893
653
557
2860632
1055
855
907
899
888
840
870
897
754
618
732
1561
817
906
609
65306
5353
12351
2920110
783
774
893
723
4978
903
782
919
1712
1244
820
722
3033379
912
17141
932
667
997
614
20250
916
736
954
843
785
724
941
753
76756
2944661
790
619
947
751
1441
644
949
833
650
726
865
762
963
966
2969331
982
663
793
865
861
732
808
824
1555
696
1052
1057
638
603
744
2982811
915
668
787
641
1232
1003
900
816
970
583
679
737
871
781
1496
3011363
990
783
773
1460
864
793
995
620
788
612
1879
645
2180
680
1521
2961939
3264
926
1981
764
597
1553
1146
598
2365
805
897
612
2213
852
711
2957120
1901
764
738
682
914
775
656
593
841
729
519
706
1501
888
569
2871534
1437
854
1400
1104
1028
692
582
569
993
693
1385
781
862
1029
627
2934584
925
1143
639
576
1242
970
768
758
794
622
919
860
616
1829
1358
2901126
1003
680
1932
1238
1119
1119
775
758
936
882
1510
768
559
697
738
2920521
890
627
629
551
925
908
706
755
1256
1130
766
692
1070
878
1152
2915580
1014
747
839
1295
1031
1526
834
622
760
862
903
1215
1002
832
692
2873762
733
880
927
984
752
654
847
1090
873
790
939
716
579
632
555
2899621
19590
1063
818
780
677
1421
1062
652
900
880
1567
791
798
1531
639
2939679
1057
996
1499
1046
862
768
1040
696
617
636
591
958
696
557
570
2837401
14230
35020
919
628
731
9497
10173
935
848
620
649
2875
1356
985
781
2916513
901
889
910
1127
737
655
741
975
723
689
585
574
3119
1101
799
2907566
1008
878
884
898
871
1557
817
728
880
1044
810
683
811
1216
594
2914956
1829
1099
754
615
1224
1439
1088
1522
879
1667
2125
885
926
1757
1028
2938870
1009
1064
1042
932
644
896
1281
1241
764
932
600
624
1620
784
739
2897881
1009
828
593
575
858
856
748
924
962
779
572
1511
1510
873
830
2865343
962
643
703
1129
1039
1140
830
754
824
1184
981
700
643
734
690
2875423
1114
730
1033
1102
1123
861
790
962
1428
814
761
759
877
1077
1308
2883954
870
1204
886
1435
1303
975
867
866
753
868
986
725
705
1551
760
2907415
886
1051
728
1049
987
860
952
1030
845
687
1260
741
713
1269
956
65374
4975
2761142
1023
633
3821
50976
1311
898
913
1302
1278
793
1749
841
951
2865441
33355
1055
728
1049
1099
1218
1379
813
981
908
583
590
912
745
609
2894434
1444
811
592
1350
1075
1321
862
958
704
1057
978
632
1989
888
588
2903365
1106
810
1022
1113
1196
764
765
615
990
1030
893
632
960
896
617
2892159
1186
951
1045
1410
935
929
880
762
1260
1043
839
662
1131
897
749
2883410
902
1023
850
1115
804
1591
1206
893
629
697
995
861
1068
844
893
2893942
970
870
1045
795
551
802
1033
807
1058
720
855
561
1365
751
2264
2862097
817
682
1249
917
1116
737
974
745
1096
664
646
553
632
807
673
2850267
1465
931
1147
1077
970
1163
729
1055
933
690
532
543
850
752
619
3070126
1305
721
1116
1094
1011
1102
977
623
1393
2096
1867
1462
3875
1819
1234
3112948
990
639
808
962
964
839
1151
904
990
903
1049
823
804
1913
644
3005738
809
618
755
2445
875
904
671
909
876
826
1216
869
756
707
597
2970901
8277
892
583
1778
1302
678
745
1836
1082
867
861
804
934
648
883
2884404
728
2470
1244
1499
1192
745
1026
933
972
845
556
753
672
812
641
2886748
913
1120
917
1172
1078
830
834
984
590
941
908
888
739
617
512
2932381
1275
789
1353
1069
913
896
10827
939
1006
1429
783
937
1014
807
883
2928290
960
1317
1172
1033
1032
881
793
718
1107
754
1233
773
1120
580
643
2872521
891
870
1495
991
931
814
780
1135
672
630
987
1148
636
584
565
2887509
12734
1307
987
703
837
1313
1529
634
2160
1308
1218
1782
1488
1680
1565
2935651
1325
874
775
848
1238
968
1090
765
862
1971
1837
963
1532
1275
1374
2912558
921
688
991
1000
1158
593
721
635
724
642
726
868
696
847
584
2835359
15353
1304
1049
901
1318
1047
920
859
982
825
614
1069
961
689
688
2843973
1930
897
792
1268
1481
1220
1260
1313
1916
1262
2034
1472
2617
799
562
2852583
954
884
603
569
1079
796
914
845
803
2160
820
992
1478
647
7569
2902585
1124
736
939
1124
971
743
888
916
605
666
1565
849
714
1285
765
2873891
895
14893
897
632
719
617
20368
1072
875
903
803
1066
834
589
684
2877281
994
719
690
1160
1068
1550
1154
639
814
1046
865
699
612
961
727
2851492
918
696
630
1359
1841
702
597
1431
719
1284
871
784
800
776
559
2891130
917
899
1378
1017
975
976
727
872
1081
831
908
764
669
767
575
2871551
852
895
883
2600
1326
744
585
801
622
1012
817
746
605
1234
756
2857356
1247
708
714
590
745
606
753
647
663
1090
799
885
1060
997
731
2874005
1109
1032
1034
980
1054
813
997
630
584
1347
692
572
708
951
613
2838929
1193
963
938
745
920
978
811
1035
816
629
714
815
707
622
1484
2877566
1096
1742
1097
1112
1077
791
624
717
749
578
976
748
566
584
1141
2903772
837
586
989
586
550
1257
754
563
545
1340
544
1230
1613
1134
1060
2896189
972
855
591
614
865
817
927
823
720
894
624
715
746
565
1398
2816238
1130
649
632
562
1008
1092
993
764
959
615
558
696
876
966
626
2826776
886
864
1075
1024
956
950
1025
844
901
880
1552
663
560
563
691
2879514
1164
786
630
960
594
3386
1321
684
1171
658
2254
1269
1498
1616
1483
2890879
892
631
589
567
1121
917
3038
779
910
614
1994
1487
1380
1206
1256
2829637
878
5734
1203
1214
604
825
16856
1180
1126
669
1278
1029
749
608
718
2894547
1204
908
771
1405
867
1139
839
733
663
640
822
638
1461
2863
1183
2838448
962
756
865
638
773
746
771
717
892
735
630
1097
721
729
605
2826751
1789
1101
778
841
1674
878
1223
723
1620
668
2378
1081
1968
821
711
2841122
1156
619
551
1276
877
880
666
719
571
596
617
1043
840
715
1316
2903254
1170
684
1012
706
940
1641
1070
642
2775
650
2599
1293
2392
1281
2043
2833965
867
765
557
577
815
672
921
834
537
681
1694
893
704
597
841
2832853
894
848
565
1098
900
693
559
760
1729
1405
1560
2580
899
633
1842
2902118
935
918
1182
1023
863
1418
920
770
643
576
828
812
750
571
908
81436
13598
12366
11702
6289
2775587
1190
993
656
1093
829
717
46449
1081
631
719
2813732
1441
1130
765
834
720
25806
970
716
976
1027
1053
1251
881
702
605
2844289
22905
1061
713
986
1282
892
942
964
1074
848
722
753
1676
797
708
2873860
1110
1031
1167
1024
949
881
580
914
743
802
1324
1180
999
605
554
2910516
935
653
1591
942
1217
798
866
975
927
878
561
2089
1961
1360
2477
2879650
1047
620
593
602
1029
786
1104
933
927
935
1108
841
902
893
954
2901072
1124
672
1115
1115
1239
1003
854
864
1131
931
1012
610
545
781
733
2848642
1209
676
1106
759
858
805
939
899
756
964
998
844
806
1047
711
2805407
1038
636
1754
1002
1217
1395
788
797
764
947
869
837
571
547
858
2858812
1021
761
1022
853
965
727
1108
638
834
631
958
905
1092
623
984
2928040
1134
718
600
1675
1088
943
1719
1769
1558
1254
1860
17624
1841
1997
1373
2861042
845
1146
930
823
739
670
1209
826
572
735
944
765
585
629
554
2840414
816
1089
803
922
864
1140
786
542
766
1513
735
809
727
637
804
2858646
2661
1075
1038
774
630
1051
885
1051
672
694
1112
822
1063
1671
1498
2873445
899
967
1506
1121
767
948
849
733
724
631
947
562
673
600
553
2868647
999
587
980
817
883
734
937
770
954
700
1219
625
787
576
511
2851715
1049
16664
1292
632
715
16473
1101
987
1400
1631
908
876
1036
615
940
2866888
1180
955
1034
927
1036
766
619
898
969
1034
1603
963
910
560
875
2902082
1516
1069
918
1452
888
914
876
618
559
2242
683
645
1449
1359
1122
2856157
13623
1284
1052
904
743
1488
1158
805
956
934
852
886
991
602
571
2866859
1230
1077
713
956
927
956
881
994
942
694
706
1653
738
775
548
2919542
1186
974
1025
991
831
611
1070
1102
1409
1379
1464
2019
1585
1725
1184
2873990
1212
822
974
864
1321
818
575
709
1172
651
960
622
934
623
552
2912727
944
879
1364
1110
893
1012
609
1151
721
1060
931
767
558
540
880
2877069
974
1161
1065
1143
1061
996
1016
2266
949
1082
953
819
916
933
628
62594
6249
7983
2791044
776
781
609
1381
21253
1291
872
803
611
976
639
968
2876192
1056
25401
1119
850
1741
908
993
862
637
1157
624
1102
669
683
600
2813818
41217
984
653
1004
1239
1140
1303
1138
839
681
916
1141
878
836
559
2863619
1199
861
1091
1069
996
1011
986
726
567
1056
1028
794
830
942
574
2899845
1517
709
1133
868
1005
1926
1244
706
1053
1019
942
585
888
815
612
2925967
1134
697
1299
979
872
661
921
1376
853
995
841
963
702
597
550
2894336
1239
1001
843
609
999
931
1247
859
1068
703
621
723
867
704
593
2874704
2117
942
1082
1157
848
1078
733
847
898
808
559
1014
567
1632
634
76365
2788733
1055
1314
2137
864
38506
1589
677
928
853
972
716
844
614
932
2888338
1102
910
749
1877
1205
1022
832
1169
1110
690
1044
787
1012
608
552
2875271
879
758
683
1480
753
780
2059
1435
1075
746
678
843
577
1134
1064
77003
2796795
965
589
23818
1471
981
1081
999
1065
793
661
744
554
628
557
2899957
1288
793
943
1134
1002
1477
913
1407
1141
728
893
809
517
849
512
2875096
1532
952
999
952
816
816
1071
962
1164
827
980
727
822
1084
869
2847381
1588
1041
910
1049
992
1049
823
976
896
884
555
1793
650
716
621
2861339
1525
674
1009
1208
1074
1017
646
842
887
709
734
1143
729
604
559
2874154
1183
666
584
1567
1774
1324
817
986
1127
805
775
907
585
558
547
2857001
1217
604
959
633
983
967
850
684
944
799
1194
739
513
623
557
2901696
9080
954
1303
670
868
1171
1328
1383
892
825
1239
847
618
697
889
2859143
1623
894
785
1412
1213
1112
1310
938
1002
633
989
606
551
676
599
2841250
1508
1060
1132
1126
1011
794
942
847
1020
819
1244
797
562
720
873
2882239
1328
893
681
709
985
827
1349
798
899
624
517
526
529
776
554
2882916
1324
758
904
1120
989
2584
1053
661
875
1045
734
595
552
681
859
2873189
1329
680
1480
1145
1150
873
610
930
847
1603
1014
578
1131
558
546
2853363
1469
1103
857
935
1137
955
806
947
1290
780
1490
796
586
560
703
2835626
9775
1549
1086
879
862
843
1659
797
1099
757
789
724
1086
605
554
2833550
10427
1663
921
1112
1075
911
815
1127
781
983
832
919
701
599
557
2854141
1541
968
1028
1348
934
922
1137
1029
647
868
1056
596
690
664
665
2852063
1434
992
864
960
778
652
1246
901
982
588
1890
915
839
647
1013
2841784
Xput: 5854
