4420891.904762
3988572.857143
5386912.857143
6962373.333333
7177806.190476
7091479.047619
7320305.714286
6450311.428571
6984631.428571
6566407.142857
1207393.809524
710965.714286
1263520.000000
835025.714286
704558.571429
1282739.047619
1152304.761905
1306550.476190
1589611.428571
1086792.857143
1120762.857143
1322423.333333
1133043.333333
1395563.333333
1311390.476190
1019689.523810
906240.000000
1331388.571429
1131446.190476
1276763.333333
1304336.190476
1039867.619048
962837.619048
1333164.761905
1229202.857143
1305917.142857
1267785.714286
1027531.904762
1103270.000000
771491.428571
934820.952381
764447.142857
1054377.619048
891960.000000
1167411.428571
1188417.619048
892224.761905
867640.000000
702087.142857
850454.285714
963818.571429
991495.238095
955814.285714
1107127.142857
890397.142857
857282.857143
889907.619048
726831.428571
838927.142857
927942.857143
1116224.285714
1026754.285714
977767.142857
936510.000000
869565.714286
941638.571429
694598.571429
864628.571429
792248.571429
1029520.000000
1008573.809524
1154194.761905
980388.571429
767590.000000
803698.571429
1412580.000000
1104422.380952
783405.714286
1039238.571429
779231.428571
1078396.190476
1012114.285714
721310.000000
1152485.714286
1548452.857143
1255600.000000
941221.428571
806508.095238
875143.809524
1142152.857143
1257720.000000
895363.809524
1385527.142857
1193854.285714
928025.714286
1346925.238095
1185605.714286
883099.047619
1187084.761905
1174493.809524
789078.095238
1278784.761905
860107.619048
845015.238095
1159872.857143
1300877.619048
917817.619048
1031918.571429
1077490.952381
778477.142857
818840.000000
671777.142857
626622.857143
705207.619048
718745.714286
683476.190476
640522.857143
681725.714286
939984.285714
783942.857143
1493287.619048
1383795.714286
1009478.095238
996175.238095
888219.047619
698302.857143
852946.666667
903571.428571
857824.761905
1076226.666667
1575674.285714
1508973.333333
636171.428571
933245.714286
629674.285714
685224.761905
1169620.952381
1348685.714286
1332100.000000
1129992.857143
748179.047619
929700.952381
1339134.285714
1168174.285714
1122420.000000
1323191.428571
1071164.761905
948341.428571
1298597.619048
1160960.000000
1384638.571429
1040218.571429
1022550.476190
950595.238095
999449.523810
1237211.428571
1255660.476190
1045550.476190
1174832.857143
939458.571429
1128386.190476
945945.714286
862480.000000
985072.857143
783820.952381
898556.190476
765070.000000
1009803.809524
1035026.666667
989289.523810
782803.809524
793243.809524
717173.333333
971051.428571
1124671.428571
707883.809524
1136440.000000
1217910.476190
1142826.190476
1173885.714286
831681.904762
732817.142857
949841.904762
1036474.285714
647620.952381
1388892.380952
1304736.190476
1257020.000000
1169351.428571
828386.666667
687472.380952
961036.190476
814653.333333
670118.095238
1166920.000000
1213164.285714
1043878.571429
983417.142857
899438.095238
724451.428571
900167.619048
997059.047619
671036.190476
871329.523810
829182.857143
955331.428571
787765.714286
758626.666667
810114.285714
867500.952381
1174058.571429
974114.285714
927979.047619
995825.238095
799986.666667
595228.571429
738102.857143
554342.857143
860362.380952
858347.619048
873967.142857
1052884.285714
969512.380952
917154.285714
915726.666667
939613.809524
719425.238095
761297.142857
989847.142857
686344.285714
862538.571429
821378.571429
757698.095238
1288908.571429
1045858.571429
946000.000000
922009.523810
887675.238095
847797.142857
1138962.380952
887934.285714
916053.809524
653451.428571
721802.380952
1158954.285714
749782.857143
997534.285714
782384.285714
994211.428571
744869.523810
636801.904762
684798.095238
516960.000000
627266.666667
972104.761905
696118.095238
562339.047619
952483.809524
558220.952381
644272.380952
798659.047619
730925.714286
713295.238095
999573.333333
1113942.857143
1707824.761905
1791468.571429
1942097.142857
1948807.619048
1884967.619048
496095.238095
699716.190476
489680.000000
479969.523810
787664.285714
763560.000000
712782.857143
782278.095238
503704.761905
659860.952381
859603.809524
792670.000000
732088.571429
1207456.190476
686867.619048
681460.000000
781870.476190
752011.904762
711040.000000
1239780.000000
745823.809524
758437.142857
841272.857143
739708.571429
654673.333333
843640.000000
1924730.476190
1034868.571429
813973.333333
1119638.571429
872285.714286
805432.380952
978242.380952
890125.238095
858747.619048
968148.571429
834187.142857
778504.761905
639436.190476
750740.000000
822252.380952
686956.190476
671049.523810
727570.000000
868081.428571
917736.190476
655847.619048
720619.523810
674172.857143
821422.380952
895241.428571
552238.095238
542158.095238
602270.000000
757100.952381
687184.761905
565422.857143
842965.714286
875592.380952
550870.476190
540645.714286
523840.000000
774118.095238
811836.190476
584020.952381
547194.285714
948868.571429
1013691.428571
1156980.952381
1044742.857143
546740.952381
830516.190476
794132.857143
581459.047619
1192137.142857
580491.428571
693725.238095
671748.571429
824403.809524
604194.285714
1019600.000000
650510.476190
1117540.000000
613817.142857
1014148.095238
784715.238095
981714.285714
655210.000000
859430.476190
886192.857143
1052015.714286
575358.095238
1126429.523810
534354.285714
835321.904762
863124.761905
924807.142857
588289.523810
943944.761905
558506.666667
1120195.714286
779992.857143
1037984.285714
1227292.857143
806043.809524
969813.333333
930157.142857
912642.380952
580843.809524
1192891.428571
652866.666667
567710.476190
533034.285714
892008.571429
656760.000000
566560.000000
569817.142857
532405.714286
726436.190476
549344.761905
991299.047619
523761.904762
702885.714286
679704.761905
592386.666667
533032.380952
549714.285714
772163.809524
531624.761905
971866.666667
563449.523810
629468.571429
689733.333333
529072.380952
512628.571429
513948.571429
535780.952381
944923.809524
550331.428571
622259.047619
662150.476190
535415.238095
514369.523810
640339.047619
634870.476190
539588.571429
560455.238095
542232.380952
519982.857143
570500.952381
680666.666667
991470.952381
1292918.095238
1087687.619048
778260.952381
551156.190476
498377.142857
595283.809524
596024.761905
1064948.571429
1013241.428571
521895.238095
566117.619048
534821.904762
1076586.190476
859457.142857
748517.619048
938202.857143
780397.619048
694731.428571
894980.952381
824940.952381
726137.142857
941854.285714
668910.476190
708077.619048
755000.000000
726313.809524
692552.857143
709068.095238
832548.095238
779197.619048
849145.714286
840489.047619
686750.476190
687345.714286
808035.238095
772515.238095
752103.333333
844545.714286
834537.142857
822765.714286
736248.571429
571200.000000
589518.095238
796524.761905
577344.761905
497628.571429
972047.142857
609270.476190
828550.476190
1630040.952381
649108.571429
753289.523810
498729.523810
1081733.333333
1128626.666667
1276388.571429
682251.428571
1032068.571429
508093.333333
640024.761905
867675.238095
950734.285714
658458.571429
731352.857143
769028.095238
1037069.047619
876182.857143
1017657.619048
604344.761905
719449.523810
601386.666667
677920.952381
897967.142857
809465.238095
721773.333333
691459.047619
689917.142857
921849.523810
777938.571429
802592.857143
641984.761905
773032.857143
734076.190476
809929.523810
984122.857143
846134.761905
772333.809524
521923.809524
952827.142857
506558.095238
484118.095238
466676.190476
609582.857143
778198.095238
472451.428571
640904.761905
592335.238095
690727.619048
609220.952381
501984.761905
1066941.904762
779302.857143
520118.095238
467889.523810
1115915.238095
668017.619048
925856.190476
502194.285714
507040.000000
545325.714286
572662.857143
828575.238095
1085630.476190
1034634.285714
501933.333333
646100.476190
1130718.571429
887948.095238
556610.476190
597990.476190
635586.190476
800157.619048
720405.714286
648470.476190
890807.619048
732390.476190
851276.190476
907950.476190
651170.000000
682842.380952
751969.523810
782413.809524
681352.857143
1087776.190476
630717.619048
698574.285714
654037.142857
621822.857143
510960.000000
475809.523810
545592.380952
473390.476190
582862.857143
1252042.857143
481000.000000
536253.333333
529767.619048
496700.952381
479681.904762
585706.666667
541680.000000
469729.523810
485028.571429
