0.990000
0.992500
0.446250
0.431250
0.006250
0.006250
0.001250
0.003750
0.293750
0.560000
0.562500
0.692500
0.191250
0.310000
0.131250
0.006250
0.092500
0.363750
0.451250
0.447500
0.602500
0.417500
0.143750
0.125000
0.127500
0.241250
0.117500
0.161250
0.477500
0.612500
0.466250
0.341250
0.202500
0.296250
0.033750
0.116250
0.180000
0.425000
0.420000
0.470000
0.517500
0.428750
0.236250
0.080000
0.117500
0.272500
0.205000
0.405000
0.378750
0.617500
0.330000
0.112500
0.268750
0.156250
0.151250
0.301250
0.298750
0.632500
0.298750
0.280000
0.316250
0.106250
0.227500
0.215000
0.223750
0.608750
0.405000
0.298750
0.113750
0.371250
0.020000
0.310000
0.501250
0.372500
0.405000
0.263750
0.331250
0.425000
0.176250
0.047500
0.186250
0.317500
0.330000
0.422500
0.316250
0.405000
0.272500
0.335000
0.036250
0.345000
0.156250
0.208750
0.398750
0.332500
0.312500
0.525000
0.242500
0.355000
0.127500
0.015000
0.331250
0.328750
0.436250
0.422500
0.326250
0.446250
0.115000
0.142500
0.208750
0.152500
0.296250
0.401250
0.383750
0.553750
0.238750
0.301250
0.171250
0.165000
0.256250
0.230000
0.337500
0.526250
0.371250
0.343750
0.210000
0.230000
0.205000
0.155000
0.258750
0.511250
0.331250
0.428750
0.286250
0.350000
0.060000
0.243750
0.102500
0.387500
0.408750
0.310000
0.452500
0.332500
0.278750
0.272500
0.081250
0.377500
0.165000
0.285000
0.377500
0.342500
0.385000
0.312500
0.275000
0.403750
0.106250
0.263750
0.231250
0.316250
0.298750
0.311250
0.306250
0.411250
0.252500
0.271250
0.208750
0.288750
0.282500
0.328750
0.278750
0.456250
0.302500
0.255000
0.256250
0.248750
0.168750
0.308750
0.238750
0.412500
0.405000
0.307500
0.295000
0.286250
0.171250
0.278750
0.175000
0.448750
0.276250
0.331250
0.413750
0.276250
0.311250
0.275000
0.396250
0.353750
0.145000
0.280000
0.228750
0.358750
0.346250
0.335000
0.458750
0.396250
0.227500
0.291250
0.140000
0.218750
0.247500
0.255000
0.486250
0.593750
0.286250
0.333750
0.137500
0.285000
0.202500
0.258750
0.270000
0.466250
0.386250
0.341250
0.293750
0.303750
0.210000
0.228750
0.210000
0.365000
0.322500
0.360000
0.210000
0.421250
0.225000
0.316250
0.272500
0.427500
0.161250
0.251250
0.273750
0.496250
0.435000
0.261250
0.258750
0.468750
0.078750
0.286250
0.193750
0.310000
0.525000
0.331250
0.447500
0.406250
0.190000
0.280000
0.110000
0.257500
0.263750
0.340000
0.506250
0.443750
0.285000
0.265000
0.257500
0.290000
0.147500
0.288750
0.422500
0.430000
0.295000
0.231250
0.311250
0.257500
0.221250
0.333750
0.286250
0.465000
0.340000
0.330000
0.310000
0.237500
0.298750
0.297500
0.280000
0.420000
0.318750
0.276250
0.231250
0.352500
0.222500
0.452500
0.476250
0.372500
0.300000
0.265000
0.256250
0.170000
0.247500
0.428750
0.312500
0.472500
0.297500
0.262500
0.283750
0.228750
0.247500
0.345000
0.350000
0.526250
0.236250
0.300000
0.297500
0.188750
0.243750
0.335000
0.373750
0.460000
0.258750
0.366250
0.215000
0.160000
0.300000
0.258750
0.407500
0.443750
0.341250
0.392500
0.190000
0.270000
0.200000
0.271250
0.222500
0.483750
0.192500
0.320000
0.275000
0.480000
0.091250
0.385000
0.300000
0.506250
0.133750
0.380000
0.082500
0.282500
0.488750
0.192500
0.498750
0.342500
0.236250
0.402500
0.135000
0.343750
0.220000
0.278750
0.421250
0.355000
0.336250
0.236250
0.265000
0.421250
0.168750
0.271250
0.380000
0.446250
0.285000
0.182500
0.253750
0.326250
0.241250
0.371250
0.425000
0.386250
0.318750
0.223750
0.278750
0.207500
0.240000
0.336250
0.300000
0.517500
0.288750
0.243750
0.258750
0.255000
0.308750
0.228750
0.296250
0.556250
0.240000
0.277500
0.308750
0.218750
0.275000
0.250000
0.343750
0.485000
0.168750
0.377500
0.292500
0.227500
0.302500
0.211250
0.430000
0.520000
0.193750
0.240000
0.240000
0.202500
0.296250
0.332500
0.470000
0.493750
0.205000
0.243750
0.121250
0.256250
0.340000
0.257500
0.490000
0.491250
0.276250
0.295000
0.212500
0.342500
0.170000
0.290000
0.476250
0.450000
0.275000
0.247500
0.312500
0.336250
0.202500
0.256250
0.447500
0.495000
0.166250
0.315000
0.217500
0.266250
0.290000
0.267500
0.472500
0.406250
0.176250
0.338750
0.227500
0.318750
0.253750
0.277500
0.435000
0.422500
0.280000
0.240000
0.213750
0.331250
0.265000
0.272500
0.375000
0.435000
0.305000
0.273750
0.217500
0.320000
0.217500
0.336250
0.383750
0.403750
0.295000
0.233750
0.303750
0.283750
0.335000
0.213750
0.288750
0.420000
0.156250
0.317500
0.345000
0.301250
0.332500
0.313750
0.357500
0.462500
0.143750
0.173750
0.152500
0.217500
0.368750
0.537500
0.455000
0.513750
0.166250
0.307500
0.122500
0.223750
0.262500
0.256250
0.508750
0.507500
0.266250
0.333750
0.206250
0.287500
0.163750
0.165000
0.362500
0.473750
0.333750
0.372500
0.270000
0.291250
0.236250
0.208750
0.251250
0.325000
0.481250
0.376250
0.070000
0.460000
0.165000
0.288750
0.415000
0.328750
0.335000
0.288750
0.240000
0.227500
0.245000
0.467500
0.152500
0.357500
0.363750
0.291250
0.248750
0.247500
0.281250
0.302500
0.221250
0.538750
0.298750
0.215000
0.312500
0.301250
0.263750
0.267500
0.247500
0.486250
0.207500
0.321250
0.320000
0.161250
0.363750
0.302500
0.228750
0.431250
0.226250
0.387500
0.221250
0.250000
0.295000
0.193750
0.283750
0.466250
0.293750
0.263750
0.235000
0.368750
0.303750
0.205000
0.227500
0.415000
0.263750
0.370000
0.307500
0.301250
0.325000
0.310000
0.265000
0.278750
0.203750
0.320000
0.186250
0.357500
0.316250
0.456250
0.333750
0.432500
0.068750
0.275000
0.325000
0.166250
0.307500
0.330000
0.451250
0.516250
0.216250
0.336250
0.132500
0.232500
0.293750
0.220000
0.467500
0.511250
0.201250
0.401250
0.185000
0.168750
0.226250
0.406250
0.240000
0.417500
0.356250
0.356250
0.433750
0.155000
0.142500
0.286250
0.366250
0.461250
0.168750
0.346250
0.343750
0.308750
0.315000
0.257500
0.308750
0.446250
0.311250
0.321250
0.173750
0.307500
0.298750
0.488750
