1459
695
816
1508
781
629
597
743
752
728
630
585
757
642
600
590
1142
898
721
640
588
775
718
774
603
577
788
593
577
764
1233
614
717
626
578
580
608
575
715
629
591
1116
631
587
575
715
874
641
694
626
856
612
717
633
582
575
771
582
748
611
998
604
585
584
597
588
583
594
578
683
609
580
579
579
580
577
596
584
590
578
576
578
629
588
579
580
578
582
579
577
580
579
683
593
579
582
585
581
579
580
586
586
580
578
624
583
583
579
579
584
579
591
579
576
896
696
596
585
586
579
586
581
581
585
576
583
586
617
588
588
590
584
577
582
581
577
578
585
674
605
583
580
582
578
582
582
585
578
578
608
587
583
594
582
578
582
584
579
580
580
582
687
594
592
578
580
581
598
579
577
583
579
217015
665
437
416
418
422
416
415
413
838
412
412
509
425
418
413
411
413
411
409
414
414
454
414
412
409
408
410
407
408
408
409
416
410
410
483
420
413
411
410
409
413
417
407
437
413
407
408
410
410
412
717285
885
792
505
1078
742
542
585
624
626
432
637
436
553
418
532
599
1516
1051
1296
1164
541
1436
1214
1251
632
1258
995
1214
718
1073
956
3975055
819
604
679
11727
745
958
557
1041
904
782
538
560
542
509
827
636
512
521
1632
849
674
753
1339
1281
1141
672
1061
1950
895
917
730
3872808
992
1584
989
1176
745
939
775
1029
676
992
914
1134
956
788
1174
806
694
994
915
771
944
701
1149
902
703
918
832
746
828
1376
1308
3762357
919
49221
915
24747
1072
938
1037
844
908
892
668
975
951
792
1303
945
797
857
727
758
803
855
1262
659
1487
800
1062
776
650
632
738
3924672
1043
890
868
1065
999
782
929
1022
917
698
915
740
785
716
839
1091
727
866
831
883
767
672
1328
850
695
903
1159
1117
773
732
1244
3836972
935
671
1363
1372
808
1371
1047
826
681
936
861
637
810
937
964
1085
1067
827
1273
829
1173
965
1215
793
792
852
626
710
747
639
596
3393278
670
17215
900
689
974
683
643
568
1306
729
763
934
833
673
745
693
886
662
666
3339
1497
796
859
999
1001
896
870
1166
753
765
651
3700462
1069
789
573
1545
747
578
960
1342
1073
2068
1554
1661
1421
1898
1448
1986
1776
2264
1085
1866
1595
1973
1497
1547
1762
1717
1722
2694
1278
1948
1757
3562238
106643
801
8419
815
894
799
1038
706
5536
639
634
538
2505
1165
1646
1801
2164
1284
2029
1488
1932
1566
1808
1652
1835
1794
1634
1585
2486
1760
1618
3656939
437176
889
15302
950
785
1079
954
963
755
867
890
830
702
817
711
869
750
642
842
960
714
637
547
1755
936
1719
1203
1112
880
869
825
1227
3306321
914
16503
1179
943
765
1742
1050
1020
695
900
822
938
836
955
1214
644
886
1207
942
723
894
652
658
1638
1193
925
732
833
863
1237
3112024
538404
876
929
1330
1056
766
1025
842
691
966
970
756
986
833
1158
669
994
970
938
730
854
1083
901
968
946
641
742
1176
812
631
725
3001161
542959
1180
715
566
1172
959
891
807
741
525
510
535
817
504
532
785
679
525
874
564
1301
921
1259
1166
796
1277
1188
726
1296
680
1159
3791662
940
10053
920
649
7983
961
691
691
611
815
633
1329
1483
644
1530
820
1367
1265
1326
1282
1340
711
1284
603
1540
1216
606
2010
1179
725
1208
48287
3555360
388127
911
12941
1188
1114
1035
1378
1094
1013
833
743
1063
897
600
1005
832
666
840
654
747
1339
773
778
687
1104
899
656
2068
782
729
3396152
792
6087
899
981
908
562
758
593
767
552
1707
1068
884
1447
554
1816
1330
608
1126
1705
1015
1217
551
1233
1569
1345
751
662
1050
1445
729
3664223
57262
1127
120610
835
982
729
589
1053
1258
3296
841
1268
1332
2644
739
2847
736
2011
1648
1925
1446
1633
1862
1556
1575
1768
1675
1692
1929
1667
1820
4070308
1448
882
1541
1274
1199
835
1132
807
1155
984
814
720
1075
759
1112
931
785
751
617
588
750
996
1113
769
863
1405
737
879
910
775
716
3757351
945
781
641
1185
854
716
1054
655
759
1143
810
1818
779
868
709
842
1006
1055
737
1104
927
1603
1113
1268
1225
1035
736
666
1252
1186
567
3716144
1155
1120
1398
1338
851
1437
1219
929
1312
1163
1213
1249
1168
1612
1103
1370
1168
1210
1139
1101
664
875
1688
1233
871
1125
615
988
741
629
583
3656600
1112
2885
878
1407
1062
796
1668
596
1100
1451
1736
2832
566
1109
1883
1354
1795
1821
1775
2026
1316
1275
850
1400
556
1420
1607
1535
1585
1676
1986
3679125
773
872
691
1022
1124
929
1014
987
898
825
561
720
828
571
1130
627
1301
1026
786
706
681
864
1149
741
995
668
814
803
1119
1407
734
3689635
1081
1040
856
1355
981
876
929
669
854
845
670
1157
1130
837
596
743
1433
915
1253
935
789
1034
1505
1525
1129
1459
759
747
719
741
719
3726284
1260
692
1357
1980
840
623
635
1111
875
977
1110
1031
977
880
1012
537
495
2539
1181
1127
1190
1170
1281
1121
1227
1367
1251
1063
1077
986
633
3779923
880
857
658
1755
820
721
1243
1099
1336
1104
1011
986
668
700
1210
1152
919
834
773
902
697
808
1424
1274
1065
976
815
659
2743
682
730
4109638
865
762
13089
913
884
863
766
1172
751
785
695
988
869
758
583
1841
818
636
1398
935
740
1317
1474
869
1087
1682
1172
705
1648
795
596
3632116
454213
899
3722
1033
644
675
3682
1082
1121
960
947
788
894
982
787
642
761
867
619
1582
1075
1590
679
919
1267
1974
858
727
1572
649
1005
3658888
918
77686
1198
761
1409
1338
906
1014
821
691
1033
1091
957
834
1125
969
627
2190
716
791
729
1532
962
1298
1655
1649
889
1784
984
723
1368
3702001
779
385569
905
37919
1104
867
1105
1058
1034
643
1142
1038
954
814
1331
832
989
783
1452
1562
786
924
964
715
593
636
868
865
886
683
700
3514650
894
606
724
34431
1237
878
1140
981
763
1111
913
711
721
594
785
708
596
616
916
727
780
575
2117
628
1105
2010
1154
1489
785
1327
1262
3819397
12233
87685
826
811
786
586
882
650
545
543
1742
1691
1958
1371
661
578
2191
1046
5043
1619
1338
833
685
725
1277
757
778
782
738
648
506
4334214
913
58060
810
946
814
1106
1436
825
831
858
745
744
925
1029
736
667
1211
735
1180
753
812
1111
741
662
1048
1467
798
858
757
1074
626
3944839
989
878
633
1226
1344
835
1350
896
839
607
646
749
735
658
831
1049
1081
1183
822
1046
1097
848
1142
1067
767
847
817
674
725
635
734
3432986
875
610
1028
2095
743
3571
1158
752
584
1332
917
1476
1168
1318
911
980
751
768
1346
1328
734
635
1990
758
749
1411
565
1165
1056
1379
588
3462250
831
907
556
528
1004
1046
658
1154
1337
720
1210
933
625
2017
1814
632
919
948
949
663
1634
724
1378
767
1515
1221
2387
1168
2043
1695
649
3587343
916
43608
1060
792
820
1728
1134
780
1140
1215
788
1317
648
606
757
782
626
851
1311
2109
845
664
1813
702
1001
670
2231
638
1044
857
2192
3497778
695
716
772
526
767
1473
1223
1470
1658
1759
1704
1525
1822
1596
1631
1534
1724
1980
1662
1681
1817
1487
2024
1264
2171
1490
2063
1511
1861
1657
2231
3535266
1431
705
673
913
621
947
942
1867
1476
1947
1550
1607
1846
1547
2010
1436
1704
1575
2037
1550
1828
1629
2024
1820
1473
1625
1950
1727
1985
1608
1765
3450146
977
1101
2000
700
1150
1609
818
2256
1255
657
2028
1227
1545
1647
2026
1385
2224
1584
2017
1434
1660
1619
1670
1535
1883
1777
1550
1684
1729
1551
1907
3408744
737
520
920
5629
813
764
737
624
1176
843
814
880
618
502
1962
1232
492
801
954
1121
1155
988
1145
1090
1451
1268
1315
692
1106
1072
1004
3450770
1127
724
1071
1397
1076
1035
1007
753
621
1132
908
900
636
1053
1108
758
977
639
597
638
933
3407
1524
785
784
637
872
974
789
1681
1198
3612186
995
1140
881
947
948
802
1075
774
1050
1172
745
738
776
634
581
822
974
829
1782
1119
1247
673
1171
1602
872
1368
1439
859
1621
1191
636
3741166
1151
933
1394
987
914
1030
690
616
843
1120
716
900
649
1347
920
792
675
1087
727
592
635
542
1023
881
642
817
712
542
1015
1433
1268
3696434
917
844
550
763
892
2173
668
694
701
2389
1613
1473
2314
1503
1843
1259
1417
633
1269
1267
1535
1594
2346
1309
1488
1543
1793
1606
1861
1551
1663
3492143
973
921
687
765
981
935
699
1215
963
1163
858
897
619
622
618
606
1036
1734
1270
1962
1419
1531
1560
1305
1535
1783
1697
1637
1720
1245
1831
3570571
838
810
749
671
1196
893
912
707
1011
640
661
747
693
753
1505
1032
1488
1865
1885
1532
1869
1561
2127
1011
1591
1640
1838
1452
1563
1762
2084
3453770
792
25554
790
25048
864
735
564
935
844
953
863
733
522
948
637
546
522
756
599
651
1506
579
1163
1076
1461
1031
1256
570
1137
1095
1148
3492534
698
671
558
8313
822
1037
1004
3286
1619
575
1403
1851
2074
1293
1960
1434
1791
1956
1809
2075
1823
1368
1790
1677
1648
1560
2143
1820
1569
1891
1773
3530908
763
670
806
614
1198
894
829
872
628
1058
913
722
779
1018
774
554
543
1308
1741
1310
838
1468
912
842
587
1076
1580
1793
1061
915
743
3351596
938
776
884
9325
927
8487
1021
829
596
1263
1036
1218
831
998
1063
755
791
816
1026
985
724
625
1692
1378
808
877
757
659
2734
694
725
3511836
998
839
1028
1401
1145
831
779
964
1310
845
1171
1181
1179
915
876
890
850
657
892
709
775
834
960
755
935
798
755
623
592
877
725
3581746
858
4993
1051
1069
843
1115
1171
1003
747
823
1445
1010
694
1665
728
1368
790
1481
760
601
1426
1375
1021
621
2311
1386
829
569
1236
636
542
3362738
1227
870
1506
1064
1101
1155
1002
802
633
1062
903
879
670
1062
735
905
638
908
738
788
589
1067
1133
778
950
600
917
1873
667
896
1203
3766057
937
648
25271
956
1120
899
1245
2188
722
853
929
974
720
996
2253
721
852
727
958
1290
1481
1023
1556
857
1084
846
1785
680
683
593
1374
3787870
384129
708
1228
1027
877
617
1214
1546
725
685
874
1050
1216
942
744
862
791
858
749
860
760
828
711
793
727
768
895
681
792
1468
985
1465
3586393
763
1050
893
887
611
792
1240
781
557
787
986
834
774
597
714
865
720
918
1591
755
601
1642
1510
841
2160
779
614
667
1775
1107
1058
3439834
902
48469
999
1038
927
690
1170
1077
920
850
840
610
1029
809
905
768
816
845
1400
787
639
2659
1025
1454
1119
1090
826
1105
951
773
3155042
499156
837
813
768
745
654
36756
1139
1075
1095
1030
1026
828
982
859
1070
814
1147
845
821
609
917
686
708
736
853
978
908
760
760
970
3146441
384120
846
52663
945
819
679
702
682
13792
1164
705
816
993
914
1102
872
947
1036
972
744
1083
981
1274
841
1095
820
1067
648
727
632
698
3408012
447563
1057
1090
1084
1166
1131
825
821
790
842
1036
673
664
846
947
592
1342
951
820
629
988
985
1037
1090
901
813
653
1623
837
972
1282
3250569
448327
786
1045
768
1195
981
863
968
994
1014
882
1183
829
1237
1106
861
641
651
909
868
892
856
660
1339
767
1460
851
589
542
679
577
2997603
455867
912
753
635
17085
854
1125
668
1481
1043
959
1082
811
999
812
1482
792
699
1352
855
712
1063
1215
973
924
739
586
871
644
581
605
3126023
493074
1045
1035
1022
1121
900
970
765
884
653
707
936
787
882
572
857
748
782
734
638
569
925
2574
996
1409
1228
956
815
775
631
597
2928912
483062
830
1052
1362
810
884
1053
848
921
1046
772
777
761
738
756
748
842
827
807
794
587
1947
755
729
1863
1639
1559
1845
2023
1507
757
3110014
454525
918
33199
929
5312
1360
671
778
867
708
1013
1416
1461
1698
922
1265
1778
1654
2050
1462
1576
2038
1464
1901
1365
1853
1605
2040
1865
738
1329
3289162
465702
904
13314
1030
1296
874
1242
699
836
1114
814
616
1143
1080
709
596
786
1859
931
637
1705
1930
1322
1535
1834
1171
889
844
1268
2172
1669
3154357
526396
705
885
604
1154
903
823
817
1343
802
694
796
891
700
880
653
1000
616
799
497
1700
760
858
1698
617
620
2285
2284
1357
1319
1427
3076080
502472
1293
889
787
1261
1161
1082
1474
831
1403
1175
796
601
725
1038
986
642
739
621
1422
3695
935
743
1160
904
830
635
2534
1377
1759
1802
2672514
464113
815
1110
905
1285
1218
805
738
894
1246
969
957
833
673
648
710
1010
1151
779
862
828
645
893
980
1056
665
594
609
1537
1340
633
2798941
441881
1137
826
746
1539
845
1047
759
678
600
546
903
1242
1518
1121
1395
573
1375
951
1366
617
1850
562
2570
1213
1494
1224
1813
1739
1516
1550
2876072
460666
789
1011
1194
853
871
958
893
926
698
669
1599
1021
1211
1098
786
810
782
783
639
715
1595
1347
2064
1291
1342
1672
1572
2211
1188
2083
3099151
419644
901
836
768
1524
859
1026
596
654
662
797
637
695
1201
1505
1652
2229
1614
1804
1898
1530
1835
2092
1349
1157
556
2505
1024
2177
1489
1764
2914479
574297
1251
769
1424
1276
1004
818
1220
856
640
1046
849
611
788
1091
772
605
705
2040
1736
1039
643
1660
816
611
2030
881
3165
955
1070
752
2544042
460015
953
662
1304
1134
1021
651
2099
1760
2081
2029
2044
2687
1911
2078
1470
2157
2063
2016
1973
2226
1701
2140
1905
1965
1734
2376
1659
2199
2421
2153
2771771
422794
827
812
1034
784
796
4687
1010
1013
1508
2084
1628
2233
1866
1781
2404
1742
1651
2229
2146
1857
2024
1803
1934
2182
1632
2488
1691
2179
1929
2549
3720456
1070
757
883
1017
789
656
1520
1975
2255
1612
1949
1754
2089
1513
2938
1788
1909
2503
1829
2234
1513
2636
1743
2041
1933
1454
2250
1412
2494
3384
2251
4205254
943
653
755
648
3671
1302
804
3433
771
2039
1782
3037
1667
1991
2100
1815
1898
2028
2197
2056
2224
2067
2166
1676
1638
2162
1698
1787
1656
2486
1563
3619866
768
722
608
657
3089
623
1647
1780
4662
983
1745
600
3499
596
3463
1565
1251
2039
2028
1599
1854
1975
1950
1730
1689
2120
1603
2219
1375
2353
1490
3696575
929
654
33343
947
662
750
631
3951
779
2523
1280
3498
756
2740
658
4486
840
2973
1190
1350
1806
1705
2759
1577
2221
1906
1811
2163
1547
2669
1586
3502226
372780
900
19493
1097
1038
903
1705
883
1467
679
741
593
665
1100
807
599
1058
1035
1052
744
910
1719
951
637
1095
1701
1458
1235
2143
1414
1333
3467825
926
46131
945
1013
1337
1295
983
641
756
636
3038
890
894
786
601
2033
901
999
1872
867
1169
962
645
1034
857
1746
957
801
1300
1390
1194
3994433
816
794
796
967
912
921
657
682
1698
962
1561
637
1311
1481
842
619
1671
1258
1031
2078
1575
1256
936
812
807
2120
805
813
1414
1610
745
3333800
1051
839
963
1200
972
850
885
1195
941
795
791
1526
1460
872
705
1618
686
1824
934
1352
1672
1533
827
923
1902
819
603
2004
837
1257
1193
3378372
958
929
769
642
884
23251
952
937
838
1016
1120
1040
899
675
1035
792
910
1013
749
808
846
1704
632
2960
889
1018
865
786
919
658
1071
3061911
49468
462697
917
22925
919
2577
887
918
626
1249
1757
776
2111
1590
818
642
2300
1248
1360
1663
786
1751
1467
869
1476
1139
2094
1404
1111
1538
666
3715766
826
832
753
1243
861
700
1936
1346
665
855
863
808
614
912
769
992
1048
1552
1578
1422
1672
878
757
1725
2393
1114
825
1679
1742
1159
1248
3605750
791
2125
1390
1386
2169
1195
2695
1251
1014
2391
1149
1827
1028
1740
1690
1413
1946
1709
1673
2022
1390
1811
1672
1506
1565
1574
1938
1012
1290
1303
529
3432103
1002
1118
967
1048
1077
713
599
845
609
744
729
592
613
1944
1603
1581
1833
1672
1547
1761
1756
1681
1865
1866
1385
665
1140
1718
1041
836
593
3378090
780
59719
693
1107
1006
854
907
560
801
1660
746
693
917
1201
688
5328
866
644
838
672
513
1813
580
1128
3234
749
736
747
1090
1442
529
3699700
888
1313
1171
1075
922
945
820
715
862
909
603
1402
1094
774
662
646
680
835
1087
654
1340
839
1487
1752
1012
810
804
1191
1945
668
586
3495421
901
1125
966
1132
1255
998
847
651
629
1258
871
1180
792
790
655
741
689
736
1022
1192
924
1150
1026
1055
894
649
858
842
675
589
838
3651167
788
8471
849
766
592
721
1335
1008
858
923
857
754
653
613
892
2600
705
584
899
1943
900
715
927
651
2029
1364
937
973
920
799
588
3825529
872
908
1360
991
1171
755
617
784
1363
755
597
938
804
1017
897
909
730
757
851
1335
844
925
891
1217
824
963
962
721
839
905
1404
3867124
925
15586
942
8284
965
968
996
819
1593
1037
1033
1020
1118
802
1017
950
597
943
1065
755
722
765
1861
887
843
1010
1408
915
971
754
594
4044020
916
29513
836
1119
1454
846
899
848
938
848
777
886
1180
1030
730
673
726
834
737
632
941
649
638
1325
1457
1051
957
1126
728
1830
663
3965553
1901
887
1153
1018
1176
802
791
735
1291
881
1143
945
1012
1051
1073
817
624
647
867
803
633
1021
1113
768
811
832
1004
748
639
785
611
3726917
173703
725
700
606
5544
742
843
906
940
614
547
823
1034
739
595
1945
1122
566
1779
3216
977
842
1067
798
623
1819
1816
1696
659
1543
631
4224280
1042
951
1086
944
997
945
1165
800
1087
830
1000
717
951
785
865
952
657
665
610
1922
716
594
1405
1882
1065
1849
1023
924
1001
1785
772
3758044
734
737
720
90107
779
1740
905
1113
743
730
1330
704
661
624
866
1478
615
1331
1830
1318
657
1206
1833
620
1542
2059
1135
1122
1496
1557
1239
3734121
749
721
590
39843
794
1011
598
599
1289
796
932
975
971
729
554
787
844
729
1035
978
834
1526
3450
1019
801
652
1007
1679
771
639
1743
3804918
833
1016
1009
1191
851
815
624
845
1039
1002
798
595
750
734
706
815
865
893
1929
1364
879
1454
1015
1455
1354
935
1475
1321
1382
1279
618
3688439
933
12213
884
33494
1126
1721
1040
1122
924
853
1031
807
914
831
977
1052
914
703
619
1304
662
910
638
710
667
721
1554
634
1252
2152
865
3643653
900
53667
1022
831
604
1372
832
810
644
585
1075
1947
997
739
2018
851
597
1277
1288
1426
1571
667
701
1916
1323
1946
849
3006
1032
569
631
3703509
1737
39025
1025
850
1106
1053
1018
950
1061
1020
720
908
788
624
769
953
744
907
853
798
1456
850
891
1470
1615
1526
1120
674
1021
1697
1537
3486810
861
597
563
12851
1014
733
794
1272
575
1619
1629
877
1147
1516
1272
741
1295
1809
1282
1293
1239
610
1983
1284
3182
1499
823
569
730
637
1780
3643166
833
567
1404
2716
667
543
1639
1771
1893
1971
1408
1744
1628
1856
1634
2464
1578
1886
1876
1775
1845
1828
1935
1574
1936
1649
1831
1891
1991
1875
1791
3753701
1791
1112
1293
919
986
797
1090
783
830
759
596
622
801
823
919
1018
793
796
828
851
801
1013
1113
756
998
731
597
1541
985
1462
760
3615910
896
15787
906
8099
999
1282
679
1058
725
684
1185
855
870
1695
969
1009
847
1576
837
1188
1512
864
843
1068
889
1321
1459
637
1016
1390
1335
3529482
Xput: 9170
