0.993333
0.830000
0.836667
0.763333
0.776667
0.766667
0.796667
0.766667
0.240000
0.003333
0.000000
0.000000
0.006667
0.003333
0.006667
0.006667
0.003333
0.733333
0.586667
0.583333
0.536667
0.560000
0.516667
0.560000
0.526667
0.253333
0.226667
0.260000
0.236667
0.236667
0.260000
0.273333
0.256667
0.240000
0.466667
0.326667
0.316667
0.273333
0.300000
0.283333
0.313333
0.296667
0.270000
0.236667
0.273333
0.260000
0.263333
0.256667
0.256667
0.250000
0.253333
0.386667
0.296667
0.323333
0.256667
0.293333
0.313333
0.313333
0.283333
0.240000
0.276667
0.253333
0.243333
0.273333
0.236667
0.266667
0.266667
0.270000
0.356667
0.293333
0.323333
0.290000
0.283333
0.283333
0.283333
0.283333
0.256667
0.283333
0.270000
0.246667
0.276667
0.280000
0.260000
0.243333
0.233333
0.356667
0.270000
0.290000
0.290000
0.253333
0.276667
0.290000
0.320000
0.266667
0.300000
0.290000
0.296667
0.286667
0.276667
0.263333
0.253333
0.230000
0.370000
0.246667
0.260000
0.286667
0.280000
0.270000
0.260000
0.300000
0.293333
0.266667
0.266667
0.300000
0.286667
0.300000
0.293333
0.270000
0.236667
0.396667
0.270000
0.276667
0.286667
0.270000
0.270000
0.266667
0.260000
0.286667
0.256667
0.253333
0.280000
0.306667
0.303333
0.283333
0.240000
0.276667
0.363333
0.246667
0.286667
0.253333
0.283333
0.276667
0.280000
0.266667
0.313333
0.266667
0.270000
0.266667
0.286667
0.276667
0.283333
0.256667
0.283333
0.386667
0.250000
0.286667
0.303333
0.273333
0.263333
0.243333
0.280000
0.283333
0.243333
0.270000
0.240000
0.283333
0.273333
0.313333
0.266667
0.300000
0.423333
0.300000
0.293333
0.296667
0.273333
0.270000
0.246667
0.276667
0.273333
0.230000
0.270000
0.276667
0.270000
0.243333
0.286667
0.286667
0.266667
0.406667
0.306667
0.296667
0.313333
0.300000
0.286667
0.253333
0.283333
0.286667
0.270000
0.270000
0.266667
0.260000
0.253333
0.243333
0.270000
0.256667
0.376667
0.286667
0.313333
0.306667
0.283333
0.250000
0.293333
0.270000
0.263333
0.276667
0.246667
0.270000
0.286667
0.276667
0.250000
0.280000
0.266667
0.373333
0.270000
0.280000
0.280000
0.283333
0.270000
0.290000
0.290000
0.253333
0.283333
0.286667
0.260000
0.260000
0.253333
0.276667
0.250000
0.243333
0.373333
0.240000
0.276667
0.283333
0.320000
0.273333
0.303333
0.303333
0.300000
0.286667
0.280000
0.270000
0.266667
0.253333
0.276667
0.236667
0.236667
0.366667
0.270000
0.263333
0.256667
0.290000
0.293333
0.276667
0.280000
0.303333
0.286667
0.300000
0.293333
0.280000
0.260000
0.306667
0.263333
0.263333
0.346667
0.270000
0.256667
0.263333
0.256667
0.273333
0.266667
0.263333
0.283333
0.310000
0.313333
0.256667
0.280000
0.280000
0.283333
0.280000
0.253333
0.370000
0.283333
0.516667
0.246667
0.286667
0.270000
0.266667
0.270000
0.266667
0.263333
0.266667
0.506667
0.556667
0.526667
0.520000
0.570000
0.546667
0.640000
0.290000
0.280000
0.243333
0.283333
0.266667
0.260000
0.263333
0.260000
0.253333
0.516667
0.510000
0.550000
0.520000
0.510000
0.560000
0.566667
0.650000
0.313333
0.286667
0.240000
0.280000
0.280000
0.260000
0.263333
0.266667
0.253333
0.266667
0.253333
0.273333
0.266667
0.256667
0.283333
0.303333
0.390000
0.300000
0.276667
0.283333
0.256667
0.260000
0.280000
0.236667
0.280000
0.266667
0.280000
0.256667
0.283333
0.270000
0.276667
0.266667
0.283333
0.386667
0.313333
0.286667
0.296667
0.263333
0.260000
0.286667
0.280000
0.273333
0.243333
0.236667
0.280000
0.260000
0.246667
0.276667
0.240000
0.280000
0.383333
0.330000
0.293333
0.333333
0.286667
0.303333
0.303333
0.283333
0.273333
0.256667
0.230000
0.263333
0.256667
0.233333
0.270000
0.280000
0.263333
0.353333
0.316667
0.306667
0.296667
0.263333
0.303333
0.303333
0.303333
0.300000
0.280000
0.240000
0.276667
0.270000
0.263333
0.263333
0.256667
0.253333
0.346667
0.276667
0.296667
0.296667
0.250000
0.296667
0.326667
0.306667
0.283333
0.250000
0.280000
0.260000
0.250000
0.273333
0.240000
0.266667
0.266667
0.370000
0.276667
0.290000
0.290000
0.286667
0.286667
0.310000
0.280000
0.283333
0.266667
0.283333
0.266667
0.246667
0.273333
0.283333
0.273333
0.243333
0.346667
0.290000
0.260000
0.263333
0.283333
0.256667
0.296667
0.290000
0.323333
0.273333
0.300000
0.296667
0.293333
0.283333
0.273333
0.276667
0.253333
0.320000
0.280000
0.240000
0.246667
0.270000
0.290000
0.270000
0.260000
0.306667
0.300000
0.270000
0.273333
0.296667
0.286667
0.296667
0.303333
0.270000
0.310000
0.290000
0.263333
0.266667
0.256667
0.263333
0.266667
0.266667
0.273333
0.293333
0.270000
0.263333
0.276667
0.300000
0.293333
0.303333
0.240000
0.336667
0.270000
0.246667
0.280000
0.236667
0.266667
0.280000
0.283333
0.266667
0.316667
0.280000
0.283333
0.270000
0.296667
0.270000
0.296667
0.266667
0.356667
0.286667
0.243333
0.286667
0.280000
0.260000
0.256667
0.246667
0.283333
0.286667
0.253333
0.280000
0.240000
0.293333
0.270000
0.316667
0.280000
0.400000
0.330000
0.290000
0.293333
0.270000
0.263333
0.263333
0.243333
0.283333
0.276667
0.236667
0.276667
0.286667
0.280000
0.243333
0.276667
0.300000
0.366667
0.313333
0.293333
0.286667
0.296667
0.293333
0.280000
0.253333
0.286667
0.290000
0.270000
0.273333
0.273333
0.263333
0.256667
0.240000
0.276667
0.376667
0.290000
0.280000
0.296667
0.303333
0.283333
0.250000
0.283333
0.270000
0.260000
0.280000
0.246667
0.280000
0.286667
0.286667
0.243333
0.283333
0.370000
0.310000
0.270000
0.280000
0.280000
0.283333
0.260000
0.283333
0.270000
0.250000
0.283333
0.286667
0.270000
0.260000
0.260000
0.273333
0.256667
0.343333
0.313333
0.243333
0.280000
0.280000
0.310000
0.270000
0.300000
0.296667
0.290000
0.286667
0.273333
0.280000
0.266667
0.256667
0.276667
0.240000
0.326667
0.306667
0.283333
0.276667
0.246667
0.283333
0.286667
0.266667
0.276667
0.300000
0.290000
0.293333
0.300000
0.283333
0.256667
0.306667
0.270000
0.336667
0.286667
0.273333
0.266667
0.263333
0.246667
0.273333
0.263333
0.263333
0.290000
0.300000
0.293333
0.283333
0.256667
0.293333
0.283333
0.250000
0.343333
0.260000
0.280000
0.276667
0.283333
0.250000
0.280000
0.256667
0.260000
0.280000
0.513333
0.510000
0.553333
0.553333
0.543333
0.273333
0.270000
0.340000
0.290000
0.246667
0.273333
0.246667
0.283333
0.270000
0.283333
0.263333
0.293333
0.276667
0.283333
0.293333
0.290000
0.286667
0.283333
0.273333
0.356667
0.296667
0.243333
0.266667
0.286667
0.283333
0.243333
0.253333
0.280000
0.270000
0.263333
0.300000
0.273333
0.296667
0.290000
0.303333
0.266667
0.396667
0.346667
0.273333
0.270000
0.280000
0.280000
0.253333
0.243333
0.270000
0.263333
0.246667
0.286667
0.296667
0.290000
0.263333
0.270000
0.293333
0.356667
0.323333
0.276667
0.256667
0.290000
0.293333
0.273333
0.250000
0.280000
0.276667
0.273333
0.283333
0.270000
0.266667
0.260000
0.250000
0.293333
0.363333
0.296667
0.283333
0.293333
0.283333
0.286667
0.243333
0.286667
0.256667
0.256667
0.276667
0.256667
0.270000
0.276667
0.286667
0.260000
0.303333
0.366667
0.330000
0.286667
0.283333
0.283333
0.303333
0.256667
0.283333
0.250000
0.253333
0.276667
0.293333
0.256667
0.243333
0.260000
0.283333
0.276667
0.353333
0.336667
0.273333
0.296667
0.300000
0.330000
0.260000
0.296667
0.273333
0.283333
0.273333
0.276667
0.256667
0.253333
0.250000
0.270000
0.270000
0.336667
0.320000
0.300000
0.286667
0.280000
0.303333
0.283333
0.273333
0.246667
0.283333
0.256667
0.290000
0.273333
0.273333
0.260000
0.280000
0.280000
0.346667
0.293333
0.273333
0.260000
0.273333
0.273333
0.280000
0.283333
0.246667
0.280000
0.293333
0.286667
0.263333
0.243333
0.280000
0.263333
0.246667
0.346667
0.263333
0.270000
0.273333
0.290000
0.276667
0.316667
0.300000
0.290000
0.286667
0.296667
0.276667
0.276667
0.243333
0.280000
0.260000
0.240000
0.336667
0.296667
0.256667
0.243333
0.256667
0.300000
0.286667
0.280000
0.296667
0.276667
0.303333
0.300000
0.300000
0.250000
0.286667
0.283333
0.273333
0.333333
0.283333
0.256667
0.253333
0.246667
0.293333
0.280000
0.250000
0.293333
0.306667
0.310000
0.273333
0.263333
0.280000
0.253333
0.253333
0.276667
0.320000
0.303333
0.273333
0.276667
0.250000
0.290000
0.276667
0.276667
0.280000
0.280000
0.293333
0.273333
0.246667
0.280000
0.256667
0.246667
0.276667
0.353333
0.296667
0.263333
0.246667
0.280000
0.263333
0.256667
0.276667
0.253333
0.276667
0.300000
0.303333
0.260000
0.306667
0.276667
0.286667
0.280000
0.360000
0.286667
0.293333
0.250000
0.273333
0.256667
0.250000
0.266667
0.283333
0.256667
0.283333
0.286667
0.286667
0.276667
0.260000
0.293333
0.273333
0.376667
0.290000
0.310000
0.263333
0.280000
0.276667
0.280000
0.266667
0.270000
0.256667
0.276667
0.290000
0.280000
0.270000
0.246667
0.276667
