1959
908
1114
651
830
1240
1041
625
745
881
577
1446
567
991
618
1050
616
220386
293346
187818
254760
258014
215883
240662
276218
231497
209611
273779
186773
277942
201212
290586
206126
271451
191244
264879
203735
239513
276579
202192
290872
202606
287501
211043
288204
213496
247393
298690
230161
193317
268778
187664
266934
205727
292050
204361
280747
194016
240573
268649
223639
193828
259289
288895
236728
203846
281237
213182
287971
251916
282991
236853
196710
242064
288584
261955
217853
297084
203805
286797
195269
273526
191900
259562
194787
257805
199607
236109
271929
191521
281556
195757
272500
202911
275381
197623
246628
278102
241092
191961
273655
185485
272150
191005
264197
189808
286392
199069
236169
266307
219596
181821
229152
264828
223603
189792
271506
187867
263211
185945
247522
232379
192118
230169
276851
227532
211696
263550
185994
275259
193496
264331
190009
275198
186776
264855
188035
217470
269001
183935
273137
191824
256303
185990
269714
182722
223766
264489
225027
186657
267884
188145
267447
187216
267862
186589
258518
178687
231199
262089
227360
182382
235419
276170
227324
200207
285183
201155
294775
191924
285149
228075
199774
241870
292516
234124
194860
270571
193768
277741
190770
276532
192241
281995
198802
288200
196202
229432
272259
186247
267881
194697
264902
182222
267543
190292
233400
271485
232645
183171
277136
195191
278468
189460
275932
199979
270343
188259
211147
275524
231845
184920
217197
266459
231190
177105
264541
197612
288466
201570
284753
229604
185222
226281
265462
241064
195882
280224
180441
272498
188373
280386
186267
268186
196095
279134
197277
251251
275769
188799
265940
186431
267199
199874
287016
192606
235894
268672
239436
194431
280984
196527
284842
204247
290316
202757
284225
193726
232916
285300
244864
192292
228944
274083
232427
183952
272703
184453
273258
188173
276202
236083
194879
222598
273397
231226
186436
318006
187762
271152
185519
273986
252860
263916
204171
276381
204891
252609
283922
201354
276740
204809
297469
212217
286402
204223
257179
285168
238556
207201
280424
194315
263184
183966
302868
190307
261138
188753
285207
263782
265845
193260
231561
270760
219075
184985
260113
194132
283060
194368
281538
228493
191340
231287
280445
222030
195239
268113
184075
282144
186258
267534
182346
257802
197896
295591
192154
256327
287527
196625
267527
183838
249157
182375
269715
194027
245784
291502
219861
183057
252696
195393
275553
196889
278728
195760
279573
196584
243273
281772
222590
193284
240512
275835
220961
201463
261203
191566
247851
190102
262622
234241
194727
239885
275307
232002
191088
271653
199801
271091
193161
280410
196592
281823
198076
274921
194603
246867
285878
197402
341015
207357
277762
194943
294877
203454
251111
285308
234526
193900
285358
193743
283119
196831
282699
205947
275006
205786
252410
295481
241250
202285
249045
281016
235533
203992
283560
211366
293286
218291
301849
255251
213631
272318
314503
252516
206957
292074
209876
288749
213956
295253
217977
288504
245400
265978
185901
231888
263843
194627
262887
185600
275361
180654
275050
186906
234619
261390
220049
190170
252348
196977
264937
189289
250995
182896
251477
194315
226341
264019
217301
184872
223390
261630
208887
188321
251744
191214
247089
169692
250605
204276
183550
281026
243365
203452
181004
237876
166497
250236
180993
256789
184537
257175
190305
265114
189316
217750
256913
186028
272710
186821
288832
209431
320792
185260
226874
300581
249143
199586
294032
198901
284029
194698
273253
202117
268829
195224
234740
278290
226304
204130
258211
285426
234465
205976
284357
193074
278580
202098
277969
230154
202223
259638
291019
246095
199530
288332
208572
282076
203018
317368
192852
257569
189107
253056
186038
219066
260026
174845
252223
176064
255858
172942
246957
178690
210355
238738
203212
181855
256102
224743
304531
215925
250572
176156
242992
172083
212514
258607
192934
171237
217199
267585
207470
169692
260493
174417
245929
174224
237770
195629
163984
219885
245972
216904
178848
253777
170383
258004
177790
260429
176543
249087
174196
249088
170354
213843
266197
185974
260809
181462
247812
167064
258169
174758
244386
252017
227320
175089
232956
169470
246726
185996
248177
180145
252213
186232
233681
240777
203857
187343
213544
255927
215265
182535
237880
172939
252459
176950
237349
201010
173188
231422
291668
240939
200541
276621
195172
277060
190168
285964
195358
274270
188385
278167
192384
237493
278330
196404
278886
192418
278061
192112
274223
192444
229014
274674
242797
197262
282036
202229
276850
198845
270642
192996
287159
196386
242239
282419
221482
189841
237909
273817
272732
198664
276137
198542
279661
193643
281386
243662
193556
248603
279389
237569
198874
280902
191546
278088
196718
275624
200299
274097
265192
293003
190577
238733
272777
203668
287550
199782
274408
197038
280792
195480
236967
270598
235948
198936
270269
203040
270717
199198
276734
195905
263769
209235
253356
278027
223401
207628
273808
290539
248954
212944
289360
213473
286665
213026
287049
248094
215756
255958
296478
248660
211386
292644
200679
269521
194940
277638
199872
288842
215193
281477
195556
274919
283509
196254
283269
195841
285517
196389
333595
181663
223110
267874
228710
187880
269829
197804
267220
182239
259688
183903
270240
182217
230679
258201
228161
202916
256662
289142
244500
199396
275511
203854
277601
201341
283549
241821
204464
244296
287511
237140
200210
280962
202562
276010
250264
286652
200103
292926
248471
280710
190091
238202
283250
200954
279758
209093
278981
187365
277538
188268
249708
284572
236712
198130
282255
196781
283170
194867
260551
190765
276548
192810
248705
281080
234906
198117
224368
282697
237034
202608
278913
191974
259607
196989
267130
231743
191306
248065
277899
215613
199438
267976
190875
254265
172031
256277
194018
274666
198724
279451
193959
228274
255639
188388
273662
185016
267850
188943
276943
187147
226538
268946
229217
193433
277686
212505
275993
203499
263828
187916
276247
195550
242249
261937
220646
183381
225582
268641
227261
189438
259111
182407
269478
200138
278988
251434
196964
260103
291386
245820
215289
291866
206988
296941
210631
289176
205628
285434
195635
274515
183424
233634
273086
183909
271312
187633
268600
187323
276061
182208
228682
266958
223349
192443
266772
187418
268728
185150
270814
182807
269451
184783
227393
260996
220985
192824
228550
272685
225284
183937
274759
190951
270570
198193
277909
230956
181974
229000
267298
235205
186947
269436
186223
275925
189884
260937
179942
276855
189036
271043
189731
230052
263708
186479
252668
187872
258353
184778
274933
195441
253104
287858
234362
202287
282076
198215
277689
206771
291989
213746
286162
191669
232818
284729
247410
201151
261714
299254
251063
202607
293879
214532
331270
218579
299127
254798
203856
262214
298008
245723
222287
299973
209969
301246
210749
306922
210000
292955
217253
300631
219416
265609
294051
210604
293040
200249
293837
230955
301058
195680
246288
280826
227987
201496
280670
196155
271180
200393
277821
202440
298469
212047
249699
284530
249881
248565
241279
285416
231727
203866
294225
230069
296600
211383
343971
230847
207633
243390
292214
235401
203450
297446
199939
279646
199143
290064
202007
286113
242596
283700
197769
239736
280580
199724
286967
204787
281256
197445
291873
201277
242600
288673
239626
205120
324610
194263
288065
203700
280696
195332
295947
225139
288411
292217
235743
191476
244007
277626
226071
192178
290029
208594
281125
222353
285306
225339
206509
251946
286941
231565
196220
277597
189520
275223
198617
286298
208897
282091
206399
294567
200327
249201
269512
201014
271100
202949
342978
201815
282071
194613
242422
290777
246428
203802
292557
215540
284570
203934
290919
203015
268789
211014
246698
295975
235120
200384
257977
293926
241121
214181
282846
188978
261564
194381
270536
228200
189475
234249
276383
251632
197647
281326
192100
270979
198694
271539
183197
278832
194738
259853
185256
221570
255299
179151
255786
186177
279282
188454
332096
194761
252313
256343
218663
180709
257355
178700
241881
181789
239994
174034
236332
162533
208960
236273
200765
178141
223031
255967
233749
211268
262977
198581
290289
205005
282038
236227
180527
242135
287470
227124
207563
287534
184734
237643
171542
244749
181547
251671
182185
244882
179436
207445
253090
176147
290706
198253
289712
203328
290339
212205
239160
289927
237683
210193
287461
201554
294218
204475
286128
193416
277467
203021
238607
289783
245711
240375
266683
290747
245789
210702
293330
211160
299882
225897
286539
263697
218214
276972
301720
260677
208286
302715
208080
291496
207212
298827
210024
326747
211782
287124
241745
272731
293473
215737
285121
193647
289764
202137
281940
199989
246971
290003
229805
194828
281373
192853
278545
199416
272446
194081
283274
200145
241515
279482
234735
194727
243175
274145
231523
193308
274344
195992
276773
193150
280730
233396
192714
238935
274997
230708
191307
271395
195469
273220
189659
277933
187897
277827
194680
273758
193485
238162
268648
196327
280509
197034
284633
200256
269419
193377
238787
258779
231020
196710
280254
195119
282562
189232
254332
184343
263901
238158
217038
252719
222103
181174
217347
241804
219069
179246
260369
178257
251820
174135
252707
233937
196288
217207
254411
216800
195279
245491
188422
248483
173299
259408
177829
257158
191450
261565
192688
210274
256100
181047
243507
179478
257130
176362
244923
199394
247660
250561
237006
186722
262416
186672
275121
182404
254821
175748
254866
235977
262327
294493
242010
184795
215224
274111
232889
237802
281921
196582
321559
194809
330976
222918
203124
250264
288701
224632
183788
275573
195188
272164
200007
280596
197197
258234
195950
281055
199216
238787
278943
208119
281205
197994
285108
198359
303804
200455
247830
282009
241128
198105
278256
189751
274955
183027
280772
196477
296549
196502
240081
278668
235121
203721
260400
278381
243582
199076
301936
196258
275063
204325
295327
243193
199531
240353
280142
235507
192372
284450
209136
293904
190931
285849
195169
283597
195069
298804
200497
245542
290518
192081
283900
199229
265477
195170
293563
185573
249238
293757
246406
209761
272753
204433
297439
205473
294956
205834
281612
204913
254079
276475
235354
193764
256180
293496
212606
188565
261181
162033
258262
187189
267704
220792
180382
222574
262312
219834
221472
283974
204943
289465
204433
284423
232258
271052
186586
259840
183868
228967
262152
186460
255597
197590
260985
184105
267996
191380
224114
274043
224507
191849
253819
189675
262475
181821
260063
187532
264804
182101
235366
274358
229748
211622
245722
284262
235521
197137
265255
202186
330163
192314
256235
227630
200598
226827
277361
217690
177704
246235
192801
252131
195051
255445
186545
239984
185133
251162
179237
215667
245417
187984
263384
193093
256024
181211
257486
173226
214161
238500
225898
185014
246066
185683
255143
179032
258805
184030
258851
188301
252597
258236
216680
181036
223736
244307
209779
175266
244196
189384
256157
177559
250990
204830
181362
216772
249721
208345
181875
255607
180307
253677
178160
251023
157439
234309
172299
231575
176665
217194
248005
178513
238438
171445
245972
181179
244880
183827
217149
256694
200129
178732
245325
173613
245778
170443
251223
177957
251542
178945
209960
235027
199965
171912
210504
246929
209763
166043
231609
177202
247591
193375
241067
197036
174715
235996
255094
195764
183449
240869
184562
250427
169200
243606
175238
256013
182902
237996
163953
224797
249561
155585
240865
174619
278846
188301
276768
185824
223858
270327
190063
168765
245323
171374
250438
182979
250906
181138
262965
178425
207294
236108
190376
177601
216416
258441
212965
172474
242502
167096
241534
184845
250929
196441
181758
215005
246758
195374
172436
237279
174001
237920
178539
250560
177905
248917
175938
247733
179437
223005
237406
174574
235184
186299
254701
195400
256378
167861
209888
256477
213024
184281
255273
172768
263581
172076
237464
172375
255976
181637
230015
264153
212043
179626
210861
234173
181626
175616
240669
179813
240101
175351
243411
194239
166261
225619
223495
197432
174493
258663
170950
250291
175218
Xput: 4326
