1760
701
1092
751
1041
1064
929
674
586
1816
735
1030
597
909
661
1040
963333
1289
698
972
973
577
28730
8197
9984
934684
1312
761
47471
970830
1006
754
1042
1157
40580
1485
10126
9258
939658
910
1039612
1272
793
1106
1071
929
33448
944304
1520
633
1014
972
986160
1034
1042
1089
1037
622
34235
945562
953
1073
624
1072
1000522
1775
1054
1041
606
903
969035
1823
1328
625
1379
616
30330
971616
1253
1085
615
683
33690
946397
1266
755
1044
627
1007999
971
1093
1040
749
698
962871
1525
1053
754
1074
715
979057
1022
1071
1697
717
1034
982645
1037
1058
1089
761
1046
29370
1026635
1034
1091
628
1314
1045202
1812
1317
643
1008
617
1056358
979
1406
768
1031
926
36147
1029734
1361
635
902
1145
31450
10137
1004788
789
1080
917
1093333
1051
1234
970
690
593
1051531
961
1087
970
1084
600
1099382
1820
1353
749
604
1057
1035648
1775
859
1314
758
1027
1086717
1749
1071
1084
1901
741
29240
14349
1015732
795
1068
607
37254
1041070
1009
634
1086
620
35978
1020880
1319
766
1069
640
1071158
1727
1099
715
1029
913
35703
1052514
1295
637
1069
750
1055645
1050
1124
1096
948
594
35770
1026419
802
1098
618
1050
1071465
1790
1266
1079
601
1011
1053140
901
1311
973
1055
593
34306
998415
1269
1070
632
690
34972
1040165
1287
750
1048
615
1051489
1045
1164
1053
732
695
1046097
1501
1663
862
1050
608
1043676
1093
1089
617
1175
1077
1070678
982
756
1052
739
1025
33770
1060229
914
1091
751
1270
1083339
1777
1123
641
911
577
1018011
809
2647
770
1053
1033
35037
1014438
1627
648
1021
938
35600
8717
1007755
803
1068
941
1052616
922
1589
947
700
588
1064436
1048
1564
657
1052
617
1060948
1293
1102
751
602
1050
1033971
1699
753
1419
615
1056
1050505
1797
1228
1074
1060
733
32024
10773
1045079
804
1118
625
36206
1042701
1244
758
1061
608
35828
1025457
1726
774
1123
610
1058784
1287
1094
818
1096
1068
31424
1015464
1438
633
1640
611
1097317
996
649
1077
1083
715
33189
1005999
788
1080
758
1200
1081436
1791
1063
1083
604
880
1050249
919
1154
762
1046
612
33586
1019953
1819
1124
621
706
33249
1057317
1309
781
1051
604
1053395
1062
1095
1091
732
713
1055681
1284
784
996
1060
607
1048856
834
2496
697
689
1063
1105274
1373
1039
1076
753
1027
31379
1060708
774
1069
750
1022
1046272
1827
1280
636
998
601
1024646
908
1323
743
1046
1045
37062
1015873
1275
656
1185
921
31853
11289
1049083
775
1072
942
1046175
1209
1121
942
715
596
1045785
1037
1099
769
1033
728
1048782
1763
1096
625
743
927
1053348
1582
1117
1095
616
1059
1098026
1637
1072
1079
1030
606
30545
11897
1015396
796
1082
615
35210
1017689
1182
761
1121
609
34526
1028631
1279
761
1034
776
1044701
1109
790
728
1074
904
32354
1026653
1287
1034
1088
620
1061403
873
932
1240
1053
614
37512
1018970
1029
1071
765
1127
1060960
1798
1019
1070
620
883
1055448
1100
1508
753
1050
608
33616
1021713
1259
1088
628
929
34315
1029810
1255
772
1049
647
1055718
1017
1091
1071
725
707
1051500
1281
786
716
1072
598
1047729
862
1520
780
610
1046
1039646
817
732
1088
766
1027
32287
1043557
1759
981
843
1060
1049844
1813
1314
625
1002
605
1048719
874
1453
760
1050
1046
37188
1011864
1419
648
1057
959
33526
11657
1066831
966
1079
935
1039821
903
1572
954
716
590
1080103
1021
1165
777
1089
611
1050448
1576
990
1006
720
1040
1037911
1803
840
1072
734
1041
1043105
1779
1060
1090
1057
608
33728
9732
1007605
939
1073
629
34358
1015745
963
756
1073
967
35436
1031418
1767
780
1054
606
1056325
1155
784
736
1045
911
30679
1056054
1505
635
890
1163
1058597
844
744
1061
1050
607
34088
1011949
1017
1076
614
1289
1065789
1382
1549
1129
632
989
1049649
1045
1152
745
1047
602
30134
1023711
1281
1054
631
905
33755
1052915
1331
754
1054
615
1073965
979
1136
1057
750
697
1044075
1209
833
720
1325
752
1076564
1062
1087
998
630
1050
1103879
976
739
1216
616
1181
31192
1026629
884
1107
624
1287
1048849
1797
1267
632
1021
614
1031819
1024
1072
614
1068
1040
35011
1042572
2080
659
1540
630
34081
8468
1023567
779
1124
917
1061861
954
1260
945
701
594
1053571
1072
1089
967
1022
955
1071025
1673
1280
759
600
997
1048816
1801
1022
1152
626
1001
1071892
1714
871
1115
1072
606
31187
12261
1014491
789
1081
622
34298
1031767
1254
782
1079
607
34832
1034792
1738
788
1194
611
1067979
1467
1108
887
1083
917
32880
1075868
1261
630
883
1474
1053342
1039
1010
1053
1040
601
33656
1030851
992
1063
616
1147
1082157
1736
1070
1069
608
898
1051952
888
2333
808
1050
736
32879
1037576
1361
1114
648
684
35951
1028343
1268
749
1059
606
1069746
1061
1069
1064
750
730
1080061
1648
1123
630
1365
603
1068036
1018
1233
775
865
1019
1048472
952
1724
1162
626
1034
30980
1039820
1451
1406
1007
1090
1052474
1691
1329
764
1047
612
1068711
827
2328
785
1047
1045
33919
1052677
1842
675
1319
743
34258
10886
1025010
787
1060
929
1043081
1602
1168
973
692
591
1086887
1063
1106
759
1057
604
1051479
1811
1296
759
727
1024
1042823
1973
683
1080
626
1034
1040389
1283
755
1158
1052
604
32432
7688
1014277
968
1276
627
39579
1022016
1180
759
1272
761
33227
1014812
1764
773
1032
616
1041409
1882
826
745
1025
926
33996
1011662
1325
640
999
758
1045494
1018
734
1072
1053
595
35618
1021895
812
1090
761
1057
1052598
1611
1100
1088
605
877
1060742
976
1078
739
1046
1007
32772
1017377
1246
1056
617
704
35798
1031603
1274
656
1067
612
1064052
1207
1076
946
647
687
1032563
1469
786
1044
1077
614
1039968
1328
1144
616
711
1063
1031154
1212
770
1060
605
1096
31698
1029124
1474
1171
794
1178
1044427
1542
1100
635
1961
648
1019362
1006
1142
628
1068
1042
35089
1015042
1731
1579
1472
613
32959
7781
1018947
796
1101
1044
1040753
1217
1260
1052
604
679
1037545
1180
1073
707
1389
636
1067806
1824
1122
751
706
1061
1097380
1841
1072
1271
619
881
1025198
1811
1070
1071
1042
614
32485
9602
1020664
800
1083
604
39003
1003124
1232
747
1077
625
34474
1040931
1768
787
1045
630
1046665
1520
1224
775
1030
913
33888
1008837
1775
612
1380
675
1067448
997
689
988
955
553
35004
1012965
937
976
558
1110
1045972
1622
1087
1111
631
893
1038629
1064
1105
910
1055
595
33409
1006973
1758
1100
617
672
34111
1026416
1698
796
1039
631
1046209
990
1207
1066
734
697
1095882
1807
826
741
1024
597
1065941
1063
1095
609
570
1094
1048179
1467
900
1178
719
1063
39066
1006997
1161
1127
615
1049
1033405
1808
1306
642
1033
612
1076964
1075
1293
739
1029
921
34812
999228
1776
669
1038
756
34970
9479
1018514
789
1064
1055
1042778
1234
1278
1065
609
707
1046094
1034
1193
626
1038
599
1080257
1716
1130
926
599
991
1038263
1495
782
1064
611
1008
1049726
1574
1124
1090
1031
613
31285
8952
1002149
789
1089
620
36718
1013256
1252
776
1047
618
35577
1017829
1274
777
1036
616
1068186
1342
796
928
1056
922
34604
1012918
1507
638
1046
938
1040426
892
983
1083
1045
594
34768
1005570
1225
1537
737
1085
1047105
1288
778
1106
603
1008
1078176
1064
1116
883
1042
612
34404
1012563
1379
1077
618
931
33059
1034978
1266
753
1055
624
1101119
1268
1130
970
725
698
1081586
1401
822
729
1038
624
1045524
1353
1121
731
952
1048
1046408
1208
744
1103
615
1232
34300
999923
827
1060
627
1246
1090046
1857
1142
619
1006
617
1039606
917
1516
790
1046
1053
34818
1013559
1257
652
882
731
34315
7974
1011717
808
1106
948
1084913
905
1529
950
700
599
1046502
1039
1097
753
1054
612
1030032
1793
1139
766
609
995
1062383
1795
1004
1172
735
1050
1057282
2013
1064
1054
925
582
33389
7710
1009618
791
1114
610
36100
1020135
1198
629
1060
682
34345
1007348
1820
848
1060
620
1061358
1126
1097
829
1478
1044
32550
1013830
1779
955
1086
602
1056877
1159
1173
1069
928
687
34535
1012661
1190
1130
641
1237
1036151
1596
1102
1083
618
887
1054151
1085
1415
770
1034
612
32346
1014941
1263
1077
621
882
35682
1030810
1287
764
1036
615
1068407
885
1302
1056
617
679
1050275
1748
986
748
1070
601
1088717
1044
1062
966
727
1036
1043939
889
1040
1099
743
1032
34561
1033235
2025
1350
765
1045
1095285
1751
1122
635
910
575
1054760
821
1684
770
1027
1056
35444
1052720
1269
639
1020
889
34491
8087
1030816
802
1080
955
1050324
1001
1347
942
730
609
1040167
811
1496
777
1063
607
1040010
1748
1180
744
604
1040
1063952
1797
900
1310
619
1053
1042258
1294
635
1183
1044
975
30343
11371
1008748
804
1100
629
36545
1019348
1293
775
1051
633
34787
1018208
1302
776
1045
621
1043228
1711
855
748
1054
932
32203
1013217
1466
643
898
1009
1041987
1090
737
1253
1070
616
33295
1026754
1074
1102
759
1261
1041328
1768
982
1096
598
890
1051265
1326
1125
865
1032
720
32354
1006669
1741
1107
773
716
34501
1031081
1697
773
1939
727
1093203
907
1318
1098
736
698
1099977
1422
795
708
1438
623
1039940
987
1086
622
849
1049
1066614
989
1083
1283
732
1043
30589
1018077
966
1114
637
1337
1044548
1485
1292
774
1024
717
1046036
958
1091
953
1067
1023
35273
1005940
1251
652
1289
740
34303
8614
1052719
777
1079
1071
1042971
885
1384
939
691
605
1053189
821
1164
729
1017
614
1037929
1751
1319
743
614
994
1065100
2358
822
1052
719
1019
1066163
1620
1106
1067
1046
603
32839
7551
993273
933
1081
611
38640
1038224
960
743
1041
747
36043
1035593
2063
751
1030
613
1039044
1947
1188
731
1055
1036
32678
1033687
1617
636
1403
745
1055595
1461
1356
1105
926
676
34282
1009110
1191
1080
736
1050
1046425
1778
810
1076
600
999
1044123
823
1128
821
1058
610
34428
1038600
1417
1187
625
681
35501
1008287
1801
766
1047
613
1070843
1031
1131
1058
930
700
1045214
2190
793
725
1061
597
1058244
816
1132
957
747
1023
1055101
1035
768
1082
745
1052
32344
1012799
804
1081
606
1070
1042314
2212
1174
757
1043
723
1044382
1086
2023
772
1080
1039
31712
1010724
1311
663
891
739
36770
8098
1031059
932
1097
1032
1053649
1664
1163
1203
723
625
1037576
1299
1095
998
1091
603
1043978
2190
1116
755
706
1043
1061459
2093
796
1261
743
1022
1052572
1296
631
1074
1299
624
34459
8457
1004440
794
1065
755
35319
1011853
956
739
1054
635
33477
1001390
2040
769
1139
605
1050660
2221
822
720
1054
917
31402
1026523
1302
645
895
1422
1046587
1178
614
1121
1282
776
35517
1023468
792
1062
755
1046
1075699
2167
1554
1116
607
904
1042050
1367
1151
797
1039
985
33939
1049117
1640
1073
618
795
35725
1051823
1329
761
1036
951
1046475
1003
1138
1073
738
704
1042689
2068
1015
610
1140
632
1056028
1467
1145
618
590
1040
1065998
1451
1296
1301
604
1012
33216
1025419
788
1086
613
1044
1042109
1274
1093
733
1025
600
1035937
1692
1122
728
1061
1058
33209
1019364
1273
641
1077
732
32330
9246
1016317
806
1073
925
1057246
913
1112
1253
726
593
1042062
855
1197
614
1061
741
1052033
1276
1080
739
605
1019
1046585
1334
757
1045
784
1027
1096202
1926
656
1058
1048
602
31034
8778
999922
779
1089
609
35108
1018291
951
730
1057
630
35954
1017859
1344
761
1235
610
1088510
1340
990
773
1048
1020
35073
1053502
1282
641
896
887
1042093
1132
2009
1116
1043
616
33613
1019356
804
1080
755
1057
1058094
2099
1554
1132
665
1396
1090429
1240
1156
752
1040
733
36457
1017305
1330
1076
644
674
35316
1026428
1871
804
1040
644
1081634
1275
1423
1059
631
680
1049208
1612
1220
938
1062
651
1078383
963
1088
612
729
950
1040890
983
762
1265
747
1031
33687
1046442
814
1139
622
1068
1035435
1845
1300
649
1006
626
1047384
1331
1115
748
1040
1037
33051
1008931
1277
644
1217
955
34781
7791
1072149
797
1089
1089
1059047
1341
1273
968
703
599
1051745
1377
1789
781
1025
618
1051333
2638
1167
755
614
1004
1052623
2062
1097
1078
619
888
1036492
1609
785
1058
1051
617
32015
6655
1055015
781
1094
765
35434
1013889
1116
649
1077
613
37849
1021951
1284
763
1059
632
1041863
1442
798
731
1443
1094
34362
1036134
1404
649
1077
837
1044047
1686
1066
1317
1073
597
32462
1012214
858
1093
625
1044
1046504
2074
1151
1094
619
890
1060282
1265
1127
753
1045
715
35201
1052413
1308
1083
624
709
35233
1052791
1319
772
1043
598
1047492
813
1525
1084
608
675
1068033
1337
1411
781
1041
612
1117860
1043
1014
666
564
1352
1047056
1766
1492
1098
618
1018
30584
1021450
823
1133
755
1238
1043465
1951
1905
773
1045
607
1041599
1544
1845
788
1057
1025
33905
1005042
2152
781
1049
763
33070
9087
1016045
801
1089
1052
1192932
939
1391
1094
725
605
1107139
955
1140
960
1075
612
1131671
1297
1078
755
719
1046
1082603
2144
974
1100
608
1001
1080873
1936
806
1055
1046
609
30161
8652
1047334
Xput: 5684
