49548740.000000
29276752.857143
30757537.142857
28011577.142857
30410512.380952
26858290.476190
28169470.000000
28192237.142857
26813892.857143
26168604.285714
27544587.142857
29749811.428571
28671632.380952
30577707.619048
29396518.095238
28273387.619048
27749660.000000
28779522.857143
27617735.238095
30896472.380952
28159402.380952
28378974.285714
29296640.952381
30794448.571429
27539841.904762
28784529.047619
28003977.142857
29255983.809524
27791507.619048
30628178.095238
28937375.238095
27930619.047619
29336849.047619
29723142.857143
27538986.666667
28210208.571429
27853515.238095
28317440.952381
27612436.190476
28299855.238095
27870789.523810
29270220.952381
28536350.476190
30953549.523810
27644802.857143
28439728.571429
28487788.095238
27955847.619048
27387069.523810
27526474.285714
29831105.714286
30872415.238095
29213998.095238
28393673.333333
28776967.619048
28339582.857143
28468643.809524
28194146.666667
27599065.714286
27919380.952381
29203884.761905
28273630.476190
30237811.428571
28156244.761905
29462577.142857
28011909.047619
28218448.571429
28242778.095238
29340826.190476
28144509.523810
30920259.047619
28138589.523810
28579900.000000
28228077.142857
27058086.666667
29966455.238095
29909960.000000
28364280.000000
29760087.619048
28023047.619048
30898398.571429
29828073.333333
29910442.857143
29188274.285714
28171704.761905
28476870.000000
29686324.761905
27954988.095238
28095575.714286
28098309.523810
27855092.857143
30535734.285714
28061847.619048
30221433.333333
28195123.809524
28231184.285714
27951772.380952
27904665.238095
29303737.142857
27509439.047619
29742950.476190
27997061.904762
29357351.904762
29641602.857143
28531188.571429
28836449.047619
28574893.809524
27684412.380952
28635503.333333
27426141.904762
29882992.857143
29215791.904762
27913435.714286
27935005.714286
30646698.095238
27817725.714286
29041941.904762
27857159.523810
27965601.428571
28321772.380952
27576440.000000
28232112.380952
30069238.571429
28133756.666667
28300835.238095
27963718.095238
28310128.571429
29186924.285714
27937423.333333
28244830.476190
28441884.761905
28768083.809524
28247386.190476
28671872.857143
29861444.761905
28643699.047619
29962569.523810
28646691.428571
28075424.761905
27800974.285714
27545105.714286
29433447.619048
28329892.380952
27288830.476190
29815894.285714
28118712.380952
28120132.380952
28959557.142857
27745878.095238
27776061.904762
27720866.666667
29662992.380952
29150094.285714
28624921.904762
29144711.428571
28315809.523810
28565072.380952
27600370.476190
28391669.523810
27962008.571429
28668509.523810
28274795.238095
28585718.095238
28165554.285714
28785295.238095
29064747.619048
28989459.047619
28391329.523810
28422600.000000
29328692.857143
28893619.047619
28505512.380952
27634380.952381
27424434.285714
27645964.761905
27806214.285714
29241311.428571
28117970.952381
28516618.095238
27673232.380952
28535550.476190
28760641.904762
28944062.857143
29267960.952381
27507668.571429
28760018.095238
29804536.190476
27798711.428571
28725636.190476
27736578.095238
27115059.047619
29255628.571429
28254290.476190
30006027.619048
28262978.095238
28298371.428571
28957925.714286
28116105.714286
27844466.666667
27497281.904762
29736257.142857
29474937.142857
27332524.761905
28346378.095238
27164921.428571
28729058.095238
28921995.238095
28132920.952381
27845902.857143
29141033.333333
26976010.476190
28628554.285714
27795605.714286
28390139.047619
27804106.666667
30658338.095238
28361489.523810
32610050.000000
27798900.952381
31049233.333333
30064884.761905
28748801.904762
28089560.952381
27499228.571429
30580511.904762
27813023.333333
28394011.428571
27988760.952381
28972709.523810
28022565.714286
28736863.809524
27872064.761905
28687654.761905
29504896.190476
27850694.285714
28816255.238095
28088659.047619
28197351.428571
27817432.380952
28894600.952381
27959380.952381
28262610.476190
27856538.095238
28426985.714286
28193146.666667
27982131.428571
27687076.190476
28044127.619048
27786139.047619
28310931.428571
29946282.857143
28694731.428571
30968888.571429
28256403.809524
29028438.095238
29508337.142857
27799551.428571
28349208.571429
28702241.904762
28847554.285714
28143293.333333
30552276.190476
28378074.285714
27964153.333333
30079383.809524
28920720.952381
28582200.000000
28009254.285714
27890161.904762
27897910.476190
28448627.619048
29723968.571429
28149820.952381
27434858.095238
28464392.380952
28365964.761905
28284870.476190
28651608.571429
28797606.666667
28102695.238095
28543923.809524
28659149.523810
28075592.380952
28124940.952381
29216624.761905
27907598.095238
28357489.523810
27566047.619048
27895668.571429
30600399.047619
29681016.190476
27448780.000000
26246963.809524
27358641.904762
26868921.428571
27480743.333333
25952398.571429
25937421.428571
25630112.857143
28487877.142857
25978568.571429
29237370.000000
27112957.142857
27753973.333333
28539893.333333
29083369.523810
27630295.238095
28300803.809524
28172467.619048
28322046.666667
29054543.809524
34667874.285714
27978260.000000
28502237.142857
27273230.476190
29136704.761905
30479926.666667
27483407.619048
28743971.428571
30704569.523810
28182798.095238
28489040.000000
28168220.952381
29553148.571429
27787683.809524
29511600.000000
28957367.619048
28091633.333333
27510720.000000
27749614.285714
29124649.523810
27767145.714286
28221503.809524
27931252.380952
27311618.095238
27975202.857143
30332276.190476
27894806.666667
27981476.190476
27901840.952381
30979695.238095
30418728.571429
28184280.000000
29370789.523810
28734782.857143
29436841.904762
27490776.190476
27872573.333333
26690106.666667
28346789.523810
27757065.714286
28638581.904762
29762266.666667
28004289.523810
27547398.095238
27783062.857143
27525008.571429
27810623.809524
27677041.904762
28464134.285714
29036886.666667
28860278.095238
28080161.904762
30269476.190476
27770331.428571
28394667.619048
27242151.428571
28265940.000000
28714276.190476
28835625.714286
32981684.761905
28634777.142857
31627871.428571
29416304.761905
29186407.619048
29338183.809524
29072308.571429
31181527.619048
29285315.238095
27513632.380952
29540572.380952
28878512.380952
28472666.666667
28127331.428571
28108624.761905
28558862.857143
28338322.857143
27958600.000000
28083774.285714
27466350.476190
29799480.952381
27477916.190476
28904715.238095
30659759.047619
27461397.142857
27939340.000000
27226687.619048
27999722.857143
28286630.476190
28736052.380952
27643116.190476
28220963.809524
27540454.285714
27620313.333333
27371479.047619
27656559.047619
27587985.714286
28074095.238095
26922313.333333
27576480.952381
29615055.238095
29621429.047619
27913076.666667
28114856.190476
27962172.380952
28704302.857143
29797934.285714
27157888.571429
27410908.571429
28162029.523810
28429342.857143
27848341.904762
27102753.333333
26650244.761905
28896156.190476
27485280.952381
27391047.619048
27542466.666667
30788134.285714
27604394.285714
27360810.476190
29011787.619048
28777254.285714
28761234.285714
28906652.380952
27676946.666667
28012641.904762
27988894.285714
29099689.523810
28775315.238095
27187274.285714
27126594.285714
27648841.904762
28250367.619048
27843884.761905
27962821.904762
27482476.190476
28522300.000000
27705119.047619
29058204.761905
27783760.000000
29130530.476190
30681242.857143
27723213.333333
28072674.285714
28304917.142857
27507607.619048
28088601.904762
27474195.714286
27288483.809524
30695183.809524
29010675.238095
29066923.809524
29863145.714286
28024568.571429
29410949.523810
28378241.904762
27617274.285714
28995629.523810
27935793.333333
28021406.666667
27738221.904762
30309731.428571
28768749.523810
28783254.285714
27735989.523810
28177496.190476
28044634.285714
27898535.238095
29443441.904762
29413802.857143
28241282.857143
27718431.428571
27789724.761905
27909784.761905
27884016.190476
28246787.619048
28190421.904762
28994553.333333
27760580.000000
27585611.428571
28143418.095238
29745376.190476
28669117.142857
29666038.095238
28583736.190476
28573962.857143
28704947.619048
28068895.238095
30118174.285714
31771388.571429
30505166.666667
28646827.619048
29139337.142857
29090874.285714
30384179.047619
28480954.285714
28283594.285714
27769365.714286
28335849.523810
28450765.714286
28299763.809524
29062060.952381
28207360.000000
26543212.380952
28217703.809524
27721641.904762
27475184.761905
27710416.190476
29748313.333333
27871282.857143
27917305.714286
27694813.333333
27869678.095238
27356081.904762
29655067.619048
27701275.238095
28497872.380952
27898100.000000
27785666.666667
29556745.714286
29827685.714286
27528820.952381
29233263.809524
28149800.952381
29917559.047619
28158269.523810
28337577.142857
28273685.714286
28851976.190476
27795877.142857
27865346.666667
27625321.904762
28763799.047619
28992417.142857
28081029.523810
30546670.476190
27819370.476190
27950543.809524
28316560.000000
28055620.952381
28508579.047619
29190705.714286
27469969.523810
27965059.047619
28841885.714286
27832701.904762
27779632.380952
28732541.904762
27655734.285714
28992404.761905
28994507.619048
27496458.095238
30724338.095238
27874697.142857
28826418.095238
28240336.190476
27537901.904762
30457464.761905
28493484.761905
27753628.571429
30680731.428571
27467026.666667
28182666.190476
28031331.904762
27389490.476190
29863338.095238
28406360.952381
30417939.047619
27956751.428571
28033028.571429
29052613.333333
28628612.380952
29813446.666667
30903940.000000
27932438.095238
30332782.857143
28588114.285714
29453032.380952
27509980.000000
31086366.666667
28739575.238095
30196647.619048
28528231.428571
28905943.809524
27588429.523810
27276644.761905
27837700.000000
28112113.333333
29071049.523810
27772051.428571
29160001.904762
28207820.952381
28439247.619048
28291200.952381
27765701.904762
28693880.000000
28453529.523810
27987560.952381
27827706.666667
30591717.142857
27881987.619048
27831073.333333
28552128.571429
27690791.428571
28191596.190476
28841263.809524
29486017.142857
27635596.190476
28114873.333333
27768039.047619
29019539.047619
28303148.571429
28157462.857143
28330509.523810
27606980.000000
27606481.904762
27901267.619048
31410866.666667
28427025.714286
28978845.714286
28115333.333333
27773235.238095
28447473.333333
30022224.761905
28079654.285714
30688498.095238
27349940.952381
28009340.000000
28280132.380952
30859212.380952
29175017.142857
28124737.142857
27596169.523810
27556888.571429
29053084.761905
28157568.571429
27984113.333333
27609159.047619
27920567.619048
27764602.857143
28668869.523810
27670628.571429
27717438.095238
27382808.571429
27760142.857143
27960354.285714
27892840.000000
27751190.476190
28219924.761905
28368113.333333
27335676.190476
27319490.476190
28169000.952381
27297432.380952
28772927.619048
27947287.619048
29793653.333333
27848160.000000
27400665.714286
28848308.571429
28100616.190476
29055615.238095
29351939.047619
28029029.523810
26369834.285714
26119325.714286
27050242.380952
28006125.714286
24380247.142857
27297234.285714
28000734.285714
27340818.571429
26505132.857143
26626924.285714
26140450.000000
27055847.142857
25806984.285714
29878580.952381
27943607.619048
30547400.952381
27960687.619048
27839363.809524
28181979.047619
29452600.952381
27723301.904762
28941660.000000
29370438.095238
28438279.047619
29271274.285714
28246683.809524
28702930.476190
27497592.380952
29377279.047619
29099696.190476
29864110.476190
28151243.809524
28188857.142857
27778185.238095
28081231.904762
28120289.523810
28003931.428571
27280422.857143
30485235.238095
27886593.333333
28932781.904762
27820321.904762
27906964.761905
28969214.285714
28082938.095238
28954100.952381
27758743.809524
30540870.476190
27763856.190476
30184677.142857
27971927.619048
29051414.285714
28758476.190476
28691992.380952
29645574.285714
28253664.761905
29313941.904762
27452074.285714
28749447.619048
27765484.761905
29729557.142857
28985395.238095
29097213.333333
28068568.571429
28933733.333333
28068629.523810
28282651.428571
28126669.523810
29230461.904762
27393235.238095
27542859.047619
32271062.857143
30333769.523810
30281337.142857
29130448.571429
31968502.857143
30867927.619048
31868089.523810
31327797.142857
29642731.428571
28093448.571429
27989080.000000
27869938.095238
28233841.904762
28160001.904762
27316488.571429
30990593.333333
27890541.904762
28032500.952381
28090187.619048
27778460.000000
27832459.047619
27968978.095238
29432256.190476
28813320.000000
27688771.428571
28578365.714286
27630789.523810
28038303.809524
28657620.000000
28675672.380952
28895703.809524
29098183.809524
27819425.714286
27952469.523810
28082926.666667
27937564.761905
30667524.761905
27551419.047619
30614320.000000
28191807.619048
28911407.142857
27639934.761905
29024869.523810
27716388.571429
29224897.142857
28616878.095238
28680560.000000
29109271.428571
29034641.904762
27502000.000000
27418734.285714
29437217.142857
27499406.666667
28368816.190476
27512545.714286
28017994.285714
29298211.428571
27617516.190476
29697091.428571
28072876.190476
28966944.761905
27879040.000000
27793913.333333
28936544.761905
27387126.666667
27245870.476190
28776635.238095
27907000.952381
27665423.809524
27853394.285714
29567980.000000
28008019.047619
27532449.523810
28912298.095238
28542583.809524
30512653.333333
30569895.238095
28031938.095238
27543705.714286
28077865.714286
28251303.809524
28248062.857143
27738040.952381
28273960.000000
27946758.095238
28105988.571429
28947669.523810
27968030.476190
28719182.857143
27945585.714286
27475449.523810
28195493.333333
29241379.047619
28035649.523810
30826260.000000
30199622.857143
27446370.000000
28252659.047619
28157878.095238
27953312.380952
27403425.714286
30031956.190476
27927278.095238
28985694.285714
28232546.666667
29021178.095238
29813919.047619
30614037.142857
28174194.285714
28006152.380952
28853740.952381
27754525.714286
29139141.904762
28716045.714286
27918073.333333
28686808.571429
28015154.285714
30564405.714286
28902820.952381
28106476.190476
28140680.952381
28657871.428571
30599383.809524
28552940.000000
28563697.142857
28707146.666667
27885933.333333
29276328.571429
27685991.428571
27976261.904762
27889565.714286
28726525.714286
29044487.619048
28017620.000000
28123138.095238
28822751.428571
27558073.333333
28144592.380952
28416947.619048
27563325.714286
27885404.761905
29934545.714286
28631267.619048
30923515.238095
28323927.619048
29250255.238095
29156375.238095
28381792.380952
28518683.809524
29174122.857143
27862929.523810
29638372.380952
28276977.142857
28035168.571429
28410467.619048
27164301.904762
27468960.000000
27408256.190476
28358974.285714
27956655.238095
28977045.714286
27314479.047619
28679543.809524
27510142.857143
28663145.714286
27624320.952381
29483188.571429
28022661.904762
28018043.809524
28192635.238095
28243556.190476
28113995.238095
30764200.000000
27973805.714286
27151914.285714
27721321.428571
28539259.523810
27988801.904762
27913066.666667
27962879.047619
28138341.904762
28205017.142857
27884575.238095
28207488.571429
30558245.714286
30703183.809524
27535617.142857
29174089.523810
30742758.095238
27300331.428571
27668800.000000
29444133.333333
27495695.238095
29017920.000000
28667812.380952
29664765.714286
27943931.428571
27327045.714286
28153142.857143
26633776.190476
28099384.761905
27935899.047619
27318106.666667
28827353.333333
28279900.952381
27854654.285714
28490956.190476
27457012.380952
28543229.523810
29693896.190476
26955542.857143
29507129.523810
28057635.238095
27839766.666667
28397895.238095
27287895.238095
30418617.142857
28350602.857143
