5262765.714286
5422990.000000
7703981.904762
7571710.000000
9732451.428571
12026428.571429
13251571.428571
13691864.761905
13924012.380952
13352174.285714
13051760.952381
13132255.714286
12692800.000000
12150220.000000
11414665.714286
10775550.476190
11123599.523810
11282880.000000
12578215.714286
13125800.000000
47592771.428571
13663328.095238
13541110.000000
13267164.761905
13511900.952381
13141233.809524
12595572.380952
11697538.095238
11794078.571429
11840824.761905
12136152.857143
12528581.428571
12510364.761905
12762737.142857
12580704.285714
49219219.047619
84250059.047619
89524724.761905
90835437.142857
19354182.857143
19510452.857143
19351526.666667
18548694.285714
18466755.714286
17991046.666667
17518644.285714
17439791.428571
18369174.285714
18051888.095238
18229566.666667
12057853.809524
12627921.904762
21174615.238095
12520259.047619
12509953.333333
12279570.000000
12059759.047619
12370072.380952
11736917.619048
11648766.190476
12055933.809524
11750840.476190
11621070.476190
11860034.285714
11126781.428571
10531552.857143
52616685.238095
44184225.238095
52369487.619048
52370320.952381
7913836.666667
7819282.857143
7885847.142857
6919368.095238
6928898.571429
7117731.428571
6940845.238095
7312718.571429
25100725.238095
8275805.714286
9575795.238095
10167128.095238
11066794.285714
11254148.095238
12391497.142857
12629630.000000
12577973.333333
12134026.666667
12237156.666667
11147740.476190
10904969.523810
10484243.809524
10792148.571429
10496000.000000
11117814.761905
11320847.619048
67075947.142857
11547767.142857
12117162.380952
11695600.000000
11956250.952381
11977504.761905
12419765.714286
11940009.523810
11942108.095238
11422359.523810
11455100.476190
10907684.761905
10980221.428571
73573218.095238
73812410.000000
43104232.857143
97413758.571429
1855532.857143
9395219.523810
9500372.857143
9544403.333333
17220126.190476
23749020.000000
23511892.380952
31619972.380952
11783842.857143
11649702.380952
11188841.428571
20903018.571429
12070714.285714
43223994.761905
13435734.285714
13725393.333333
13412600.000000
13783761.428571
13753407.142857
12757842.380952
12401334.285714
12348516.666667
11747953.809524
12313729.047619
12381810.000000
12513199.523810
12320574.285714
50771397.142857
11972057.619048
11807045.714286
11971312.857143
57368545.714286
56531763.809524
72774675.714286
27984529.523810
17799352.857143
18125062.380952
17675512.857143
8966907.142857
17384603.333333
17025315.714286
16857454.761905
26374280.000000
9678217.142857
9168946.666667
8767055.238095
8720300.000000
22707905.714286
36552357.142857
42944113.809524
30506252.857143
31050837.619048
24023430.000000
31165110.000000
31377172.857143
31667050.000000
39177045.714286
17780682.857143
17510961.428571
17726811.428571
17985184.285714
10858277.142857
12394690.000000
12362718.095238
12010878.571429
11549955.714286
11537102.857143
11372222.380952
11193772.857143
11557808.095238
11711352.380952
11464909.523810
11981049.523810
11743475.238095
11779767.142857
11722510.476190
11784000.000000
11718543.809524
54888153.333333
11895863.333333
12073083.809524
12579034.285714
21437039.523810
62375289.523810
62345940.000000
19055766.190476
70607353.809524
18076788.571429
17608736.666667
16858519.047619
16803198.571429
16771897.142857
17228169.047619
17375502.857143
17812044.761905
9990983.809524
9604566.666667
9084645.714286
8798497.619048
9164602.380952
8986555.238095
8786402.380952
8713519.047619
8315425.238095
35148660.000000
35460734.285714
35616654.285714
9251602.857143
8715002.857143
8036962.857143
21109440.476190
21200114.285714
9646209.047619
10117530.000000
10599958.571429
18454510.000000
11713717.142857
12404105.714286
12836981.904762
12568416.666667
12100723.809524
12070107.619048
11809637.142857
11585283.809524
11639814.761905
11823419.523810
11849748.571429
1965033.333333
10784638.095238
11139786.666667
45347098.571429
20800234.761905
54939468.095238
68740696.666667
12783427.142857
21718685.714286
11674592.380952
12176673.809524
11712782.380952
11529827.142857
22688310.000000
11630159.523810
11452993.333333
11852626.190476
11642868.571429
48744652.380952
87243194.285714
25891393.333333
17525855.714286
46101126.190476
17210077.142857
16493226.666667
16630911.428571
16418765.714286
16156967.619048
16530764.761905
16463298.571429
8675230.000000
15505293.809524
8512481.428571
15046862.857143
22474268.571429
7750884.285714
21949671.904762
7854682.857143
14334605.714286
21800511.428571
7812035.714286
1868518.571429
15844673.809524
9217881.904762
9909630.000000
30173542.857143
1958155.714286
11837614.285714
11936910.000000
20184525.714286
27493825.714286
28658737.619048
40495835.714286
12140239.047619
12052687.142857
11769513.809524
12081088.095238
11703542.857143
11544009.523810
11260226.666667
11396719.047619
11096579.047619
11034360.000000
10751062.857143
10894943.333333
10910218.571429
11112583.809524
11384806.666667
68495003.333333
12036162.380952
55955492.857143
10057880.000000
53323186.666667
9595653.809524
9263162.857143
26332976.190476
17347017.142857
25934950.476190
68808865.714286
8677518.571429
15937227.142857
16051481.904762
8478373.809524
24369420.476190
16357235.714286
9358200.000000
9241573.809524
15686592.857143
8987417.619048
21079552.857143
9173485.238095
9256608.095238
15776302.380952
9763575.714286
41180879.523810
9833407.619048
9646985.714286
9791423.333333
9598181.428571
9870987.142857
9648982.380952
9228007.142857
8818676.190476
8726483.333333
8813371.428571
8770502.380952
8969682.857143
8808927.619048
9108990.000000
9062954.285714
9341454.285714
9042852.857143
46074641.428571
9430042.380952
9308166.190476
9389161.904762
9340585.714286
70583259.523810
10890310.000000
11500512.857143
11834520.000000
17790532.857143
30212629.047619
9522055.238095
24907840.000000
17697132.857143
17094686.666667
8503103.809524
15822541.904762
15302514.285714
7226695.238095
7214984.761905
7072145.238095
13508502.857143
21576886.666667
94339605.714286
8812232.380952
9215778.095238
15663822.380952
16394015.238095
30325775.714286
10969823.333333
11594003.809524
11687537.142857
11388196.666667
19377662.857143
11236985.238095
27903148.095238
28152154.285714
20664863.809524
12274742.380952
11670907.619048
11504240.000000
11140859.047619
50618203.809524
11036120.000000
28560277.619048
1789376.666667
10122762.380952
9964128.095238
10092016.666667
26779190.000000
24769340.476190
10003671.904762
11250005.714286
11437413.333333
51316890.952381
10953508.571429
11081718.571429
11480309.047619
20036954.761905
11879227.619048
60423952.857143
12601677.142857
12541495.714286
37393378.571429
21081625.238095
12012145.238095
29364319.523810
12275151.428571
12070822.380952
12274753.809524
12179795.714286
29763276.666667
12036908.571429
11929038.571429
11802345.714286
11571940.476190
37778914.285714
11174071.428571
11278454.285714
11560180.952381
11644713.333333
11685743.809524
11930161.428571
11839080.476190
11718569.523810
11888337.619048
12031001.428571
12395171.428571
37506561.428571
11724762.380952
52838802.857143
9868025.714286
9709490.000000
7756133.333333
114578141.428571
6930103.333333
6831864.761905
27959260.952381
76127577.142857
9281477.142857
9117318.571429
5043716.666667
9131163.809524
12458845.714286
5799098.571429
6630799.523810
5915552.380952
5598478.095238
15244836.190476
6650783.809524
7986491.904762
9151123.333333
13139121.904762
9600531.428571
10540281.904762
26895019.523810
10905296.190476
11133239.523810
24241413.809524
11045211.428571
11049081.428571
10621667.142857
11077480.476190
27356274.761905
11630649.047619
11772248.571429
12523985.714286
20537427.142857
42985810.476190
12761053.333333
37691622.380952
11856559.047619
12213695.238095
57409593.333333
21180602.857143
11711654.761905
29886031.428571
11702707.142857
11891694.285714
12107834.285714
12153145.238095
12412072.857143
12465905.714286
12515560.952381
12605988.571429
12719416.190476
38642235.714286
56478926.666667
37955457.619048
46706121.428571
10816957.619048
10944080.476190
11058061.904762
10937284.761905
11190869.523810
28443105.714286
27955051.904762
11864014.285714
12547345.714286
12378921.904762
20850734.761905
12140560.000000
46007182.857143
11637584.285714
11670540.000000
11442915.238095
11315895.238095
