0.980000
0.816667
0.830000
0.763333
0.770000
0.760000
0.790000
0.760000
0.240000
0.003333
0.000000
0.000000
0.006667
0.003333
0.006667
0.006667
0.003333
0.000000
0.000000
0.006667
0.003333
0.003333
0.003333
0.000000
0.000000
0.010000
0.006667
0.003333
0.000000
0.000000
0.003333
0.003333
0.006667
0.713333
0.813333
0.856667
0.796667
0.753333
0.790000
0.770000
0.776667
0.503333
0.003333
0.000000
0.000000
0.000000
0.010000
0.003333
0.006667
0.006667
0.000000
0.000000
0.006667
0.003333
0.003333
0.000000
0.003333
0.000000
0.003333
0.010000
0.006667
0.000000
0.000000
0.003333
0.003333
0.003333
0.420000
0.840000
0.843333
0.806667
0.760000
0.796667
0.773333
0.786667
0.756667
0.003333
0.000000
0.000000
0.000000
0.006667
0.006667
0.006667
0.006667
0.000000
0.000000
0.003333
0.003333
0.003333
0.003333
0.003333
0.000000
0.000000
0.013333
0.003333
0.003333
0.000000
0.003333
0.003333
0.003333
0.113333
0.863333
0.826667
0.830000
0.766667
0.780000
0.763333
0.793333
0.763333
0.243333
0.003333
0.000000
0.000000
0.006667
0.003333
0.006667
0.006667
0.003333
0.000000
0.000000
0.006667
0.003333
0.003333
0.003333
0.000000
0.000000
0.010000
0.006667
0.003333
0.000000
0.000000
0.003333
0.003333
0.100000
0.583333
0.813333
0.856667
0.796667
0.753333
0.790000
0.770000
0.776667
0.503333
0.003333
0.000000
0.000000
0.000000
0.010000
0.003333
0.006667
0.006667
0.000000
0.000000
0.006667
0.003333
0.003333
0.000000
0.003333
0.000000
0.003333
0.010000
0.006667
0.000000
0.000000
0.003333
0.003333
0.086667
0.300000
0.840000
0.843333
0.806667
0.760000
0.796667
0.773333
0.786667
0.756667
0.003333
0.000000
0.000000
0.000000
0.006667
0.006667
0.006667
0.006667
0.000000
0.000000
0.003333
0.003333
0.003333
0.003333
0.003333
0.000000
0.000000
0.013333
0.003333
0.003333
0.000000
0.003333
0.003333
0.086667
0.016667
0.863333
0.826667
0.830000
0.766667
0.780000
0.763333
0.793333
0.763333
0.243333
0.003333
0.000000
0.000000
0.006667
0.003333
0.006667
0.006667
0.003333
0.000000
0.000000
0.006667
0.003333
0.003333
0.003333
0.000000
0.000000
0.010000
0.006667
0.003333
0.000000
0.000000
0.003333
0.076667
0.020000
0.583333
0.813333
0.856667
0.796667
0.753333
0.790000
0.770000
0.776667
0.503333
0.003333
0.000000
0.000000
0.000000
0.010000
0.003333
0.006667
0.006667
0.000000
0.000000
0.006667
0.003333
0.003333
0.000000
0.003333
0.000000
0.003333
0.010000
0.006667
0.000000
0.000000
0.003333
0.076667
0.006667
0.300000
0.840000
0.843333
0.806667
0.760000
0.796667
0.773333
0.786667
0.756667
0.003333
0.000000
0.000000
0.000000
0.006667
0.006667
0.006667
0.006667
0.000000
0.000000
0.000000
0.003333
0.003333
0.003333
0.003333
0.003333
0.000000
0.000000
0.010000
0.006667
0.003333
0.000000
0.070000
0.006667
0.026667
0.050000
0.693333
0.800000
0.833333
0.793333
0.770000
0.780000
0.786667
0.756667
0.380000
0.003333
0.000000
0.000000
0.003333
0.006667
0.003333
0.006667
0.006667
0.000000
0.000000
0.006667
0.003333
0.003333
0.003333
0.000000
0.000000
0.010000
0.003333
0.006667
0.000000
0.083333
0.010000
0.020000
0.053333
0.423333
0.800000
0.826667
0.810000
0.750000
0.793333
0.780000
0.783333
0.623333
0.003333
0.000000
0.000000
0.000000
0.010000
0.003333
0.006667
0.006667
0.000000
0.000000
0.006667
0.000000
0.003333
0.003333
0.003333
0.000000
0.000000
0.013333
0.006667
0.000000
0.093333
0.006667
0.016667
0.043333
0.143333
0.823333
0.833333
0.803333
0.770000
0.783333
0.780000
0.793333
0.756667
0.116667
0.003333
0.000000
0.000000
0.006667
0.003333
0.006667
0.006667
0.003333
0.000000
0.003333
0.003333
0.003333
0.003333
0.003333
0.000000
0.000000
0.010000
0.006667
0.003333
0.093333
0.006667
0.016667
0.033333
0.033333
0.693333
0.800000
0.833333
0.793333
0.770000
0.780000
0.786667
0.756667
0.380000
0.003333
0.000000
0.000000
0.003333
0.006667
0.003333
0.006667
0.006667
0.000000
0.000000
0.006667
0.003333
0.003333
0.003333
0.000000
0.000000
0.010000
0.003333
0.006667
0.096667
0.003333
0.023333
0.023333
0.030000
0.423333
0.800000
0.826667
0.810000
0.750000
0.793333
0.780000
0.783333
0.623333
0.003333
0.000000
0.000000
0.000000
0.010000
0.003333
0.006667
0.006667
0.000000
0.000000
0.006667
0.000000
0.003333
0.003333
0.003333
0.000000
0.000000
0.013333
0.006667
0.090000
0.003333
0.026667
0.023333
0.036667
0.143333
0.823333
0.833333
0.803333
0.770000
0.783333
0.780000
0.793333
0.756667
0.116667
0.003333
0.000000
0.000000
0.006667
0.003333
0.006667
0.006667
0.003333
0.000000
0.003333
0.003333
0.003333
0.003333
0.003333
0.000000
0.000000
0.010000
0.006667
0.096667
0.000000
0.026667
0.020000
0.023333
0.033333
0.693333
0.800000
0.833333
0.793333
0.770000
0.780000
0.786667
0.756667
0.380000
0.003333
0.000000
0.000000
0.003333
0.006667
0.003333
0.006667
0.006667
0.000000
0.000000
0.006667
0.003333
0.003333
0.003333
0.000000
0.000000
0.010000
0.003333
0.080000
0.000000
0.023333
0.023333
0.010000
0.030000
0.423333
0.800000
0.826667
0.810000
0.750000
0.793333
0.780000
0.783333
0.623333
0.003333
0.000000
0.000000
0.000000
0.010000
0.003333
0.006667
0.006667
0.000000
0.000000
0.006667
0.000000
0.003333
0.003333
0.003333
0.000000
0.000000
0.013333
0.076667
0.000000
0.020000
0.020000
0.006667
0.036667
0.143333
0.823333
0.833333
0.803333
0.770000
0.783333
0.780000
0.793333
0.756667
0.116667
0.003333
0.000000
0.000000
0.006667
0.003333
0.006667
0.006667
0.003333
0.000000
0.003333
0.003333
0.003333
0.003333
0.003333
0.000000
0.000000
0.010000
0.083333
0.003333
0.013333
0.036667
0.003333
0.023333
0.033333
0.693333
0.800000
0.833333
0.793333
0.770000
0.780000
0.786667
0.756667
0.380000
0.003333
0.000000
0.000000
0.003333
0.006667
0.003333
0.006667
0.006667
0.000000
0.000000
0.006667
0.003333
0.003333
0.003333
0.000000
0.000000
0.010000
0.096667
0.006667
0.006667
0.036667
0.003333
0.010000
0.030000
0.423333
0.800000
0.826667
0.810000
0.750000
0.793333
0.780000
0.783333
0.623333
0.003333
0.000000
0.000000
0.000000
0.010000
0.003333
0.006667
0.006667
0.000000
0.000000
0.006667
0.000000
0.003333
0.003333
0.003333
0.000000
0.000000
0.116667
0.006667
0.003333
0.023333
0.000000
0.000000
0.020000
0.013333
0.040000
0.053333
0.053333
0.543333
0.730000
0.820000
0.770000
0.753333
0.790000
0.770000
0.776667
0.503333
0.006667
0.000000
0.000000
0.000000
0.006667
0.003333
0.006667
0.006667
0.000000
0.000000
0.006667
0.003333
0.003333
0.066667
0.003333
0.003333
0.013333
0.026667
0.006667
0.016667
0.010000
0.026667
0.066667
0.046667
0.290000
0.756667
0.793333
0.780000
0.750000
0.796667
0.773333
0.786667
0.756667
0.006667
0.000000
0.000000
0.000000
0.003333
0.006667
0.006667
0.006667
0.000000
0.000000
0.003333
0.003333
0.003333
0.073333
0.003333
0.006667
0.013333
0.030000
0.003333
0.013333
0.010000
0.020000
0.063333
0.043333
0.046667
0.780000
0.760000
0.796667
0.753333
0.780000
0.763333
0.793333
0.763333
0.243333
0.010000
0.000000
0.000000
0.003333
0.003333
0.006667
0.006667
0.003333
0.000000
0.000000
0.006667
0.003333
0.076667
0.003333
0.006667
0.010000
0.013333
0.006667
0.003333
0.020000
0.013333
0.050000
0.040000
0.053333
0.543333
0.730000
0.820000
0.770000
0.753333
0.790000
0.770000
0.776667
0.503333
0.006667
0.000000
0.000000
0.000000
0.006667
0.003333
0.006667
0.006667
0.000000
0.000000
0.006667
0.003333
0.090000
0.000000
0.010000
0.010000
0.003333
0.026667
0.006667
0.016667
0.010000
0.033333
0.053333
0.046667
0.290000
0.756667
0.793333
0.780000
0.750000
0.796667
0.773333
0.786667
0.756667
0.006667
0.000000
0.000000
0.000000
0.003333
0.006667
0.006667
0.006667
0.000000
0.000000
0.003333
0.003333
0.093333
0.003333
0.006667
0.003333
0.006667
0.030000
0.003333
0.013333
0.010000
0.023333
0.046667
0.043333
0.046667
0.780000
0.760000
0.796667
0.753333
0.780000
0.763333
0.793333
0.763333
0.243333
0.010000
0.000000
0.000000
0.003333
0.003333
0.006667
0.006667
0.003333
0.000000
0.000000
0.006667
0.093333
0.003333
0.013333
0.000000
0.010000
0.013333
0.006667
0.003333
0.020000
0.013333
0.050000
0.040000
0.053333
0.543333
0.730000
0.820000
0.770000
0.753333
0.790000
0.770000
0.776667
0.503333
0.006667
0.000000
0.000000
0.000000
0.006667
0.003333
0.006667
0.006667
0.000000
0.000000
0.006667
0.096667
0.003333
0.013333
0.003333
0.010000
0.003333
0.026667
0.006667
0.016667
0.010000
0.033333
0.053333
0.046667
0.290000
0.756667
0.793333
0.780000
0.750000
0.796667
0.773333
0.786667
0.756667
0.006667
0.000000
0.000000
0.000000
0.003333
0.006667
0.006667
0.006667
0.000000
0.000000
0.003333
0.093333
0.003333
0.020000
0.003333
0.003333
0.006667
0.030000
0.003333
0.013333
0.010000
0.023333
0.046667
0.043333
0.046667
0.780000
0.760000
0.796667
0.753333
0.780000
0.763333
0.793333
0.763333
0.243333
