1568682.857143
2058575.714286
1734591.428571
1919438.571429
1996212.380952
2305534.285714
2358555.714286
2548800.000000
2684061.904762
2138862.857143
2649595.238095
2688940.000000
2121118.095238
2226990.476190
2266438.095238
2200565.714286
2233103.809524
2771643.809524
865793.809524
1794078.095238
1903963.809524
2228046.190476
1880860.000000
1706791.904762
1236273.809524
2087223.333333
2152210.000000
1228418.095238
1431388.095238
1090868.571429
2035828.095238
1850415.714286
2322135.714286
725893.809524
1411123.809524
1591756.190476
748678.095238
1292996.190476
1382990.000000
892476.190476
919851.904762
799992.380952
776243.809524
1131913.809524
1167687.619048
795654.761905
847021.904762
720970.000000
802956.666667
862911.904762
734384.761905
973925.714286
1054933.333333
878438.095238
839329.523810
924586.666667
1241325.714286
961236.190476
820996.190476
1971520.000000
1867817.142857
2200866.190476
1156043.333333
1941460.000000
2081345.238095
773018.095238
1020413.333333
1165278.095238
1212876.190476
1643411.428571
1217144.761905
1639653.809524
2044761.428571
1663808.095238
695570.000000
1043790.000000
1139160.000000
1116583.809524
1514511.904762
1139864.761905
899386.190476
1393984.761905
1767617.619048
745218.095238
759516.190476
780896.190476
931774.285714
905281.904762
726991.904762
618898.095238
801310.000000
773938.095238
1077091.904762
989163.809524
725200.000000
654603.809524
742074.285714
1490415.238095
1594899.047619
1195460.000000
1467097.619048
1666836.190476
1709900.952381
811341.904762
1199857.619048
1146456.190476
719178.095238
1246072.857143
1405309.047619
1137426.666667
975906.666667
907786.666667
1249008.095238
778691.428571
784502.857143
1594620.952381
1240048.095238
684922.380952
1363326.190476
1531165.714286
652260.000000
1848586.190476
1754351.904762
1499453.333333
982175.238095
1415944.761905
1257710.476190
743131.428571
1173847.619048
1457836.190476
671683.809524
1239796.190476
1459204.285714
705651.904762
1017683.809524
1086730.000000
1134730.000000
1470960.000000
1105702.857143
897920.000000
1287228.095238
1247830.476190
897623.809524
1482461.904762
1319128.095238
845961.904762
1052205.714286
928133.809524
798654.285714
1339497.142857
1190255.714286
1538731.904762
1432742.857143
1004246.190476
1344177.142857
1310283.809524
1220422.857143
764876.190476
1207740.952381
1190695.238095
666064.761905
1243678.095238
1467529.523810
691799.523810
1137200.000000
1169699.047619
959371.904762
1352947.619048
1216240.000000
906987.619048
1349420.000000
1288567.619048
976700.000000
1514324.285714
1366982.857143
663493.809524
642276.190476
776767.619048
894143.809524
787202.380952
983798.095238
795274.285714
647451.428571
701499.047619
655110.476190
653737.142857
784788.571429
656660.952381
677011.428571
967668.571429
787350.476190
704240.000000
773335.238095
569845.714286
616219.047619
763992.380952
699200.000000
697521.904762
833220.952381
768969.523810
764674.285714
900419.047619
656752.380952
648196.190476
727493.333333
634081.904762
717830.476190
725813.333333
633592.380952
578754.285714
764678.095238
868546.666667
553523.809524
742535.238095
574154.285714
704731.428571
764895.238095
537350.476190
663428.571429
988815.238095
900207.619048
700841.904762
800478.095238
793628.571429
958148.095238
1543893.333333
1365046.190476
625972.380952
789889.523810
648730.000000
661630.000000
741443.809524
672810.000000
607341.904762
981291.428571
829570.000000
742707.619048
788340.952381
609137.142857
601089.523810
682733.333333
591449.523810
560792.380952
785969.523810
778700.952381
672683.809524
1153633.809524
975866.666667
452386.666667
1099001.904762
1102049.523810
445779.047619
1051504.761905
1052198.095238
649040.000000
785622.857143
640240.000000
586450.000000
776140.952381
730728.095238
620591.904762
656693.333333
523840.000000
627865.714286
732417.142857
520014.285714
599080.000000
846798.095238
766350.476190
450769.523810
549249.523810
602417.142857
696280.000000
992405.714286
875958.095238
534194.285714
630796.190476
727777.142857
586801.904762
754005.714286
652866.666667
453499.047619
714992.380952
797487.619048
464346.666667
763634.285714
938318.095238
855561.904762
1017838.095238
771693.333333
800281.904762
1172537.142857
1125493.333333
467569.523810
710321.904762
768333.333333
564984.285714
708043.809524
718801.904762
465167.619048
614845.714286
611400.000000
504518.095238
725531.428571
730310.476190
457855.238095
716205.714286
780488.571429
469832.380952
741189.523810
662525.714286
561059.047619
712285.714286
671866.190476
574284.285714
613565.714286
510231.904762
669218.095238
790790.476190
767323.809524
455960.000000
852156.190476
998236.190476
608674.285714
703457.142857
764232.380952
646855.238095
835432.380952
741754.285714
667358.095238
786398.095238
709243.809524
620062.857143
827188.571429
737767.619048
652929.523810
728714.285714
668407.619048
613552.380952
723733.333333
704200.000000
599609.523810
633819.047619
534251.428571
613710.476190
667952.380952
657678.095238
624236.190476
676240.000000
653887.619048
580826.666667
636550.476190
541083.809524
569047.619048
624249.523810
581135.238095
862733.809524
905220.000000
552173.333333
652828.095238
785693.809524
728607.619048
935843.809524
1000211.904762
746142.857143
766610.000000
1102820.000000
973232.380952
553577.619048
706532.380952
789068.571429
491037.619048
605358.095238
559281.904762
598390.000000
948882.857143
916491.904762
448434.285714
888689.523810
967596.190476
501520.000000
1086486.666667
1175312.380952
955653.809524
840080.476190
1135183.809524
1030839.523810
717886.190476
952663.809524
906920.000000
524946.190476
789580.000000
757500.476190
493678.095238
818846.190476
827794.285714
504156.190476
823513.809524
802361.904762
502466.666667
692656.666667
782413.333333
552369.523810
662569.523810
643927.619048
928537.142857
1089706.666667
874502.857143
715220.952381
718592.380952
625335.238095
651430.476190
955718.095238
807965.714286
499398.095238
818600.000000
902030.476190
509571.428571
561207.619048
648779.047619
493081.904762
869148.571429
960476.190476
535691.428571
613275.714286
624611.428571
598022.857143
603442.380952
497217.142857
678636.666667
752961.904762
553664.761905
690188.095238
1093478.095238
1078479.047619
483184.761905
647886.190476
779261.428571
682100.000000
947893.333333
901701.904762
641404.285714
799160.000000
898561.904762
544704.285714
679548.571429
762903.809524
608530.000000
802905.238095
830816.666667
498350.476190
707193.809524
723800.000000
489436.190476
716492.380952
772851.428571
467596.190476
755871.904762
836259.047619
496419.047619
927994.285714
1012470.000000
546470.000000
606662.857143
619008.095238
836258.095238
1006476.190476
652828.095238
819756.666667
1052843.809524
940652.380952
570460.952381
902451.428571
918350.476190
522390.476190
611523.809524
632702.857143
954811.428571
1121702.857143
1099003.809524
779664.285714
1103120.000000
1016746.190476
486316.190476
611605.714286
624785.714286
517563.809524
647946.666667
801328.095238
681417.619048
657729.523810
460601.904762
474150.476190
542074.285714
569958.095238
530899.047619
822600.000000
828160.000000
545192.380952
825580.952381
875836.190476
524270.476190
598897.142857
668051.428571
618596.190476
768491.904762
717734.285714
726173.809524
827138.095238
746016.190476
517544.285714
811058.095238
828570.000000
555414.285714
1028091.428571
1279128.571429
543803.809524
457864.761905
1014505.714286
752051.428571
547001.904762
527956.190476
527011.428571
461946.666667
480914.285714
552693.333333
479011.904762
572161.904762
497007.619048
507851.904762
513146.190476
574539.047619
484391.904762
554598.095238
487758.095238
579415.714286
532970.000000
496950.476190
495326.666667
493038.095238
564815.238095
457512.380952
553586.666667
464708.571429
486083.809524
482213.333333
550335.238095
468514.285714
622379.047619
479702.857143
511792.380952
496283.809524
489194.285714
513975.238095
487451.428571
542920.000000
520255.238095
464601.904762
524963.809524
517655.238095
483902.857143
538647.619048
475689.523810
528923.809524
482554.285714
492756.190476
485135.238095
501306.666667
477773.333333
492377.142857
499638.095238
512986.666667
468963.809524
483626.666667
654772.380952
