44816209.523810
28408896.190476
28039415.238095
28639898.095238
27037651.428571
27654771.428571
27117054.285714
28914061.428571
27277697.619048
28799772.857143
26910827.142857
41608854.285714
37380194.285714
35268800.476190
36487216.190476
34117298.571429
33099450.476190
32050528.095238
30736996.190476
30363722.857143
29044290.476190
29980676.190476
28947423.809524
30594231.428571
29586461.428571
29824305.714286
27869274.761905
28423424.761905
29012608.571429
28993327.619048
27776807.619048
28652574.761905
27829988.571429
29679469.523810
30522418.571429
29747176.190476
29167338.095238
30285825.238095
31915155.238095
28830468.571429
28072741.904762
30359278.095238
27373841.904762
27407715.238095
27965093.333333
28318574.285714
27819732.380952
29297458.095238
28193926.666667
27562496.190476
27918092.380952
28325050.476190
30010690.476190
28352463.809524
28055832.380952
28384745.714286
27895432.380952
28556741.904762
27450722.857143
27747990.476190
29516976.190476
27304644.761905
27550106.666667
27111417.142857
26617194.285714
27345686.666667
29218515.714286
29780614.285714
31163513.333333
28505259.047619
30952621.904762
27956901.904762
27301282.857143
28126659.047619
29148077.142857
29045180.952381
28652651.428571
29137110.476190
29870405.714286
30924374.285714
29474931.428571
31154327.619048
29509160.952381
29067275.238095
28185732.380952
28426186.666667
29673760.952381
29101174.285714
29592881.904762
28814792.380952
29225800.952381
30190506.666667
27577198.095238
28078894.285714
29170573.333333
33517012.380952
30982456.190476
29811327.619048
30667657.142857
29483830.476190
32156549.523810
32389547.619048
29531962.857143
30580548.571429
29343343.809524
30685674.285714
31215913.333333
30455189.523810
29633177.142857
28971162.857143
29285058.095238
30793146.666667
30505553.333333
30947118.095238
28661354.285714
28487361.904762
29101314.285714
30961801.904762
28286690.476190
29524820.952381
29600738.095238
28379464.761905
29760024.761905
28907531.428571
28140333.333333
29581410.476190
32764097.619048
27784832.380952
29521280.000000
28170811.428571
30762783.809524
31059004.761905
29445472.380952
28513072.380952
29920511.428571
27966474.285714
28746132.380952
28451698.095238
29087637.142857
29256985.714286
28631484.761905
29454371.428571
28752143.809524
27523220.000000
29647793.333333
28891055.238095
31086481.904762
28815360.000000
28577020.000000
27885935.238095
29085091.428571
30240965.714286
28455527.619048
29467091.428571
29144591.428571
30166727.619048
30710347.619048
28832035.238095
29461050.476190
29180787.619048
28223035.238095
29392374.285714
28807812.380952
28165439.047619
29030878.095238
30752026.666667
27916115.238095
29485064.761905
30907179.047619
30415365.714286
29474295.238095
27908964.761905
29016809.523810
29549143.809524
28836010.476190
28588728.571429
28944920.000000
27659881.904762
29438397.142857
29046922.857143
29292482.857143
28044691.428571
28252089.523810
30965160.952381
30303773.333333
28873200.000000
28341353.333333
28705710.476190
29516148.571429
28868660.000000
27953127.619048
29590279.047619
27996073.333333
29283254.285714
28976240.952381
28767212.380952
29088797.142857
30525168.571429
28057140.000000
28151300.000000
30994562.857143
28564240.952381
28876125.714286
28314769.523810
28585153.333333
29740254.285714
29357110.476190
28329664.761905
29306973.333333
28932754.285714
27889482.857143
29098319.047619
27409458.095238
29426421.904762
28507487.619048
28482034.285714
28955895.238095
30236515.238095
27909547.619048
30823610.476190
28418737.142857
27968274.285714
28534837.142857
28426864.761905
28383657.142857
28961862.857143
30846268.571429
27502327.619048
28609079.047619
29056601.904762
28270372.380952
29282900.952381
28098124.761905
28409610.476190
29675605.714286
28632857.142857
28354883.809524
28674208.571429
28861313.333333
28694163.809524
29263507.619048
27721655.238095
28322968.571429
28942627.619048
28124956.190476
32651478.095238
33231430.476190
29420767.619048
27431735.238095
29261313.333333
29113609.523810
30281723.809524
28149612.857143
27798571.904762
29858727.619048
28747164.761905
29127405.714286
28735401.904762
29817531.428571
27647775.238095
28877374.285714
27592357.142857
28969456.666667
30593001.428571
28587454.285714
28704754.285714
27744132.380952
29439883.809524
29363416.190476
27935479.047619
28528701.904762
29411257.142857
27928375.714286
29559019.047619
28806501.904762
27947623.809524
27649545.714286
29035561.904762
28699663.809524
29752462.857143
28263240.000000
27896751.428571
29050667.142857
26874334.285714
27496248.571429
27502460.000000
26859562.857143
29082150.000000
27569214.285714
27781728.571429
27253214.285714
27918475.714286
26586712.857143
28185708.571429
27810438.095238
29261732.380952
28834176.190476
27078885.714286
29708095.238095
27839548.571429
28454013.333333
28457059.047619
29929066.666667
28359163.809524
28623400.000000
28273897.142857
28414486.666667
28407774.285714
27547219.047619
29347305.714286
28717295.238095
27577682.857143
29931537.142857
28601520.952381
27050655.238095
30004370.476190
28791850.476190
28521918.095238
27907078.095238
28381446.666667
27273389.523810
29835208.571429
28397229.523810
29094521.904762
27729457.142857
28242802.857143
28977978.095238
27998075.238095
30456536.190476
27290445.714286
27658358.095238
27831902.857143
28649387.619048
27585624.761905
29664179.047619
30783305.714286
28520393.333333
29045580.000000
30092285.714286
27548111.428571
28381289.523810
29017013.333333
27622265.714286
29186935.238095
29159241.904762
27960873.333333
28535539.047619
27696833.333333
28723126.666667
28503603.809524
30092590.476190
28485523.809524
27718320.952381
30303114.761905
28387642.380952
28903245.714286
27795773.333333
29318280.000000
27946726.666667
27651130.476190
30555612.380952
28185883.809524
29345524.761905
28279056.190476
27787038.095238
28203349.523810
28946473.333333
28331959.047619
28643929.523810
27916586.666667
28021602.857143
30916566.666667
27498653.333333
30473176.190476
27992338.095238
30373003.809524
27808147.619048
28093606.666667
28263637.142857
27862316.190476
29529171.428571
27975110.476190
28058978.095238
29932971.428571
28520799.047619
28660459.047619
27887740.000000
30289044.761905
28134960.952381
28478360.000000
27562501.904762
27479127.619048
28248206.666667
28907841.904762
30088900.000000
29899099.047619
29365488.571429
29572266.666667
29733578.095238
30346202.857143
29888116.190476
30109801.904762
29395535.238095
30201068.571429
29681386.666667
30000816.190476
29776270.000000
29741935.714286
27683631.428571
30544994.285714
29525590.476190
28433537.142857
27480811.428571
29215553.333333
27977909.523810
28346720.000000
27653920.000000
28163711.428571
28660574.285714
28633340.952381
30233640.952381
28281218.095238
28540080.952381
29778246.666667
27636211.428571
28284995.238095
27798878.095238
28708267.619048
28257592.380952
30674780.952381
30015359.047619
29705238.095238
29518951.428571
27941167.619048
27755933.333333
29206080.000000
30056448.571429
28503814.285714
27487185.714286
28459943.809524
29868214.285714
26671211.428571
28987019.047619
28796742.857143
27781307.619048
27971853.333333
27514736.190476
30314093.333333
29146863.809524
27939315.238095
31079643.809524
28648889.523810
28517876.190476
28286784.761905
29246296.190476
29911946.666667
28215665.714286
27770601.904762
27670372.380952
27973395.238095
28102918.095238
30287533.333333
28717556.190476
28345495.238095
28629899.047619
29804809.523810
28498877.142857
28129220.952381
28106907.619048
29312089.523810
28619200.000000
28161444.761905
30932807.142857
28973821.428571
30832139.523810
29789933.333333
29260010.476190
27436689.523810
28007638.095238
28742671.428571
27531004.761905
30337409.047619
27943943.333333
30035712.380952
28202760.000000
29298084.761905
30716326.666667
30299043.809524
27827798.095238
31216163.809524
31663662.857143
28750461.904762
30116347.142857
31812863.333333
30915696.666667
31515861.428571
29339680.476190
29892387.142857
30881200.952381
33639992.380952
33046541.904762
30167586.190476
30012536.666667
28625060.952381
27901893.333333
29844598.095238
30070627.619048
29673231.428571
29679287.619048
27498172.380952
29071485.238095
28225184.761905
27776700.476190
27779575.238095
29922587.142857
28179879.523810
28582509.523810
29319551.428571
28278242.857143
29438200.952381
29937897.142857
27823007.619048
27946354.285714
29184945.714286
28866005.714286
28233452.380952
30644908.571429
28089900.000000
27341689.523810
28768082.857143
28068800.952381
30474043.809524
27970052.380952
29613156.190476
27113935.238095
29383159.047619
27888008.571429
28499912.380952
28062074.285714
29141140.952381
28088556.190476
27853330.476190
26818058.095238
28435868.571429
29689186.666667
27502047.619048
27763576.190476
29899031.428571
27735064.761905
27614182.857143
28488717.142857
28227957.142857
28443049.523810
28019160.000000
29976497.142857
27506073.333333
28210160.000000
27166150.476190
27747623.809524
28785488.571429
27302671.428571
27441174.285714
27849052.380952
27040298.095238
27759015.238095
28163980.952381
28087266.666667
28101289.523810
27730315.238095
28522976.190476
28193917.142857
28239726.666667
30032755.238095
28341042.857143
28041978.095238
27940389.523810
28110649.523810
29952964.761905
30506380.952381
29362083.809524
28045715.238095
27823488.571429
27972772.380952
27433650.476190
28632040.952381
28247794.285714
27870553.333333
28576196.190476
28572164.761905
28296821.904762
29530878.095238
27057426.666667
29978318.095238
29537012.380952
27316914.285714
29513360.952381
29866471.428571
30072683.809524
30374569.523810
28725336.190476
29225902.857143
28087723.809524
28073407.619048
28051573.333333
28238942.857143
28107605.714286
27570488.571429
27898889.523810
27519581.904762
28274307.619048
28668328.571429
29582177.142857
28488562.857143
29092868.571429
27888563.809524
29899405.714286
27845651.428571
30381203.809524
27662202.857143
28566704.761905
28129008.571429
28163944.761905
27223439.047619
28195360.000000
30321841.904762
27842907.619048
29556756.190476
29728534.285714
30775252.380952
27898220.952381
27360283.809524
28059730.476190
27580398.095238
28440424.761905
27965046.666667
28530526.666667
29785546.666667
27794000.000000
28093852.380952
28172703.809524
29960249.523810
27210539.047619
28043777.142857
27508145.714286
29825376.190476
30274503.809524
27288932.857143
27636641.428571
30364534.285714
29193152.380952
28376939.047619
27748988.571429
28335532.380952
28294139.047619
28456157.142857
29690275.714286
26510982.380952
27494924.285714
26406407.142857
28880748.095238
26486852.857143
28262095.714286
27500092.857143
26446754.285714
25956568.571429
26531500.000000
28889752.857143
26911405.714286
28081547.619048
28593481.904762
27482640.000000
28572689.523810
27929169.523810
29247957.142857
27886438.095238
27532868.571429
28965083.809524
27520927.619048
27547626.666667
28248838.095238
27633942.857143
29592220.000000
28399839.047619
27840588.571429
27840950.476190
27170771.428571
27803695.238095
30004073.333333
28065056.190476
28138835.238095
30640446.666667
29494201.904762
30189677.142857
29818432.380952
27809788.571429
28222239.047619
30394326.666667
27648356.190476
27991401.904762
28710802.380952
27435351.428571
30233428.571429
28412223.809524
28398340.000000
27587205.238095
29031047.142857
28318817.142857
27347547.619048
28728077.142857
29883699.523810
31161145.238095
31873391.428571
31597035.238095
29725476.190476
31527541.904762
32279468.571429
31109961.904762
32219963.809524
29834116.190476
29377650.000000
28534170.952381
29872945.714286
29357676.190476
29103000.000000
27570815.238095
30168459.047619
28817702.857143
28899000.000000
29705221.904762
27762828.095238
28660723.333333
28925359.047619
30665830.476190
31059815.238095
28485105.714286
28589835.238095
27566056.190476
28032754.285714
28709527.619048
27710833.809524
28166193.809524
28087549.523810
29484630.476190
30356688.571429
29339318.095238
29357465.714286
27274020.000000
27996899.047619
28333283.809524
27742939.523810
30141220.952381
28492554.285714
28880790.476190
27802459.047619
28800265.714286
29673223.809524
28385969.523810
28022677.142857
28173650.476190
29122672.857143
30945411.904762
31895112.380952
30613882.857143
29301376.190476
29198653.333333
29673285.714286
30938340.952381
31948021.904762
30977382.857143
30762030.000000
28769374.761905
31787580.000000
28554076.190476
29712244.761905
29688454.285714
30428002.857143
27815416.190476
30401154.285714
28146680.000000
28574226.190476
28317878.571429
29729808.571429
29323510.476190
27902551.428571
27976475.238095
29982836.190476
28691505.714286
28580479.047619
28996765.714286
27848840.476190
29665354.761905
29751475.238095
28919457.142857
28883700.000000
27853620.000000
29567980.000000
27395591.428571
30737824.761905
27881729.523810
29203324.285714
30491468.095238
28521828.571429
30736067.619048
27842760.952381
27838962.857143
30538171.428571
28659687.619048
28122719.047619
29620859.047619
27597886.190476
27997777.619048
28612801.904762
29235435.238095
28360401.904762
29147671.428571
29265178.095238
27631536.190476
28582052.380952
30020112.380952
28053328.095238
27936452.857143
28464757.142857
29105279.047619
29720888.571429
28655826.666667
27394050.476190
29040900.952381
27474317.142857
27912879.047619
28269709.047619
28667795.714286
27481527.619048
28019221.904762
28577922.857143
28651704.761905
27875520.000000
29270483.809524
27405935.238095
29013465.714286
28946879.523810
28702934.761905
28217500.952381
28489006.666667
28007102.857143
30619351.428571
28959343.809524
28246800.952381
28125899.047619
27743943.809524
30713823.333333
30178447.619048
30195443.809524
28050770.476190
28135260.952381
30500218.095238
28901332.380952
30795640.000000
29743499.047619
28615524.761905
27289937.619048
28323527.142857
28497011.428571
27933465.714286
28371800.000000
27940356.190476
30512755.238095
28034480.000000
30902739.047619
28353195.238095
28016125.238095
27750425.238095
28416495.238095
30695368.571429
28069558.095238
27983713.333333
27575453.333333
28663170.476190
28231655.238095
27500809.523810
27642141.428571
28537158.571429
27925158.095238
28242646.666667
28402109.523810
28132452.380952
28309615.238095
29163202.857143
30161994.285714
28105005.714286
28160058.571429
27652958.571429
29757498.095238
27483094.285714
28263940.952381
27784151.428571
31071928.571429
27865762.857143
28820683.809524
28347601.904762
28038056.666667
27568736.190476
28857362.857143
29228698.095238
29073723.809524
27794118.095238
28328550.476190
28106060.952381
27316429.523810
28299610.476190
27644975.714286
27768061.428571
28531164.761905
28666865.714286
27973120.000000
29129846.666667
27659525.714286
29196051.428571
28299444.761905
28229786.666667
28166580.476190
29851987.142857
28185336.190476
28471644.761905
28326852.380952
27600342.857143
28953487.619048
28469480.952381
28259726.666667
28114535.238095
29383498.571429
27479047.142857
29713264.761905
27775002.857143
29586269.523810
28708516.190476
28192753.333333
