1433
659
1201
741
708
637
557
701
714
722
610
551
562
572
547
553
546
560
564
550
552
559
551
693
570
548
554
547
545
546
557
542
760
586
600
554
1345
554
542
536
540
536
534
541
602
563
649
552
544
546
544
543
544
542
553
546
578
550
553
539
544
545
1036
543
534
543
537
533
553
645
558
543
545
540
542
541
545
540
540
579
547
538
551
542
539
547
559
542
550
554
541
546
645
555
546
1070
546
540
540
539
540
575
559
555
541
551
543
538
536
537
537
546
543
539
555
639
729
550
547
547
553
540
541
547
586
837
1095
554
548
556
548
547
548
548
540
544
545
541
662
750
555
552
547
544
561
547
599
552
550
547
551
562
562
543
550
549
544
547
541
543
556
647
556
550
549
543
544
540
578
561
557
547
565
551
541
543
548
543
539
547
544
544
547
544
643
570
545
545
545
544
540
305887
657
441
416
423
412
410
412
417
408
412
418
418
409
421
409
519
425
413
409
413
410
443
412
411
422
411
408
408
408
408
411
408
413
410
412
410
408
408
493
418
408
420
408
408
441
412
408
411
413
408
407
417
410
406
411
405
406
407
419
408
408
623
420
29341174
136714
2379175
914
743
617
267526
892
1187
968
984
731
608
1014
609
565
632
783
614
770
548
584
16917
777
927
608
766
1015
752
796
2127
910
1211
854
985
759
840
602
1313
662
1369
832
816
1613
768
1417
2153
827
913
1455
888
1052
806
720
589
1022
1441
659
1538
683
754
1392
1337
1040
1575
721
1713
1244
778
1403
592
1281
1347
580
1179
982
1118
1088
1099
998
1132
1185
687
1202
1374
590
1206
781
1232
1215
612
1464
626
1138
1171
983
4296
1177
1074
975
1105
1135
1133
1140
986
1000
1185
1199
1306
586
1144
1248
1281
1194
1304
1360
844
571
977
1155
745
1170
1166
792
1166
1061
1312
798
1627
759
1264
1087
986
2487
355
988
1108
1074
1039
998
1041
981
1170
1165
1155
1091
1090
1101
1103
1074
1150
946
1095
1120
1108
1019
1138
946
1110
1105
1199
2808
1267
1281
1112
960
1106
968
1288
955
970
1195
1920
998
1333
458
546
535
778
1047
831
1050
813
1593
1096
672
1208
1197
952
1135
1007
1145
1043
1166
995
1357
1258
1081
1173
1096
1025
1108
1366
1386
973
1585
985
1230
1258
1139
986
1087
1009
1023
1095
1241
1237
1135
983
1056
1016
1306
974
231855
1225
603
573
575
577
829
576
561
553
554
557
546
547
562
550
544
549
557
543
554
544
555
591
553
553
555
551
550
784
559
562
561
54260621
894
82119
1081
870
727
5575546
945
888
651
622
1277
1138
887
617
576
801
656
878
845
558
1839
732
1679
920
800
2146
1324
1497
1088
639
620
511
1599
1172
1110
549
1788
1258
670
1194
995
3239
1205
1030
1185
1850
3788
1402
661
545
1836
1888
1046
1413
1277
706
1528
1061
1006
1739
1085
1036
1197
1379
1281
1321
1780
1222
577
1357
546
1292
1013
1003
1014
1024
1701
1042
835
1482
1161
1791
1007
1236
1399
2542
632
422
1260
1159
1023
1060
1618
885
804
1712
1376
1284
1270
1246
1089
1526
1201
1094
1254
1835
2005
1495
1131
1215
1086
1159
1246
2478
1349
1353
926
1128
1132
1070
1385
2128
880
1130
885
1129
1755
1314
1124
1270
1389
1796
1972
1511
1276
1042
1129
1369
1168
974
1158
1324
1606
1450
820
954
1046
1024
1725
1892
1136
1044
1108
990
1143
1744
1889
1362
1187
1457
1218
1706
1305
1145
1120
1077
1311
1186
1938
1348
1110
1041
1158
1016
1066
1541
1925
3053
1056
992
1326
951
1822
2182
1619
926
813
996
1049
1091
906
1230
610
1123
827
1162
1397
837
1108
1618
1682
1057
1098
1115
1338
1762
1171
1398
1445
1983
1581
1502
1438
1487
1523
1406
1637
2243
1895
1533
1678
1414
1452
1740
1396
1272
1709
1449
1422
2145
1708
1260
1701
1972
1413
1517
2068
1602
1573
2341
1803
1314
1272
1973
1535
1468
2231
291317
567
384
383
369
368
460
4437433
608
23815964
1071
750
610
229220
11053649
1148
847
1053
853
724
641
1026
920
1015
921
1763
707
939
2528
678
753
810
1269
586
1918
1580
1315
1055
1376
1350
1468
1313
616
1519
1265
1726
1126
1371
1256
1207
1340
1574
1238
1250
4066
1161
1213
1219
1262
1557
1433
1306
858
1312
1182
1120
1488
1449
1538
2009
588
8899
691
676
2067
1212
1725
1150
1087
1957
1401
592
1585
1243
1395
1373
1620
1402
1727
1229
1474
1515
1538
1445
1950
1158
1105
1340
1317
1293
1458
1576
1376
1232
1399
1739
1315
1087
1237
3331
1536
1415
1319
1429
1242
1509
1306
1815
1128
1091
1341
881
607
1158
1083
1285
1449
1106
1270
1276
1423
1243
1430
1498
1350
1162
2222
605
1219
1405
1366
1013
1051
1232
1290
1283
1325
1489
1512
1305
1802
1337
1292
1224
1330
1335
1300
1370
1189
1296
1361
1183
1339
1198
1199
1311
1534
1885
987
1169
1518
1226
1585
1241
1227
1126
1264
1182
1318
1236
1333
1212
1316
1151
1142
1105
1246
1084
1150
1162
1152
1186
1781
1145
1451
1064
1114
1095
1202
1024
1211
1120
1205
1118
1145
1145
1274
1188
1182
1146
2216
1560
1077
1173
1243
1365
1499
1563
1679
1645
1750
1577
1592
1582
1680
1604
1729
1605
2041
1454
1509
1263
1637
46925
378
320
322
521
339
318
315
318
313
313
335
313
310
311
311
317
310
318
314
312
318
374
373133
642
435
464
391
390
392
15236423
920064
22197385
1204
824
707
1853
870143
876
3594
742
2480
2898
3160
11028
1485
8258
3851
1634
1514
4214
1075
692
1950
2452
2837
1735
16991
1197
1285
2271
2317
6012
2992
1484
1364
2158
3471
753
1388
1906
2259
1981
1982
1595
1849
2108
3658
1498
1877
1689
2200
2256
1943
1848
2001
1960
1472
1360
542
1864
2303
1727
2118
2328
1955
1805
1887
2181
1692
1625
1673
2098
1970
2028
90003
645
594
415
1426
2156
1090
1652
1791
1811
1789
1123
1426
1484
1412
1503
2040
1191
1420
1874
1865
2116
1453
1749
1039
1226
1892
2059
2325
2226
1314
1354
1432
1400
1797
1313
1803
1313
1379
1283
1463
1405
1617
1421
1641
1851
1467
1167
2287
1289
1551
1650
2396
1902
1334
1458
1409
1361
1477
1489
1579
1866
1968
1710
2428
883
1995
1498
1751
1430
1529
1752
1178
1575
1332
1842
1543
1976
1505
1850
1631
1367
1649
1563
1798
2093
1880
1956
1439
1362
1473
2051
2082
1507
1657
1371
1483
1693
1427
1297
1759
1405
1435
1742
3557
1623
1478
1344
1771
1349
1664
1395
1039
1276
1357
1680
1596
1849
1889
1376
1542
1504
1589
1350
2518
1562
1446
1376
2087
1456
1359
1891
941
1365
1409
1462
1407
1860
1723
1648
1790
1434
1770
1498
2032
1481
1914
1506
1737
3338
2684
2056
1594
2432
1694
1785
1642
1769
890
1214
2046
1459
1383
1208
1436
1954
1793
1345
1417
2001
2164
1528
1642
1302
1453
1700
1427
1399
1282
1287
1815
25844124
778
23718660
1260657
884
613
1076
303535
891
1062
707
695
694
600
672078
810
707
831
1066
1069
2842
1648
875
844
1275
620
563
1437
2204
1785
1412
1625
1226
1563
1227
1424
2137
1302
3916
728276
1006
568
1105
807
1084
1211
1801
1542
2305
1882
1235
1448
1887
1444
2163
1513
1404
2257
1602
2313
1908
1818
2079
1683
1684
2289
1778
2198
1449
1677
2312
2107
1968
1728
2278
1690
2321
1673
2066
1667
1615
1714
1625
2673
1660
1990
1909
1975
1938
1817
1371
1419
1682
1674
2215
1998
1615
1391
2218
1721
2183
1840
1923
2115
1492
1537
1799
1402
1883
1282
1871
1492
2590
1381
2400
1612
1579
1854
1994
1525
2241
2046
1547
2098
1980
2128
1796
1938
2088
2032
2292
2151
1764
2013
1837
2057
2000
2101
1908
2081
1894
1986
1828
1900
1916
1898
1857
2003
1872
2071
2241
2894
1713
1795
1721
1731
1683
1945
1741
2113
1844
1910
1751
1785
1721
1799
1829
1750
1750
1848
1785
1814
1745
1262
1188
1267
1137
1273
1027
1120
1462
3800
1730
1635
1752
1356
1444
1571
1585
2034
2319
2207
2080
2145
2278
2555
2255
2322
2151
3941
2618
1887
2083
2250
1996
1949
2324
2201
3320
1970
2042
1955
2062
1960
1249
1530
1886
1878
2051
1833
1971
2082
2141
1888
2001
2028
2112
1983
2054
2031
2290
2300
2634
1938
2032
1974
1988
2030
2005
1947
2083
1777
1957
1991
2027
1933
2149
2008
1906
2022
1922
2179
2042
2078
4078
2025
1953
2466
53284352
1084
4941
915
758
2651
1658
1254
6222
914
615
2094
2338
1608
1444
2332
2260
1939
1724
1522
1225
1415
1217
2540
2308
2648
9183
883
602
2095
2877
3713
2171
2115
2042
2858
1446
2066
2358
2076
2128
2277
2595
2052
6559
1184
12626
647
1668
1967
1690
3251
1336
2291
2846
2592
1701
2656
2431
2570
2305
2128
2870
2518
2475
6210
610
1343
1104
1548
1157
1383
1789
1287
1474
1156
1661
1362
1077
1327
1243
1513
1232
1526
2172
1226
1101
2903
1502
1064
1992
2612
1163
1092
1343
1417
1367
877
1483
932
599
1270
1580
1317
1716
1771
1816
1629
1290
1619
1816
1434
1547
1905
618
1704
374
1489
1200
1265
1220
1472
1561
1241
2624
1211
1825
1867
1947
1462
1342
1226
1226
1545
1233
1391
1403
1869
1941
3103
1807
1242
1324
2037
1225
1792
1055
1457
1067
1487
972
888
1937
989
1201
1193
1909
1050
1227
1506
1408
1179
1243
1627
1485
1283
1610
1478
1165
1584
1216
1497
1400
1267
1445
1899
1652
1621
1205
1549
1509
2076
1472
1759
1286
1571
1671
1345
1612
1848
1308
1474
1302
1777
1274
3754
1259
1583
1230
1808
1227
1533
1264
1571
1481
1164
886
1238
1650
1277
1417
1483
1329
1417
1366
1911
954
1299
2074
1225
1465
1580
1934
1238
1590
1660
1884
1577
2217
1443
1489
1737
1650
1286
1634
1747
1531
1506
1776
1337
1657
1718
1472
1430
1505
1262
1894
1268
1847
1759
1701
1176
1482
1362
1362
1422
43571759
1059
833
802
705
106637
1457
824
1138
930
811
599
2298810
1307
757
761
918
995
830
774
1557
1518
1562
1500
1663
1441
1910
1225
192089
1022
814
882
525
764
4999
850
944
792
954
574
1466
697
1649
1684
1140
1518
2026
1316
1413
1214
2016
1077
1120
425771
1028
540
1840
1094
820
512
1499
2032
1114
1934
1290
1653
1312
1306
1546
1369
1851
1963
2240
1057
2019
989
2182
1758
2072
1898
47272
561
1136
1612
1295
1533
1872
1472
2305
1704
1820
1248
17876
535
1711
2041
1678
1562
1777
1888
2206
1996
1705
1246
2283
1533
1694
1641
8435
1029
1867
2045
2512
828
1899
1736
1588
2023
1811
1812
2348
4113
1974
1792
2224
1382
2181
1861
1858
1683
1838
1757
1986
1557
1860
1165
781
1742
1667
1855
1948
2051
1772
3975
1948
1689
2051
1526
1747
1462
2043
2011
1137
818
1884
1640
1540
1334
1072
1274
1786
1809
1778
1849
1649
2308
1923
1831
1754
1730
1866
1843
1730
1329
1958
1808
1793
2023
1701
1885
1664
1804
1781
1811
1949
1819
1642
1933
1894
1917
3810
1811
1717
1809
1708
1777
1917
1735
989
968
1569
1752
1833
1385
2672
1211
1795
1594
2131
1358
1321
1665
2088
2000
2131
2081
1451
1711
2227
2102
2087
2075
2237
2022
1950
2105
2145
2002
2176
2013
2419
1621
2157
2019
2077
1856
1955
2186
1617
1854
1806
1832
1863
1940
1732
1818
2072
1928
2700
2003
1908
1983
2040
1654
1684
1137
58094097
1368
1142
871
815
919
1494
9764
878
870
2915
2326
2488
2531
2946
1703
1926
1175
1539
1705
1396
1310
1425
1758
1261
3636
1840
1420
1507
1785
1449
1862
1369
1657
1524
1344
1551
182843
737
562
867
986
496
1523
1358
1693
2200
1502
2455
1142
3499
878
1634
1486
1887
1558
1902
1677
1855
1898
1887
1701
2290
1980
1703
1604
1584
1758
1746
1642
1842
1983
1947
1652
1890
1073
670
1574
1063
1004
1075
1751
851
1604
915
873
1106
589
1402
1907
1726
2104
1444
1877
1498
1865
1662
1939
2995
961
1671
2372
1149
1947
1799
1904
1731
1775
1588
2689
1684
2138
1235
1937
1788
1956
1667
1744
1580
1834
1650
1871
1637
1751
1517
1838
3028
1054
1153
1668
1407
862
1304
925
826
1247
849
1343
1304
1060
834
487
429
1446
1687
1687
1929
1861
1879
1743
1752
1724
1916
1603
1764
1606
1860
1661
1951
2063
1885
2092
1584
1681
1835
126599
2259
1475
1727
1604
1837
1681
1796
1842
1862
1759
1662
976
1693
1271
1839
1144
675
1842
559
1598
676
1165
945
1574
729
1253
1843
1747
1801
1826
1806
78725
1142
820
1812
1599
1751
1814
1755
1677
3807
1425
2080
1929
2085
1931
2315
1538
772
2033
1822
1764
1380
1010
68282
1684
1278
1980
770
2745
557
822
780
479
1275
1615
1935
1888
2085
1659
1969
2129
1834
1798
1965
2113
1942
1794
2088
3596
1817
1908
2079
1682
2074
1649
1987
568
1121
1517
61077167
Xput: 5151
