1623
841
754
615
718
606
554
543
657
727
597
563
549
570
1509
625
546
968152
1355
6011
1002
852
782
966438
1219
832
857
742
721
939272
991
626
741
603
600
992699
1308
833
582
770
594
941505
1272
844
714
600
850
921998
927
912
711
598
560
924080
1047
735
706
601
724
932439
905
618
707
597
565
953744
891
624
704
597
570
966408
985
811
734
757
615
956849
945
624
564
691
746
982890
1124
665
702
599
544
1035139
1106
813
569
708
747
1029681
1108
802
732
740
717
1028020
961
621
561
752
745
1043814
1276
959
612
558
816
1032845
1283
850
762
615
722
1069076
933
631
569
1071
771
1063149
812
750
612
799
728
1039430
939
636
558
1176
725
1038181
1292
803
721
612
1031
1031359
1301
992
627
579
728
1025396
1172
826
713
609
720
1008871
1005
626
704
614
567
1012969
1282
1011
630
565
916
1064737
1174
842
1970
750
699
1064715
1348
662
560
691
749
1023360
1297
1024
736
614
1082
1026233
1076
692
702
595
702
1034951
1137
796
719
609
952
1019795
1274
814
734
610
803
1011836
1313
864
714
610
837
1022594
1197
846
739
598
782
1025364
1143
647
704
612
1111
1031926
1274
813
720
736
709
1020601
1278
849
570
733
736
1026320
948
630
1626
761
594
1032965
1310
818
722
601
1695
1026574
1091
1047
959
603
571
1081211
1181
810
711
598
1181
1028119
1186
1063
648
738
722
1002519
1149
763
723
809
711
1026779
1211
852
754
728
703
1012135
810
752
614
558
590
1023396
1205
889
564
731
722
1052253
1276
864
717
611
940
1008972
929
667
1152
725
721
1020760
1335
842
570
612
757
1011939
1071
702
707
729
723
1006682
1147
776
602
560
707
1029348
1285
847
563
754
723
1023677
847
993
778
701
592
1034453
994
624
734
597
563
996140
926
619
708
600
568
1011866
1104
787
979
636
772
1047675
1285
786
567
827
745
1012412
1246
829
1090
718
711
1037560
1326
887
768
595
761
1039987
1298
663
709
595
1181
1021972
1307
832
716
597
985
1018957
983
1515
1140
976
735
1016313
1300
873
786
606
596
1058076
990
638
566
693
765
1010832
1258
876
723
721
738
1028641
1313
816
719
599
745
1011034
1249
1058
639
571
1007
1024390
981
822
718
599
1094
1023410
992
822
730
641
553
1019925
924
740
604
556
711
1036650
1232
626
710
603
566
1065505
988
638
706
610
587
1083254
1249
839
584
715
727
1032561
1250
851
722
594
840
1040913
1173
873
714
603
1018
1047846
867
1055
750
599
586
1049417
1253
855
728
610
825
1034195
968
636
724
606
1112
1034375
1318
828
722
600
1011
1036666
1309
869
727
608
950
1037626
981
648
727
611
578
1034003
1180
801
723
596
699
1044559
927
614
564
1206
731
1037098
1296
826
715
800
704
1040879
1297
837
717
596
862
1034060
1161
838
574
688
732
1040672
1240
874
728
601
1004
1070153
1060
1042
618
1201
603
1031693
1307
848
725
606
722
1042822
1188
825
708
1076
750
1041448
1294
860
961
714
713
1042851
1185
1043
613
558
1021
1039782
1263
850
707
594
1162
1060735
1293
882
563
650
739
1058131
827
1083
621
593
734
1171312
1200
876
721
729
706
1115227
1172
824
715
736
706
1121495
931
726
604
573
731
1092342
1305
869
716
601
1012
1080261
955
618
563
690
744
1093778
1114
984
619
581
1137
1114364
1313
978
737
596
932
1104286
1192
619
710
593
561
1048276
1372
653
716
613
901
1034921
972
842
710
607
551
1061097
1307
848
716
598
868
1046527
932
625
1042
735
709
1049446
1178
873
720
598
988
1052474
1219
620
719
600
712
1020478
1301
805
722
738
699
1075705
1085
835
729
737
704
1025573
1156
698
706
598
1190
1075673
1173
821
732
615
1005
1029874
971
621
573
692
752
1035601
1022
634
725
601
1180
1037272
1355
803
730
599
950
1040486
1093
804
603
567
717
1028832
1320
670
565
721
732
1046448
1009
631
704
737
723
1030463
1343
1007
633
558
1082
1045408
1258
852
568
696
729
1043007
809
774
628
568
730
1029992
1361
640
566
725
746
1025905
1203
621
710
593
715
1056638
1227
798
566
713
730
1035753
1303
989
632
571
1220
1035090
1286
873
723
603
973
1063275
1178
843
578
802
726
1051786
960
1001
764
617
646
1311788
1190
869
720
602
1128
1144448
1326
854
727
595
992
1220351
1194
833
749
600
567
1148623
1309
886
716
653
764
1154697
811
761
738
704
721
1139733
807
751
614
703
735
1089406
1833
618
738
598
593
1097275
1295
1068
722
610
559
1098099
1143
897
719
597
1016
1065249
1240
867
563
751
606
1092951
1317
824
720
593
929
1102430
1213
625
702
730
718
1035690
1051
832
601
848
587
1098613
1204
815
564
810
724
1051087
1015
1103
783
605
742
1042955
1238
1081
634
563
900
1056381
1238
871
722
604
1135
1090774
1030
776
601
564
993
1032744
1236
863
781
600
719
1095936
1275
872
766
596
752
1053554
1012
819
731
739
720
1032950
1220
725
616
887
590
1037709
983
844
708
727
734
1041662
1159
889
728
601
1214
1051091
1297
652
564
758
545
1124164
1311
811
729
598
1003
1063195
1081
831
733
719
711
1056361
1297
833
722
733
719
1082023
1305
861
566
729
718
1034423
1000
1404
765
966
735
1040126
1309
871
720
593
1175
1070080
1252
864
573
713
732
1020846
1204
835
723
602
1042
1062752
1233
877
743
601
588
1024183
1203
815
727
601
1123
1069683
920
888
573
941
717
1034047
1341
793
756
725
699
1031904
1185
1078
1121
713
608
1035434
1301
1462
649
616
802
1028027
1256
866
727
600
1015
1069405
1261
1051
618
725
721
1013776
984
632
577
690
751
1038002
991
1108
618
711
715
1033062
968
746
600
557
692
1035792
982
851
574
750
715
1070896
1248
640
564
1006
628
1018982
1090
782
711
617
555
1071738
1707
666
562
580
738
1023193
950
620
561
1027
732
1070712
915
620
563
691
733
1034385
1165
813
561
629
737
1029346
1172
810
724
611
1091
1069727
1315
851
724
604
974
1029284
1222
855
729
626
963
1031257
969
1497
813
727
704
1068337
1293
846
736
600
723
1082373
1260
885
579
580
595
1047414
1106
665
703
618
1161
1029512
1272
865
722
600
1087
1038193
1290
651
708
600
741
1070859
1214
859
582
736
730
1110249
1173
831
579
730
1077
1041032
1198
1048
616
558
990
1074822
1231
865
713
619
851
1087172
1191
861
729
1716
715
1104149
3269
840
674
555
518
1111816
1404
909
733
745
728
1106705
1232
856
708
764
707
1089978
1330
1104
617
726
732
1055137
1355
851
730
592
891
1128258
1255
870
565
707
723
1078758
1239
1102
630
573
886
1122872
946
627
730
725
712
1047107
1160
804
1009
634
753
1081015
1227
885
728
604
795
1083957
1283
922
732
597
768
1018663
1101
1221
634
1106
712
1064576
1211
914
717
725
722
1065278
1368
653
565
695
737
1093450
1009
1140
655
716
713
1051690
984
1141
624
591
745
1046418
1217
905
565
704
740
1033523
939
630
577
723
742
1069201
1378
768
717
623
694
1067133
1164
902
566
711
736
1057592
1323
822
727
950
724
1034881
968
628
708
745
722
1030403
1352
1114
609
561
785
1043415
1717
668
605
612
771
1063261
1293
902
732
592
899
1059992
795
744
600
553
999
1063286
1221
891
761
611
735
1070073
1266
622
701
607
1206
1040171
1714
914
768
719
721
1056535
1362
927
722
606
875
1036124
1318
912
712
598
907
1089204
1013
1132
765
709
1133
1014041
1264
892
770
601
731
1034544
1254
640
573
707
744
1065045
1273
920
581
720
735
1068217
1265
901
715
607
882
1042881
782
1119
775
599
558
1066130
1356
899
759
609
714
1098650
1271
651
715
727
721
1056117
1386
854
606
774
725
1059079
1178
803
619
554
809
1038909
1190
931
719
601
1054
1038610
1333
907
743
605
829
1035767
1227
924
709
596
1059
1033863
1342
912
737
738
710
1036537
1230
869
574
740
601
1037545
1264
894
1007
726
711
1075143
1343
1043
625
979
620
1063184
1225
810
562
692
720
1043556
1311
904
714
595
870
1059928
1199
1110
730
600
719
1050718
1398
661
709
594
767
1060032
1345
834
757
601
584
1055491
1272
735
605
826
737
1034617
999
839
716
726
709
1054661
1252
617
717
729
725
1060055
954
732
999
713
592
1064054
1384
838
723
605
912
1034517
1200
932
732
600
975
1087371
1212
1773
761
713
592
1061351
1277
882
723
596
1010
1032963
1331
910
731
589
800
1067633
1347
875
1180
710
724
1061723
935
624
563
706
739
1058590
1350
895
712
611
907
1033362
1016
1144
642
727
719
1055345
1360
827
580
776
720
1061563
1280
636
698
600
1246
1148991
1017
1053
613
569
1032
1032190
949
619
566
704
744
1036713
1344
918
729
596
875
1087127
1240
855
739
601
756
1057223
1206
738
606
555
606
1039203
1346
891
579
580
740
1077993
1360
914
728
595
699
1038616
1156
791
599
570
700
1100301
1232
909
729
603
1066
1030560
1362
848
711
595
825
1034485
1116
949
613
559
979
1051084
1371
849
720
598
943
1059833
1327
946
566
1216
600
1055838
1002
1098
638
568
1030
1043023
1637
661
710
698
721
1059267
1347
894
573
627
733
1046038
1322
646
559
694
743
1031840
1328
652
561
709
734
1061000
1335
844
725
593
909
1039193
1314
879
978
723
703
1061137
1356
838
585
1233
708
1021004
1277
943
712
596
941
1040034
1246
905
722
603
873
1078736
1337
838
581
681
590
1061608
1355
894
716
595
773
1025530
1261
921
722
613
674
1055205
1354
826
718
614
733
1032345
1558
658
705
594
847
1065445
940
630
1031
735
726
1047557
1133
799
576
699
736
1014633
1345
867
579
1193
710
1035047
1273
901
720
595
890
1090288
1237
1148
622
562
980
1046594
1393
647
1000
599
760
1042796
1249
842
720
601
1155
1031222
1781
1558
1103
1855
1390
1077969
1256
874
707
604
1275
1061879
1235
907
769
600
647
1032068
1335
1062
625
553
958
1064121
1361
866
722
611
1058
1061713
794
839
776
721
602
1061658
1237
927
970
715
721
1034843
1307
898
726
741
726
1070726
1059
1220
645
1145
717
1053322
1217
917
727
600
962
1055756
1254
615
555
636
729
1034165
1284
643
710
596
1051
1030422
1347
910
717
608
965
1024128
1273
653
710
727
717
1020945
980
623
705
599
1191
1022681
1116
878
721
609
968
1036840
1273
939
725
621
1003
1051334
1637
667
583
857
742
1016931
1353
843
579
736
723
1038994
1267
831
764
610
578
1076714
1251
890
572
706
734
1023984
1369
914
755
601
750
1079405
1411
1026
619
562
831
1042668
1247
892
563
710
728
1092685
1176
641
710
598
701
1035716
1242
1108
632
744
728
1030595
1353
908
710
602
981
1054743
944
622
573
771
740
1092958
899
1059
618
557
874
1040528
1338
898
568
731
720
1045274
1289
653
725
734
716
1088558
1379
880
733
611
1096
1019696
1010
649
829
606
773
1090296
802
763
621
552
561
1033419
1307
913
752
599
1066
1029078
930
614
563
690
749
1050146
1169
904
730
954
719
1026576
803
748
601
555
958
1033328
1021
644
713
622
707
1032875
1327
904
566
716
732
1051395
835
762
611
810
591
1027893
942
620
570
731
739
1034369
1271
617
712
650
771
1067860
1126
889
741
601
980
1035303
1372
1066
621
561
806
1029500
1408
660
707
727
709
1029457
1329
808
582
731
712
1037017
1355
1023
613
556
1125
1056192
1358
923
719
597
938
1034727
1207
907
722
594
843
1061832
1225
880
577
737
726
1033224
1318
664
713
734
730
1031606
1356
915
717
597
974
1032027
1357
1000
627
559
944
1034816
1307
933
734
736
704
1038657
1091
821
583
581
733
1095325
1097
1224
1085
750
710
1032710
1026
639
713
600
570
1040941
1160
863
721
730
703
1028678
1304
891
710
601
1083
1066874
1248
802
562
691
737
1045968
1008
1118
629
718
712
1033130
1247
900
712
600
1138
1078796
1256
914
716
600
1210
1029145
1304
921
712
602
860
1039174
1045
784
605
554
999
1027527
1279
643
713
596
1004
1070480
1224
851
566
723
730
1033512
1253
938
559
580
745
1033795
1343
1009
737
590
610
1028980
1014
780
718
599
569
1032968
1238
854
729
599
1111
1025698
780
778
609
900
721
1049128
1362
910
730
598
847
1086296
1280
621
699
588
567
1041921
1663
672
561
1201
730
1033164
934
619
722
611
570
1062059
1297
878
734
598
991
1074455
1277
1068
624
564
960
1049362
1353
839
719
599
977
1033718
1055
744
722
599
886
1040587
1201
913
739
596
1212
1031022
1247
908
732
600
979
1069709
Xput: 5726
