1402
676
771
718
718
607
564
688
595
559
578
553
741
574
550
564
570
559
559
546
547
554
1060
716
567
546
707
599
714
604
548
697
567
582
576
557
550
1089
740
586
661
593
566
548
572
563
798
596
549
541
568
544
852
548
544
646
543
542
726
576
549
590
555
548
558
553
576
552
550
647
566
550
553
546
551
545
1273
550
548
551
547
548
559
552
607
550
549
552
549
550
559
546
678
558
562
546
547
549
552
545
552
546
547
1136
576
550
548
601
568
548
553
548
542
543
547
651
566
566
547
547
548
547
551
544
548
560
545
542
544
587
552
546
545
548
540
542
546
558
644
558
547
546
547
556
545
549
559
542
547
544
544
604
552
543
558
543
541
557
556
545
542
660
556
549
548
563
549
548
546
543
550
558
544
544
194602
610
696
403
464
393
389
389
391
389
491
397
399
390
391
389
386
388
388
387
403
394
3886939
798
758
658
3032
1330
1032
941
979
1004
1063
952
1007
815
762
1078
882
759
812
840
818
789
1009
1890
1059
840
1166
1101
1029
825
658
731
1502
1196
709
910
1624
815
802
614
3682843
799
916
727
743
886
866
704
635
614
488
678
1185
1204
891
844
615
727
765
736
1218
980
1960
1158
961
959
935
944
802
1146
814
1051
973
819
770
613
1775
4134
787
620
3505042
878
1018
958
1155
854
712
681
523
586
716
688
543
512
529
798
928
519
1633
810
1643
1088
891
1028
870
564
1124
1363
821
799
1507
1346
834
1626
2721
1257
726
769
1363
525
2578731
912
877
718
1090
1214
878
788
974
906
753
601
698
742
523
472
613
627
541
822
739
481
2425
1177
912
1341
1288
921
1265
792
860
971
972
1055
784
594
2442
1508
708
564
2879772
837
682
879
29729
739
994
797
1148
1175
698
1055
958
730
908
741
659
544
507
602
10365
875
587
545
709
758
938
903
875
1085
925
763
876
624
944
814
684
558
2208
1359
3153594
790
1014
1209
1168
794
961
795
881
1555
1960
1705
1597
1810
1675
1957
1787
1720
1844
1852
1769
1764
3856
2221
1533
818
1348
2070
1770
2005
1834
1953
1682
1607
2091
1452
1890
1793
2184
1638
2896522
641
609
647
588
657
1038
1973
1590
1414
2066
1444
2000
1499
4484
1994
1342
592
1635
2053
4151
1868
2082
1495
505
1552
1859
2422
1838
2010
1607
1944
2121
1712
2110
1756
2327
1577
1754
1731
2513928
780
1194
1021
980
967
940
955
808
1038
818
886
788
839
832
721
775
773
751
986
677
959
807
1231
798
555
1702
865
728
2700
945
783
1551
723
1403
690
922
1237
1067
583
3007765
851
1212
956
1062
973
979
1043
930
951
1184
817
785
863
1913
689
856
575
599
555
1600
1688
2119
1478
1667
1388
2551
818
927
2856
1289
1699
888
670
667
780
686
1004
814
599
2714366
1072
695
1293
766
714
601
685
4714
1263
669
1025
820
899
722
615
718
1789
636
1896
2139
1812
2021
2883
855
970
815
1169
713
822
3190
1013
748
968
855
1394
1752
2066
1816
1308
2416062
1364
1035
1027
1005
824
1139
791
1035
818
599
672
605
693
671
557
675
600
990
893
554
1408
649
2313
991
1296
1505
636
1121
1509
575
3078
1493
898
992
691
776
1492
588
699
2200842
962
868
901
962
745
970
713
811
699
820
919
723
546
2262
585
848
1307
1356
1070
2831
1548
1900
1197
3555
1152
1376
1371
895
802
541
596
685
1766
1672
1459
1142
1491
867
588
2995865
970
713
536
1764
964
671
554
516
6738
839
744
555
649
1419
1751
2055
1358
1764
1218
2606
1239
1857
802
885
1310
722
731
642
1812
2167
1416
1679
825
563
1851
1196
1467
1372
2416
3393265
864
813
941
609
520
2192
1501
1899
1980
1500
2119
1568
1837
1945
1905
1652
1785
1993
3517
1731
2632
1403
730
1183
1716
1641
2030
1553
1732
2009
1730
2016
1657
2058
1700
1873
1874
1542
1560
2721376
942
849
955
699
776
833
629
842
684
929
528
852
588
1837
668
514
1144
929
1400
1283
1205
2066
1448
728
1164
511
1828
1260
1037
1284
1108
1198
1309
1106
1443
547
3434
1177
994
2856436
966
1007
731
942
1069
995
836
632
692
758
808
714
909
871
727
1404
858
675
1651
1344
569
1213
871
705
1858
768
1558
945
748
663
1231
1800
769
727
1134
2906
1274
1418
681
3469994
696
554
7764
900
1037
589
638
565
2024
1392
722
2509
1194
879
602
1211
1933
1628
1821
1782
1600
2084
1519
1453
1212
1437
1356
786
1409
554
1597
1568
743
1065
1248
1301
1222
2459
1082
3070482
785
633
89380
687
839
773
1070
552
732
681
554
714
868
783
745
706
625
584
1400
1227
502
1701
697
1529
1278
1427
1319
953
980
1327
1054
1122
1664
3763
1806
1686
1810
653
478
2795087
916
1557
1054
848
862
909
767
649
900
906
613
513
676
710
797
666
697
1043
509
1028
1244
1067
1287
845
1344
1148
1249
1041
1413
1028
947
1173
1314
1288
878
1293
548
1278
989
2778539
799
991
923
817
712
1401
659
1578
1247
2003
1584
2296
1426
3795
613
3265
624
3061
647
1232
1571
3444
928
1164
809
812
592
622
632
1550
1390
694
3370
1454
1416
612
1376
654
556
2981557
648
809
983
837
811
877
675
795
668
566
2004
1993
1859
1973
2461
1874
2125
2308
1969
2079
1283
1054
844
1074
1328
1396
943
1931
696
972
923
1200
2477
1959
1805
2972
932
1493
1000
3344961
758
1035
705
815
908
798
786
1267
1141
1794
1519
1916
1669
1818
1717
1877
1926
1325
1752
1535
1644
2083
1678
1760
1695
1723
2197
1212
1754
3947
2196
1328
1027
762
822
811
733
723
659
2821903
1020
721
637
969
859
709
1065
811
487
568
496
1011
2372
1855
1812
2061
1949
1051
2606
970
1384
1929
1938
2129
1287
1349
1253
2956
1164
712
1723
1621
1033
831
918
816
820
673
1617
3421387
738
692
637
1101
1081
670
1642
3931
827
1171
2037
1815
1536
2003
1586
2062
1571
2401
1569
1613
1410
1770
2191
1321
1665
3572
2115
1888
887
1128
2148
1853
1690
2002
1728
1820
1563
1766
1520
3021329
907
857
905
885
862
556
839
668
621
515
1181
943
1483
1040
1061
1224
2792
719
2065
1024
1043
789
1283
883
1290
1164
1191
3511
1776
1583
1677
832
979
821
597
1250
1489
865
1115
3751245
761
604
523
595
447
2885
1490
1680
1944
1648
1753
1797
1877
1446
2159
1068
2008
1508
1899
1289
3661
1934
1928
1379
608
1502
1065
2152
1204
1747
1709
1573
1619
1790
1525
2222
1127
1779
1452
2887957
860
1093
982
1193
1054
793
796
1095
971
968
844
659
593
707
606
594
1336
874
859
1115
799
1084
1027
574
2688
622
3615
684
568
2755
715
1349
861
842
1023
1107
786
688
604
3632432
824
1125
1079
766
968
995
821
774
730
1161
720
526
787
728
813
604
746
558
1349
1702
1030
1324
709
1725
1742
755
812
722
1305
668
1350
1222
878
1279
1318
769
1459
855
578
3137099
673
1117
901
887
881
859
755
657
881
915
675
709
739
757
717
510
1000
1589
568
1182
1052
1614
867
1366
794
1175
1246
553
1727
666
1104
1154
965
1342
988
1103
1298
1612
1030
2856900
1006
738
1023
638
935
823
797
1454
2098
1753
1340
1816
1690
2111
1525
2257
2203
1272
1828
1419
1733
2050
1806
3501
1968
1787
638
1420
1767
2154
2528
2049
1401
1947
1576
1704
1887
2039
2072
2890571
677
788
590
857
942
684
704
490
453
613
484
645
493
1456
951
1165
1236
1300
1276
1023
885
1151
1252
1954
1160
1501
1193
1029
3008
1257
1035
1329
992
1066
800
876
694
509
458
2463489
779
911
716
490
1090
865
822
606
481
477
2094
775
755
465
1584
1663
1026
1510
755
807
1005
882
1681
1111
463
1482
1538
525
2114
951
852
1357
948
889
1591
1094
1000
1176
1136
3193611
1117
1195
1039
1046
924
931
830
878
1092
780
979
1059
608
670
610
709
663
844
1659
741
776
879
756
637
621
1680
977
730
682
1458
1405
821
1518
796
1703
697
592
927
881
3377801
733
870
683
1123
793
856
486
638
523
606
708
806
1023
1200
1371
1291
946
1988
696
2559
1115
842
1018
1285
979
826
1010
759
1496
765
3256
1365
627
1395
2792
880
714
702
596
2707776
1077
1067
1328
1275
1027
769
1257
921
757
907
802
562
990
763
1687
1854
2165
640
1093
1357
619
1688
4032
1616
1883
1100
811
933
1313
1450
2524
1082
801
1097
730
709
794
810
1384
3364608
792
761
968
817
1130
1172
648
609
768
1039
699
565
800
833
738
1317
1813
2270
786
820
1268
1062
1672
750
2755
4513
1001
1376
681
1730
1894
1725
1725
1831
1716
1899
1552
1677
630
4087217
832
575
14641
1077
583
866
538
668
905
1003
721
1681
726
735
1325
550
1637
1285
1037
1230
1104
1144
1018
1997
1802
1542
2247
871
913
622
1840
2636
1228
1676
1742
1944
3368
1777
1471
2733839
721
903
193192
1201
770
1032
934
917
792
905
904
1030
834
755
824
923
822
796
2543
1128
700
919
1085
612
1271
1403
610
922
1253
2892
1206
919
1318
761
1641
1635
864
735
687
2883306
603
1122
86088
818
504
864
475
758
514
951
1190
1852
1212
1138
1329
1797
944
1540
1822
1179
1064
1226
1414
1065
1416
1805
1057
578
1714
1596
945
3295
1049
1526
1111
1393
2095
625
568
2816706
893
717
162463
1009
777
774
1409
797
733
1045
835
567
840
1061
622
853
757
1548
607
1449
1192
1968
859
1754
686
1068
1469
1489
643
1471
1644
1016
1234
2140
1880
1166
2008
1047
607
2657685
777
622
72565
2188
750
727
702
1005
754
852
534
658
505
669
642
1245
2041
1411
605
1154
1225
1134
1089
1216
974
1879
1418
1130
631
1433
2999
1433
1164
1346
795
882
715
832
530
2964418
1157
801
852
963
1004
716
712
645
1717
1164
5118
1214
786
935
1541
1293
1943
1845
2329
1271
1462
1989
2410
1358
1163
2103
1721
1588
1849
3601
1944
819
1784
745
949
805
560
1577
1100
2804690
1056
736
708
585
487
992
614
479
1604
1827
1880
1749
1867
1889
1929
1795
2269
1707
1702
1727
1602
1922
1644
1665
1531
1905
1792
2185
1433
1756
1758
3997
1498
1608
1193
644
559
1165
899
3293357
3193
1171
823
946
1019
1012
639
881
810
1041
948
847
606
761
833
1149
781
1144
956
1072
909
1661
741
1006
1244
3304
620
1565
1488
906
904
807
872
872
1780
833
878
729
559
2568633
905
1487
692
1182
1043
703
866
544
682
664
826
876
566
620
1123
666
530
579
1658
797
1332
527
1303
1042
502
1714
1837
996
1191
1163
2741
1913
631
1296
1478
714
762
649
502
3454925
945
953
713
461
937
1040
624
763
858
587
493
676
670
1180
1190
1373
1376
957
2107
1160
471
1427
1037
1258
1623
1139
2649
1284
1233
1633
841
832
521
1150
1093
1440
590
937
1261
3083029
790
893
761
641
526
952
746
600
484
1752
1817
1279
576
1448
1294
1893
1781
685
1254
1183
1354
1294
1379
559
1779
1193
1083
3372
1101
1406
1868
1147
689
578
1035
1003
1236
1649
1001
2809383
998
917
606
545
1167
682
767
563
659
1513
1051
1765
1165
1179
1576
2151
1330
592
1689
1733
1153
2028
1141
831
1219
1636
1244
1817
652
1145
1520
2317
734
568
1668
3438
1708
688
566
3738727
888
722
25516
925
723
969
762
1918
2651
2041
2278
1872
2282
2329
1734
2256
1800
2183
1799
2127
1760
2223
1538
2161
1743
1838
1976
1953
1705
2005
3556
1822
1787
1383
1177
2190
1637
2025
1629
2158049
460428
756
77146
697
798
730
705
991
554
504
855
535
796
2058
1162
3359
893
1725
677
1049
1048
805
637
1711
822
1473
1223
3186
1957
1254
2262
914
651
1007
838
794
787
1482
1279
1823447
510834
831
78098
928
828
718
647
938
770
943
676
637
655
561
2360
615
1762
1213
1206
1547
1143
1444
593
1710
1148
1530
911
1614
1275
1189
1446
624
3564
2183
1050
800
934
679
600
2431898
97553
1025
808293
947
934
894
852
800
622
996
603
572
835
934
1358
781
836
2237
1011
970
964
743
618
1513
1268
1631
701
1397
2023
1410
1483
869
1224
866
1480
1529
1471
660
1272
2249774
878
729
920428
2034
1385
1354
1026
615
595
787
768
802
588
780
865
811
708
805
1637
1299
776
1242
2676
1191
678
2519
683
914
649
1734
1230
761
1667
1276
1276
3273
1557
734
611
1872991
94438
1066
1096783
1209
1020
1029
1366
1068
844
764
1154
1193
736
605
739
1018
898
795
841
607
575
836
875
618
2032
1623
1276
2924
1458
1403
1686
1159
882
998
677
1139
1257
1497
1286
2073861
97825
882
476504
1026
983
801
1025
799
1080
679
752
990
1260
677
2044
859
1793
967
659
1251
1907
1701
971
759
609
2009
1159
1460
1299
731
1470
3346
1946
988
1972
955
718
943
613
4330871
761
767
624
18605
1155
1035
925
1195
1035
1515
2508
2115
1949
2021
2367
1850
2228
1829
2059
1558
2151
1867
1628
2044
1697
2757
1446
1609
1924
1928
3841
1744
1722
731
1332
1449
699
1217
2416
4561115
7280
756
30503
1127
682
3302
1215
746
4268
880
2130
1828
1730
1520
1386
2226
2112
1710
1930
1892
2097
1616
3988
2100
1864
1011
764
2083
1610
2215
1780
1974
2118
2946
1649
1983
1561
2190
1705
3518619
1400
633
520
598
783
678
712
497
1653
1354
563
451
1583
1430
936
1186
1275
1351
1190
1151
2031
1380
905
1196
1211
538
449
1162
1124
1415
1038
1567
1146
497
1298
941
1226
1294
895
1223
2085636
897
473251
820838
892
1052
847
1394
1007
812
731
19918
1214
864
1001
963
1216
1180
918
941
609
576
690
814
3150
745
768
1025
1183
786
780
767
1348
813
1971
1628
927
619
1328
2736737
997
660
1306
1151
897
775
1480
786
737
883
874
733
606
622
669
2331
2269
1427
1467
1085
1253
1710
2114
3243
1880
1903
1645
1024
779
758
806
1239
1800
659
1964
852
854
908
729
2271426
986
666
1080
1118
1060
1227
932
761
720
829
652
977
786
620
1363
1444
709
1130
772
694
854
597
1412
807
1176
3073
1364
750
1295
1095
1299
656
709
1293
1353
2314
649
1076
1871
3987388
1036
926
645
447
650
906
797
665
478
726
1474
804
1710
1160
500
1788
960
1146
1207
1783
925
1300
1623
943
1438
1426
1205
1625
1004
1012
1242
1788
1175
1130
1240
929
1861
1083
497
4123423
754
630
21699
1164
789
1100
993
1001
614
965
1110
768
555
562
2958
593
2654
639
1278
1569
1562
787
620
1231
3338
1769
1482
1141
844
1011
802
741
785
766
765
1483
984
1684
624
2663081
900
722
124109
1144
652
666
621
1205
818
844
1011
774
840
780
1164
1017
787
993
713
600
632
593
1318
1291
654
1784
829
1487
1807
3024
1850
2211
858
937
745
760
631
1247
1740
3005782
817
1061
970
943
851
714
644
1596
1224
1771
1845
3972
1038
2761
806
1966
1220
3544
614
1731
1279
3051
4618
1003
860
755
1245
1958
1938
1517
1895
1515
2271
1894
1884
1657
2427
1906
1726
2457540
787
767
743
735
1598
983
607
2888
851
1063
1638
2550
1164
3476
785
1290
1500
1809
4090
719
977
1224
1778
1844
1183
1515
1790
1787
1894
1695
4203
1535
1645
881
810
1029
1385
1959
1537
2510850
1119
623
740
869
1768
1208
4612
1158
740
608
1757
1843
1781
2131
1911
2092
2205
2246
1646
1819
1724
2663
1472
1379
2029
1835
1948
3724
1753
2168
683
1368
1692
2672
1647
1925
1739
1813
1724
3371489
1059
1300
946
1179
933
1043
711
570
850
811
855
730
850
976
763
555
602
617
1631
827
1313
742
2249
1548
880
961
681
971
1455
1575
878
1461
612
924
1428
1662
1023
882
565
3045162
797
792
538
580
931
939
608
989
557
477
1343
1619
1515
1070
1132
1778
1035
1299
911
1169
928
1594
1133
1247
1059
912
1165
1317
1051
1421
1219
1268
525
1457
1256
1186
500
1423
1687
3000831
1007
1074
1033
1287
970
990
992
902
765
915
894
726
735
818
835
658
588
763
808
735
1925
1068
1072
729
611
2387
657
2731
1372
1756
1059
1095
798
1225
1008
769
758
557
707
2939058
810
753
859
1040
1172
739
11883
983
653
1050
822
1199
814
931
1122
994
937
810
1052
671
1412
1574
891
906
698
1581
1926
698
759
1604
1394
971
830
1668
809
622
1429
921
928
3140764
725
556
1542
1618
524
4995
1245
790
665
746
663
1099
642
599
582
1565
943
1865
777
1150
938
1432
1259
920
1367
925
1302
1143
1710
1164
1167
1134
1086
1141
1107
1794
559
2053
610
3009516
784
1004
20007
797
1313
1042
740
735
516
562
697
1117
1207
1356
992
1225
1216
1373
1283
1777
1982
2521
1088
1106
1678
1526
1533
1320
549
1577
1226
650
1383
1631
1007
992
1200
1102
1198
2453103
877
725
230309
1284
858
1277
1038
982
1096
607
589
610
700
1882
1934
2090
1972
1929
1872
1740
1775
2124
1370
3759
2260
1993
703
985
751
1102
975
1000
671
932
993
841
1349
844
1233
2054458
877
715
214178
821
1024
614
896
2490
674
769
1969
1827
1729
2566
2110
2453
2219
2813
2718
6932
2575
3617
3577
3194
8254
1246
639
1607
2657
1357
1592
2088
4116
3203
2323
2241
2398
2832
2249
2757155
764
644
275028
832
715
578
850
1271
739
833
780
605
525
1157
1087
1035
2111
2746
1156
975
1348
918
614
990
2271
1905
637
2796
1259
1473
1395
927
924
1021
856
736
1286
1115
1661
2929064
655
862
117685
778
804
924
537
1185
935
847
705
586
517
1374
594
785
1964
2184
778
877
1958
1222
961
1666
1377
1163
1000
2923
1553
1760
547
812
621
603
1372
2092
1290
1665
494
2923491
822
664
170644
885
1117
993
978
781
837
1006
728
512
700
985
619
640
1563
2133
734
1104
2495
1748
1338
1210
1543
3660
1412
1111
1645
933
875
727
561
1652
1640
1298
1253
1574
569
2911203
849
1080
1001
999
851
944
732
522
637
669
657
2337
569
1726
1659
842
756
713
702
1553
586
2026
1886
1097
1214
1373
1301
1387
1172
1330
1714
1701
1587
1238
1125
704
1579
1078
1092
2921489
967
971
798
727
854
777
570
668
696
670
627
852
1095
2040
1295
970
961
1559
1976
1204
774
1069
1428
644
1424
1337
3157
1058
1473
1433
1099
835
777
814
523
1164
1104
1060
1356
3010513
692
714
33640
890
863
768
1445
980
601
1216
986
742
639
558
563
1090
724
810
600
1455
1295
995
1914
1143
810
843
1728
773
1426
938
703
1186
1796
670
1154
1520
1006
1607
564
3789959
607
586
253189
948
726
965
589
764
797
1301
4754
1020
616
1677
1628
1790
1991
2014
1490
2194
2006
1416
3891
1350
635
1844
914
856
1073
570
1339
2268
2056
1657
1827
1859
1773
1837
1734
1478491
904
717
1003629
884
1253
1108
798
1086
952
1035
805
866
843
816
893
913
637
935
775
1054
812
605
694
637
2010
1074
756
779
1463
1140
1500
785
1493
1919
709
765
604
1918
636
2373940
693
709
104452
851
569
733
931
1981
928
1482
752
1412
598
2043
1513
739
1114
1082
1414
1501
828
617
1311
1268
1160
928
1655
874
572
1383
1663
878
1104
3085
1217
1260
1276
748
643
3128657
609
674
118397
737
736
567
541
613
702
1003
866
633
1430
797
510
1297
1593
944
1769
1207
1009
1159
1036
899
1237
1625
1004
1307
972
1075
3933
1288
1057
733
1208
538
1200
1063
1039
3030261
754
729
187064
1115
793
1008
1233
1131
993
1001
823
612
692
854
935
742
844
781
1292
877
1476
640
2636
936
861
1555
3523
1380
810
589
1514
783
642
1314
1525
1305
861
1198
1292
2612955
764
526
160810
1197
574
781
838
525
639
508
652
2149
845
1046
634
704
802
1833
852
768
1769
1042
831
922
732
1580
1765
1115
776
784
1275
1176
1351
988
1952
1929
1377
1483
614
3613615
897
727
618
30931
823
767
604
830
639
920
1113
822
740
887
1634
842
1518
612
1507
1061
875
1502
1635
855
823
1507
848
1517
624
1138
1181
1593
1158
828
1562
598
1184
1704
736
2768558
764
617
15845
810
535
486
21336
848
749
482
1876
915
746
619
526
588
535
562
1973
1731
1639
2021
1624
1910
1482
2140
1548
2838
1838
1860
1388
2226
1756
1940
1600
1892
1281
2097
1574
2329121
726
702
188064
1157
914
562
592
2183
784
2149
1979
1872
1714
2101
2062
2119
2073
1994
1748
1708
1913
2050
1508
2013
3881
2413
928
801
1156
1763
1302
2086
1485
2065
1435
1711
1647
2019
1433
2898580
854
854
1069
1075
1352
1092
867
737
675
566
799
928
778
1197
860
551
2104
1455
584
1441
1244
726
1621
1095
1567
1640
1365
807
1443
580
1428
1193
3442
583
1380
1524
1776
746
551
3883476
723
825
743
1104
911
603
903
525
484
663
1333
859
1448
681
1349
1174
535
2110
1262
533
1354
1881
1122
4696
1208
1456
1377
1731
3771
2693
1032
1145
1138
1559
1144
1899
1595
1829
1109
2656761
842
594
1074
970
742
871
794
767
3343
1035
891
1265
796
1134
846
955
766
785
1070
814
673
932
1019
797
1536
795
866
1452
670
1540
1420
760
3294
1551
1501
1366
1625
897
606
3650988
1154
1053
915
1199
1341
1029
895
738
653
759
1017
643
962
822
556
589
919
1606
612
1274
1201
1234
878
1375
1318
1968
1990
1651
1877
1874
2367
2342
1291
3786
1719
180327
774
618
516
3040024
661
708
549
602
741
899
892
889
874
721
834
2611
802
499
2022
1729
1673
1889
1067
1053
1300
1707
2600
1312
1015
1828
1308
820
2772
794
626
3094
779
782
684
511
1022
2095
1262
3580239
778
744
614
11828
945
1124
828
566
3169
732
2824
738
1625
1663
3463
624
1976
1735
1702
1417
977
730
1158
2031
1708
2127
1522
1482
841
1476
1333
1692
654
1224
2125
1651
1585
3822
1032
2948082
1108
508
582
5135
600
1071
665
2647
2285
2138
1662
1549
1715
2492
1666
1907
1860
2351
1419
1834
1798
1971
1661
3587
1320
2148
1077
1591
961
1948
1709
1760
1810
1882
1764
1145
1183
1330
1277
3152726
989
960
781
873
997
803
749
780
901
753
478
511
697
592
1786
1580
2713
1266
781
876
606
1165
1355
1057
1127
988
2460
1572
1817
1567
1356
1316
892
1532
679
1427
1092
764
4400
3015320
983
677
704
982
549
886
705
593
1503
1672
2038
1634
1956
2019
1800
2042
1904
1788
2445
3156
1028
1616
1116
1153
488
756
774
1706
1114
1108
920
917
1543
1244
1112
1170
1104
1152
916
2864607
617
609
494
439
2252
2060
1617
1729
1861
1959
2700
1454
2235
2185
2001
1982
1929
2172
1873
2065
4716
1862
1114
612
2535
1764
1746
1939
2031
2139
1655
1861
1130
1599
1958
2009
2056
1457
1879
2881884
906
1035
793
985
956
960
870
644
1009
812
841
820
696
552
547
547
520
1337
999
1082
1151
1504
1940
747
766
781
1417
1061
1054
1029
3658
1587
762
1592
1064
916
752
615
507
3113743
759
1222
1148
1033
812
1185
819
892
794
977
825
595
1303
1782
625
812
1061
985
968
989
804
824
931
1014
776
653
1589
655
1193
602
1634
1374
1143
3057
1171
1456
1622
883
665
3165774
1228
1055
1267
2555
770
1029
651
958
862
1044
856
589
659
994
608
603
882
781
1033
803
763
603
2702
1047
815
1680
669
1409
3763
1841
996
935
769
666
779
732
909
898
622
3548189
850
1118
780
823
684
748
786
911
776
937
977
880
2202
779
896
945
620
1589
821
1416
599
2366
843
928
1755
626
1690
1640
995
624
829
3348
1506
1798
1489
1178
713
722
723
2264821
1059
604
508
623
746
1172
1293
1324
3587
851
815
1285
1111
1963
948
3187
617
723
1248
486
1798
1087
1723
1153
929
3478
1511
1249
1855
832
528
451
2954
896
1542
953
1026
1307
1148
2388360
1130
1202
683
1011
920
1120
849
1196
833
1000
598
554
700
972
902
765
3083
887
870
998
1035
826
1276
1582
1704
3224
842
1155
798
1062
752
2731
1684
940
787
803
965
795
557
3184543
742
924
781
1193
1056
772
622
847
769
520
879
732
552
2113
608
1533
1466
1202
1393
875
1164
1413
852
1282
3430
1613
1363
892
1338
961
585
930
836
1112
1308
1156
1104
1332
1090
2262624
1070
783
710
1178
574
1008
832
741
730
1244
1355
1597
778
1378
1120
1130
1325
1611
1129
1410
1355
931
1306
1456
735
3389
988
816
1197
925
611
2562
1475
1220
1570
645
835
822
746
2967380
918
754
822
1163
857
1005
599
708
596
1850
1473
1447
593
1790
1153
1456
1145
1459
1101
1763
1183
1231
1566
1372
620
4634
1466
824
1342
1161
1166
786
843
581
903
1727
1309
720
1429
2708247
800
1010
954
794
800
576
925
581
521
809
569
624
527
1877
1271
1420
1313
1391
1286
1014
663
1632
2128
3160
907
778
744
697
750
2005
1114
1830
1300
1287
1010
1164
2849
1712
1215
3271983
53812
769
548
758
492
636
530
648
1283
1794
762
1319
1392
1093
954
1214
1446
1811
936
1346
1279
1178
1045
1694
1042
1240
1219
3531
1046
1347
1995
1300
823
467
647
1164
953
2026
935
2959838
1161
789
887
911
726
1221
4972
989
825
560
4850
974
1077
793
617
1690
1840
1935
3573
1547
1331
1600
873
1128
1521
1558
2804
1309
1733
1841
2044
1540
2017
1454
1392
2195
1169
1791
1819
3419199
752
503
455
654
1537
1134
1924
1246
1327
958
1252
16195
591
749
503
1142
1304
1171
1909
726
962
1158
1441
1172
1029
1094
3033
964
613
1022
1181
1419
1296
1320
1172
1718
945
914
626
2665739
753
738
627
25934
995
1062
1068
1232
1087
855
1273
653
570
760
826
1016
614
766
1100
1023
693
638
1390
1228
587
1748
1853
898
721
1065
1245
1537
665
1175
1286
1399
577
3633
1097
2714865
915236
1481
877
762
1199
840
1366
857
606
795
1012
1018
636
720
997
998
700
1385
648
1336
1704
825
804
1567
1613
810
1694
760
1082
615
1062
1622
2758
1376
1311
2242
1006
1019
701
2262704
589636
933
648
709
14206
1096
909
1037
622
3140
675
1482
2962
747
2796
1768
1381
2057
2091
1629
1820
1858
1765
1884
1711
4117
1807
2108
637
1824
2105
2542
1151
2075
1807
2408
1623
717
724
3151305
324310
1115
1128
1062
1014
1032
832
1095
811
753
1730
810
750
576
835
825
610
560
637
880
799
892
1243
2257
1156
622
1517
1754
1682
1937
1518
755
970
1422
656
1378
661
1385
847
2708693
140738
750
729
632
556
683
552
689
467
1887
503
1618
1454
1668
992
1127
994
910
1430
1250
497
1749
1064
1942
667
631
2057
2341
1143
650
1723
1254
750
795
735
827
723
489
1068
3282187
175065
1110
544
775
762
1086
1756
1207
1441
2083
1817
1619
1668
1950
1678
2000
1431
2231
1792
2005
1573
1945
2212
2108
1419
4030
1717
2324
824
1037
1996
2185
1780
2403
2548
1317
1932
1871
1579
2437433
995421
811
730
538
641
1792
5888
863
674
1252
1854
55217
719
701
3072
583
2013
1633
1822
1565
1616
1855
1911
2079
1381
2308
1214
1942
1361
2171
1801
1574
3899
1650
2134
796
842
1419
1417
2903683
31863
1155
882
1326
1027
762
883
1064
854
860
1503
960
819
788
605
644
800
885
1051
757
1028
797
730
958
844
1593
583
1259
1367
591
1676
1114
2880
1956
1626
1086
785
743
598
1819419
872711
891
679
631
542
757
730
504
934
1441
2577
1096
925
886
1166
601
1597
1326
1562
1950
1502
964
1468
1628
808
612
1679
1208
1250
1175
1179
2333
708
738
1465
2803
1330
1539
1164
1947850
843173
987
870
828
1019
779
804
954
892
612
730
1101
741
701
1804
3376
1070
879
681
737
790
1942
645
1622
655
3446
1423
823
1734
1738
1084
958
794
600
3080
1226
914
771
561
2042546
646322
1185
860
938
1230
983
836
1089
616
759
955
1300
1202
1902
1417
1453
2498
1140
1195
1567
1568
1622
2076
1464
1708
2061
2570
1537
1550
2308
3288
1410
1427
1610
842
995
815
1000
597
2863640
629781
1447
730
765
593
2864
1014
1193
632
3350
1256
1186
641
3127
819
2573
1065
1774
1242
1163
853
1112
787
1379
1427
1297
1155
1225
877
1094
674
753
1951
1467
700
1021
718
749
714
2431522
444788
1006
637
2910
962
1124
1156
4230
752
797
2485
3468
722
584
3228
1506
746
1832
1543
1600
1212
2268
624
1511
3040
2187
1411
879
638
739
2730
1510
1208
1396
1327
1666
1546
857
865
2359749
197662
1051
967
1047
1283
638
990
929
911
804
980
730
1952
1684
1184
1122
1916
1625
1671
736
717
1890
1493
1315
2735
1682
1896
1628
772
879
901
817
562
1583
1088
1659
708
1444
1171
2459840
693909
924
622
1235
3153
1101
1090
770
990
795
839
726
612
2627
665
1552
700
2458
642
1386
1353
1304
2084
1367
1264
954
1520
2260
1363
2544
1017
713
615
2133
1604
638
817
1579
1085
2935029
Xput: 13250
