1887
932
1051
620
680
1055
1003
621
671
886
554
819
1132
894
594
946
588
560464
211586
1126
962
669180
1125
755
152489
585904
1223
61737
1248
657050
935
38246
1237
732378
1250
29490
1224
538884
200059
926
100265
490537
188436
890
164128
394348
86296
137314
162201
346202
369075
932
107527
373185
259222
1236
78997
360250
133790
83326
131946
351702
93646
133236
117740
358654
249351
1237
54687
380346
302188
928
1049
443664
308432
987
2973
597814
46170
1198
9316
662638
120219
949
1065
618955
119947
781
160775
396282
420073
1223
8498
316679
456333
1204
796
519490
273105
938
17431
336518
402671
940
646
343189
447360
936
644
468027
247478
1234
779
497612
204315
1236
55298
352039
304118
1223
30529
568634
52535
943
164366
501977
68563
931
10180
674200
39479
915
1110
680943
88754
801
5584
547538
320983
942
9133
370595
364058
1128
3572
383206
222993
909
149976
318480
398578
937
12909
357417
389695
1284
6345
346082
271724
1229
114228
364068
265552
1222
63890
384776
402739
1252
788
314305
390382
942
1053
312367
350661
935
1235
477392
106024
1203
815
623231
139341
947
1295
914216
130540
804
121950
368469
475294
1257
1021
361696
457205
1208
781
492382
261540
978
50803
306533
375920
799
52218
339896
348656
931
601
591969
155856
1196
738
639271
86530
1170
167192
317142
274150
1181
159985
485950
1180
755
272359
492577
1187
751
116252
615060
887
612
89666
641921
19758
755
54142
522135
302054
780
27096
434683
315074
869
5809
387506
167519
867
178534
365309
314451
745
68402
335632
333932
1182
86158
390126
163680
17775
153490
359363
198940
3222
152949
354654
385489
1267
777
336901
373373
948
1268
349456
346180
808
1119
508410
55082
47270
40663
591264
34401
42017
91315
557866
43482
797
262637
261555
328619
1214
114536
264044
323862
1190
795
559967
123646
933
131601
342711
271881
1326
163829
325128
279318
924
650
571348
126726
1218
13370
584445
78287
1222
180357
339024
150541
1277
213936
511466
1230
813
252943
514594
1245
20765
60533
648756
943
20472
35125
724359
1235
32162
1224
575665
170459
935
159845
482739
214751
895
118128
401580
102273
134907
83295
451146
247336
951
42987
479478
244024
1221
38419
462094
110343
159656
9269
494842
74674
226060
4260
480799
152451
1235
129472
505435
190136
100060
1236
510021
122030
54437
1223
687863
1248
45380
951
628025
1230
76604
1206
606401
1234
789
93278
498754
222734
1217
9397
470723
248776
1193
788
670325
45381
817
34189
537938
138368
792
15109
588321
88804
938
643
756387
943
1046
615
718490
961
1273
14226
537983
60474
52434
22765
750619
1226
647
1047
738881
1242
55779
1232
631859
941
72179
1228
633691
1235
94042
1251
478784
91042
11663
62703
554907
84889
900
31274
507043
938
205249
1230
428594
106598
946
9396
637004
138836
1263
1053
671732
911
200497
1389
502488
943
105340
939
584859
65692
1240
778
630515
24750
944
1061
691683
1242
797
1058
916067
1442
1086
614
700202
1924
802
1021
749075
1414
962
1031
640120
117774
1220
795
585447
106281
1197
810
730386
1227
772
1019
611094
18528
940
743
720258
1188
788
609
842357
939
1077
607
734068
942
1066
607
575034
32040
1228
1053
790906
1215
779
1025
718207
1230
779
999
716069
976
935
1052
695828
1240
776
1009
608801
61824
940
1085
649848
59191
897
1092
695757
972
752
1017
739633
26056
788
1102
676449
1675
1136
908
704164
776
1143
622
771524
945
1040
611
696107
41201
1226
777
709791
19171
1866
1122
770789
1241
829
1028
867342
1252
1058
628
745937
1243
792
1016
753806
1233
644
1022
699290
1805
1072
630
788327
1296
1079
633
894501
2836
810
1028
622412
1261
793
735
717663
1633
830
623
982037
962
1049
609
868633
974
1066
617
638329
1212
1088
1019
913223
1245
773
1003
743959
1236
778
1004
761963
989
754
1018
741197
1241
770
1007
599337
1254
795
1030
745825
959
773
1031
704980
967
764
1009
739020
1228
777
1007
740253
909
1092
916
730407
912
1289
654
761818
1122
2965
783
694267
936
1056
626
721671
1264
793
1021
716024
1245
774
1009
853919
1270
1042
610
744090
1274
1143
1074
720047
1247
789
1031
565077
1233
1063
767
905400
1258
1072
629
897241
1414
2585
1053
587952
1490
822
723
758127
1226
678
616
1012715
933
1078
610
838305
954
1081
625
678400
955
1066
1026
975201
1281
785
1028
1046308
1234
770
1028
872465
996
745
1047
837852
1258
769
1012
633516
1528
786
1016
866348
962
771
1028
770737
937
651
1041
846338
1259
780
1009
837345
774
1130
1037
839873
924
1100
612
748344
1118
1163
628
867735
1005
1073
619
795727
1226
809
1028
803529
1230
771
1026
932368
1259
1040
636
722516
1372
778
1023
766458
1254
764
1057
607839
1515
1149
622
753831
1229
1046
623
893838
1614
3243
1084
667564
1230
778
611
722158
1210
1127
647
884496
1203
1087
630
760440
1213
1077
639
615120
947
1042
1015
912559
1243
770
1028
698080
1238
773
1024
722077
981
678
1049
742175
1247
782
1014
622402
1233
796
1184
764234
944
763
1045
701691
968
752
1023
754972
1221
786
1011
761281
918
1090
905
745014
918
1123
621
728553
947
1169
624
734817
938
1257
654
803488
1231
978
1033
755370
1232
777
1025
869514
1251
1062
634
748774
1639
3112
1082
836307
1270
781
1047
604593
1253
1058
1524
771858
1244
1056
632
851535
1260
782
999
690195
1239
867
722
842696
1241
796
713
1031075
948
1070
607
813709
1222
1774
649
667324
962
1185
1035
873082
1326
805
1023
727589
1237
959
1055
768025
954
744
1012
749772
1246
943
1043
545649
1246
846
1021
791287
968
744
1046
850511
806
816
1046
773225
1232
772
1015
767411
1087
1096
901
799870
957
1155
757
788713
955
1072
616
822149
970
1076
618
741328
1214
807
1026
761498
1238
769
998
1033173
1247
1079
625
728107
1229
790
1020
686676
1247
665
1023
566376
1234
1047
638
727456
1262
1080
651
880117
1241
775
1026
613471
1223
781
602
797421
1226
973
649
830406
958
1068
638
758544
953
1058
622
581371
948
1077
1008
899745
1231
772
1000
747188
1234
773
1021
722421
947
973
1050
709785
1441
783
1024
611707
1231
779
1023
737970
957
763
1050
825877
974
770
1006
753606
1246
787
1030
811488
914
1088
901
779162
783
1126
751
731381
946
1063
613
822192
1562
1107
757
793976
1218
841
1056
853494
1229
787
1039
934819
1262
1078
624
741332
1619
1016
1034
758657
1248
798
1023
585502
1252
1070
638
742574
1625
1076
755
944691
1729
812
1051
610622
1223
762
605
692203
1442
963
628
966132
987
1066
611
714888
957
1260
666
621353
1188
1066
995
896168
1256
786
1041
704996
1269
784
1030
703451
1067
912
1040
698301
1230
929
1029
546313
1250
780
1046
795898
962
771
1043
713140
958
654
1290
713841
1264
797
1014
715641
782
1124
1041
753131
918
1264
640
722046
1030
1070
634
730376
950
1052
631
820564
1227
813
1021
776305
1249
774
1004
942116
1277
1064
635
728152
1346
2460
1044
687850
1260
807
1022
552732
1630
1071
637
741615
1539
1217
652
857381
1235
778
1011
628361
1253
786
959
700831
1217
791
606
885314
803
1098
611
746024
1005
3288
933
654828
943
1071
1006
881426
1271
793
1029
709866
1245
783
1030
702050
951
633
1187
720831
1455
795
1038
614852
1243
792
1019
677908
985
759
1053
704427
982
746
1013
737925
1251
796
1001
723610
907
1088
916
717624
950
1108
625
833434
1519
1981
769
724538
958
1060
630
743038
1330
809
1042
748815
1263
786
1046
996235
1268
1059
626
740929
1330
955
1008
779633
1244
662
1043
618993
1245
1056
629
771232
1252
1065
624
946297
1710
1769
1063
567849
1265
786
710
789269
1221
1111
628
934150
961
1067
632
724437
966
1078
611
572446
1677
1289
1069
904334
1519
913
2323
707373
1246
771
1001
718429
959
754
1032
707429
1229
784
1027
578477
1247
796
1024
748880
980
796
1034
748910
955
642
1165
774315
1277
654
1039
713302
940
1084
909
720288
1123
1137
613
755421
975
1080
618
744564
1117
3058
677
768265
1257
817
1016
736637
1234
764
1011
855086
1257
1073
634
689666
1608
818
1006
805023
1235
777
1007
727724
1732
1095
622
852849
1581
1088
630
865224
1227
1069
1010
590523
1238
792
623
700169
1086
1111
1151
850756
987
1289
649
712518
1194
1092
632
621175
1102
1094
1033
833489
1419
1077
1022
759937
1233
786
1006
721223
966
758
1040
731303
1242
776
1003
616024
1320
727
1033
751275
1239
761
1034
737946
951
641
1052
722400
1236
803
1029
763219
899
1303
907
798181
929
1080
743
749960
962
1279
636
843170
959
1078
619
781863
1483
818
1036
701141
1231
778
1013
880487
1249
1090
627
694695
1256
796
1015
675695
1235
656
1053
609081
1229
1062
641
693331
1240
1068
636
934252
1260
772
1035
597139
1227
803
622
724022
1215
808
2100
896528
961
1065
609
722540
803
1106
632
582561
1930
1136
1033
858712
1516
1098
2253
780869
1239
786
1004
730390
960
745
1032
720500
1237
786
1023
586557
1228
768
1002
752441
971
757
1048
832431
971
762
1007
781910
1240
795
1022
717462
935
1109
918
766422
915
1089
618
758570
1112
1077
614
710879
1099
1103
624
703146
1452
763
1004
782753
1247
775
1026
877780
1250
1045
633
673323
1407
804
1018
707791
1246
767
1007
594519
1442
1076
624
874480
1257
1044
617
876726
1243
829
1000
553409
1524
798
723
767909
1243
816
605
889193
996
1074
617
754662
810
1087
1018
647000
942
1082
1024
924970
1252
794
1017
711189
1235
803
1026
672913
801
797
1061
669140
1235
784
1008
552691
1239
787
1042
734068
959
763
1030
743544
1010
755
1034
799973
1269
799
1022
779190
917
1080
936
709581
927
1279
641
735173
1111
1512
675
705989
935
1063
622
662789
1206
816
1034
707263
1266
765
1022
840198
1243
1047
620
777573
1253
775
1027
753741
1259
768
1028
590542
1252
1059
629
755962
1235
1073
630
853180
1242
1144
1555
559618
1233
665
614
700652
1184
786
718
837045
1004
1063
622
842499
947
1065
624
701009
1766
1275
1037
942100
2162
818
1044
746337
1241
834
1080
748476
979
763
1033
754414
1227
783
1051
622294
1249
797
1025
732592
949
777
1052
670473
967
970
1023
748981
1221
661
1019
755952
922
1093
886
749753
1256
1277
630
780986
947
1044
609
791129
952
1062
633
903710
1425
666
1104
810377
1257
788
1029
892556
1259
1038
628
767733
1366
2681
1065
759047
1267
788
1020
560595
1243
1071
639
723769
1256
1050
651
881513
1258
775
1047
611989
1236
763
598
807507
1196
786
627
989775
970
1055
823
747028
956
1060
611
556840
1233
1146
2089
894913
1236
842
1031
751388
1457
650
1101
748522
940
647
1054
787228
1255
786
1020
734904
1231
784
1019
732231
934
733
1021
789353
956
768
1039
776992
1247
788
1013
716642
913
1129
1038
723490
906
1145
625
740546
959
1279
647
757131
941
1075
609
766389
1328
817
1025
736442
1231
790
1016
874805
1463
1231
641
724062
1242
789
1045
775450
1343
809
1040
599271
1243
1055
622
715958
1286
1072
634
896604
1279
785
1562
605919
1347
1400
642
734485
1195
797
615
832382
2862
1110
641
749724
967
1083
731
646953
918
1077
2498
832842
1243
773
1161
718729
1234
844
1032
861148
1040
765
1020
739474
1237
797
1029
623974
1235
787
1035
819798
802
790
1030
808303
954
764
1039
755284
1343
801
1002
716611
897
1176
922
692292
901
1101
768
720727
939
1055
609
743495
1264
1055
624
758030
1182
780
1028
772379
1226
669
1052
895408
1249
1056
632
823482
1222
805
1029
710831
1227
784
1005
546317
1222
1078
641
725958
1423
2713
670
912494
1265
793
1043
609783
1472
658
1151
774744
1203
801
739
922625
1287
1101
643
684849
1113
1257
636
593421
960
1057
1011
886856
1234
802
1023
701236
1404
798
1023
713222
1111
975
1050
736598
1257
785
1038
667368
1243
780
1009
751646
957
747
1054
777996
936
635
1130
728602
1224
795
1036
725407
915
1084
908
730981
914
1140
632
694068
1333
1900
660
733596
1631
1137
661
744294
1205
789
1007
688083
1322
789
1052
844078
1247
1046
619
799228
1219
5497
1213
720028
1254
1140
1042
589380
1250
1096
649
771837
1239
1052
619
951666
1236
787
1016
603263
1255
790
741
771630
1216
821
611
817418
968
1283
624
787513
945
1075
612
631561
781
1069
1040
835962
1236
787
1016
665651
1260
784
1024
671302
971
759
1055
721560
1225
809
1010
613519
1243
795
1038
704367
Xput: 5348
