285329916.666667
293184543.809524
328224210.476190
348649606.190476
348610846.666667
350154674.285714
349968809.523809
351264380.952381
151877826.190476
170988183.809524
173996107.619048
172824906.190476
201614590.476190
193466666.666667
151846607.619048
219186140.952381
117063979.047619
145942329.523810
144651914.761905
145834758.095238
124556486.666667
126634674.285714
137739310.952381
136287825.714286
162137521.428571
176647083.809524
185750665.714286
188061300.476190
155201800.000000
128827037.619048
153101965.238095
110643631.904762
117763721.904762
183634117.142857
188083300.000000
193579891.904762
177246717.142857
164446785.714286
169502492.380952
168218102.857143
172509148.571429
172868036.666667
173411858.571429
190375276.666667
162105526.190476
147748472.380952
144610043.809524
147547141.904762
166259044.285714
186506800.000000
206173052.380952
208633822.380952
210494228.095238
164543594.285714
167696077.619048
162309273.809524
140090630.476190
191210810.476190
224391200.952381
210570678.571429
212398819.047619
157688244.285714
160380421.904762
161864831.428571
54750180.952381
50507945.714286
163597576.190476
210478262.380952
215733900.952381
198440196.666667
199068197.142857
195239982.857143
70558226.190476
67563043.333333
71754700.000000
52472518.095238
138313573.333333
169632243.809524
192327876.190476
205853377.619048
202368901.428571
202777603.333333
96744424.761905
83525454.285714
33959588.571429
40929097.619048
272535569.047619
273070404.761905
318771498.095238
324211908.095238
325663976.190476
148667901.904762
314407887.619048
251101069.047619
268166933.333333
285867398.571429
324501885.714286
335740790.952381
338710463.809524
331998963.809524
335244170.476190
342803388.095238
44286144.761905
259399912.380952
265304546.666667
256689163.809524
282772942.380952
299484563.333333
293366130.000000
288522733.333333
134897696.190476
31802719.047619
243421129.523810
261129319.047619
295384363.333333
311626793.809524
318473045.238095
314439240.952381
312677112.380952
89494407.142857
31661500.476190
34193363.333333
40806224.761905
202656880.476190
236849636.190476
274878295.714286
286798411.428571
295108874.761905
258930739.523810
298162536.666667
159329443.333333
64024403.809524
62501597.142857
45370118.571429
199197896.666667
212472308.095238
232971855.238095
246898863.333333
263541194.761905
234302082.380952
236455760.476190
51552231.904762
241028187.142857
247309761.428571
271286650.000000
275946914.285714
275365499.523809
299934513.333333
286104791.428571
289340246.666667
132496567.619048
176833765.714286
193578955.714286
192048768.571429
172900823.333333
170974715.714286
178801987.142857
181735674.761905
192657963.333333
231828011.428571
283462941.428571
296078122.380952
235559712.380952
284011552.857143
247392787.619048
228753382.857143
71937458.095238
72697469.523810
189858828.095238
211963908.571429
219444186.666667
226400750.476190
221497331.904762
220904257.619048
78357719.523810
79405570.000000
78839313.333333
105664755.714286
175906728.571429
170041242.380952
198794872.857143
212894077.142857
173039049.047619
175358329.523810
49690736.666667
28785997.619048
73021626.190476
112121092.857143
172907013.809524
161479215.714286
211863928.095238
203010913.809524
217130467.619048
181903197.142857
95234566.666667
119349554.285714
103640192.380952
112175913.809524
201062364.761905
212977563.809524
228381171.428571
260044963.333333
255572274.285714
195421352.380952
167718700.476190
160487139.523810
32065131.428571
174263225.714286
233492731.904762
232773102.857143
228107917.619048
232579950.476190
246777559.523810
248450593.333333
68284639.523810
33154327.142857
201143802.380952
221271101.428571
247175499.523810
229569975.238095
263404980.000000
252750786.190476
93859615.714286
253971880.476190
73939555.238095
111573074.761905
172554001.904762
177642226.190476
181993620.476190
185463453.333333
182836963.333333
190768578.571429
55178014.285714
93965597.619048
122139552.857143
105833758.095238
50875119.047619
107859465.714286
110642751.428571
111094890.952381
128736182.380952
49732406.190476
103089373.809524
115995337.142857
155581222.857143
162738136.190476
147515611.904762
174955682.857143
136905692.380952
141239944.761905
96997550.952381
151605199.047619
140564471.428571
146028083.809524
158357690.000000
125117635.238095
107400246.666667
121102595.714286
152732051.904762
159163941.428571
161491425.714286
172217775.238095
180406618.571429
167968107.619048
141526246.666667
145901864.285714
160389237.142857
204817390.476190
206019135.714286
209213359.523810
206395975.238095
217155939.047619
190275762.857143
195914764.285714
162101670.952381
174443345.238095
178758160.000000
192775204.285714
170736161.904762
159262982.380952
162355250.000000
159249301.904762
181210747.619048
192314056.190476
196167102.380952
201465705.714286
202143596.190476
138416242.380952
154336507.619048
179752428.571429
220413368.571429
229783553.809524
240211198.095238
244978269.047619
248659285.238095
206801172.380952
207917903.333333
208316017.142857
169865334.285714
229998342.857143
244557361.904762
272525573.333333
270996321.428571
214465252.380952
214604490.476190
215622525.714286
91526530.952381
96923483.333333
145855032.857143
162390027.142857
194592074.285714
191466880.000000
183174271.904762
183714943.333333
138549950.952381
139690749.523810
145843654.285714
156785326.666667
132181600.000000
128091019.047619
141218869.047619
148578052.380952
130685097.619048
152114658.571429
162339326.190476
158008429.047619
125285214.285714
123083881.428571
127730174.761905
137111345.714286
124849428.571429
112442643.333333
137433862.857143
136729719.047619
219561783.809524
226343746.190476
263029883.333333
272898600.000000
271159740.952381
280182768.095238
174201830.000000
166970125.714286
36569017.619048
250995069.047619
247572018.571429
307977701.904762
313892613.333333
323686066.666667
319620429.047619
306360400.000000
313228551.904762
250507761.904762
254570201.904762
324260158.571429
342541847.142857
345509787.142857
337131432.857143
343118735.238095
350444981.428571
232567526.666667
254328525.714286
255881132.857143
287139604.761905
300031807.619048
304820096.190476
306458365.238095
306860510.476190
35197514.285714
276893755.238095
297884495.714286
316750352.857143
325826200.000000
331793885.714286
333380976.666667
334263165.714286
336654402.857143
26295658.571429
246740338.571429
281764082.857143
314439491.904762
317493453.809524
326607625.238095
311720583.333333
323555122.857143
326962424.285714
27426232.380952
32384892.857143
218463788.571429
211869517.619048
226818732.380952
229145855.238095
241068694.285714
260111589.523810
260600873.809524
144458389.523810
92508060.000000
121179181.904762
124433906.666667
141459818.095238
138928047.619048
155847589.047619
157085636.666667
158444640.952381
145634502.380952
160860660.952381
169558566.666667
187394774.761905
169048852.857143
114047217.619048
132888673.333333
133063964.761905
177172452.857143
195707966.190476
224380335.238095
218733567.142857
224468427.619048
179333399.523810
158948516.666667
158671465.238095
93137435.238095
155644084.761905
217875836.190476
204303970.476190
207093574.285714
205359511.904762
180774240.952381
200084683.809524
110111027.142857
151495772.857143
146091657.619048
177252226.666667
151367233.809524
157124141.904762
133222161.904762
140626926.666667
95173144.761905
112437319.047619
167108031.904762
172189902.380952
156177160.000000
142253947.142857
139268046.190476
140696983.809524
111975091.428571
141474440.952381
125896910.476190
155298640.476190
145978677.619048
115050836.666667
112438190.952381
114075327.619048
199366114.285714
216708010.476190
224449573.809524
230054765.714286
234095369.523810
196346733.333333
155152502.380952
164230862.857143
115210271.904762
132790136.190476
142215070.952381
147605056.666667
176554021.904762
171119409.047619
172830696.666667
176180843.809524
126139725.238095
121038230.476190
121749518.095238
125405167.619048
114449854.761905
191286930.476190
201684810.476190
203937708.571429
205269496.666667
135298517.142857
141936958.571429
139886733.809524
233187165.238095
239899221.904762
288344187.619048
299867850.952381
299335518.095238
295444888.095238
310761726.190476
294922109.047619
91440586.190476
97628179.047619
116789420.000000
145999074.761905
150437192.857143
181370506.190476
182731191.428571
177457814.285714
90297762.380952
107441708.571429
107573119.047619
84730158.571429
126172915.714286
133820487.619048
123480111.904762
139706044.761905
125508051.428571
121158601.428571
156585487.142857
136033468.095238
137184941.428571
162410062.857143
176849267.142857
183709562.857143
175090510.476190
124746009.047619
132676037.619048
138571951.904762
187187166.666667
216708183.333333
222188002.380952
226587101.904762
227399197.142857
147507086.190476
139795744.285714
129587186.666667
41157106.666667
217186280.476190
248160624.761905
298769616.666667
288840201.904762
314722653.333333
323129883.333333
304435906.666667
107847168.095238
48235846.666667
190713162.380952
245707105.238095
263728765.238095
286674129.047619
296132159.047619
307719669.523809
304644080.476190
219075200.952381
78990551.428571
255757958.571429
274874761.904762
285185091.904762
330694777.619048
334047295.714286
351087344.761905
351106020.476190
153800307.619048
173993060.952381
188626942.857143
224205123.333333
298609847.142857
300070355.238095
305696751.904762
307655941.428571
308069994.285714
50818612.380952
52007416.190476
275110046.666667
282414517.142857
313441598.095238
315770907.142857
338433745.714286
344186252.380952
346201149.047619
345077485.238095
202861503.809524
233173174.761905
236591645.714286
234972868.095238
184288166.190476
219593455.714286
215560037.142857
217739441.904762
190004128.095238
209478551.428571
226359460.476190
242941400.476190
237811614.761905
230036987.142857
204302398.095238
189936172.857143
162765072.380952
209612969.047619
207936093.809524
199943905.714286
209119792.857143
204707740.476190
208647116.190476
234822671.904762
40852290.952381
180096633.333333
207046762.857143
210153741.904762
221220865.238095
228657219.047619
254770053.809524
224794763.809524
164226300.476190
156674591.428571
241640583.333333
248865386.190476
263177690.000000
270950221.904762
261752947.619048
188297777.619048
185207940.952381
40191592.857143
62074044.761905
137998803.809524
179773827.619048
179064394.285714
172795010.476190
187843617.619048
187294726.190476
126612738.095238
65788329.523810
41836320.000000
227161604.285714
239543889.047619
284618019.047619
271744106.190476
299522133.809524
274161976.666667
292180731.904762
132549998.095238
118817007.142857
120450480.476190
94174229.523810
210080765.714286
222966394.761905
207355169.523810
209786635.714286
208428473.333333
109070005.714286
125838292.380952
112912496.666667
191463302.857143
235184085.714286
259108680.000000
290243359.523809
301086738.571429
200736213.809524
290997154.285714
305980995.238095
90836532.857143
96800370.000000
88315731.904762
42019076.190476
199730051.428571
204868521.904762
221776421.428571
222526869.047619
210412569.523810
188255918.095238
142453868.571429
177550164.761905
264880949.047619
252861483.333333
273652570.476190
316940826.190476
298702893.809524
261545491.428571
237655488.571429
222405983.809524
197799905.238095
221304275.238095
220213351.428571
220978360.476190
221076944.761905
198587303.809524
200479960.000000
206691302.857143
233331652.857143
241769695.238095
246996196.190476
245246720.000000
246147857.142857
203065881.904762
209982979.523810
185880118.571429
245711750.476190
262898735.714286
280879640.476190
297885748.095238
312591359.047619
265873712.857143
260480011.428571
271914105.714286
107810015.714286
145858610.476190
164956463.333333
179342786.666667
197263869.047619
190911953.333333
197238365.238095
203126654.761905
119987226.666667
158861980.952381
166576522.857143
164230563.809524
143185199.523810
157793815.238095
186756773.809524
192491360.952381
188731890.000000
101904029.523810
123222615.238095
133298075.714286
146301163.333333
154589861.904762
118120137.142857
133522892.380952
147547103.333333
48402054.285714
74904157.142857
101272946.190476
111635882.380952
126259395.238095
133058528.571429
133606870.000000
108346737.619048
131612673.333333
47705102.857143
101906484.285714
117536782.380952
122317920.000000
128870336.190476
147712311.904762
147937085.238095
124870845.714286
127387071.904762
96890830.000000
146068900.952381
161119978.095238
162302262.857143
126373520.000000
128191297.142857
95172990.476190
85799043.809524
70927379.523810
110393682.857143
138446318.571429
150098395.238095
156162216.666667
167101990.952381
172308580.000000
171979661.428571
81253729.047619
215612297.142857
223035078.095238
232671803.333333
242960734.761905
197084871.904762
164996126.190476
184160914.761905
172639819.047619
148474487.619048
236426087.619048
303216422.857143
309567611.904762
284729353.809524
313344302.380952
261698235.238095
262467324.761905
66388274.761905
68043426.190476
190114826.666667
229647401.428571
231662571.428571
252115386.666667
249362948.571429
258969870.476190
133587955.238095
143815601.904762
182538891.428571
246118961.428571
247521639.523810
232297920.476190
244333133.333333
223837876.190476
248361384.285714
221313908.571429
174860628.095238
207858595.238095
241258920.000000
249542441.428571
241464343.809524
205557939.523810
208086297.142857
213181293.333333
167714679.047619
180227613.809524
189926356.666667
191404106.666667
169692312.857143
149772233.809524
158840482.857143
153966607.619048
216527615.238095
225532301.428571
246294921.904762
243830220.000000
257122804.285714
210997433.333333
179275872.380952
196855660.000000
153781467.142857
196326103.333333
217398690.000000
219308508.095238
205822783.809524
191131006.666667
182650557.142857
176757368.095238
166088695.714286
207774450.952381
251020642.857143
265160335.238095
276664355.714286
208530828.095238
218765580.000000
265074325.238095
53361033.333333
69185040.952381
66502512.857143
55430691.428571
186408876.190476
193153000.000000
207388373.333333
209952846.190476
220589064.285714
181145885.238095
96593504.761905
87087200.476190
192159379.047619
227201296.666667
291932167.142857
295065500.000000
258752123.809524
307131150.000000
252649081.428571
301175223.333333
81299580.476190
85630550.476190
44120904.761905
281538452.857143
322453002.857143
329839325.238095
333402197.142857
334175828.571429
336864402.857143
342716177.142857
344212650.000000
30371086.666667
238984453.809524
265387253.333333
331813556.666667
299225302.857143
298957680.952381
324586484.761905
233336632.380952
305814951.904762
30864821.904762
33348761.428571
256436500.952381
305690615.238095
314580555.714286
324011648.095238
332703178.095238
227177370.476190
326477789.523809
335459396.190476
60538742.380952
250892233.809524
254775514.761905
266263716.190476
266375378.095238
287446700.000000
263589745.714286
267430227.619048
168384644.285714
168439040.952381
198950572.857143
211751930.952381
226820886.666667
249829925.238095
277452780.000000
261650299.047619
233183434.285714
88244297.142857
121228545.714286
118461470.000000
228362200.000000
217527762.857143
237720400.000000
224164429.523810
233191083.333333
132018053.809524
90764848.095238
94537215.714286
273684858.095238
328950698.571429
346489200.952381
343784563.809524
329344796.190476
356329216.190476
352627967.619048
309399640.952381
315334552.380952
310560069.047619
345835189.523809
352788802.380952
357920780.952381
359118444.285714
358317417.142857
360379490.000000
59314930.476190
239675988.571429
294548172.857143
295738378.095238
300494512.380952
315231999.047619
320687578.095238
321404480.476190
98569060.952381
228006394.285714
244423419.047619
254467981.428571
236354765.238095
299994427.619048
280315525.714286
278578020.000000
280358580.952381
202369751.428571
201011748.571429
213708704.285714
218196809.523810
202937145.238095
210704789.523810
216425150.476190
213681258.095238
192338124.285714
208310436.190476
218705929.523810
226762424.285714
201434420.952381
186575620.000000
178500681.904762
168459130.000000
221136499.523810
250561193.333333
261818060.952381
262704631.428571
270344502.857143
248880188.095238
221743679.523810
244868704.761905
171083042.857143
213455840.952381
209884418.571429
249530192.380952
244938893.809524
229680736.190476
220590935.714286
199339923.333333
138836212.380952
171205596.666667
177170016.666667
168060379.523810
172458182.857143
126739156.190476
155156423.333333
146576158.571429
173825203.333333
227506287.142857
250524828.571429
249568667.619048
255630750.476190
204385962.857143
158441289.523810
171086284.761905
98509424.761905
112611894.761905
109366043.333333
192057176.190476
203640109.047619
205825834.285714
200151696.666667
197743775.238095
105851333.809524
128597287.142857
144516229.047619
177406720.952381
162167330.476190
155379598.095238
165408250.476190
173328128.571429
188361623.809524
222393500.476190
229683082.857143
236668789.523810
229318987.142857
138507301.428571
138196499.523810
139535861.904762
214454215.238095
238719647.619048
233751203.809524
238014567.619048
267407215.238095
286926474.761905
225688801.428571
211493332.857143
171085438.095238
181322931.904762
200072441.904762
207385811.904762
185697587.619048
189338503.809524
191727992.380952
190384681.904762
204478073.809524
211437648.095238
215677951.904762
219319289.523810
225261944.761905
181189706.190476
201553081.428571
197713845.714286
171069758.571429
195007372.857143
204251788.095238
232200609.523810
232106274.285714
214508901.904762
175796674.285714
171780469.047619
165370667.619048
191461451.428571
200537874.285714
194084457.619048
203847890.000000
196994220.000000
211959817.142857
208230705.714286
153445645.714286
166596661.428571
189343000.000000
195934410.476190
195485537.619048
138421011.428571
137270281.904762
139306850.000000
153384579.523810
184624001.904762
197781483.333333
211125680.000000
218409160.952381
190889253.333333
177032712.380952
180705781.904762
113912744.285714
117972923.333333
127722509.523810
170821208.095238
170800127.619048
155478090.476190
164721555.714286
163553934.285714
139395503.809524
180678680.000000
194059250.000000
197217505.238095
190417176.666667
131517092.857143
137508007.142857
162916800.000000
190698311.428571
203424380.952381
208762020.000000
207094513.333333
211248093.809524
154153821.904762
173363584.761905
150640280.000000
163220032.857143
194762197.619048
203469471.904762
213801791.904762
210977143.333333
155506569.523810
162230424.761905
149557374.285714
69747177.142857
146838120.000000
215157288.571429
262176427.619048
255798298.095238
233202773.809524
254469126.190476
223952975.714286
48170295.238095
37572622.857143
60513601.428571
221636583.333333
236877222.857143
284666651.428571
279484474.285714
296124418.571429
281665947.142857
120942453.809524
284284508.571429
71032519.523810
75721282.380952
45177629.047619
164616965.714286
180273146.190476
200633043.333333
201893932.857143
201500636.666667
153391212.857143
149706127.142857
73840560.476190
36076928.095238
223572597.142857
263075955.714286
273882167.142857
277905543.333333
300238671.904762
283077918.571429
280729329.047619
39180575.238095
236246733.333333
249500207.142857
263092053.333333
271649357.619048
296367139.047619
298137384.761905
303775220.000000
302046453.809524
230555902.857143
248108807.142857
271126998.095238
300015237.619048
302413385.714286
295354140.476190
320820782.857143
294977271.904762
278141352.380952
293812080.000000
294391377.142857
305254996.190476
322133226.190476
318974504.761905
318745680.952381
319770383.809524
245091536.190476
248376863.809524
292030960.000000
299162220.476190
311286261.904762
311749436.666667
314735911.428571
317642708.095238
29808830.476190
244589011.428571
275581236.666667
300954930.952381
306387453.333333
313995485.714286
316299960.476190
314643631.428571
320090878.571429
29912996.190476
47828061.428571
224371789.047619
260986026.190476
253296326.666667
262371476.190476
267538487.142857
310577188.571429
254654850.952381
138155270.476190
50758195.238095
80980711.904762
101373594.285714
92069740.952381
126949887.619048
103610470.476190
