2277
909
1077
633
1266
1070
989
608
1207
1064
599
873
843
1050
875
1505
864
857
4199
14494
935006
841
964
23177
6658
958451
1125
586
957
17218
14963
956554
1142
606
953
21345
7097
9125
941299
834
966
20252
6128
8654
942597
1201
675
944949
1720
669
1023
736
1003
33376
928362
1521
922
701
769
940600
1057
1093
615
889
690
32666
918535
1276
790
1039
901
977626
1724
1065
1037
963
886
980971
1726
1120
640
842
854
1037056
1741
671
1063
732
1009
33309
1012266
1198
669
1140
921
37165
8046
982901
1252
645
1042
35442
1007696
1056
749
1230
1089
36305
8816
985981
807
1045
767
1012875
801
1131
624
1023
742
34837
1007415
951
1064
735
1014
1033354
1304
642
979
1042
634
1032589
1260
635
975
734
1017
32732
995684
1333
1051
905
857
33937
1024035
1455
810
616
1055
33322
999237
805
1093
627
582
37431
1011577
1061
1967
1119
617
37134
7638
1010297
784
1041
625
35915
1025874
1613
1035
802
967
33554
985871
808
1063
765
1021
1061550
1074
978
1084
635
994
1069414
1421
797
1101
727
1000
33402
1016571
1223
1191
1243
644
1019955
1733
1273
1059
621
1023
34264
1009005
1469
935
1005
565
1061167
1003
1110
630
861
1180
35178
996833
1277
791
1038
1030
1039174
1412
673
1224
618
992
1057824
1390
1057
728
606
997
1034388
1423
778
1029
619
840
33513
1010098
1202
656
691
974
36451
7744
998468
1260
648
870
35941
995602
1661
837
1074
1035
35047
7812
987579
782
1068
628
1034479
812
1177
952
1048
610
34643
1022371
1395
1094
739
1018
1036471
1229
736
1185
920
578
1023733
1372
664
1003
615
1022
33587
1011590
1245
1078
896
573
34683
987441
1188
784
624
1359
34712
994847
789
994
571
527
39773
996167
1039
749
1151
613
37598
6470
1020720
791
1041
749
35860
1010697
1456
1054
645
1082
33811
996912
824
1071
629
1013
1038626
1102
984
1046
987
1092
1037084
1432
779
1175
619
977
34743
1002475
1176
1097
911
939
1039294
1277
668
1001
750
1013
33211
1018174
1505
928
718
617
1041514
1133
1138
622
1496
732
33508
1040869
1266
785
1021
1020
1079409
1773
1220
1260
754
994
1034478
1946
1084
748
949
1028
1213762
1364
770
1018
766
847
34049
1040329
1192
663
831
1031
32156
11899
1043481
1223
631
988
35075
1042881
819
992
919
1268
36485
11471
1040383
773
1045
621
1070492
809
1467
641
1009
755
35791
1043793
954
1066
935
1032
1061401
1418
664
999
1018
617
1057819
1447
653
984
600
1322
34322
1081174
987
1055
920
592
35248
1041841
1409
767
819
1045
34703
1024392
933
1034
640
577
33249
1015464
1026
640
1035
819
35447
12347
1037561
811
1408
763
32483
1045072
1389
1055
742
1047
35787
1072274
930
1064
607
1018
1076975
923
996
1056
740
1013
1112694
1365
796
1288
721
1008
33960
1037478
948
1233
1045
627
1066238
1382
657
992
618
1045
33413
1027825
1282
930
704
636
1071257
783
1176
841
908
745
35325
1044795
1702
847
1073
1025
1109859
1757
796
1031
619
848
1066384
1533
1238
638
694
1032
1058912
1725
787
1037
605
990
30143
1015328
1203
668
689
908
37530
11991
1027630
1248
638
980
35942
988018
635
451
532
534
38492
16486
1023803
983
1109
641
1082840
1589
666
509
1060
645
31240
1040534
1075
1629
793
1039
1099359
1771
859
1118
1012
627
1100246
712
1579
634
370
1187
37409
1030465
1373
1170
1341
707
32675
1099448
1403
826
625
1064
31517
1035308
1066
1070
790
605
37013
1030019
982
747
1099
624
35950
15160
1060317
786
1035
623
33271
1017823
1310
1041
630
1011
34503
1040338
876
1036
640
1035
1077165
868
616
1062
778
1004
1055600
1756
806
1350
911
1050
34532
1021874
1691
1166
910
724
1049622
1382
652
1146
768
1016
34442
1027381
1321
954
748
722
1044541
817
1048
632
1008
739
30911
1032589
1702
781
1201
916
1053417
1261
778
1210
622
993
1088005
1733
1175
754
717
1024
1067655
1358
655
1411
1207
1012
31598
1020278
1223
671
697
925
35721
13750
1016038
1384
642
1459
34753
1008872
968
747
921
1409
34430
11907
1015691
797
1062
739
1091940
838
1366
744
1080
605
34303
1028547
935
1072
762
999
1090900
1284
653
982
1011
621
1053451
1462
664
988
602
1014
34237
1015062
1242
1082
923
572
34847
1061761
1393
796
622
1041
34755
1006204
1269
1067
630
564
34651
1053642
970
774
1236
750
35093
10045
1018629
808
1060
619
34693
1076225
1670
1071
737
1010
35106
1041386
802
1031
767
1026
1081734
935
765
1017
720
1031
1040596
1601
737
1203
762
1004
34024
1043583
919
1090
1039
603
1057567
1783
820
1882
752
991
35622
1050794
1223
923
713
631
1076857
990
1105
743
1008
618
30346
1071321
1342
779
1114
1006
1050150
1271
781
1028
645
910
1052488
1272
1037
619
724
896
1067892
1901
800
1030
617
974
32356
1019084
1205
670
693
910
34551
14555
1048421
1244
650
965
34386
1012836
974
745
1046
1008
38355
12577
1036969
812
1070
759
1076253
982
1121
616
1493
617
33734
1011693
985
1089
948
1066
1052444
1534
1031
1086
938
1064
1055056
1663
870
1441
720
1012
33123
1016040
848
1056
1047
631
38400
1022324
1071
781
751
1022
35082
1016903
952
1234
627
564
37598
1022616
967
726
1035
615
32339
9955
1014230
785
1062
621
35978
1037145
1336
1039
630
1206
38817
1044823
1118
1067
621
1526
1091566
1014
750
1026
745
1011
1067620
1423
709
1188
729
1008
32187
1018910
944
1078
1248
641
1038982
1346
693
881
656
1017
34736
1028478
1256
951
713
626
1071182
1059
1179
622
1200
755
30996
1111881
1284
787
1017
1885
1093989
1871
841
1031
613
977
1096174
1459
1062
915
751
1011
1116554
1631
785
1121
724
1007
33355
1072584
1127
786
748
1214
37952
10819
1039060
1267
654
999
33198
1052824
787
753
918
1001
35218
10221
1028997
784
1048
606
1055775
805
1071
627
1031
758
34516
1024090
1143
1074
642
906
1105618
1697
937
1042
1016
620
1043719
1313
671
980
612
1043
32641
1021394
806
1069
1010
622
36018
1022639
1238
678
703
915
36435
1042384
1163
1091
650
599
34732
1050630
970
739
1031
613
35039
8218
1063597
799
1078
633
35115
1013952
1399
1041
630
995
33823
1063307
768
978
572
947
1066636
875
620
1080
753
1001
1048884
1277
705
1012
740
981
35144
1025618
1121
1243
1044
609
1042008
1618
804
1423
745
1018
32493
1024236
1553
940
1050
574
1092093
995
1074
629
883
1198
31891
1019977
1780
806
1017
885
1043986
1264
795
1193
614
976
1073751
1385
1055
624
1143
1046
1062561
1372
657
1048
730
1018
32980
1019217
1072
648
758
916
35020
12509
1014062
1241
647
850
33396
1051807
861
719
899
1514
31658
12708
1051996
792
1061
617
1054984
863
1067
625
1147
765
32004
1048373
1033
1246
637
1022
1061711
1339
649
1220
1034
612
1044095
1262
672
967
603
1246
31918
1028544
1245
1286
935
735
34341
1013448
1379
775
614
1284
34573
1009370
784
1040
632
588
41719
1016137
982
777
1026
757
33387
10099
1015875
808
1108
801
33837
1023205
1295
1042
630
982
36063
1063129
822
1015
608
1264
1102557
981
1041
1028
661
1032
1076106
1732
681
1053
621
974
31343
1025489
908
1070
1270
637
1045614
1466
660
1154
771
991
33214
1067773
1276
929
902
626
1050317
968
1144
621
876
683
31564
1063616
1528
770
1066
987
1046678
1660
1010
1040
623
971
1056143
1349
1055
758
748
1039
1114681
1435
669
1248
744
998
33837
1057790
1257
658
695
910
32022
13576
1001743
1248
656
872
33667
1022779
851
764
926
1052
33126
11983
996430
935
1060
608
1095194
1031
1137
621
1014
738
34637
1053004
975
1087
815
1005
1053381
1710
867
1263
1001
616
1041136
1289
649
987
612
1309
32252
1017932
1357
1093
930
584
34051
1039265
1437
810
612
1041
33017
1024788
987
1079
636
628
34218
1050681
946
746
1036
618
34265
10720
1013992
793
1073
621
34587
1016392
1344
1039
738
1043
35949
1068132
934
1077
599
1363
1047788
945
755
1059
630
1016
1055054
1706
903
1042
727
1030
32783
1018286
1677
1419
1049
625
1040426
1425
662
1224
745
1003
35653
1025724
1266
934
712
618
1038246
968
1071
622
997
732
32577
1012255
1367
840
1031
1005
1056087
1766
680
1044
757
1004
1064287
1367
1085
619
636
1031
1096525
1660
1020
1784
642
982
31782
1039722
1177
682
680
899
35628
10118
994966
1276
655
885
33545
1017381
996
1081
929
1057
33011
10908
1012866
953
1045
623
1059768
929
1106
620
1062
627
33906
1016769
1000
1099
750
1023
1046050
1312
701
985
1023
628
1047813
1376
668
1066
728
997
30681
1018666
828
1085
932
578
36851
1031945
1205
666
691
907
33956
1004013
1221
1069
619
695
35091
1018916
1027
742
1072
624
32363
11138
996429
895
1320
633
36564
1012899
1636
1042
636
998
34979
1035865
820
1038
629
862
1075690
862
912
1040
734
1017
1059058
1696
669
1040
733
998
30731
1022063
1083
1098
925
606
1048728
1676
869
1018
769
1156
34153
1036242
1296
943
704
614
1057215
986
1063
628
879
751
30410
1019576
1731
782
1046
889
1050251
1425
780
1017
605
977
1071705
1789
1127
754
711
995
1106240
1424
656
1369
1126
1029
33583
1022560
1298
677
689
937
34610
9414
1017075
1242
670
1146
33336
1026277
806
758
1033
1001
34686
9813
1038671
926
1065
627
1053694
991
1108
625
1025
741
38123
1035016
951
1279
778
999
1059364
1278
635
991
1013
628
1044918
1659
791
991
601
1023
31516
1012072
916
1044
1215
619
33139
1036588
1092
789
761
1124
32723
1001034
1844
1082
619
603
33362
1016777
940
757
1028
634
32145
14172
1009358
793
1056
618
32649
1016848
1312
1035
732
1021
37478
1074058
813
1414
737
1013
1150614
1385
1277
1297
752
1022
1053052
1239
671
1469
781
1014
34843
1014227
1110
1116
1030
624
1054348
1536
803
858
1014
1040
35275
1046913
1256
931
722
865
1060849
1123
1139
620
1043
617
30962
1025468
1272
776
1006
1045
1094120
1731
1098
1042
623
849
1059945
1607
1054
836
730
1005
1092051
1328
659
966
616
1014
32597
1038734
1255
658
690
929
36611
10549
1007696
1274
635
975
32336
1005402
790
736
910
908
35588
11100
1022375
793
1047
621
1075879
862
1051
792
1011
615
32647
1018930
1681
1117
984
900
1044970
1320
792
1023
999
645
1054846
1327
658
1040
746
1017
33645
1018419
933
1071
920
603
33645
1034951
1211
671
684
1022
34531
1067421
965
1135
631
560
47654
984764
1015
860
1205
737
43392
11166
998958
956
1073
623
35551
1038838
1329
1059
929
1029
36341
1032925
946
1059
623
1041
1046000
1077
1247
1240
629
1034
1074900
1420
1316
1100
623
975
33970
1034682
1123
1096
920
900
1041537
1682
822
1049
736
1005
29905
1055955
1295
929
730
601
1045003
804
1061
770
1021
730
32650
1010424
1354
971
1058
1011
1057746
1683
1122
1052
621
982
1058711
1696
1062
617
1160
1872
1063042
1273
657
1586
740
1015
31585
1024040
1192
674
708
929
32890
10347
1021075
1257
658
853
32735
1039898
798
751
892
1502
32296
14952
1016181
807
1055
751
1081564
818
1095
763
1028
711
33313
1013099
973
1044
748
1026
1065227
1369
643
993
915
608
1063270
1467
664
971
609
1038
33037
1025030
1185
1082
1086
586
33425
1006798
1046
814
626
1035
36638
1018896
1276
1054
608
939
32759
1026835
936
942
1056
605
33313
14346
1008712
908
1044
638
33453
1009389
1273
1044
614
964
36305
1046447
906
1121
755
1024
1056954
941
759
1032
826
1218
1039912
1398
668
999
752
1003
34013
1019978
898
1103
1040
642
1057488
1734
833
1412
752
988
34362
1039474
1272
915
715
619
1081592
841
1718
787
1047
691
33604
1047593
1426
1027
1039
1028
1078716
1733
1080
1044
613
852
1072831
1400
1048
754
735
1010
1111980
1342
656
1007
754
1017
38726
996636
1134
1097
762
898
47829
18027
982121
1219
698
1017
33599
1012198
787
752
931
885
37031
12180
1028331
790
1039
623
1087456
809
1062
777
1007
612
31999
1011675
954
1063
741
1020
1105231
1697
666
994
1039
600
1037483
1330
660
865
1744
1149
30907
998740
778
1035
1023
622
34937
1049488
1422
817
614
1024
33666
1004105
1392
1097
626
565
37238
1022039
1213
784
1024
632
35003
9443
1059902
788
1063
626
35528
1054838
1758
1087
782
982
32008
1013109
1166
1045
936
1017
1094880
1063
777
1048
629
1025
1052801
1279
786
1027
622
1280
32550
1012438
1219
1218
901
930
1084966
1241
936
989
622
1441
34702
1015950
1270
934
715
762
1042730
962
1086
739
996
600
31529
1017044
1289
773
1011
919
1034877
1673
826
1415
613
980
1036588
1526
1216
658
700
1019
1050563
1675
956
1037
628
990
32710
1013093
1301
667
678
899
34074
8904
1005473
1230
629
986
36810
1004392
804
735
909
905
36687
11373
1002300
762
1039
597
1032598
821
1069
624
1036
746
34350
999720
1186
1091
633
1194
1050103
1275
779
1037
997
621
1031782
1412
657
994
749
993
35039
1046197
1301
1084
911
589
35353
1005090
1405
797
620
1046
35366
1010381
1230
1098
627
581
32951
1042046
1059
743
1048
623
37072
8344
1015474
917
1062
611
35860
1000269
Xput: 5667
