41199254.285714
27126970.000000
26750348.571429
27584160.000000
26659888.571429
27648424.285714
27145095.714286
27847951.428571
27400867.142857
27195903.809524
28354197.142857
28829987.619048
26556159.523810
27317905.714286
29419122.380952
29874021.904762
28618012.380952
29293288.095238
27698033.809524
27974903.809524
28045156.190476
28431983.809524
28511274.761905
28521087.142857
27840375.238095
28939425.714286
28215931.428571
28631884.761905
27582376.666667
29218323.333333
27772213.809524
30042464.761905
27292042.857143
27814933.333333
28407575.714286
29539294.761905
27953564.285714
28285455.238095
29142808.571429
29518750.000000
27894550.000000
27962088.571429
27659565.714286
27548019.047619
27434152.857143
29260272.857143
28309713.333333
28028541.904762
29020122.857143
28055270.000000
28167673.809524
28797354.285714
28435573.333333
28468588.571429
28289514.761905
27782681.428571
28282916.190476
29044478.095238
29747140.952381
30094971.904762
30496750.952381
27596453.333333
30490163.809524
27492294.285714
29155419.047619
28027621.428571
29511412.380952
28300857.619048
29120484.761905
30830133.809524
28705018.571429
27273778.095238
28555335.238095
27256286.666667
28276017.619048
27139999.523810
27966094.285714
27969162.857143
28385928.571429
28258870.952381
30865524.285714
30131825.714286
29214887.619048
29773364.761905
29499643.809524
28773240.000000
30935710.476190
28943538.095238
28501101.904762
27691071.428571
28274104.761905
29792628.571429
27994848.571429
29131037.142857
28605399.047619
28431543.809524
28024479.047619
28105553.333333
29973227.619048
27891576.190476
28070711.428571
29055815.238095
29436541.904762
28090152.380952
28303833.333333
28677924.761905
27467838.095238
28142436.190476
28967659.047619
29153820.952381
28297960.952381
27421654.285714
27947756.190476
28236054.285714
28461710.476190
28597986.666667
28440280.000000
27514745.238095
29968618.571429
29108760.000000
28145640.952381
28333040.000000
29917579.047619
28007024.761905
30365096.190476
27854224.761905
28475393.333333
27411360.000000
28571631.428571
28540592.380952
28523243.809524
28336640.000000
29021434.285714
29784148.571429
27944119.047619
28032493.333333
27828929.523810
29234231.428571
28290265.714286
28584278.095238
28215391.428571
28500302.857143
27789440.000000
27773663.809524
28088209.523810
28333787.619048
28128700.000000
28069493.333333
29515650.476190
27420801.904762
28125981.904762
29634079.047619
27461071.428571
29266506.666667
28109490.476190
31006213.333333
29588854.285714
28164934.285714
31588374.285714
29394495.238095
31611544.761905
30718485.714286
28591884.761905
29089670.476190
28579540.000000
28367858.095238
29071041.904762
27250835.238095
29782781.904762
28324408.571429
28124165.714286
27878852.380952
28416728.571429
27652698.095238
27642577.142857
28152964.761905
29928218.095238
28288693.333333
28116644.761905
28087388.571429
28041397.142857
28381134.285714
27954228.571429
28505204.761905
28085252.380952
28091627.619048
28136706.666667
28218848.571429
28116757.142857
28274749.523810
28434299.047619
28511752.380952
27261560.000000
30717340.952381
27444603.809524
28198141.904762
28609026.666667
27834691.428571
27931384.761905
28148060.000000
27899252.380952
29500212.380952
28258143.809524
27871892.380952
27576456.190476
28078385.714286
28087056.190476
28041244.761905
28443089.523810
28917310.476190
30693673.333333
27543241.904762
27648615.238095
28204245.714286
28970224.761905
28171580.000000
28188904.761905
28182016.190476
28277634.285714
28106690.476190
28160130.476190
28087300.952381
28228064.285714
27783683.333333
27734938.095238
27786713.333333
28958357.142857
27810483.809524
28834450.476190
28379017.142857
29247211.428571
28324469.523810
28358780.000000
30747640.952381
30405995.238095
30650237.142857
27841727.619048
28465902.857143
28595380.952381
27574496.190476
28173395.238095
29305300.952381
27712144.761905
27898377.142857
27912668.571429
28006500.000000
28135792.380952
29583353.333333
30685586.666667
27411470.476190
28109120.000000
29781136.190476
29319642.857143
27924568.571429
28044741.904762
29256320.952381
30562948.571429
27588774.285714
28928751.428571
29826381.904762
38182475.238095
34179185.714286
32544864.285714
30904599.523810
29284539.523810
30537865.714286
30668089.523810
28830512.380952
30254150.952381
29081232.380952
29674701.904762
27935965.714286
29973611.428571
30160188.571429
28414237.142857
28642186.666667
28188589.523810
28148066.666667
28258055.714286
28282546.190476
30249711.428571
28023860.952381
28432402.857143
28237880.952381
29026265.714286
29010535.714286
29746449.523810
28557867.619048
27527189.047619
27567532.857143
28236614.285714
28123102.857143
27093364.285714
28307811.428571
26529201.428571
27158522.857143
29272602.380952
28071595.714286
27677180.000000
29509717.142857
29376128.571429
27341915.714286
27573007.142857
29967672.380952
28969427.619048
29956498.095238
28296068.571429
31270086.666667
27950945.714286
29700927.619048
28627013.333333
29654576.190476
28452433.333333
29050059.047619
28747211.428571
29201710.476190
28930070.476190
29260447.619048
28385304.761905
29006733.333333
28322069.523810
28524262.857143
28411068.571429
28951301.904762
29017293.333333
28196100.952381
29564432.380952
26938226.666667
30882433.333333
27887544.761905
30921290.000000
29175166.190476
27389321.904762
28022330.952381
26992878.571429
28239857.142857
30641563.809524
28808424.761905
30925390.476190
28248359.047619
28075216.190476
29055435.238095
30676681.904762
27399966.666667
28975962.857143
28872197.142857
27646581.428571
28813757.619048
28973478.095238
29780692.380952
30561158.095238
28134144.761905
30991162.857143
29932341.904762
28482051.428571
27555329.523810
28677784.761905
28562347.619048
29351079.047619
27340409.523810
28701648.571429
28179784.761905
28911660.952381
30320938.095238
28497618.571429
27739557.142857
30780312.380952
30711483.809524
28232795.238095
29098795.238095
29372821.904762
29018494.285714
28723401.904762
29056774.285714
28538632.380952
28372634.285714
27577731.428571
29210635.238095
28948284.761905
28797976.190476
28144041.904762
30987149.523810
28212127.619048
29443473.333333
30698685.714286
28694588.095238
28901783.333333
31059277.142857
28131985.714286
28875829.523810
28044281.904762
27815707.619048
30917954.285714
29682509.523810
28195465.714286
28196118.095238
28419118.095238
30540482.857143
28083433.333333
30762038.095238
28201480.952381
29744905.714286
29245724.761905
28074781.904762
28348964.761905
29570900.952381
27117409.523810
28372444.761905
28514041.428571
27721612.857143
27921157.142857
27776917.142857
29123540.952381
28127680.476190
30714821.428571
30431460.952381
27941055.238095
28171404.761905
29831481.904762
29117528.571429
26612148.571429
26799029.523810
27228702.857143
28622171.428571
29165125.714286
28076914.285714
28073587.619048
28267952.380952
29104276.190476
27851132.380952
30785364.761905
27476332.380952
30649496.190476
31007119.047619
27661146.666667
29104014.285714
27721923.809524
28838149.523810
28133870.476190
29217699.047619
28500340.000000
29822047.619048
29043964.761905
28737909.523810
29601773.333333
30292811.428571
30191940.952381
31444785.714286
28945398.095238
29252702.857143
28922935.238095
28306489.523810
29341373.333333
28080704.761905
29399196.190476
29041027.619048
28184700.000000
28924347.619048
28188871.428571
27799054.761905
28035374.761905
29012345.714286
29169814.285714
29532780.952381
31223056.190476
29131186.666667
28610810.476190
29104221.904762
28849621.904762
28476283.809524
29073707.619048
29089418.095238
27367182.857143
28986050.476190
27970430.476190
27051957.142857
27540556.190476
28215481.428571
27992851.904762
28914503.333333
30167578.571429
27762943.809524
28291966.190476
28389918.571429
27593103.809524
28846880.952381
28376844.761905
28317127.619048
30458738.095238
28177116.190476
31032557.142857
27313447.619048
27828081.904762
28153599.047619
27990707.619048
28511374.285714
27992900.952381
28127437.142857
29897768.571429
28396725.238095
27584210.952381
27660245.714286
28020094.285714
29205427.619048
28252743.809524
29532590.476190
28076089.523810
28025091.428571
28248400.952381
29056743.809524
27220750.476190
30207439.047619
29459048.571429
28970554.285714
28221125.714286
28149074.285714
28429064.761905
30026382.857143
27237735.238095
28971358.095238
27798915.238095
27792487.619048
28244100.000000
27344715.238095
27816172.380952
27772200.952381
26796456.190476
29006893.333333
29539511.428571
27885172.380952
28390939.523810
28236601.428571
30780149.047619
28020016.666667
27896106.666667
27263073.333333
27981910.476190
28132205.238095
28554314.285714
27945949.047619
29700501.904762
28654485.714286
28091339.523810
28412737.619048
29072203.809524
28492645.714286
27938462.857143
27724035.714286
27621457.619048
30530993.333333
27992568.571429
28557895.238095
28040156.190476
28102392.380952
27822405.714286
28389453.333333
28201849.047619
28908839.523810
28000553.333333
27945535.238095
28891504.761905
28166635.238095
29446729.523810
29664814.285714
28196939.047619
27923867.619048
28220134.285714
27628359.047619
30781060.952381
28044431.428571
29420185.714286
28358123.809524
28703008.571429
28330507.619048
27486078.095238
28055027.619048
28000825.714286
28205256.190476
28223286.666667
28243243.809524
29492374.285714
27532635.238095
28072754.285714
29265364.761905
29733285.714286
28229037.142857
27771695.238095
29114349.523810
27341611.428571
28638906.666667
29907848.571429
27657352.380952
27977725.714286
28024775.238095
29600133.333333
28284752.380952
27643178.095238
27418686.666667
28013142.857143
28781242.857143
28151449.523810
28218043.809524
28361119.047619
28343164.761905
28250098.095238
29574565.714286
27446639.047619
27900663.809524
28418114.285714
28591786.666667
28407212.380952
27772384.761905
27757561.904762
28079670.476190
29157560.952381
29136500.000000
27688583.809524
28064598.095238
28388317.142857
28833138.095238
28693504.761905
28038302.857143
27051290.000000
27388032.857143
29197069.523810
27997205.714286
27929200.000000
28302480.952381
27974056.190476
30611905.714286
27849390.476190
29988926.666667
27958335.238095
28628271.428571
28066149.523810
27480862.857143
28812863.809524
28905139.047619
27585287.619048
29055128.571429
27363215.238095
27208692.380952
29341161.904762
27981402.857143
28647784.761905
28123155.238095
28081188.571429
27813947.619048
28481968.571429
28251907.619048
28034490.476190
27738199.047619
29966914.285714
27724855.238095
28109351.428571
28052866.666667
27349595.238095
27750703.809524
28488291.428571
27505109.523810
28199448.571429
27506257.142857
29008290.476190
28115672.380952
28869538.095238
28568768.571429
28630318.095238
29661061.904762
27918344.761905
27749167.619048
27641658.095238
27711837.142857
27674211.428571
28158372.380952
27791128.571429
26462634.285714
27831474.285714
25853530.952381
26925093.809524
28394295.714286
26098855.714286
26376765.714286
25533941.428571
26719365.714286
26578880.000000
25695924.285714
26474383.809524
28073191.428571
28024251.428571
28268120.952381
28287696.190476
30904996.190476
28813933.333333
28737780.952381
28314021.904762
28272426.666667
27573063.809524
28126323.809524
27637412.380952
28079556.190476
28392614.285714
27896935.238095
28851325.714286
27448921.904762
28782580.000000
28877160.952381
29257921.904762
28187360.000000
29057794.285714
30015751.428571
28359168.571429
27623895.238095
30615972.380952
30274344.761905
27356753.333333
28756274.285714
29778587.619048
30657689.523810
27897816.190476
29851432.380952
27793631.428571
30594801.904762
27404194.285714
28145506.666667
27798184.761905
29044558.095238
29940880.000000
30623271.428571
28096979.047619
27921520.952381
27551030.476190
29242960.952381
30284874.285714
27393306.666667
28750106.666667
27758806.666667
27813674.285714
28503303.333333
27630486.190476
29148881.904762
28966392.380952
28011198.095238
28585903.333333
30038727.142857
29857431.428571
27832744.761905
29851766.666667
28223446.190476
29019820.476190
29076984.761905
30140772.380952
29431388.571429
30271670.000000
29307971.904762
27878035.238095
28904729.523810
28274542.857143
27467511.904762
28205407.142857
28362488.571429
27613184.761905
29346302.857143
26983541.428571
29952104.285714
27620529.523810
28309107.619048
28019540.952381
27493590.000000
27854350.000000
30292489.523810
29015652.380952
29221370.476190
27661314.761905
27397417.619048
28338333.333333
29275207.619048
28082990.476190
28988988.095238
27665277.619048
28217166.666667
27827556.190476
28299466.666667
28206051.904762
30433685.238095
27444076.190476
29883463.333333
29098465.238095
27200347.142857
29271819.523810
29668132.380952
27679727.619048
28875080.952381
28176790.952381
28383456.666667
28669473.333333
28194280.952381
28693238.095238
27970571.904762
27679210.000000
28413926.666667
28469357.142857
28981829.523810
27464591.904762
29008710.000000
28385657.142857
29752146.666667
28273370.476190
28127921.428571
28689238.571429
28223409.523810
29460040.000000
29652429.523810
26964743.333333
29392714.761905
28286195.238095
27926856.190476
28270517.142857
27999618.571429
29776262.380952
27485223.809524
28857752.380952
30550472.380952
28008971.904762
29450256.666667
28731286.666667
28770606.666667
27760802.857143
28963500.476190
29168660.476190
28446761.904762
28510753.333333
28228635.238095
27606358.571429
28959021.428571
27459562.857143
27836057.142857
27472560.000000
28111912.857143
27329700.476190
29506483.809524
28125759.047619
29653870.476190
28033070.476190
28081440.952381
27987805.714286
27723950.476190
30030632.380952
28250527.619048
28104930.476190
28194145.714286
28235817.142857
28871625.714286
27551311.428571
27509439.047619
30627739.047619
31445221.904762
32029393.333333
28996157.142857
31158284.761905
29420474.285714
28608085.714286
29612418.095238
28224520.952381
28423128.571429
29405138.095238
30642637.142857
29456407.619048
27608499.047619
28020785.714286
28053745.714286
28600754.285714
30429575.238095
28703054.285714
27319914.285714
30137845.714286
29246121.904762
27359278.095238
27586373.333333
27518819.047619
29051888.571429
28057292.380952
30460100.952381
27948788.571429
27694195.238095
28158550.476190
27859436.190476
29340064.761905
29143787.619048
28886680.000000
27305313.333333
28925102.857143
27755174.285714
30659779.047619
28252675.238095
30763372.380952
27853558.095238
27636920.000000
28722852.380952
27355192.380952
27376475.238095
28303046.666667
28152406.666667
28222102.857143
27657489.523810
30851210.476190
28920980.952381
27667349.523810
28750166.666667
27704418.095238
27244837.142857
27841305.714286
28731180.952381
28297631.428571
27759688.571429
27505620.000000
29026738.095238
27528848.571429
28829451.428571
27640471.428571
28739070.476190
28958194.285714
27991239.047619
28940043.809524
27568541.904762
28057102.857143
27241235.238095
28723311.428571
27670552.380952
28217481.904762
27669064.761905
29367185.714286
27373609.523810
28660997.142857
27812280.952381
29689200.000000
27285371.428571
28731281.904762
27457368.571429
27555647.619048
28104928.571429
27586240.952381
28893960.000000
29571320.000000
27962427.619048
28358470.476190
28671529.523810
27565400.952381
28728884.761905
26908041.904762
28115957.142857
27471890.476190
27490546.666667
30439646.666667
30223141.904762
27468893.333333
28102954.285714
28174710.476190
27658292.380952
27736110.476190
27891905.714286
27858048.571429
28105955.238095
