21070101.428571
22207640.000000
20728941.904762
21055447.142857
19947794.285714
19679245.714286
22660200.000000
20171334.285714
20705190.000000
20385062.857143
20570825.714286
20224150.476190
22666787.142857
22172695.714286
22766250.000000
21750699.047619
22291103.809524
21796782.857143
22345603.809524
21722674.285714
21919712.380952
21968188.095238
21522601.904762
21919883.809524
22138345.238095
21818811.428571
21934218.571429
21818784.761905
21688788.571429
22269929.523810
22197580.476190
22141967.619048
21297523.809524
21297883.809524
21721369.523810
21891257.142857
21894375.238095
21432651.428571
21490836.190476
21625598.095238
21151392.380952
22031537.142857
21642419.047619
21940297.142857
21498769.523810
21522240.000000
21321411.428571
21462546.666667
21981195.238095
21929464.761905
20791356.190476
21500072.857143
21182955.714286
20913539.047619
21385742.857143
21635261.904762
21539465.238095
21536973.333333
21001735.238095
21491275.238095
21283232.857143
21479638.571429
20877520.000000
21104863.333333
21433323.809524
20596723.809524
20874030.476190
21100012.380952
21236586.666667
21180774.761905
21119007.619048
20884307.142857
21813428.095238
20633354.285714
20794100.952381
21618476.190476
22029571.904762
21819244.761905
21467908.571429
21485796.190476
21397651.428571
22015839.523810
21455609.523810
22212001.904762
21764942.857143
21608666.666667
21553274.285714
21481596.190476
21708809.523810
21444430.476190
21413537.142857
21459790.476190
21546843.809524
21629491.428571
21855240.000000
21762342.857143
22323998.095238
21760798.095238
22210931.428571
22173596.190476
20999497.142857
21186030.952381
20992601.904762
21316753.809524
20924005.714286
21104190.476190
21428950.000000
21579601.904762
21429019.523810
20786375.238095
22720797.142857
23659070.476190
22034422.857143
21573335.714286
22870467.619048
21472166.666667
21249624.285714
21456166.190476
21535360.000000
22220495.714286
24050600.476190
22497977.142857
23799114.761905
21365394.285714
21776591.904762
22591654.761905
23199942.857143
23346889.047619
21797880.000000
21947634.285714
22476385.238095
22679651.904762
21469780.952381
22908647.619048
22282718.095238
23553666.666667
22143287.142857
22784189.047619
22808756.190476
21995532.380952
22016443.809524
22558891.904762
22604464.761905
21662628.571429
21951932.380952
22041109.047619
21527247.619048
22021367.619048
21449546.666667
22063965.714286
20926346.666667
20924464.761905
20929542.857143
20891672.380952
20848438.095238
21419962.380952
20804988.571429
20783363.809524
20813716.190476
20819160.000000
20839535.238095
21216417.142857
21121689.523810
21539904.761905
22068741.904762
20664304.761905
20845902.857143
21909241.904762
20984973.333333
21430009.523810
21348420.952381
20746131.428571
21390459.047619
20742540.952381
20914116.190476
21571491.428571
21407699.047619
22162772.380952
21607091.428571
21395716.190476
21609310.476190
21400819.047619
21381081.904762
21422851.428571
21700830.476190
21457000.000000
21610190.476190
22550981.428571
21580219.047619
22254405.714286
21889156.190476
22058081.904762
21528184.761905
22203740.952381
21360049.523810
22890161.904762
24299729.523810
22252220.476190
22449928.095238
22005542.857143
21779367.619048
22224081.428571
21480161.904762
21641704.761905
21422520.000000
21626488.095238
21695054.761905
21901245.714286
21501948.571429
21785540.952381
21403142.857143
22175506.666667
22008771.428571
21906115.238095
21869847.619048
21327152.380952
21985468.571429
21838156.666667
21478556.190476
21749557.142857
21794900.952381
21632548.571429
22672554.285714
20901200.000000
21182289.523810
22412183.333333
22258929.523810
21822190.476190
21781354.285714
21957843.809524
22283533.809524
21800542.857143
21615904.761905
22413413.333333
22321626.190476
22023899.523810
21750371.428571
21851449.523810
21911798.095238
21725426.666667
22017232.380952
22218629.047619
22111060.952381
22327912.857143
22527977.142857
22131974.285714
22037426.666667
22297426.666667
22175148.571429
22361670.952381
21593792.380952
21128451.428571
21321386.666667
21826459.047619
21178283.809524
21128878.095238
21134737.142857
21278057.142857
21394761.904762
21323645.714286
21844279.047619
21777597.142857
21789518.095238
21980036.190476
22042653.333333
21522893.333333
21615641.904762
21904756.666667
21370979.047619
21422624.761905
21868405.714286
21057735.238095
22260788.095238
21545510.000000
21255718.095238
21647316.190476
22082550.952381
22442078.095238
22509518.095238
22024718.095238
22463165.238095
22540607.619048
22218013.333333
22330106.666667
21892373.333333
22387917.142857
22251009.523810
21915460.952381
22435235.238095
22369156.190476
21863238.095238
21756346.666667
22385603.809524
22367608.095238
21884367.619048
21767586.666667
21677003.809524
22266932.380952
22097711.904762
22313014.761905
21475036.190476
21385567.619048
21922140.476190
21589619.047619
21210940.952381
21464913.809524
21799653.333333
21657908.571429
21865001.904762
21748891.428571
22238895.238095
21898150.476190
22187150.476190
22151695.238095
21673940.952381
21736476.190476
21657560.000000
21824297.142857
22461428.571429
21697266.666667
21777016.190476
21810617.619048
21515210.476190
21277365.714286
21018196.190476
21520058.095238
21100260.952381
21039139.047619
21145276.190476
21852864.761905
21476119.523810
21661510.476190
21041678.095238
21641580.952381
21719972.857143
22436020.952381
22395053.333333
22196708.571429
21901803.809524
22657756.190476
22642219.047619
21812885.714286
22249392.380952
22477732.857143
22171267.619048
22258451.428571
22548143.333333
21703182.857143
22383619.047619
22351330.476190
22485704.761905
22653249.523810
22462992.380952
22403009.523810
21862340.952381
22466476.190476
22435247.619048
22511374.761905
22191401.904762
22533304.761905
21937324.761905
21834436.190476
22821531.428571
21624218.095238
21611768.095238
21954445.714286
21492310.476190
21362634.285714
21944028.571429
22086841.904762
21298257.142857
21770546.666667
21367373.333333
21277977.142857
25655289.523810
23796508.571429
23831091.428571
22924683.809524
22522278.095238
22686606.190476
22026525.714286
22364027.619048
21858643.809524
21715232.380952
22322529.523810
22628208.095238
22710030.476190
22982410.952381
22715775.238095
22501089.523810
22251262.857143
22821500.952381
22654454.761905
22164481.904762
22378236.190476
22801548.571429
22164013.333333
22119078.095238
22255659.047619
22073657.142857
22030120.000000
22563371.428571
22272937.142857
22716495.238095
22358815.714286
22314889.523810
22212979.047619
22755360.000000
22620874.285714
22294940.952381
21548563.809524
21816456.666667
21953365.714286
21331885.714286
21475415.238095
21383702.857143
21540588.571429
21574316.190476
21843064.285714
22080060.952381
21404161.904762
21973426.666667
21880285.714286
22215872.380952
21339000.000000
21261283.809524
21382379.047619
21352521.904762
21343249.523810
21431171.428571
21393742.857143
23041525.714286
21374099.047619
21480140.952381
21374175.238095
21950163.809524
22521951.428571
21862708.571429
21958287.619048
22004182.857143
21950975.238095
23183418.095238
22605231.904762
22038342.857143
22504737.142857
21865750.476190
21931184.761905
22035264.761905
21938817.142857
22421436.666667
21925870.476190
22342972.380952
21942975.238095
22501646.190476
22525006.190476
21901268.571429
21841899.047619
22436382.857143
21796420.952381
21789851.428571
22021707.619048
21601567.619048
22498970.476190
21263645.714286
21911211.904762
21316438.095238
21263868.571429
21603021.904762
22006668.571429
21835927.619048
21819500.000000
21819868.571429
21667240.952381
21749659.047619
22089536.190476
21901604.761905
21887783.333333
21922521.904762
21758840.000000
21939105.238095
21334826.666667
21858276.666667
22036607.619048
21334567.619048
21863595.714286
22294383.333333
22344820.476190
22010291.428571
22335338.095238
26026567.142857
22629802.380952
22351690.952381
22589933.333333
22248269.047619
25179578.571429
22164613.333333
22599039.523810
22141899.047619
22748896.666667
22503660.000000
22312357.619048
21973660.952381
22484177.142857
22344049.523810
22544656.190476
22660406.666667
22436533.809524
22396841.904762
22207994.285714
22480002.857143
22209163.333333
21923288.095238
22097830.476190
21762441.428571
21715597.142857
21954145.714286
21948644.761905
21355939.047619
21948338.571429
22583810.476190
21810020.000000
21777832.380952
21312729.523810
21186558.095238
21234401.904762
21434299.047619
21963775.714286
21549812.857143
21579333.809524
21221219.047619
21396371.428571
21766439.523810
21685460.000000
21162516.190476
21805641.904762
22044255.238095
21915771.428571
22413236.666667
21912327.619048
22330066.190476
21920672.380952
21949340.952381
22316390.952381
22350100.952381
21882280.000000
22622193.333333
22545383.333333
22294809.047619
21835432.380952
22403915.238095
22004893.333333
22041287.619048
21758104.761905
21851078.095238
21978281.904762
21983481.904762
22764040.952381
21904036.190476
22502080.952381
22028459.047619
21377510.476190
21257297.142857
22017620.000000
21653777.142857
21223737.142857
21482186.666667
21788476.190476
21694705.238095
21293998.095238
21947032.380952
21306245.714286
22008651.904762
21209011.428571
21297097.142857
21348188.571429
21286674.285714
21386158.095238
21884779.523810
21660615.238095
21349030.476190
21128137.142857
21819411.428571
21217150.476190
21200081.904762
21916197.619048
21970458.095238
22206817.142857
22523680.476190
21979811.428571
21951809.523810
22541068.571429
22483763.333333
22041906.666667
22022186.666667
22063110.476190
22207109.523810
21859746.666667
22626034.285714
22289465.238095
21960255.238095
22070845.714286
22597240.476190
22041192.380952
22017483.809524
22500012.857143
22404276.666667
22658901.904762
22192024.761905
22585384.761905
21940944.761905
21860693.809524
21148179.047619
22071769.523810
21543121.428571
21186537.142857
21200887.619048
22549179.047619
21267923.809524
21165895.238095
22043847.142857
21746738.095238
21770953.333333
21641627.619048
21287914.285714
21572920.000000
21082880.000000
21198072.380952
21742695.238095
21174720.000000
21197441.904762
21466342.857143
21931421.904762
21166740.952381
21656340.476190
21703677.142857
21756706.666667
21844994.285714
22036557.142857
22424534.761905
22409531.428571
21813245.714286
22345951.904762
21921236.190476
22076415.238095
22652766.666667
21924354.285714
21978333.333333
22459550.476190
22496531.904762
21968708.571429
21876276.190476
21908704.761905
22321113.333333
22154583.809524
22451081.904762
22349292.380952
21987022.857143
22298394.761905
22155584.761905
22027139.047619
21626702.857143
21366958.095238
21924396.190476
21384373.333333
21396390.476190
21387007.619048
21550344.761905
21418961.904762
21403259.047619
22005285.714286
21329817.142857
21407838.095238
21297129.523810
21379329.523810
21262632.380952
21278980.952381
21349205.714286
21349765.714286
21276790.476190
21352958.095238
21309097.142857
21304857.142857
21341251.428571
21324893.333333
21240184.761905
21839499.047619
21872796.190476
22366348.571429
21861942.857143
21995601.904762
21865967.619048
21975596.190476
21934537.142857
21944560.000000
21933582.857143
21936051.428571
22101337.142857
22221175.238095
22056607.619048
22528832.857143
22043590.476190
21850746.666667
21919346.666667
21839649.523810
22008196.190476
21894605.714286
22057365.714286
22024988.571429
21928558.095238
22537003.809524
22438451.428571
22173081.904762
22591605.714286
26450349.047619
19157910.000000
19808642.857143
20271809.523810
22511291.428571
21244341.428571
21259191.428571
20722870.000000
20242183.333333
19907210.476190
19701930.000000
19704033.809524
19368425.714286
20364638.571429
19836015.238095
22698363.809524
21693308.571429
21970017.142857
21896693.333333
21865939.047619
21815100.952381
22756380.952381
21647676.190476
22610739.047619
21998736.190476
21873478.095238
22537636.190476
22391230.476190
22590961.904762
22340923.809524
22648007.619048
22652291.428571
22577005.714286
22458339.047619
22318161.904762
22321967.619048
22220514.285714
22242371.428571
22402535.238095
22264712.380952
22290070.476190
22293198.095238
22300394.285714
22322874.285714
22415120.000000
22541323.809524
22458647.619048
22422051.428571
22356641.904762
22371885.714286
22382080.000000
21879438.095238
21894116.190476
21901049.523810
21948811.428571
21818205.714286
21823352.380952
21750961.904762
21846750.476190
21792630.476190
21724350.476190
21762662.857143
21788916.190476
21682354.285714
21642672.380952
22360628.571429
21322474.285714
21618925.714286
21656967.619048
21528672.380952
21574672.380952
22321685.714286
21391868.571429
22233697.142857
21164331.428571
21658264.761905
22271540.952381
22082824.761905
22301171.428571
22189554.285714
22256508.571429
22108173.333333
22205763.809524
22233299.047619
22202140.952381
22118396.190476
22057102.857143
22012485.714286
22185041.904762
22309142.857143
22198807.619048
22164375.238095
22005127.619048
22121312.380952
22216209.523810
22313815.238095
22254685.714286
22396323.809524
22325038.095238
22152464.761905
22191180.952381
21720864.761905
21698205.714286
21625647.619048
21688392.380952
21555209.523810
21570089.523810
21614255.238095
21683668.571429
21793337.142857
22144298.571429
21680681.904762
21816575.238095
21641584.761905
21582737.142857
22410624.761905
21363826.666667
21792721.904762
21686514.285714
21647927.619048
21725262.857143
22375897.142857
21374605.714286
22393196.190476
21390944.761905
21643565.714286
22180148.571429
22221740.952381
22404384.761905
22445466.666667
22578312.380952
22428247.619048
22298735.238095
22329121.904762
22555186.666667
22306259.047619
22355344.761905
22411704.761905
22297118.095238
22333154.285714
22346295.238095
22377567.619048
22269946.666667
22373937.142857
22258504.761905
22374447.619048
22129847.619048
22297826.666667
22435019.047619
22352961.904762
22503340.952381
21862281.904762
21875561.904762
21800967.619048
21873188.571429
21688121.904762
21605424.761905
21781489.523810
22366314.285714
21702420.952381
21738268.571429
21682194.285714
21426251.428571
21489600.000000
21528367.619048
22145148.571429
21413628.571429
21616937.142857
21632047.619048
21579270.476190
21542072.380952
22477400.000000
21350104.761905
22251215.238095
21754540.952381
21675217.142857
22161188.571429
22089843.809524
22214826.666667
22159916.190476
22755072.380952
22321371.428571
22419020.952381
22260965.714286
22283800.000000
22327226.666667
22313965.714286
22231862.857143
22971796.190476
22295068.571429
22296300.952381
22480607.619048
22428624.761905
22450361.904762
22262238.095238
22380948.571429
22333100.952381
22368695.238095
22450434.285714
22363988.571429
22924942.380952
21912601.904762
21748407.619048
21722140.952381
21847878.095238
21694672.380952
21628870.476190
21656773.333333
22118276.190476
21688165.714286
21694087.619048
21795459.047619
21820862.857143
21812356.190476
21720963.809524
22235895.238095
21347207.619048
21657605.714286
21598853.333333
21540596.190476
21574165.714286
22214558.095238
21366114.285714
22103449.523810
21102980.952381
21392339.047619
22047870.476190
27048386.666667
22286230.476190
22168729.523810
22212186.666667
22071584.761905
22341102.857143
22125040.000000
22294695.238095
22187175.238095
22582216.190476
22300260.952381
22195175.238095
22193929.523810
22187325.714286
22076731.428571
22289868.571429
22344379.047619
22224592.380952
22380697.142857
22244460.952381
22327015.238095
22099137.142857
22260125.714286
22235617.142857
21599062.857143
21693761.904762
21651960.000000
21665015.238095
21505544.761905
21483961.904762
21715885.714286
21737708.571429
21669118.095238
21626407.619048
21711354.285714
21562939.047619
21640529.523810
21607302.857143
22101038.095238
21338645.714286
21530782.857143
21456708.571429
21594596.190476
21559975.238095
22026034.285714
21336028.571429
22162636.190476
21320388.571429
21374038.095238
22108632.380952
22190527.619048
22191558.095238
22083236.190476
22076580.952381
22040963.809524
22144043.809524
22134777.142857
22167163.809524
22109973.333333
21977826.666667
21995121.904762
22008512.380952
22248946.666667
22027007.619048
22094710.476190
22138337.142857
22233813.333333
22177927.619048
22153834.285714
21974480.000000
22001409.523810
22126535.238095
22139097.142857
21994864.761905
21549179.047619
21640041.904762
21552354.285714
21741133.333333
21447158.095238
21529535.238095
21441363.809524
