29811578.571429
27211567.619048
25554008.571429
26818111.428571
22834464.285714
22573284.285714
21606533.333333
23140565.714286
21975618.571429
21660540.952381
21483011.428571
22615082.857143
21667393.333333
23002044.761905
23933378.095238
23181028.571429
23489265.238095
25625464.761905
25399704.761905
25548310.476190
25872788.571429
24671339.047619
24659737.142857
24879047.619048
24606051.428571
24002960.476190
23966737.619048
23612607.619048
23591223.809524
24381880.000000
24972961.904762
24995123.809524
25040963.809524
24677422.857143
24089409.047619
23863969.523810
23794047.619048
23828280.000000
24360746.666667
24471644.285714
23879815.238095
24228420.952381
25218388.571429
24987099.047619
25460780.952381
25553504.761905
24360712.380952
24046333.333333
24110405.714286
24323822.857143
24782123.333333
24662207.619048
23997935.238095
23996967.619048
24639971.428571
24412344.761905
24553028.571429
24559866.666667
24193939.047619
24327600.000000
24434207.142857
24641660.952381
24475047.619048
24308594.285714
24578934.285714
24313582.857143
24066339.047619
25102349.523810
24593156.190476
24591443.809524
24747318.571429
24482386.190476
24196264.761905
24284845.714286
24667582.857143
24518201.904762
24356478.095238
24004198.095238
24407656.190476
24298723.809524
24363518.095238
24875045.714286
24780417.142857
24614445.714286
25292470.476190
25137655.238095
24934232.380952
24937116.190476
24612594.285714
24593592.380952
24743131.428571
24637331.428571
25188107.619048
24695403.809524
25479625.714286
24710078.095238
24956962.857143
25020737.142857
24761361.904762
24853712.380952
24720681.904762
24555529.523810
24445308.571429
24358918.095238
24353015.238095
24351506.666667
24449342.857143
24718680.000000
24409619.047619
24794542.857143
24729523.809524
25207453.333333
24934664.761905
24551163.809524
24709022.857143
24188074.285714
24307270.476190
24571748.571429
24617518.095238
25143476.666667
24972825.238095
25128165.714286
24790565.714286
24775603.809524
25883853.809524
25016849.523810
24835641.904762
24424992.380952
24697556.190476
24774567.619048
24754344.761905
25030366.666667
24846958.095238
24567491.904762
24694954.285714
24982520.476190
24603933.333333
25158709.047619
24674735.238095
24951862.857143
24723672.380952
24880344.761905
24740315.714286
24810674.285714
25381733.809524
24999238.095238
25166003.333333
24990106.666667
25017632.380952
25119716.190476
25026979.047619
25526079.047619
24861712.380952
24964055.238095
25326189.047619
25328820.476190
25203953.809524
25190575.238095
24723520.000000
25359596.190476
25272619.523810
24911560.000000
25439096.190476
24796316.190476
24690788.571429
24928902.857143
24571342.857143
24733154.285714
24653666.666667
25161350.952381
24600356.190476
24636809.523810
24590003.809524
24483249.523810
24916969.523810
24669521.904762
24507198.095238
24452335.238095
24543584.761905
25185324.285714
29685794.761905
27822416.190476
27083675.714286
27043401.904762
26918690.476190
26295880.000000
26502737.142857
26703523.809524
26134910.476190
25918577.142857
25912899.047619
26038331.428571
26577630.476190
26547457.142857
26669582.857143
26463254.285714
26047723.809524
26066211.428571
25881300.952381
26448202.380952
25763655.238095
26284045.714286
25901127.619048
26021499.047619
26589247.142857
26354828.571429
26496034.285714
26582600.000000
26070691.428571
26275055.238095
26175137.142857
26511846.666667
26108662.857143
25968081.904762
25807283.809524
25464681.904762
25927575.714286
26223460.952381
26272956.190476
26292500.952381
26121047.619048
25957390.476190
25871230.476190
26015310.476190
26456862.857143
26065864.761905
26314441.904762
26023363.333333
25923382.857143
26808727.619048
26320045.714286
26550251.428571
26606365.714286
25754116.190476
25967457.142857
26135495.238095
25992346.666667
26326476.666667
26226360.476190
26153129.523810
20700112.857143
21395843.809524
22379320.000000
22884230.476190
21790677.142857
21939105.714286
21915475.714286
22470375.238095
21814921.428571
21405271.428571
22822234.761905
21452455.714286
22862151.428571
21917977.142857
22789362.857143
22354242.857143
21898240.000000
21046808.571429
21386839.047619
21838091.428571
22646572.857143
21832635.714286
22319610.476190
20718562.857143
25404845.714286
27658505.714286
24162314.285714
22425408.571429
22443325.714286
21641640.000000
21979181.428571
22193830.000000
23580731.428571
23814230.000000
22606240.000000
22510417.142857
22314628.571429
23593113.809524
23549883.333333
22358260.000000
22329650.000000
21726251.428571
22759338.571429
21429291.428571
21907784.285714
23032776.666667
21659174.285714
23251470.000000
22412171.428571
22869907.142857
22094177.142857
22525061.428571
22935827.619048
21252387.142857
21165011.428571
21379974.761905
23017637.619048
22224260.000000
22882272.857143
22585557.142857
21719698.571429
22462664.285714
23222508.571429
22233400.000000
21653457.142857
21432721.428571
21880052.857143
22224622.857143
22446233.809524
22585377.142857
22345299.523810
21056691.428571
21378353.333333
23108144.285714
21247122.857143
21988684.285714
21897440.000000
23133059.047619
21175362.857143
25532630.476190
26481303.809524
25935710.476190
26344676.190476
26468493.333333
26098796.190476
25818087.619048
25772761.904762
26174855.238095
26214570.476190
25811699.047619
25476236.190476
25790770.000000
25682798.095238
25663135.238095
26171055.714286
25792320.000000
25321219.047619
25324500.952381
25602685.714286
25571598.095238
25593179.047619
25462776.190476
25802075.238095
25034874.285714
25992060.476190
25432779.047619
25531617.142857
25562883.809524
25498725.714286
25667076.190476
26070303.809524
25480081.904762
25819160.000000
25726156.190476
25785723.809524
25831513.809524
25788114.761905
25761841.904762
25722169.523810
26285014.761905
25906260.952381
25034720.000000
25598908.571429
25706620.952381
25923090.476190
25987906.190476
25677647.619048
25424344.761905
25142820.952381
24882173.333333
25529163.809524
25540321.904762
25869200.000000
25757131.428571
25823619.047619
25955760.952381
25444935.238095
26087345.238095
25474841.904762
25645845.714286
25668162.857143
25336255.238095
25665224.761905
25719008.095238
25751068.571429
25770380.952381
25766887.142857
25502380.952381
25813172.380952
25851600.952381
25624316.190476
25387068.095238
25347125.714286
24996462.857143
25014771.428571
26845069.523810
25176240.000000
25529283.809524
25214451.428571
25584095.238095
25656577.142857
25590038.095238
26033072.380952
25619573.333333
25451979.047619
25345238.095238
25435160.000000
26077156.190476
25987020.952381
26162620.952381
26102988.571429
25770307.619048
25649916.190476
25655093.333333
26450047.619048
26304600.476190
26661637.619048
25740430.476190
25820490.476190
25731794.285714
27014734.285714
26476021.428571
26166610.000000
25821342.857143
25610209.523810
26315572.857143
25817671.428571
25673236.190476
26002660.000000
25413559.047619
26037142.380952
25564047.619048
26498727.619048
26869293.333333
26628315.238095
26369006.190476
27007919.523810
25471918.095238
25380634.285714
25375055.238095
25456108.571429
25227815.238095
25698126.190476
25176386.666667
25011588.571429
25739295.238095
25486942.857143
25556262.857143
25231065.714286
25364024.761905
25157986.666667
25305255.238095
25756712.380952
25504304.761905
25454969.523810
25036540.952381
24815080.000000
25181554.285714
25214824.761905
25692571.428571
26143475.714286
25224091.428571
25266487.619048
25228910.476190
25912379.523810
26003867.142857
25641832.857143
25462178.095238
25334077.619048
25569480.000000
25580419.047619
25523257.142857
25550320.000000
25324325.714286
25956121.904762
25282729.523810
25505739.047619
25529811.428571
25532601.904762
25868546.666667
25226792.380952
25303385.238095
25167001.904762
25852810.000000
25610891.428571
25976716.190476
25371590.476190
25719725.714286
25760533.333333
25650680.000000
26150779.523810
25535192.380952
25238154.285714
24923546.666667
25195778.095238
25495796.190476
25197129.523810
25411800.000000
25306405.714286
25076994.285714
25206318.095238
25501603.333333
25909169.523810
25348710.476190
25302116.190476
25343906.190476
25316563.809524
25560424.761905
25649228.571429
26055784.761905
25821558.095238
25376194.285714
25436483.809524
26012053.333333
25784319.047619
26013066.666667
25663916.190476
26022567.619048
25629601.904762
25496687.619048
25778293.333333
25650619.047619
26101367.619048
26358778.095238
25799460.952381
25900106.666667
25992952.380952
26519223.809524
25759326.666667
25699139.047619
25462045.714286
25547460.952381
26447346.190476
25776664.761905
25970527.619048
26197963.809524
25754478.095238
26336880.000000
26432354.761905
26147036.190476
26413209.523810
26235855.238095
25982483.809524
25688996.190476
25632908.571429
26748982.857143
25968565.714286
26132481.904762
25814361.904762
25815485.714286
26166581.428571
26004367.619048
26481411.428571
26054297.142857
26019373.333333
25663201.904762
25871333.333333
25987605.714286
25879664.761905
26192779.047619
21423180.000000
21390608.095238
22027572.857143
21390634.285714
21311990.000000
21804140.952381
22510386.190476
21248670.000000
22340249.047619
21697861.428571
22161192.857143
22727813.809524
22663200.000000
21461499.523810
21986795.714286
21640097.142857
23933444.285714
23377094.285714
23308800.000000
24313284.285714
23897415.714286
22729421.904762
27089841.904762
27405420.952381
27149032.380952
27752800.000000
27740990.952381
27545530.952381
26833240.000000
29865108.571429
29240988.571429
28935382.857143
28809140.952381
29127005.714286
28406413.333333
28236361.904762
28350339.047619
28025436.190476
28514249.047619
27931125.714286
28004690.000000
27470680.000000
27850891.428571
28020573.333333
28043180.476190
28405572.380952
27727247.619048
27244803.809524
27999234.285714
27261849.523810
27260828.571429
27508659.047619
27235893.333333
27313681.904762
27590683.809524
27228918.095238
27490209.523810
27570760.000000
27460662.857143
26762651.428571
27350262.857143
27126203.809524
27618233.809524
27338161.904762
27058499.047619
26960369.523810
26976969.523810
27030925.714286
27212925.714286
27422072.380952
27388173.333333
27402211.904762
26765087.619048
27056299.047619
26634525.714286
26751561.904762
27211314.285714
26650131.428571
26739148.571429
26737060.952381
29365584.285714
26820024.761905
26702510.476190
26743329.523810
26561083.809524
26902582.857143
26487081.904762
26409428.571429
26744575.238095
26650398.095238
26552236.190476
26332316.190476
26178529.523810
26854352.380952
26705990.476190
27200022.857143
26699213.333333
26531716.190476
27028927.619048
26940125.714286
26825443.809524
27349927.619048
26581417.142857
26526514.285714
26577167.619048
26637590.476190
26560931.428571
26476788.571429
26779805.714286
26223830.476190
26828678.095238
26540005.714286
26556234.285714
26847655.238095
27562013.333333
26755182.857143
26824918.095238
26981928.095238
27097550.476190
26777971.428571
27130186.190476
26720569.523810
26473771.428571
26872375.238095
26391108.571429
26285057.142857
26727670.476190
26215234.285714
26302327.619048
26222906.666667
26387866.666667
26672634.285714
26504853.333333
26365123.809524
26083721.904762
26499348.571429
26445182.857143
26262179.047619
26618104.761905
26287963.809524
26394139.047619
26363653.333333
26359133.333333
26268628.571429
26330129.523810
26931813.333333
26440588.571429
25997380.952381
27088203.809524
26215295.238095
26223737.142857
27015150.000000
26454693.333333
26772360.000000
26519320.000000
26135354.285714
26359371.428571
26273612.857143
26171998.095238
25941333.333333
26182878.095238
26024443.809524
26308480.000000
26246274.285714
26208401.904762
25925059.047619
25922287.619048
25759929.523810
26005483.809524
25854295.238095
26062060.952381
26288352.380952
26143671.904762
26827083.333333
26154356.190476
25849051.428571
25972584.761905
25819500.952381
25598323.809524
25617137.142857
25599512.380952
26018603.809524
26195030.476190
26513009.523810
25971998.095238
26332476.190476
26215453.333333
26202495.238095
26180801.904762
25923927.619048
25797906.666667
25885712.380952
25580241.904762
25853691.428571
26179127.619048
26270020.952381
26213535.238095
25714125.714286
26103022.857143
25903872.380952
26233185.238095
25976763.809524
25786272.380952
25815041.904762
25673754.285714
25617565.714286
25948133.333333
25920422.857143
25850318.095238
25642805.714286
26052878.095238
25719068.571429
25825354.285714
26192967.619048
25776053.333333
25832807.619048
25928824.761905
25649556.190476
25963510.476190
26154773.333333
26090579.047619
25824201.904762
25736394.285714
25989906.666667
25917563.809524
25828881.904762
26323328.571429
26055352.380952
26230605.714286
25911382.857143
26139004.761905
26757145.714286
26368701.904762
26550849.523810
26012472.380952
26544379.047619
26508647.619048
