1667
866
750
1257
798
676
767
664
624
715
651
1016
783
639
1156
682
736
263317
6116
795
262726
735
710
248641
913
755
266313
919
762
223178
933
660
233859
773
753
203133
999
775
207031
827
800
199143
921
663
230210
953
766
232475
952
772
215231
814
789
209041
961
659
232883
817
798
246742
2422
4855
213255
912
6500
251691
935
664
312786
938
762
296322
949
761
230818
823
651
240261
955
666
239880
811
792
238747
825
646
228806
926
659
217750
954
662
232487
799
8800
225809
941
665
229981
909
12346
206420
914
11772
206741
800
12352
202522
915
10546
209420
1428
664
238018
922
11286
238448
806
778
279327
915
10669
227626
799
9938
221018
916
9627
225191
915
10912
220471
922
10744
214433
803
9585
211945
910
7748
324199
822
643
282073
950
765
241011
921
764
224860
913
759
228026
958
765
257246
935
768
275865
912
3525
224540
931
755
257762
807
915
239830
1692
683
225275
10179
912
218152
9678
801
233005
919
768
220110
922
773
230709
933
663
220715
15151
925
214985
793
1122
220339
8050
1985
199593
11573
930
205511
10307
792
205786
11248
913
201642
918
12416
213913
14227
928
195518
30959
926
188625
52464
921
207822
42242
749
215140
13885
848
286951
853
611
255939
815
647
255979
945
667
209888
795
14544
421886
803
25892
273573
799
33004
233451
917
36249
235823
798
43574
201813
902
40050
193136
791
39849
213753
917
32382
243430
799
13497
246717
915
12350
225113
807
17275
284484
945
664
313858
950
756
278690
920
33118
291525
799
12674
278843
800
16606
233558
800
49928
240900
914
50520
232002
797
68251
210989
18607
63712
180459
52156
68038
152871
64778
63741
108309
83850
75758
97534
85794
50940
113223
78820
51054
106018
74518
50757
103596
77113
57532
101472
83822
57735
77601
84336
67575
83605
90788
65679
77955
88947
62429
88033
70983
79910
70779
81916
55250
93999
76503
62265
97693
95845
57232
75317
106580
53356
72862
97128
49637
78833
97319
55117
68803
117846
30916
108427
112146
27485
131944
104865
11494
113450
135639
10088
107658
196251
848
93759
223800
802
40295
221204
918
25986
244455
797
23652
226632
913
26262
201860
800
26186
191562
813
28667
189528
793
26968
197244
916
24516
207410
911
12057
208091
919
14289
211002
920
14343
207809
926
14120
208265
735
14182
209332
912
17286
204344
913
12883
219247
913
18232
237278
916
19640
237607
947
764
214735
803
12231
221233
908
12943
221986
960
769
237980
957
659
219399
919
31878
192644
925
35682
187646
791
43173
200029
917
29773
179847
801
44888
191059
799
47398
211838
917
29405
189064
914
28921
222822
798
60809
161259
911
52997
169601
800
94366
158922
2003
81191
151042
948
78379
143965
750
82011
146961
738
81783
145086
853
81340
143687
10857
82115
148184
856
74409
149814
802
78911
152162
913
83719
155243
2093
87596
148508
841
82643
148931
833
72495
143104
915
74875
142101
798
74073
145778
919
78929
144332
820
67195
149836
854
68161
146650
798
79121
145822
917
69744
150313
922
82261
158666
905
71356
160070
795
85299
170466
798
74782
143621
748
89444
148465
838
76624
140433
743
82194
141643
736
81996
146893
800
75567
144266
832
79546
145026
800
74687
150167
8017
72849
137727
1570
80725
133920
904
79923
139194
908
78984
149605
803
115852
204797
803
81503
210594
915
39776
229039
914
14455
243653
951
658
235853
918
26439
219004
911
29831
202885
804
39463
223367
916
30065
239634
939
764
265469
829
645
261718
910
12131
278101
953
668
271420
801
925
247791
916
663
273873
928
760
261267
953
667
255672
950
770
255785
949
661
240471
945
762
251110
944
2234
255348
964
668
232854
952
659
224218
809
2165
234368
806
942
250671
928
662
244104
923
658
227941
918
760
225358
915
764
224860
798
798
221901
922
764
228229
808
1058
224069
920
762
217697
807
1618
238235
1814
720
225672
929
763
223795
932
661
220068
809
784
228524
811
1080
225735
825
783
240896
921
20378
218563
917
33955
194633
793
30869
203570
866
24661
195768
851
31776
190151
857
38777
188151
921
31543
199466
802
35789
183482
916
29502
191598
837
48930
189450
797
27560
201711
921
28185
211790
911
25807
217703
800
46433
225015
861
43140
203096
873
40160
190145
897
53213
181918
745
59841
169938
847
54514
173347
859
62417
178635
795
53052
152310
919
52435
151566
913
54440
163835
803
54662
188886
924
34986
186913
798
31332
176894
801
24305
198321
914
34517
199645
919
38620
182904
799
39387
183711
912
40608
192252
799
50843
188922
916
34071
186176
798
31511
194226
801
32841
200200
801
35491
204528
922
24668
197938
801
27038
192972
909
39691
190810
801
31364
202055
914
26794
217285
797
30813
204772
925
44009
201526
805
44277
203375
859
62058
218656
801
25425
179955
918
25632
178972
798
29171
186880
739
39673
171482
864
30798
190917
855
51081
171284
912
52672
185714
920
52157
209035
808
33769
267031
923
766
229585
801
985
204234
929
661
217030
817
779
210907
924
764
209694
934
768
198945
807
799
197598
810
886
236819
904
23803
214262
801
43335
179579
925
57960
180056
917
71164
172271
916
61059
189465
799
52380
172252
919
66072
178707
800
122607
136028
800
110090
146020
915
109567
157162
911
93238
162128
929
67034
214699
921
63658
174629
913
55582
173551
803
61263
169937
911
61337
183073
737
105314
155363
740
81263
152741
865
81337
142235
863
106253
176631
909
90248
151544
806
82632
149866
796
73836
139556
807
89155
151862
917
87445
155034
800
78251
140167
914
95382
136656
801
126946
216845
917
116972
157821
796
86965
139278
912
78538
147782
919
81760
150256
915
71676
181955
809
81289
153887
919
85121
179817
1828
132303
209698
804
128712
186332
799
87099
140169
915
77976
150119
800
85433
170661
799
85666
178544
814
58838
193364
915
51975
170578
801
56755
187471
838
57272
246580
915
44491
187324
921
31114
246496
917
59039
221826
801
115473
180273
806
134423
211593
918
107609
182243
807
71521
201038
911
101577
126083
908
123497
115912
845
211837
147198
800
171130
113333
916
141979
107152
806
131262
126555
924
103445
171328
929
77659
144408
908
67759
136995
741
70825
138151
856
70086
142433
852
92168
140058
859
102149
152661
860
175420
90389
803
169925
96507
802
155205
85157
926
147419
80913
798
163619
85893
918
171227
101722
806
112102
97262
803
147841
109039
803
116585
102407
909
111063
91560
801
109030
93823
915
115340
97479
856
116531
99684
929
122886
91757
919
131988
116998
1042
139609
109775
805
144725
100475
940
114628
123383
802
150388
107420
918
131241
109759
799
108666
94119
946
109372
105518
798
149145
133544
914
185651
76729
805
220967
64386
802
203372
51961
926
196660
39194
922
194297
54236
800
192567
56511
917
176737
53693
919
194662
59940
919
175117
57883
934
161062
55991
800
166252
49943
926
175311
58791
1281
165566
50423
929
171692
54851
845
162873
47786
848
177376
60468
860
185686
73367
858
137498
122527
849
156277
119930
806
135971
131020
804
131282
179750
918
71266
136561
911
81925
200097
798
52400
227188
927
53044
234025
800
27530
225147
918
26235
230386
912
26323
223003
920
24089
214869
924
8695
215432
854
4991
216235
732
4193
214425
838
16021
194566
802
18059
231675
808
8674
237059
950
664
237231
916
13677
221854
778
5423
241360
921
658
228536
918
771
213770
919
6486
266832
801
1123
250155
971
769
232555
923
4532
229275
914
10710
231252
802
20262
203431
920
27548
188786
914
25932
186505
804
35057
215333
794
15981
192364
918
11162
215152
804
8998
231369
810
11258
209934
843
648
229942
1660
777
219534
917
765
212676
921
761
272650
804
71621
294016
915
73089
208043
924
65385
192645
796
64161
171476
807
66685
186042
914
83852
154614
804
88216
167715
905
87117
227222
921
36642
310410
918
657
356183
804
857
375486
1051
662
313522
945
763
341376
807
847
231491
954
765
240138
927
663
294451
917
765
251461
927
760
279663
807
1078
243601
806
963
230237
947
762
230527
804
961
226467
922
1175
285982
924
661
258236
916
667
248177
930
656
239690
805
791
232064
806
908
234935
1057
668
318851
975
767
279068
810
785
321808
925
763
352670
807
1032
356618
920
666
250593
1256
1133
252676
927
761
312183
811
943
296668
921
664
292453
807
781
307933
930
767
269275
800
802
252670
1803
766
333983
805
1029
273567
934
657
247360
931
758
240421
810
963
255776
810
793
334912
927
766
284591
813
799
289210
922
760
330516
945
764
312033
930
765
246813
921
657
283194
955
768
257467
807
962
262289
1173
679
250773
807
1096
249860
918
765
263292
918
765
272471
919
763
246643
810
793
286459
921
769
243388
916
766
232523
800
916
219990
968
762
205375
1014
671
216572
805
781
247676
914
769
245528
952
773
246265
954
662
255656
951
763
227882
829
655
236627
950
769
220201
957
662
247915
761
595
250475
1464
720
257728
767
747
270911
885
609
228056
833
674
235278
933
659
240657
831
842
241747
928
658
264225
929
761
314304
947
765
234197
828
790
254068
953
766
224834
947
665
248880
931
663
240715
939
767
228436
951
766
275559
812
784
305496
801
797
289831
819
778
251443
942
763
222871
818
790
248606
821
640
230846
949
671
288499
1045
772
263052
954
764
238914
852
607
247764
745
722
256482
871
706
235172
845
604
240668
875
1374
238417
877
611
243026
862
612
211714
1040
767
242281
849
706
236683
1446
1140
265334
927
769
257115
799
798
224152
914
761
219391
806
1067
206031
830
652
215272
942
768
216752
947
766
222592
953
768
230525
1816
678
234042
941
767
230539
948
662
251925
1329
780
229872
818
655
236694
948
759
262277
927
774
234710
954
665
212493
984
764
238880
826
816
252276
949
657
241902
950
666
226902
966
664
208389
805
821
215906
928
659
226210
808
774
279799
924
1498
243451
823
818
230839
936
762
225970
806
948
239808
992
666
238410
916
761
230212
924
759
222572
918
763
253480
807
1036
223701
927
761
222149
924
659
247279
946
762
225317
963
655
215793
829
646
205007
875
701
228611
749
746
265188
851
611
252139
745
762
245624
854
611
246308
849
612
242815
809
777
232112
802
909
220973
978
658
224776
946
769
241044
927
660
277799
954
761
246853
951
673
239451
808
651
239951
938
657
248636
942
766
221307
807
963
232106
938
768
231614
923
766
245538
804
809
218448
916
658
258958
1580
776
235414
805
977
235565
935
760
241147
924
654
227462
932
756
265448
925
766
221967
808
648
255631
991
658
248061
809
1043
243478
799
798
219299
930
659
217760
1630
1387
204846
737
724
228051
916
764
257615
803
804
253260
934
772
239833
802
1055
232738
924
761
284123
804
904
303466
952
665
264094
809
791
266118
924
764
277453
804
1063
221813
818
787
228378
925
767
212771
986
663
290337
939
766
225153
806
949
255942
941
661
228114
935
756
221269
918
758
242234
923
773
206927
803
1049
239295
847
701
264698
850
607
250139
742
714
242860
765
731
237142
850
608
215180
870
702
237580
940
657
231382
1757
1251
259694
971
660
222959
813
646
217395
947
660
257697
929
761
274135
809
897
261582
935
757
226392
930
767
241256
806
810
270609
921
773
249888
943
760
245790
814
652
284969
957
764
241800
1884
670
231178
836
795
245300
933
662
212104
810
648
221910
945
656
267925
799
772
238132
812
650
217776
971
660
220024
939
663
203357
808
788
239531
926
769
233227
802
1095
229478
925
765
228916
804
793
205387
924
765
209991
784
844
228174
922
666
267656
806
795
266510
948
665
262116
939
762
235139
836
788
220263
949
761
221946
921
761
213003
819
1079
221600
921
662
240453
806
646
252831
953
763
237693
964
756
258891
918
671
228062
925
762
233841
917
763
250700
916
758
212552
1214
809
257338
802
929
264687
932
661
263251
940
768
243729
920
761
248953
995
770
208316
933
661
209698
800
808
204048
926
769
221048
964
766
260766
1004
670
216186
944
763
236666
878
605
235982
750
720
238000
870
711
222917
740
719
229813
746
732
217041
931
766
250546
806
906
246442
944
764
278495
934
766
249700
824
700
236025
943
658
220784
933
767
225119
804
767
217178
930
692
216561
925
673
243538
808
1040
259811
920
763
260606
805
1080
249148
965
766
266103
810
1117
211192
923
762
204311
799
954
224764
939
659
211538
933
758
227148
920
773
225077
946
768
260468
810
1093
260411
808
1064
239274
852
709
241494
801
813
259477
813
795
233982
933
657
237083
949
766
253159
806
1081
220411
934
768
220409
919
755
224952
914
664
223271
946
661
223642
932
763
220444
808
987
222123
950
659
227303
989
763
253322
917
657
247645
969
769
235119
850
615
248227
930
661
223835
930
658
220385
940
761
268323
810
646
320983
950
760
314513
945
757
262983
797
804
290864
929
761
227658
805
1047
264176
955
667
257174
950
764
222524
984
674
249015
949
763
255123
933
665
312709
946
655
217501
947
663
217560
933
763
224876
948
661
224114
921
658
239511
962
665
247821
933
760
215960
973
664
230449
816
2595
220257
990
697
243890
981
811
221156
976
810
243707
858
675
230993
1058
840
231233
848
1003
224741
961
686
231196
1123
821
298293
969
798
237296
841
1008
226786
930
767
213355
976
760
231603
807
881
230132
823
647
288495
933
773
263056
800
938
235674
943
661
263107
945
825
262795
925
769
239103
920
768
249858
810
1086
232169
927
660
264393
984
665
240188
829
793
235826
921
756
252156
924
763
232769
922
768
233722
915
658
230745
1018
662
258471
1497
804
351746
947
669
244529
1206
809
237254
925
766
250515
923
765
235390
929
767
212360
808
996
219557
816
867
254209
981
766
251760
801
849
280123
930
757
270197
930
769
261890
805
803
248434
943
761
252331
805
1003
205645
831
642
238482
813
643
210021
944
764
208856
927
756
220251
946
657
212573
852
809
232789
921
662
256633
810
792
209203
950
769
213653
803
921
210280
1473
694
227869
952
770
213587
938
764
227469
809
999
218799
812
894
231401
801
1045
241298
923
772
217303
809
1082
243031
807
869
227361
814
651
244241
918
1132
235798
831
792
235372
929
760
247374
933
763
205667
937
756
213277
943
670
214252
934
773
206383
801
841
236121
1626
681
230971
1073
1012
239210
928
759
267780
933
766
265849
933
771
287129
948
662
263857
974
666
266749
1170
779
220657
805
876
254755
960
761
215916
979
658
237822
810
1022
204303
929
766
289566
802
1006
230280
803
814
259665
940
759
216602
806
843
229524
928
765
217052
931
770
218416
930
666
225690
953
765
249479
948
777
210977
807
838
218495
815
642
216023
933
765
227463
948
774
293491
929
775
256830
828
801
221349
920
769
205991
804
1025
211391
949
764
229207
806
934
259869
955
660
240294
947
2071
256875
1498
686
211273
835
790
257429
829
794
243725
799
1124
223734
918
771
240272
924
758
291402
801
935
278146
827
651
282384
988
762
351881
821
793
214653
951
763
199047
798
808
207350
943
664
213567
942
771
205248
813
782
225477
823
846
221853
921
761
221346
800
1114
248107
921
761
206919
924
763
210284
928
767
220793
817
648
203992
949
759
220943
933
765
229083
804
960
201345
1017
766
218329
924
767
254607
812
804
289099
949
654
257499
931
758
205929
926
659
218026
945
763
203909
806
855
207800
827
794
244938
975
764
304985
804
780
268721
981
661
226409
824
1121
236888
805
795
238768
821
644
224010
955
659
234295
932
769
264672
941
765
264898
814
981
240381
965
662
257884
1992
774
245164
956
773
225461
804
900
216093
1028
2276
224780
801
1011
256617
932
767
238583
810
907
226750
834
793
228912
786
890
280868
941
660
231031
810
823
263706
807
906
240445
940
665
236492
934
764
241111
817
809
219527
1015
657
236271
814
782
240638
926
761
276988
923
667
238869
1012
764
244983
813
642
217154
1001
670
213318
844
803
256887
975
663
273688
999
758
219910
927
769
238119
810
643
219204
1449
695
220042
926
759
259024
812
883
255190
940
755
228578
920
773
280330
1058
767
283061
957
760
234991
807
960
217959
804
880
235351
943
761
286994
804
857
248322
1917
799
249634
998
658
231579
986
661
242867
947
771
225071
820
801
277703
802
945
283367
938
655
336175
934
758
239853
820
791
260534
932
663
276979
829
790
233601
1929
678
230900
812
822
210519
928
768
230279
812
852
248163
1005
657
269001
1882
866
241496
926
663
250432
1190
770
229273
813
1084
237607
803
997
226306
936
764
243707
1926
806
248513
805
901
270860
822
645
230598
939
764
249405
809
1076
254398
922
764
237294
805
1022
214968
929
763
217442
927
763
253631
812
959
253923
805
869
235681
1015
659
315100
829
790
356429
931
662
290061
935
759
256684
936
766
295216
803
649
344980
1060
665
312464
816
792
261985
810
893
277539
1054
762
262693
938
672
293641
807
876
385417
932
663
346955
820
789
354717
810
830
324816
963
758
276478
819
640
277542
817
782
278128
926
763
283109
809
829
330654
936
766
285640
810
790
271672
882
654
311200
1225
653
298991
951
764
325302
941
763
293896
918
771
272252
811
1051
361087
953
786
309553
945
758
228538
926
768
227802
820
877
253008
936
767
248735
816
1053
235510
929
661
230319
824
792
207459
814
1050
234254
805
1030
236710
931
765
266476
813
949
312224
932
667
267728
979
667
325058
980
764
217947
1013
778
210411
932
762
223009
803
1039
238402
920
772
233340
927
770
223125
803
1029
223840
802
836
250104
1486
682
239105
854
807
254676
920
763
214515
916
766
215008
928
768
230933
810
647
230515
922
765
246909
929
763
282580
802
663
274473
1435
1100
268087
1400
1440
252860
1546
1347
225194
1457
1009
264149
1554
1321
209840
1388
805
261887
1405
935
219791
1398
801
234885
1410
979
249456
1413
827
239329
1416
814
216446
1449
852
233019
1584
1309
310623
1398
776
249783
1418
778
225224
1454
1014
214127
2254
1386
207109
1443
896
223228
1449
971
257863
1414
931
224783
1426
1306
222025
1575
1317
232277
1405
857
244713
1486
1345
234779
1534
1378
233289
1465
1417
206406
1407
1330
207729
1403
1013
217572
1419
1229
221104
1427
1633
214539
1443
1001
241222
1454
841
261614
1455
992
238030
938
766
226259
800
1001
269185
943
762
235797
810
1016
226523
925
767
226781
1055
663
214671
826
790
265430
984
662
248763
1280
706
200618
862
806
212227
926
759
205050
1978
810
201111
921
661
204334
954
660
199383
962
664
198897
821
827
212502
805
894
200939
985
770
228092
933
766
215737
807
797
216052
919
764
220893
813
997
212212
805
911
244757
960
767
302332
921
666
245240
820
800
318974
997
658
268152
958
656
253772
1000
661
204785
929
769
212959
803
1646
236961
826
1563
267705
956
662
214481
936
772
215745
932
658
269226
938
754
229033
915
764
235712
802
961
206898
929
763
248677
800
738
234834
942
663
236029
813
814
212981
923
762
239671
840
805
241514
812
966
264855
803
1004
221020
930
763
260304
813
1001
241930
809
844
200903
831
647
241031
960
764
219213
929
757
215498
924
760
254928
993
765
207068
925
660
202557
960
659
207529
827
791
208621
812
785
206656
987
655
203829
822
792
202080
919
769
202790
927
762
207116
923
766
204701
816
658
235157
928
659
220638
819
795
244024
806
849
241710
959
761
264123
932
767
248726
941
768
230314
997
665
220538
904
2165
234114
942
659
209701
936
760
236572
807
895
249877
857
812
237826
925
766
255208
811
915
255280
943
656
211708
810
826
211348
815
646
215790
824
643
210624
936
767
239267
1825
812
233812
935
765
266768
804
1066
239514
925
768
219441
1361
801
240187
924
766
222173
804
903
199745
951
764
221084
806
790
199333
942
769
207588
813
1041
260977
807
1055
252748
807
1095
285784
925
767
233203
807
1117
213724
808
865
205237
1534
678
209559
933
763
256450
927
762
209506
917
762
213948
799
1132
207441
923
768
265933
929
769
253046
803
922
239011
816
914
204404
959
661
220568
815
794
303241
925
765
250802
921
765
229566
946
666
235064
808
651
224904
944
772
211841
810
985
216603
804
876
261345
932
756
250436
933
764
214336
810
792
222896
920
773
217814
936
761
214931
810
861
231167
947
770
235020
805
783
235514
939
760
211181
921
764
205281
941
662
225884
964
660
225167
816
790
225148
917
665
235100
825
644
212880
945
763
227762
808
784
212696
927
766
219964
935
762
238148
927
663
315654
830
799
271134
924
771
242220
805
823
224673
938
660
214496
812
787
225652
929
664
220313
992
1652
214422
825
794
201772
814
1002
214817
921
767
286952
810
891
233755
802
879
220598
1005
651
238776
936
762
224170
811
959
221179
931
771
238419
931
770
241622
928
768
223183
975
764
238791
802
1109
251602
1274
680
237865
954
658
220997
821
788
210093
929
660
203103
940
770
217447
925
776
253676
926
665
245575
1241
1862
260322
926
761
240078
810
842
213157
926
765
233801
926
765
237355
938
762
210544
917
767
227992
820
879
254380
940
660
237341
933
760
214608
813
820
218748
810
776
205855
925
767
209656
930
661
220879
962
664
266756
802
941
290796
803
883
285376
933
654
226310
1093
660
239467
932
770
211299
924
767
240467
803
985
267325
961
771
253851
930
767
239753
935
768
243822
938
659
245680
1451
682
244040
925
769
228993
924
767
213411
815
1012
218200
808
1011
245917
824
787
273811
931
762
286142
948
767
216211
797
885
265282
811
671
322548
941
766
233971
807
995
218435
926
770
212804
826
794
235949
917
767
259675
920
777
217329
801
1116
223613
802
803
228488
1957
672
246790
822
795
259668
928
767
230632
932
767
229246
914
767
227167
921
662
240382
1317
700
255425
858
804
207375
813
827
212179
1011
768
236767
934
766
225063
810
998
222654
922
766
232949
804
1064
272979
824
645
274076
971
762
228812
810
763
223220
821
784
232333
924
761
227480
931
659
231114
958
660
221643
801
799
262206
813
811
259643
932
659
242804
937
765
246417
961
2068
248102
968
763
219681
817
1051
220415
980
765
265933
954
764
257197
919
756
232756
813
639
230367
1310
1711
239694
809
789
239305
933
770
230528
931
763
259697
808
1073
264194
804
984
309219
930
665
299809
847
799
266950
807
816
219861
862
648
207913
1014
767
218554
801
961
263416
926
765
252115
803
1061
225103
928
770
268504
929
669
232213
932
755
231032
801
847
209301
948
660
222601
941
764
208501
919
763
278271
933
768
280147
931
770
281926
918
662
271389
931
663
230812
815
808
227941
809
646
257276
944
759
274117
961
768
249038
815
1038
273037
929
663
264917
832
854
249375
813
1636
251590
943
766
235730
819
648
227163
1878
806
284775
939
763
233670
933
665
280376
978
767
245699
938
764
242664
814
838
266283
863
701
227436
948
768
223220
812
999
248513
924
889
244435
855
794
234245
925
767
243998
808
1033
252110
922
768
280411
794
927
223204
957
663
240440
810
1017
228125
917
773
234204
808
1043
241598
806
1023
230714
797
1045
232116
936
660
252712
812
796
228085
807
845
254067
962
660
274178
930
769
234648
931
760
296888
915
771
255178
806
913
240048
925
765
221250
922
771
234207
806
1122
212709
812
820
218541
1511
696
274865
818
782
225689
975
771
274237
927
763
226844
980
667
269975
806
937
220031
1582
704
251536
1011
832
257920
809
830
220875
1016
761
217342
922
759
213306
942
764
221900
929
767
211805
804
959
229272
821
685
232491
970
762
235144
824
643
236775
824
797
242056
989
767
264356
810
860
277107
1265
690
248889
820
785
222179
811
847
214404
936
659
256224
936
658
222612
816
789
270758
931
757
233616
810
1080
228654
929
664
223689
968
770
299703
931
764
224549
806
744
215511
930
763
307712
801
807
304947
917
768
277314
807
939
243176
807
1059
220248
813
943
220615
932
663
245372
803
1127
270268
931
662
200623
817
647
224360
944
760
271600
939
760
225025
923
766
222761
806
1062
227210
928
762
220719
923
761
199793
814
1063
246713
799
647
227514
954
766
230857
1048
769
225692
932
761
207708
949
761
222831
945
668
218214
804
799
220236
929
764
231304
811
799
233280
824
653
255355
942
767
241732
928
771
255844
809
1093
227588
945
658
208602
815
786
218865
805
906
202497
940
770
230447
851
649
234477
829
793
375541
919
762
373456
809
891
276293
937
759
223236
933
761
210638
798
797
219645
827
641
227941
941
766
225266
955
759
209634
949
772
230382
802
1008
210627
928
772
240440
804
1007
280227
954
767
251369
807
830
257966
941
766
331993
914
762
267087
933
767
242734
802
1016
246192
809
1002
246220
811
936
242550
929
772
219675
815
1059
270486
809
881
266415
924
690
323473
917
774
239351
803
971
261325
949
763
287948
924
760
250930
928
767
231576
933
770
210223
1971
795
259624
813
777
276807
955
661
307963
821
789
256747
932
759
346859
922
768
317863
931
773
260729
806
649
303159
963
668
260054
835
799
312518
805
842
245482
1006
767
299265
926
765
249401
927
765
277230
1814
692
247523
815
782
235105
987
669
234652
939
762
242979
829
645
332417
827
787
238055
931
660
226826
839
652
236406
950
762
288537
927
772
259867
955
663
279144
976
657
272160
941
1495
273319
814
805
236052
932
769
407711
937
757
303493
924
768
261764
805
931
295660
931
779
298542
850
649
256213
935
769
262632
951
770
273432
995
777
260314
803
1092
267280
927
765
272241
803
1058
258371
926
771
277520
808
926
303498
808
736
247526
811
689
217143
937
761
235730
919
762
235682
923
767
233137
804
1030
248521
933
766
295656
941
763
247129
807
777
234384
805
827
223182
934
769
268083
835
805
243693
982
778
282415
911
772
290634
934
768
311199
933
660
292305
943
767
267023
800
1062
303998
805
810
243315
1002
764
274047
927
766
238850
811
955
235113
941
764
230304
930
769
250186
801
648
284348
938
763
260607
807
929
276740
921
758
257864
920
762
275337
946
663
233450
944
767
236186
807
789
241480
812
879
242075
939
656
233265
945
767
273455
806
982
283774
951
765
270167
823
810
230224
939
763
245143
806
964
211887
925
761
264366
809
870
261272
945
765
280867
811
976
294585
958
763
309024
795
1039
227543
801
993
291764
800
1087
262693
929
775
247250
1068
773
275972
930
656
272105
817
647
226489
934
762
282805
816
943
236580
932
766
289328
848
801
278469
921
769
245760
939
759
265454
811
1015
267280
938
666
240582
932
661
239399
858
815
254087
929
766
243945
920
765
323007
932
767
238118
810
856
285543
926
667
220742
931
767
226683
799
871
226314
934
767
227406
928
759
225631
809
1119
269699
920
764
273430
810
918
243065
814
839
288353
940
1950
218236
824
646
203651
822
782
218732
930
764
247670
808
855
214495
947
762
247583
1667
794
239088
813
879
222767
826
644
264556
1012
659
230580
811
986
267946
930
768
264844
814
787
282887
921
759
229150
808
1017
259871
934
766
256094
918
667
267420
1342
3192
256317
946
789
252274
950
689
239961
960
779
227821
945
752
301604
943
775
294658
941
680
289521
1135
794
255295
950
683
232695
Xput: 12222
