56986395.238095
62755532.857143
49506638.095238
52268560.952381
46340450.952381
46822905.714286
46031897.619048
47597593.809524
45812949.047619
45210172.380952
35039701.428571
34270703.809524
36608829.523810
37295041.428571
42255780.952381
45278824.285714
50113968.095238
52032748.571429
49704339.047619
54648819.047619
41560660.952381
46574434.761905
40993030.952381
45880332.857143
38275860.952381
36492534.285714
48577469.523810
52355232.380952
49145620.476190
54606945.238095
42717438.571429
47838276.190476
39598281.904762
43078391.428571
44112492.857143
48567907.619048
47842951.428571
53443432.380952
50214881.904762
52470341.428571
35495579.523810
35712390.476190
33618505.238095
33796799.047619
40867493.809524
40820569.047619
46246158.095238
57834593.809524
51602638.095238
52758508.095238
35580872.380952
35346304.761905
36787255.238095
37952860.952381
39625904.285714
41109329.047619
50618421.428571
48463188.571429
47071015.714286
42594583.809524
34784971.428571
34713560.000000
34816868.095238
34570531.428571
41321020.000000
39840310.000000
49021830.952381
47217550.476190
50024981.904762
51309325.714286
35313516.190476
35005308.571429
37697214.761905
37992292.857143
42001274.761905
45352849.523810
49604667.619048
49099550.476190
47691638.095238
43829670.952381
35762782.380952
36529362.380952
33137789.523810
33902009.523810
39401435.238095
34079529.047619
48864759.523810
44583491.428571
47552274.285714
43967456.666667
35424253.333333
35257844.285714
33528971.428571
34636940.952381
36724408.571429
34173923.333333
44618773.333333
39900422.857143
43203364.761905
54057492.380952
39706449.523810
41724912.380952
41059305.714286
45055876.190476
41311055.714286
43052117.619048
48152155.714286
46771514.285714
47526004.285714
44541890.000000
35602702.857143
36102302.380952
31420510.476190
33216078.095238
33595200.000000
31929840.000000
39264026.190476
37188748.571429
46942561.904762
42959273.809524
38297649.523810
38859659.047619
36537320.476190
37328732.380952
40185135.238095
40369139.047619
47572925.238095
46773942.857143
48765879.523810
48091984.761905
43629400.000000
48899144.285714
42501678.095238
47449620.952381
40904435.238095
40597057.619048
49296014.285714
54648121.904762
49331855.714286
48840971.428571
40932807.142857
43411820.952381
40411453.333333
42837409.047619
48603850.000000
51493466.666667
48319961.428571
46884994.285714
47013550.952381
45433673.809524
36151870.476190
36056742.857143
32727203.809524
34254820.952381
37737349.047619
35636980.952381
45701780.952381
41706070.476190
46601405.714286
43542200.000000
36812899.523810
37157281.904762
41489140.952381
43472028.571429
43987830.476190
48308346.666667
50238954.761905
51130291.428571
49496993.809524
47996621.904762
41216287.142857
42679670.476190
42055040.952381
43645579.047619
41441240.476190
41025787.619048
46910935.238095
45316405.714286
46430272.857143
44420491.428571
36872409.523810
37336649.523810
34683580.952381
34900060.476190
39696235.714286
38199175.238095
56179151.904762
51864570.476190
52505894.285714
54746552.380952
37934300.952381
38096497.142857
36887091.428571
37313386.666667
41511405.714286
40944142.857143
52950704.761905
50693170.952381
50909628.095238
46965588.571429
37370242.857143
37143154.285714
35462190.476190
36198011.428571
40597091.428571
38194933.333333
51418575.238095
49611647.619048
47972440.000000
43856705.714286
35240958.095238
37059466.666667
34488563.809524
36546032.857143
43163299.523810
36594339.047619
55204490.000000
51318887.619048
52588878.095238
49971240.952381
40982835.714286
48414526.666667
42226329.523810
45832643.809524
41563822.857143
49084739.047619
50504097.619048
56257858.571429
51711653.333333
48985401.904762
41486388.571429
41716106.666667
36880422.380952
36902739.047619
41770758.095238
40615401.904762
49898204.761905
46550315.714286
49148049.047619
49013868.571429
36578525.714286
36479430.476190
35443930.476190
35513478.095238
39717756.190476
37544131.428571
48730971.428571
48953824.761905
48858689.523810
45312502.857143
44912118.571429
49365019.047619
37546925.714286
38144645.714286
37420618.095238
34616626.666667
43369856.190476
40582638.095238
46952180.952381
44131609.523810
35084436.190476
37010815.238095
33677426.666667
33481015.238095
37321329.047619
34544059.047619
50395265.714286
46976298.571429
50941097.619048
47541419.047619
40764545.714286
41353530.952381
37386502.857143
37715120.000000
42419997.619048
41961199.523810
53031436.190476
52167980.952381
55024865.714286
52494520.952381
40898990.476190
40892537.142857
38878078.095238
38110840.000000
43481330.476190
40641388.095238
53947145.238095
51470954.285714
49723844.285714
43932317.142857
37172358.095238
37792885.714286
35513189.047619
36475980.952381
41141114.285714
37528114.761905
53204213.333333
56971572.380952
52154107.619048
51229145.714286
35304666.190476
37169153.809524
33091260.952381
35265344.761905
35686355.714286
33996838.095238
42371342.857143
39217480.000000
45360437.142857
42125530.000000
38894514.285714
38199531.428571
41689471.428571
47791418.095238
44641760.000000
48197955.238095
52128422.380952
56760203.809524
52682361.904762
54523047.619048
40444640.000000
41915490.476190
40458312.857143
41998990.476190
41545009.523810
42466647.619048
52210428.571429
52677967.619048
49872188.571429
46215458.571429
36144504.761905
36425550.476190
33571196.190476
33946332.380952
39797370.000000
34115200.000000
42125417.142857
39101007.619048
49311272.380952
44845206.666667
36355003.333333
36723932.380952
35959952.380952
36119299.047619
41266718.095238
38649399.047619
50519113.809524
50259527.619048
50052654.761905
47047891.904762
33924430.476190
35464405.714286
34155590.476190
35278655.238095
38746601.904762
36251601.904762
51617118.571429
49932520.000000
46475632.380952
42693704.761905
37088403.809524
37253317.142857
32981440.000000
34741840.000000
33010822.857143
31570967.619048
36197139.047619
33877651.428571
38375296.190476
35446980.952381
34254348.095238
34534965.714286
33900302.857143
34747542.857143
41054081.904762
37127034.761905
52894537.142857
50563561.904762
51943565.714286
52771773.333333
40253255.238095
39872388.571429
41928062.857143
42985592.380952
44988253.333333
46385864.761905
49483691.904762
49376796.190476
47968428.571429
46502453.333333
36356379.047619
37165730.000000
56852026.190476
60646573.333333
41848641.904762
45644838.095238
37267007.619048
38077171.428571
43368146.666667
42554478.095238
48940634.285714
44887933.333333
39413453.333333
39657979.523810
36241700.952381
36397662.857143
37286773.333333
37297024.761905
44391691.428571
42740094.285714
49634763.809524
45635213.333333
38813969.523810
39258783.333333
32909255.238095
33537403.809524
32988062.857143
33233133.333333
42160994.285714
38267935.238095
47666582.857143
44323813.333333
38670019.047619
40092609.523810
35778321.904762
36857224.761905
37708950.476190
36120068.571429
41180582.857143
40204057.142857
45718398.095238
41556916.190476
38866380.952381
39077064.761905
34135088.571429
34683325.714286
37442314.285714
35990453.333333
45129090.952381
43540863.333333
43940671.428571
58180415.238095
48214542.857143
49573840.000000
33396420.476190
34685556.190476
34021683.809524
34626954.285714
36797619.047619
35704914.761905
46925836.190476
44183592.380952
44575767.619048
41796280.000000
33153320.000000
34807925.714286
32016615.238095
33025582.857143
36886071.904762
34426188.571429
41787401.904762
40179841.904762
42948674.285714
54013834.285714
41427532.380952
45407853.333333
39338908.571429
40038558.095238
44768177.619048
43482024.761905
49227377.142857
44927190.476190
38531038.095238
38208720.000000
38017268.571429
36738643.809524
40232946.666667
40357318.095238
45952982.857143
45176512.380952
46977758.095238
58217973.333333
48935158.095238
50382407.619048
34159074.285714
33447725.714286
38167140.952381
38338630.476190
41417264.761905
38828384.761905
43865118.095238
40860786.666667
43966777.142857
45716441.904762
40671007.619048
41819445.714286
37524718.095238
37845868.571429
45975289.523810
41642043.809524
52666217.142857
51169409.523810
52927950.476190
50574561.904762
37862554.761905
37962560.000000
37379394.285714
38827891.428571
43903386.666667
42922160.000000
54323592.380952
51575546.666667
54198453.809524
52007034.285714
34516186.666667
36925571.428571
34564700.952381
36291620.952381
40985563.809524
38095512.857143
45762708.571429
42690881.904762
50823460.476190
46426886.666667
34937561.904762
36483192.380952
34540413.333333
35493097.142857
39305929.523810
36524265.238095
46322996.190476
43178893.333333
52148739.047619
50330104.761905
38740613.333333
38869582.380952
38497259.523810
39005579.047619
42567895.238095
41712222.857143
53046782.857143
50428198.095238
49460112.380952
46948375.238095
34368834.285714
36930161.904762
34995777.142857
35973203.333333
41128283.333333
38852668.571429
53012613.333333
50357546.666667
48780749.047619
46489203.809524
38072533.333333
37777085.714286
40390921.904762
40940320.000000
45284849.523810
46496935.238095
55590918.095238
55098137.142857
51249744.761905
48940689.523810
37740194.285714
37559874.285714
40391586.666667
40968528.571429
41365280.000000
41655619.047619
52782508.571429
49912451.428571
42062245.714286
39939080.000000
35119240.000000
35452300.952381
34191375.238095
35400306.666667
37344516.190476
35337605.714286
41584217.142857
38666864.761905
40094632.380952
36288348.571429
34586424.761905
36006673.809524
34379335.238095
35488489.523810
39575068.571429
38189106.666667
48009340.952381
45292281.904762
49341760.000000
47215085.714286
37139481.904762
37324074.285714
42113721.904762
45360120.952381
43054988.571429
45171541.904762
51703129.523810
48811179.047619
48341698.095238
46395840.952381
34244961.904762
35456422.857143
33589573.333333
32962514.285714
38856689.523810
34868145.714286
41070899.047619
38217533.333333
40896049.523810
38401979.047619
34040857.142857
35554579.047619
33379640.476190
34387177.142857
41466999.047619
37666855.238095
49410299.047619
45618430.476190
44878868.571429
41730952.380952
36210674.761905
36857980.952381
35250228.571429
36536099.047619
36112274.285714
35352937.142857
38091478.095238
36322015.238095
37262910.476190
35099289.523810
34644000.000000
34515839.047619
34147232.380952
33421695.238095
38753729.523810
35388019.047619
43421478.095238
40099281.904762
49644628.571429
48056113.333333
38306973.809524
38465089.523810
41070226.666667
42507217.142857
42543624.761905
43021790.476190
52056700.952381
51945623.333333
48134713.809524
46929283.809524
35319592.380952
35870337.142857
34020840.000000
34919022.857143
36183447.619048
34983634.285714
40414360.952381
37816921.428571
39363723.809524
37100743.333333
33658181.904762
35386899.047619
33248121.904762
32538064.761905
38428460.000000
34530855.238095
37334080.000000
35302253.333333
36967470.476190
35077674.285714
33622815.238095
33176121.904762
32300171.428571
31560800.952381
37662331.428571
34416466.666667
38270798.095238
36507935.238095
38789931.428571
36572491.428571
37552565.714286
36925824.761905
38183796.190476
39065592.380952
42779840.952381
44591996.190476
49907970.476190
47065327.619048
41031304.761905
39330426.666667
36595895.238095
37153302.857143
37453401.904762
38723213.333333
41239306.666667
41833001.904762
49577446.666667
47714628.571429
46276365.714286
43610153.809524
36373007.619048
36512931.428571
36381001.904762
36893807.619048
38931592.380952
38901281.428571
46019053.333333
42807567.619048
44793830.476190
41975412.380952
36953920.000000
37438028.571429
36375859.047619
37095227.619048
37712739.047619
36268899.047619
38897540.476190
36869050.952381
42283392.380952
40457485.714286
38210198.095238
38406864.761905
39553902.857143
41201810.476190
39596194.285714
40010051.428571
46328588.571429
56335196.190476
41937407.142857
43919740.952381
35794457.142857
36602666.666667
37480283.809524
37136521.904762
45319238.095238
41669756.666667
48516847.619048
45134175.238095
41019819.047619
39913053.333333
39660110.476190
38927148.571429
39271358.095238
39123169.523810
46302533.333333
45719791.428571
50005893.333333
45776291.428571
43757246.666667
45097811.428571
38223457.142857
39041668.571429
40563896.190476
46318058.095238
45857535.714286
49850516.190476
48735201.904762
49802043.809524
43175476.190476
40750377.619048
35037478.095238
35827164.761905
35401800.000000
37159980.952381
39493816.190476
38276501.428571
44445742.857143
55780619.047619
45740735.238095
49696045.238095
40226859.523810
41793633.809524
37782700.952381
38510124.761905
42669057.142857
39249973.333333
50243598.095238
46232116.190476
39345725.714286
39381868.571429
35338820.952381
36067826.190476
37131646.666667
38063190.476190
45084000.000000
39603695.238095
41408262.857143
39024996.190476
43163380.476190
41863043.809524
39361971.428571
39406083.809524
37460420.952381
36864177.142857
43395212.380952
40820735.238095
50493024.761905
46824175.238095
40258857.142857
39835350.000000
36853411.428571
36895247.142857
38666125.714286
36398801.904762
42922904.761905
41702365.714286
50089339.047619
47218315.238095
39891427.142857
39688832.380952
37211523.333333
36747047.619048
35941847.619048
34630464.761905
46371702.380952
41662933.333333
51005732.857143
47314588.571429
41048716.190476
40374820.952381
39248854.285714
39337436.190476
38167068.571429
39039899.047619
45202061.428571
42960878.571429
40449220.000000
38703348.571429
38673276.190476
37030744.285714
35854750.476190
36162754.285714
39239626.666667
35751051.428571
44059639.523810
41968827.619048
49228547.619048
45410925.714286
40763207.619048
41410894.761905
35240238.095238
35157933.333333
34226356.190476
34537124.761905
35671695.238095
34094567.619048
43378897.142857
41022195.238095
42359047.619048
49552340.952381
42512471.904762
46302017.142857
34837428.571429
35263230.476190
38172950.476190
36111472.380952
39697689.523810
37486624.761905
38351350.476190
36628095.714286
35387139.047619
35484493.333333
34004925.714286
35590872.857143
36140144.761905
34689504.761905
40129087.619048
37827000.476190
37703516.190476
35587573.333333
34270820.952381
33019925.714286
32761160.000000
32479887.619048
39341960.000000
35932939.047619
41805779.047619
38917508.571429
48588411.428571
46857942.857143
37736440.000000
37270043.809524
42065659.047619
44659073.809524
39228000.000000
38628569.523810
52219293.333333
49675628.571429
48061508.571429
49319822.857143
36622784.761905
36719184.761905
35430900.952381
36043127.619048
38053483.809524
36399548.571429
44362992.380952
40875657.142857
45082354.285714
43975769.523810
34167813.333333
34049156.190476
33206817.142857
32644689.047619
41378500.952381
35616272.380952
44220723.809524
42678434.285714
45642649.523810
43555057.142857
35520384.761905
35947767.619048
34353169.523810
35256805.714286
36580532.857143
35283426.666667
42714491.428571
40422304.761905
46959489.523810
44817066.666667
35920289.523810
36378853.333333
35979872.380952
37116130.000000
39673041.904762
38220426.190476
50159757.619048
48893382.857143
48045558.095238
48435009.523810
41315855.238095
42581188.571429
37122695.238095
37829095.238095
38981059.047619
39086144.761905
48857400.952381
50264946.666667
51539489.523810
57285612.380952
41961019.047619
44608144.761905
40332994.285714
41035352.380952
41595464.761905
41337998.095238
48660426.666667
57233801.904762
46584590.000000
50417788.095238
40175251.428571
40346729.523810
42057354.285714
43715664.761905
42665115.714286
42340851.428571
52535099.047619
51252495.238095
44309827.619048
45135060.952381
37590472.380952
38987507.142857
36704990.476190
37473963.809524
45174707.619048
42222217.142857
50399091.428571
49507337.619048
43908012.857143
49374409.523810
42452336.666667
46244979.047619
37535760.000000
38360548.571429
39678540.952381
39685466.666667
46242797.142857
56762222.857143
47746070.476190
53189848.095238
36394878.095238
36709146.666667
36318190.476190
36834783.809524
42782464.761905
39183780.952381
49083933.333333
45526872.380952
40461640.000000
40699403.809524
41241434.761905
46888249.523810
45380634.285714
51098798.095238
42302746.666667
42910951.904762
50226590.476190
52232539.047619
49208673.333333
49428194.761905
38871819.047619
40467295.238095
41518316.190476
44374670.476190
38754963.809524
42208506.666667
51181363.809524
48573072.380952
51413262.857143
49437803.333333
37875563.809524
38573571.428571
41551154.285714
43239247.619048
42162459.047619
41564049.523810
51007594.285714
46355083.809524
52873295.238095
51895249.523810
41480718.095238
41741714.285714
42807036.190476
44791365.714286
41867573.333333
41158017.142857
53724241.904762
50891733.333333
50247946.666667
49653007.619048
42490828.571429
44954270.476190
42548179.047619
44523146.666667
41937162.857143
42315674.285714
51643750.952381
48972125.714286
52648501.428571
52282973.333333
43738948.571429
46758870.476190
41243886.190476
41279680.000000
41592556.190476
42027958.095238
50930893.333333
47232777.142857
49455133.333333
48454912.380952
41867874.285714
43952897.142857
43881666.666667
45998942.857143
43622837.619048
43303531.428571
53348102.857143
50945708.571429
52741546.666667
51382419.047619
45666660.952381
48706795.238095
39551323.809524
39568889.523810
40753457.142857
38944005.714286
50270571.428571
46301059.047619
48606247.619048
46861752.380952
41833327.619048
44202116.190476
40616409.523810
42284590.476190
40732428.571429
39290544.761905
44152011.428571
41691540.952381
47861805.714286
46057790.476190
42362752.380952
45759419.523810
38679986.666667
39025024.761905
41461439.523810
40044462.857143
50896288.571429
47839925.714286
48093384.761905
48540374.761905
39041059.047619
40229215.238095
37736459.047619
39462725.714286
41150200.952381
40352880.476190
50867206.190476
48002268.571429
50912255.238095
50284369.523810
42502716.190476
45721226.666667
40978836.190476
43180920.476190
40652419.523810
40104558.095238
50409161.904762
46687584.761905
47277015.238095
46555834.285714
38415653.333333
39475363.809524
35928546.666667
36984308.571429
37222095.714286
36358990.476190
41779497.142857
39189893.333333
42492309.047619
40307514.285714
39172135.238095
40415709.523810
36911051.428571
38719236.190476
40263120.476190
38801963.809524
42872388.571429
40251304.761905
47872168.095238
56372140.952381
43875347.142857
48399043.809524
38010270.476190
38854240.000000
44421600.000000
42062215.238095
50538811.428571
47362059.047619
43822980.952381
45299952.380952
40495720.000000
42457413.333333
40093348.571429
41687188.571429
40056453.333333
38754914.761905
50720280.000000
48438060.952381
44287855.238095
46263407.142857
41988303.333333
44262514.285714
38126992.380952
38474979.047619
41478386.666667
39297923.809524
49531883.809524
48930615.238095
42239775.238095
42970740.952381
40770876.190476
43375946.666667
37656026.666667
38094047.619048
42558137.142857
41469611.904762
48769333.333333
46055504.761905
43246116.190476
45643093.333333
40955121.904762
43609474.285714
37575609.523810
38224377.142857
42023613.333333
40701466.666667
49471052.857143
46848840.000000
42305969.523810
43647973.333333
39808800.000000
41901944.761905
37884747.142857
38243285.714286
41756264.761905
40338059.047619
49625426.666667
46389110.476190
61571133.809524
64728301.904762
50868112.380952
53390238.095238
41891499.047619
42603813.333333
47470598.095238
45834299.047619
56485908.571429
54660561.904762
47125200.000000
49102192.380952
41657954.285714
43884156.190476
39768377.142857
40095300.952381
45297464.761905
43835291.428571
53971059.047619
53823569.523810
43961026.666667
43158240.476190
41733068.571429
43536855.238095
44680664.761905
46518386.666667
44596259.047619
42860495.238095
54130998.095238
54241809.523810
45908880.000000
47435918.095238
41698510.476190
43533845.714286
39977179.047619
41013310.476190
43120608.571429
41502326.666667
54183670.476190
52835874.285714
46176588.571429
48460445.714286
43391725.714286
46545619.047619
44111196.190476
47441370.952381
45968712.380952
45278586.666667
61457354.285714
53845083.809524
49713601.904762
54138620.952381
44696396.190476
48674148.571429
41248040.000000
42754939.047619
45783137.142857
44411977.142857
53507633.809524
50653161.904762
49602175.238095
54377767.619048
43400257.142857
47481051.428571
42597710.476190
45249192.380952
40780451.428571
41207518.095238
52605645.714286
52077857.142857
49040417.142857
50998711.904762
42180205.714286
42780396.190476
45112296.666667
48278668.571429
40614388.571429
40196321.904762
51067445.714286
48656969.523810
47696725.714286
49013101.904762
41642881.904762
44658923.809524
41934243.809524
44514710.476190
39958281.904762
39877580.952381
50864740.476190
47775373.333333
48165485.714286
47923481.904762
39672474.285714
41246413.333333
42559720.000000
45536209.523810
40058721.904762
39928859.047619
50146293.333333
47055405.714286
48473466.666667
46852144.761905
37454655.238095
37934916.190476
38528689.523810
39308474.285714
39843192.380952
40115777.142857
51539299.047619
48915933.809524
47242112.380952
47394933.333333
40019285.238095
41170230.476190
42602194.285714
45696680.000000
40356130.000000
41084092.380952
49896860.952381
48098571.428571
49967274.285714
50911040.000000
38852948.571429
39752208.571429
38349127.619048
38609796.190476
41501247.619048
42309820.952381
50556600.000000
58429841.904762
47049954.285714
51777511.428571
39831664.761905
41395565.714286
38734676.190476
39940560.952381
41746367.142857
40680222.857143
52358588.571429
51545021.428571
43466502.857143
44143563.333333
39945815.714286
40303017.619048
