24950710.000000
23877530.952381
22159032.857143
22005744.285714
21285262.857143
21614095.238095
21748008.095238
21357220.000000
20924501.904762
19604984.761905
19960645.714286
23480839.047619
21605650.476190
20611062.857143
21145689.523810
20497436.190476
20822506.666667
21832296.666667
20906967.619048
21002494.285714
20750829.523810
20547834.285714
20415493.333333
20453217.142857
20262798.095238
21326469.523810
21336914.285714
21180287.619048
21180445.238095
21146465.238095
20764384.285714
20709921.904762
20510453.333333
21011930.000000
20663217.142857
21072950.476190
21167426.190476
21109899.047619
21068539.523810
21065740.476190
20771819.047619
20538626.666667
20936484.285714
20877723.809524
20948834.285714
21485226.190476
20985470.476190
21377600.476190
21804455.238095
21451765.714286
21396795.714286
21184095.238095
20987360.000000
21081362.857143
21284021.428571
20947181.904762
20831066.666667
21315347.142857
21558226.666667
21108295.238095
21488040.476190
21226819.523810
21153450.476190
20825045.714286
20943849.523810
20864445.714286
20821186.666667
21059800.000000
21113920.000000
21200623.333333
20716651.428571
21057999.047619
20759798.095238
20896304.761905
20941782.857143
21521445.238095
21085420.952381
21429001.428571
20758350.476190
20594920.000000
20634460.952381
20910651.428571
20604428.571429
21255390.476190
21253367.619048
21047062.857143
21158569.523810
21100022.857143
20963078.095238
20951074.285714
20851352.380952
20679706.666667
21036085.714286
21199123.809524
20834462.857143
20996007.619048
21040523.333333
21067710.476190
20973960.000000
21231148.571429
20854300.952381
20996340.952381
20710944.761905
20721167.619048
20655139.047619
20861716.190476
20786822.857143
20960049.523810
21120293.333333
21202539.047619
21224603.809524
21215725.714286
21184323.809524
21159081.904762
21055954.285714
21079440.000000
20897771.428571
21713153.809524
21185167.619048
21127761.904762
21003426.666667
20914588.571429
20952558.095238
21052847.619048
20948880.000000
21159923.809524
21579781.428571
20968834.285714
20980860.952381
20697102.857143
20849927.619048
20791291.428571
20714100.952381
20990811.428571
21085160.000000
21166893.333333
20880859.047619
20921881.904762
20916432.380952
20810569.523810
20847137.142857
20557636.190476
21080201.904762
21116434.285714
20892240.000000
21189623.809524
20885643.809524
20774660.952381
21026106.666667
20895676.190476
20994091.428571
21064518.095238
20973529.523810
20844361.904762
20730849.523810
21077464.285714
20842192.380952
20747556.190476
21131007.619048
23734396.190476
22507729.523810
21981228.571429
21605683.809524
21469862.857143
21533889.523810
25170624.285714
21465108.571429
22198457.142857
21893634.285714
21550714.285714
21217920.000000
21284340.952381
21213921.904762
21458409.523810
21453478.095238
21811043.809524
21746142.857143
21895605.714286
21260619.047619
21148788.571429
20939506.666667
21554889.523810
21212889.523810
21410161.904762
21798487.619048
21934506.666667
21463653.333333
21872055.238095
21140716.190476
21225133.333333
21207323.809524
21209297.142857
21359291.428571
21873860.952381
21411700.952381
21310049.523810
21287300.952381
21772181.428571
21517788.571429
21570360.000000
21428190.476190
21359350.476190
21863180.952381
21011485.714286
20971826.666667
20850502.857143
20963561.904762
21266407.619048
21534121.904762
21578302.857143
21592264.761905
21312123.809524
21563213.333333
21466089.523810
21662535.238095
21495904.761905
21324815.238095
21678003.809524
21867289.523810
21593876.190476
21515575.238095
21280569.523810
21543420.952381
21617150.476190
21708388.571429
21552638.095238
21734245.714286
21768613.333333
21180388.571429
21232274.285714
21021030.476190
21010841.904762
21358510.476190
21440131.428571
21685714.285714
21563680.000000
21531455.238095
21769706.666667
21588828.571429
21480348.571429
21494708.571429
21391982.857143
21544034.285714
21875459.047619
21436481.904762
21420358.095238
21287847.619048
21492405.714286
21745986.666667
21673146.666667
21301379.047619
21429683.809524
21491177.142857
21196108.571429
21074866.666667
21171584.761905
24403918.095238
22567965.714286
22492716.190476
22338527.619048
22036224.761905
21865306.666667
21759649.523810
21619986.666667
21502680.000000
21778847.619048
21435902.857143
21905078.095238
22008264.761905
21641190.476190
21362914.285714
21297847.619048
21488832.380952
21633047.619048
21585883.809524
21694811.428571
21839826.666667
21817470.476190
21352167.619048
21220285.714286
21286285.714286
21069201.904762
18923368.571429
19403357.142857
20105315.238095
20902158.095238
20112350.000000
19708868.571429
19495660.000000
18599420.000000
19479435.714286
18829265.714286
18143664.285714
18755015.714286
18181206.666667
18476772.857143
20219504.761905
19458003.809524
21429081.904762
21028373.333333
21215754.285714
21140752.380952
21012895.238095
21045700.952381
21115965.714286
22365620.952381
21688969.523810
21480129.523810
21427619.047619
21379760.000000
21432219.047619
21147240.000000
21159560.000000
21577390.476190
22551796.190476
21537072.380952
21141434.285714
21174160.000000
21225508.571429
21084230.476190
21084868.571429
21111940.952381
21657569.523810
21835335.238095
21534691.428571
21303935.238095
21530017.142857
21665697.142857
21206466.666667
21225434.285714
21346102.857143
21387481.904762
21861038.095238
21605940.952381
21601365.714286
21944678.095238
21788255.238095
21514470.476190
21400436.190476
21476876.190476
21453653.333333
21766558.095238
21627647.619048
21941969.523810
21742662.857143
21535127.619048
21127396.190476
21125540.952381
21262167.619048
21003163.809524
21430756.190476
21776304.761905
21906718.095238
21735811.428571
21661047.619048
21136523.809524
21343914.285714
21354403.809524
21211011.428571
21205302.857143
21588361.904762
21672699.047619
21627163.809524
21132761.904762
21329786.666667
21221771.428571
21309878.095238
21055605.714286
21373897.142857
21433617.142857
21642426.666667
21266333.333333
21216906.666667
21313958.095238
21107139.047619
21184767.619048
21383158.095238
21511693.333333
21521800.000000
21652175.238095
21112220.952381
21578238.095238
21166956.190476
21145937.142857
21111531.428571
21583026.666667
21601476.190476
21708097.142857
21217163.809524
21307055.238095
21460424.761905
21554480.000000
21297963.809524
21589028.571429
21556091.428571
21734841.904762
21307462.857143
21299129.523810
21445801.904762
21209565.714286
21493407.619048
21623489.523810
21941996.190476
21903992.380952
21813447.619048
21258942.857143
21551807.619048
21382426.666667
21409367.619048
21294544.761905
21610912.380952
21561346.666667
21702278.095238
21028843.809524
21548792.380952
21404476.190476
21583455.238095
21421742.857143
21486062.857143
21566826.666667
21635440.000000
21140226.666667
21191144.761905
21452019.047619
21089714.285714
21184857.142857
21323051.428571
22081234.761905
21548260.952381
21313038.095238
21021268.571429
21392540.952381
21109649.523810
21275472.380952
21173944.761905
21401133.333333
21385017.142857
21440041.904762
21059127.619048
21167333.333333
21258497.142857
21061400.000000
21167779.047619
21325931.428571
21375506.666667
21301870.476190
21187099.047619
21092055.238095
21242714.285714
21115702.857143
21089329.523810
21304386.666667
21519638.095238
21345630.476190
21357220.952381
21052074.285714
21166792.380952
20910773.333333
21070114.285714
21140563.809524
21184807.619048
21363788.571429
21188030.476190
21211794.285714
21156236.190476
21236487.619048
20996838.095238
21042272.380952
21088702.857143
21276504.761905
21414472.380952
21460358.095238
21288156.190476
21378655.238095
21143339.047619
21031840.000000
21466977.142857
21512325.714286
21463862.857143
21520681.904762
21077615.238095
21323630.476190
21129689.523810
21160746.666667
21380139.047619
21424662.857143
21514931.428571
21306923.809524
21143291.428571
21175573.333333
21234253.333333
21286988.571429
21406348.571429
21332828.571429
21449678.095238
23230442.380952
21381746.666667
21125514.285714
21119099.047619
21152474.285714
21190881.904762
21496274.285714
21619272.380952
21569750.476190
21461367.619048
21136234.285714
21390840.000000
21226895.238095
21131146.666667
21181339.047619
21237409.523810
21438868.571429
21282428.571429
21190081.904762
21088927.619048
21217180.952381
21046819.047619
21293674.285714
21321200.000000
21370763.809524
21326342.857143
21233872.380952
21227918.095238
21343407.619048
21416670.476190
21308657.142857
21606203.809524
21657619.047619
21687956.190476
21480011.428571
21202464.761905
21342990.476190
21186344.761905
21087434.285714
21294958.095238
21461344.761905
21328626.666667
21287876.190476
21137760.000000
21081744.761905
21234400.000000
21107544.761905
21078973.333333
21421017.142857
21314457.142857
21460527.619048
21024752.380952
21104462.857143
21256274.285714
21200716.190476
21259441.904762
21508194.285714
21742744.761905
21805009.523810
21563622.857143
21344944.761905
21274603.809524
21126009.523810
21148537.142857
21263725.714286
21459207.619048
21454068.571429
21464754.285714
21322729.523810
21233087.619048
21320977.142857
21353514.285714
21284342.857143
21709758.095238
21474527.619048
21671727.619048
21242057.142857
21274382.857143
21343470.476190
21296032.380952
21251840.000000
21529451.428571
21713184.761905
21644361.904762
21341699.047619
21072798.095238
21256047.619048
21224434.285714
21207874.285714
21303754.285714
21455173.333333
21345360.000000
21443815.238095
21125030.476190
21147546.666667
21137076.190476
21217878.095238
21237356.190476
21491788.571429
21317651.428571
21507144.761905
21234649.523810
21244720.000000
21101081.904762
21161287.619048
21082862.857143
21346923.809524
21621131.428571
21583645.714286
21585622.857143
21245384.761905
21324912.380952
21201297.142857
21206961.904762
21226653.333333
21526510.476190
21415146.666667
21691249.523810
21292268.571429
21445740.952381
21324902.857143
21415420.952381
21372407.619048
21593051.428571
21305013.333333
21608779.047619
21264550.476190
21353413.333333
21437794.285714
21367083.809524
21390323.809524
21476434.285714
21889196.190476
21805382.857143
21566718.095238
21250161.904762
21390306.666667
21246474.285714
21416447.619048
21361224.761905
21608500.952381
21407068.571429
21698672.380952
21196234.285714
21384112.380952
21208640.000000
21195613.333333
21289773.333333
21508948.571429
21378491.428571
21444243.809524
21181234.285714
21344480.000000
21399346.666667
21299078.095238
21327213.333333
21390367.619048
21674531.428571
24251982.857143
22819240.000000
22016457.142857
22251392.380952
21758638.095238
21889880.000000
21826156.190476
22231373.333333
19020100.000000
21618934.285714
20821642.857143
20819405.714286
19168325.714286
19065340.000000
18516170.000000
19437627.619048
19618585.238095
20206482.857143
19640074.285714
19251881.428571
22314227.142857
19908970.000000
22186832.380952
21896980.952381
21841188.571429
22037920.000000
21747241.904762
21726481.904762
21649480.000000
21529438.095238
22444518.095238
22086819.047619
21546356.190476
21760150.476190
21704333.333333
21547302.857143
21641921.904762
21598281.904762
21785990.476190
22356697.142857
22028131.428571
21473219.047619
21834226.666667
21717560.000000
25079783.809524
21343577.142857
21766310.476190
21617160.000000
22408906.666667
22012487.619048
21793988.571429
21806670.476190
21668441.904762
21548373.333333
21627756.190476
21583678.095238
21581782.857143
21812761.904762
22187691.428571
22214314.285714
21826822.857143
21526805.714286
21557560.000000
21498944.761905
21784916.190476
21660375.238095
21919211.428571
22043813.333333
22205828.571429
21799535.238095
21630954.285714
21549074.285714
21763480.000000
21870575.238095
21827908.571429
21966731.428571
22063485.714286
22104342.857143
21868262.857143
21830034.285714
21773756.190476
21569649.523810
22245156.190476
21864636.190476
22351080.000000
22210093.333333
22074131.428571
22072255.238095
22012878.095238
21930470.476190
21936561.904762
21615222.857143
21983664.761905
22353190.476190
22046198.095238
22216327.619048
21963712.380952
21930720.000000
22101173.333333
22192302.857143
21770040.000000
23897358.095238
23535862.857143
22666108.571429
22246346.666667
22277514.285714
21920967.619048
22189333.333333
22348729.523810
22524291.428571
22489929.523810
22184268.571429
22138845.714286
22118786.666667
22032763.809524
22241611.428571
21845636.190476
22349889.523810
22319891.428571
22045748.571429
21871952.380952
21774996.190476
21913605.714286
22140771.428571
21909554.285714
22149327.619048
22196100.952381
22321826.666667
22201169.523810
21979066.666667
21923889.523810
21661929.523810
21670445.714286
22036015.238095
22290133.333333
22315228.571429
22130321.904762
22252982.857143
22065165.714286
21950973.333333
21914003.809524
21623445.714286
21956510.476190
22197062.857143
22070516.190476
21866222.857143
21980068.571429
21636954.285714
22069310.476190
21912554.285714
21838419.047619
21739900.952381
21788051.428571
21611308.571429
21724535.238095
21467516.190476
21396531.428571
21478980.952381
21923942.857143
22039024.761905
22140516.190476
21884266.666667
21891268.571429
21912864.761905
21725219.047619
21819548.571429
21664308.571429
22043561.904762
22142464.761905
21927121.904762
21693257.142857
21717556.190476
21690748.571429
21925967.619048
21697314.285714
21925666.666667
21944420.952381
22044032.380952
21629937.142857
21810291.428571
21544040.000000
21499062.857143
21357388.571429
21665855.238095
21838053.333333
21965499.047619
21849982.857143
21993937.142857
21640680.000000
21858074.285714
23506820.476190
21427089.523810
21525775.238095
21911003.809524
21722327.619048
21952047.619048
21623034.285714
21697424.761905
21814148.571429
21820398.095238
21802291.428571
21612820.952381
21791666.666667
21502638.095238
21384580.952381
21456409.523810
21469838.095238
21655472.380952
21751691.428571
22052184.761905
22210685.714286
22009276.190476
22126131.428571
21965967.619048
21999417.142857
21647489.523810
21807699.047619
22022175.238095
22302453.333333
21944866.666667
21822335.238095
21670262.857143
21848700.952381
21905820.952381
22044209.523810
22084611.428571
22144453.333333
22149700.952381
21846329.523810
21844030.476190
21795104.761905
24260134.285714
21726015.238095
21815527.619048
22065167.619048
22027287.619048
21894304.761905
21965847.619048
21768085.714286
21887990.476190
21698083.809524
21588876.190476
21747880.000000
21989670.476190
21799293.333333
21840247.619048
21645148.571429
21857952.380952
22015034.285714
22035586.666667
21802849.523810
21884845.714286
21787110.476190
21515312.380952
21367761.904762
21535765.714286
21409205.714286
21559748.571429
22658933.809524
21970963.809524
22263930.000000
22044124.761905
21739750.476190
21759466.666667
21640266.666667
21831653.809524
22093165.238095
22196451.904762
21959914.285714
21749537.142857
21559923.809524
21602657.142857
21613737.142857
21953872.857143
21593314.285714
21675984.761905
21744542.857143
21665657.142857
21715024.761905
21660870.476190
21582424.761905
21753963.809524
21386270.476190
22579670.952381
22190010.000000
21877851.428571
21719638.095238
21692173.333333
21668961.904762
21705451.428571
