620
327
592
285
460
247
746
246
177
261
181
249
178
213
175
138
804
49131
321
63663
635
65595
635
62516
234
60875
235
61851
645
59055
641
57530
6964
21981
42505
22583
43420
21871
40817
20479
4528
93342
415
60370
6002
20306
43043
21649
42290
19947
44063
20017
42304
19848
39602
21241
40546
18367
39655
52157
420
20309
37756
53478
457
54229
665
54440
632
56048
658
55810
652
56272
421
54918
426
55261
298
55490
1740
51942
4961
17293
38798
16051
40478
18148
38701
16421
4143
91102
421
54545
5894
16564
37745
17539
39857
17471
37795
17891
38341
18391
38489
17791
38590
17345
38510
52697
415
18079
39147
51365
426
54104
651
56557
627
54620
638
54209
644
55225
209
55824
425
54405
642
54321
628
54856
4763
15051
39993
15876
38389
15584
40712
18048
3949
88687
410
55515
4837
16820
38244
16559
38390
16700
41617
17609
38689
18391
38859
18196
37611
17390
41027
52041
236
19914
37743
49711
266
55288
323
55222
299
53467
320
55519
327
56525
240
57054
258
55416
308
54579
303
52597
4940
17332
39296
18342
38581
17794
38588
14936
3434
89778
236
54564
4920
18441
38307
15867
39168
17780
38102
16324
38326
17184
40162
18129
37695
17662
38663
50966
240
19301
39595
51476
252
55072
323
57393
304
55325
317
54672
319
56309
254
55259
251
54875
308
55869
303
56039
5526
17251
39195
16857
40290
16334
41657
16312
4222
87898
225
54816
4591
18883
38816
18090
38205
18538
40160
17379
40045
17694
38610
17312
38344
17121
39969
51780
241
19667
37214
49641
262
54751
327
55020
305
55081
325
55434
326
56234
259
55971
264
56481
315
56833
419
52827
5046
18678
39245
18429
40720
16890
38752
18866
3265
88911
228
54256
4611
18359
39420
18186
39001
17819
41877
17650
39613
17573
37407
17514
39366
18164
37636
51961
423
20322
38054
52470
224
54362
649
54384
634
55477
647
54180
649
55770
422
55649
431
55805
282
54393
630
54467
4760
17628
39902
17071
38949
16563
38956
17216
3677
90342
408
53602
4771
17484
39661
17244
37996
16408
39801
16603
39025
17401
39635
18177
37585
18211
38441
53601
419
18986
39277
50570
432
54365
668
55251
634
52809
643
53870
333
56610
249
55525
460
53488
682
56363
309
54120
4965
19158
38213
17467
41127
18069
37793
16922
3934
90096
435
55672
4927
16840
39989
18548
39048
18406
40526
17674
39214
17934
38763
17227
39080
18367
40352
52426
976
20854
38293
56408
227
54197
306
56167
292
55002
648
56050
294
56034
429
55076
435
55549
646
55682
275
53192
4958
15795
41830
15982
40850
17336
38468
16889
3759
88796
215
55369
5874
16992
38768
16670
39585
16441
38950
16850
38064
17298
38535
18038
38157
17889
38511
52620
216
20613
38095
52297
238
54346
662
56559
633
54269
291
55080
644
56623
426
55417
436
54822
647
54484
636
55900
4936
16559
40028
18179
39375
17385
39691
17222
2872
88111
425
54011
4731
17274
39699
17612
38050
18185
38510
17585
38710
17679
38522
17774
37003
16922
39735
52006
421
19564
37553
50274
446
54275
668
54994
632
56172
661
54568
297
55602
870
54939
437
53948
645
54465
639
53035
5009
17900
39182
16661
40742
17255
38974
16841
3182
90307
199
53995
5306
15892
38140
16564
39715
17237
39217
17756
37476
18716
37567
18259
38202
17337
38814
53495
425
19841
39258
52478
242
54547
667
57034
268
55488
291
54785
651
55971
422
55826
437
54719
659
55532
642
55646
4718
17739
39042
18201
38967
17716
39945
16688
3875
89828
414
53332
4963
17721
40089
17365
38163
17962
38885
15657
40240
18120
38548
17650
38808
18729
38344
53229
422
19831
36482
52324
437
54229
303
55461
1587
54378
649
54474
293
55331
419
55388
429
55497
282
56899
638
53130
4738
18562
38437
16921
42070
17122
39706
18117
3235
90603
414
55503
4721
17377
38988
18489
38402
17280
40100
17711
38082
17022
38179
17604
39269
18599
39080
52418
417
20264
38530
52562
433
53489
654
55806
634
55079
653
54112
656
54516
420
56621
227
55127
648
55076
642
52832
4915
16866
40629
15738
41259
17389
38983
18180
2689
90719
203
56484
4747
17596
38685
17021
40127
17691
39638
18137
38398
17710
39671
17757
37701
18340
38706
53158
420
19180
38862
50828
437
56767
955
60537
310
59380
333
59344
329
59384
251
58553
267
58677
313
57361
314
55146
5572
18314
41307
18119
41947
17872
43152
18968
4759
92161
241
57542
5260
17899
40667
18963
41601
17917
43378
18610
40419
19136
41974
18576
40569
18210
41696
53083
358
21379
39043
53147
270
56426
687
56338
666
57370
680
59013
331
57943
252
56265
458
56645
683
56057
772
54116
4935
19892
40907
17238
43765
18831
45488
17576
5135
93687
234
59129
5594
18148
42185
18788
43017
18152
42105
18841
42465
18851
43022
17817
42590
18617
43045
55055
245
22189
40834
54765
462
56842
668
61142
648
58985
674
58158
336
59422
261
59896
271
59984
325
59548
310
57721
5587
19308
41212
18339
44075
18893
41952
19041
6312
156798
237
87229
9060
27981
50975
26680
50864
27731
45884
19004
64189
28145
55947
28086
43952
20099
55435
74110
249
22176
66576
80183
277
74405
338
126471
308
112910
337
75690
343
89551
262
81369
269
80428
333
76172
316
116012
4428
18470
99167
27987
61017
28220
54708
28052
5946
120150
362
79944
8207
29679
91374
17538
73493
19446
92045
19285
87721
14778
89753
25064
88663
17820
93029
95049
253
33782
61603
77281
282
78843
336
76761
311
74483
333
58383
342
91486
253
108221
271
108714
327
98434
309
109639
8491
28692
99393
26665
92674
20207
100512
27589
6177
142176
234
76102
8365
28473
44662
17905
65340
28215
50645
28263
48351
19856
63747
27358
56188
28104
54124
69510
256
21001
63561
73653
285
101940
336
110773
315
98425
340
88564
344
85034
257
79068
273
80231
331
79764
307
79191
8448
29003
49984
27734
52565
27702
43199
19414
6187
133820
237
80195
8527
28479
50518
28117
51277
28265
43744
19310
62676
28049
47281
19926
55324
20340
68115
76939
247
33760
45004
75941
281
83943
344
82073
312
80402
336
79243
341
81108
252
78194
264
81081
328
74592
316
78566
8372
28326
54353
27907
54842
27699
52084
27810
5314
118429
236
78869
8342
28496
50116
28001
43673
18948
49481
24567
91550
17698
89228
17096
89006
18871
92096
101512
247
22476
79816
82861
273
81785
336
82581
320
79140
333
78843
338
80974
254
80377
269
79132
323
80372
310
78292
8359
28227
50382
27892
53499
27678
51386
27797
5956
119323
233
79125
8610
27330
48071
27749
54128
27709
53969
28164
50371
27752
51031
28130
51206
28027
53534
72938
242
33805
52005
64569
279
81183
341
87295
314
80680
340
79357
333
81361
258
78782
268
78803
321
80332
316
79331
8502
28233
50711
27135
52645
27598
51985
27775
6534
118517
233
79592
8440
27509
48318
27721
52940
27939
54381
28558
51025
27744
51462
27730
51356
27964
53817
72877
242
33693
51114
72341
277
79311
342
82391
311
78655
337
78863
331
82052
256
78599
260
79409
324
80824
308
77850
8474
28423
50565
27887
52924
26851
43047
17685
6294
195219
232
95391
8466
28593
54596
27655
53571
27690
54143
27509
50744
27856
44205
16778
87096
18952
88357
98231
243
21277
87055
100845
266
103146
344
93222
312
84877
337
79770
333
81149
256
78323
271
78735
324
80792
309
79148
8384
28203
50027
27551
52687
27530
52394
27478
6269
113724
229
82923
8307
28063
51408
27416
52232
27721
54040
27767
51379
27823
52029
27602
51245
27778
53859
68408
239
21536
39125
51598
263
54933
340
56847
303
54268
303
55581
315
56365
223
55937
235
55129
294
56787
279
52552
4669
17838
39043
16292
40044
16967
40269
17007
4157
90464
395
55282
4203
18027
37952
16950
39749
16463
40290
16273
43399
17169
40070
17111
38300
16928
42799
51179
388
19439
38624
52340
409
54710
496
54800
467
53278
472
54599
489
55053
490
54135
417
54265
475
54314
458
53717
4311
18630
39763
16568
40843
16269
39796
15452
3098
92815
394
54396
5635
17002
41409
16482
41336
16328
40091
16828
38597
16163
39224
17052
40022
16810
41292
52308
364
19262
38711
51417
403
52958
489
54861
456
54776
478
54878
488
55865
413
56781
411
54672
469
55303
465
53273
4877
17158
40125
16941
40412
16718
40450
16865
4112
91235
397
52822
5371
16685
39302
18020
39286
16967
40834
16776
39809
16946
38454
16719
37348
16715
39137
51516
396
18685
38406
51010
414
54831
485
55187
679
54851
482
55474
486
56531
403
54868
407
55028
575
53117
466
53435
4763
16663
39104
16967
41872
18300
40243
16592
4077
89542
387
54019
5232
16420
39478
18211
39244
16371
40255
17674
38957
17054
38355
17034
38533
16719
39398
51162
397
19039
38316
50724
404
53023
492
55286
457
53167
717
60157
330
56441
258
55553
262
56261
322
57506
310
54708
4597
19183
39967
16836
40787
16813
40376
17039
3986
93236
237
54365
4713
18287
38985
16917
39995
15486
39902
17459
38559
16888
39541
16523
38523
16758
39531
51421
240
19256
38264
50272
270
56190
339
53767
313
55040
323
56312
335
58267
252
55033
263
54997
316
54818
306
52623
5017
17070
39364
16493
40640
16299
40474
16955
4148
91163
229
55132
4872
17299
40098
16878
39755
16335
40423
16250
39256
18168
38725
16419
38087
16836
40457
51517
242
21016
38308
51023
265
53642
339
56969
309
56357
320
54558
335
54941
255
54543
260
54657
317
54928
308
53165
4869
17320
39581
16864
41717
17002
39632
17012
4786
92110
233
53903
4930
17045
39755
16658
40408
17205
41225
16629
39293
17724
39719
16858
38499
17356
39381
52490
240
19500
39849
53542
274
54074
342
55743
305
56335
318
54192
325
56254
242
54125
257
54998
326
55461
309
54834
4972
18534
39856
16659
39383
16603
39655
17063
4079
89597
225
54973
4801
17276
39805
17048
38947
17066
41367
16737
39697
16780
39803
17213
39206
17126
41076
52219
241
20007
38004
50779
272
57126
329
55096
308
55128
322
56163
328
54678
243
54470
260
55389
322
56874
305
53745
4786
18433
39014
18072
41729
16605
39807
16921
3199
90171
217
54847
4948
18291
38511
17678
38903
16670
40115
17225
39846
17341
38302
17318
39082
17622
39235
52238
228
20657
37143
52336
443
52262
306
55704
281
56371
293
54730
286
56144
226
55378
236
56073
284
54586
277
55113
4691
17359
40436
16593
38967
17326
38323
16343
3645
89353
209
54173
4727
16263
40359
16671
39017
16403
38995
16547
38910
16471
39606
17321
37273
18012
38075
52724
208
19941
37477
51192
229
55881
307
54499
277
54145
307
57408
292
55255
225
54512
226
55325
296
54180
270
52017
4677
16284
38419
17043
40754
16847
39590
18569
3649
89025
206
54771
4657
17919
37954
18181
38780
16942
39475
17645
37828
17326
37872
16411
39613
17550
39596
50990
206
20062
37617
51676
226
52286
307
55883
273
54516
293
53735
297
54742
213
55004
223
53244
284
53866
272
54413
4560
17600
38524
18622
38785
16376
40830
17103
3712
87563
217
54896
4789
16715
39117
17332
38647
17558
39275
16797
39012
16359
37776
17689
37824
15820
39183
50139
529
19831
37209
51647
260
52506
338
55133
313
54880
328
55372
332
55347
250
54155
256
53612
319
54230
305
51912
4604
15983
38911
16964
39160
16588
39481
16685
3958
89826
233
54528
4672
16295
40462
16724
38856
19572
42881
19089
39635
16914
40347
16354
40542
17585
41786
53209
247
19429
43139
52556
270
55433
349
56192
318
54912
327
55225
333
54412
253
53723
270
55103
323
56863
313
54112
4703
16844
38730
16621
42245
15774
42185
16224
4145
89783
235
54879
4745
16579
40913
16372
40061
17017
40838
16578
41433
16129
40075
16215
39526
17089
39258
52041
453
18430
38745
51492
270
55677
343
54654
316
55154
329
55289
337
54649
1600
53730
254
55275
314
55259
299
51957
4339
19670
40360
16617
40622
16077
39388
16817
3953
90442
221
53115
4411
15908
39331
16147
41242
16296
38656
17972
40033
16717
38489
16072
39404
16416
38962
52156
222
18384
39239
50294
244
52516
307
54322
291
54210
305
52890
301
55334
228
53484
238
53168
291
54446
285
52510
4434
17080
38696
18170
41654
15763
40457
16491
3629
90208
218
52487
4899
16314
39655
16495
38558
15575
41487
15715
38976
16317
38454
16499
39438
16234
40360
50223
220
19103
38704
50279
237
54231
309
56370
289
55101
303
53685
304
57269
237
53898
438
52951
296
55322
285
52510
4399
17278
38433
15031
40315
17351
40206
15830
3678
90567
216
54937
5161
15924
41444
15580
39015
16602
38988
17122
40296
15856
39333
16010
39180
16729
39031
53416
228
19078
37969
49548
247
53860
307
53818
288
54137
299
55297
307
55440
224
55177
235
54534
297
54611
284
50980
4482
17676
40040
15473
39943
15686
39582
16206
3425
90455
217
53000
5714
16344
40264
15994
40121
16167
39615
16486
39095
16490
38316
16195
40625
15744
38975
50832
226
18876
39318
50292
242
54040
310
54599
286
52744
298
53654
300
53482
234
54047
231
54665
296
54497
284
52915
4542
16852
40042
15784
39999
16517
40051
16398
3490
87707
215
52892
4827
16044
40625
15390
37878
16099
41659
16189
39185
16175
37934
16430
37693
15539
38770
50053
227
18395
38123
51668
239
54731
309
54359
290
57074
297
55436
309
55230
224
57174
241
54062
306
56188
293
54215
4425
17805
38758
15268
39924
16311
40634
16253
3977
90932
217
53900
4672
16714
40724
18441
39179
16926
39027
15780
40477
16407
39831
16698
37955
16862
39579
51229
433
18458
39499
49741
438
54129
317
53770
287
54190
302
53812
308
55667
226
55423
233
55177
305
54898
284
52069
4931
16410
40277
15263
40778
17515
39259
16975
3445
91846
214
53073
4855
17427
38859
16272
39315
16584
40185
15695
39148
16273
40093
16610
38536
16765
40452
50255
219
18312
39214
49192
238
52525
314
53888
290
53357
295
53807
302
55435
223
53925
239
53067
300
54327
284
54580
5261
16568
39149
16759
41640
16095
41157
16512
3780
89882
217
57076
4765
17372
40159
17044
39774
18041
38823
17208
39294
17702
37343
16438
37616
17749
39996
52608
220
20016
38710
52353
246
54415
316
55900
289
57031
298
54794
308
55493
232
56217
248
56609
300
55942
285
55110
4693
16754
40725
17956
40745
17155
39748
17752
3186
89529
214
54034
6201
16865
38864
16782
39145
17329
39024
16834
38287
18149
39223
16872
38697
15600
39280
51786
490
18482
38918
50987
454
54738
688
55644
651
55243
708
54026
735
56504
453
55601
493
54763
714
54508
725
54092
4989
17109
38872
18795
39617
17013
39595
17086
3769
88825
657
54520
4751
17465
40226
17951
38749
18018
38686
17211
40482
17648
39112
18069
37412
18235
39086
52290
443
19898
38052
51480
461
55684
674
55758
644
55226
562
56552
331
55364
252
54304
265
56249
323
54627
310
54184
4940
16983
39040
16326
41360
17491
38887
16736
3961
87619
237
54535
4917
16252
38025
17368
39707
16093
36931
15826
36268
17430
37525
17409
38659
17349
37833
50509
395
19703
38001
50366
419
51257
486
55581
467
52858
479
53946
487
56634
412
54368
448
53515
476
56224
467
52991
4769
17629
37396
16535
38760
16867
37654
15848
2596
84996
390
54871
4672
18000
36227
16341
40102
16917
40926
16333
38508
18291
35915
17335
38897
17223
37648
50172
399
18312
38246
50995
411
51805
524
54253
474
54451
492
52216
501
55788
414
53538
417
55341
480
53763
462
54138
4773
17754
36746
17551
38122
17316
39608
16453
3334
88043
399
54227
4599
16371
38849
17652
37168
17474
37778
18190
39932
17149
36291
16847
37749
17061
39091
50228
431
20742
37630
52383
416
52362
492
53843
466
55481
479
54331
487
53498
405
55204
417
55621
481
53793
469
52875
4635
17597
39931
16363
38291
18108
39805
17141
3307
87121
1600
52302
4257
15669
39044
17307
38555
17315
37989
17310
39157
17075
38131
16516
36368
16303
39103
51756
392
19303
37114
48540
416
54157
492
54083
465
52763
474
54764
485
54545
465
53822
412
52030
479
52486
656
52080
4696
17272
39445
16728
39984
16427
38480
16515
3683
89876
400
52511
4737
16200
38585
16334
39737
17330
37499
18900
37454
17504
38746
16508
38169
17581
37788
52742
416
19658
36166
49310
413
54354
488
54806
465
52371
451
55398
484
54928
414
52508
416
53727
474
56583
466
52179
4732
16858
37758
15638
41133
16724
37632
16930
3334
88385
391
53378
4754
16750
36787
18344
37963
17128
39272
17538
37182
15495
38369
16299
39733
16179
37553
50372
392
18879
38785
50674
428
57309
336
59961
319
54069
323
52932
325
57671
248
55156
267
56635
317
54947
308
53867
4676
16044
38703
17791
39038
16725
41588
16991
5129
89434
232
54360
4916
16612
40889
16748
39917
16836
39426
16246
39621
17533
40318
17298
37622
17301
39656
51584
252
18588
38024
51327
265
53260
342
84901
312
53660
327
103367
333
65547
248
53879
262
54432
315
53956
308
52385
4464
16945
38725
14327
40348
17549
39159
15630
4036
88828
230
53101
4240
18466
38154
15120
40364
17426
40182
17268
37755
18975
38779
15947
38420
16504
38369
101756
319
17881
37253
49879
300
72113
327
54531
308
55017
415
56480
329
55234
241
89335
258
53765
420
55534
305
54106
4603
17440
38730
15222
39925
16818
39110
16923
3974
107605
227
53053
4669
17893
38490
15830
47911
25561
39460
15304
39989
17489
39718
16596
46974
26820
37281
51481
246
19687
39404
50411
250
53813
427
53325
414
69959
322
53808
325
54931
331
56301
260
54392
432
52477
410
102404
4321
15307
38067
18410
39973
17113
39983
17236
3750
89664
228
54549
4829
16955
37955
17164
39498
16629
39771
14968
46654
22573
39044
16400
37773
16962
45966
51354
239
19857
37755
50737
362
65351
332
54908
311
53279
326
60219
335
55792
257
53950
341
54049
418
69562
313
53486
4673
16890
38106
17760
39644
15304
40263
16810
5333
115337
232
53912
4753
18226
38443
15345
38848
17854
39433
17504
39227
17055
39188
16680
39067
16101
39994
63213
237
19699
38194
50545
264
54458
339
55284
311
53884
327
54417
327
72526
244
55223
263
53701
317
57051
308
52381
4544
17811
39901
16764
40825
16943
49263
16768
3988
120996
307
51754
4880
16704
37996
16193
38031
17613
39984
17002
37854
17838
38867
16917
38422
17674
38641
51270
240
18403
54615
49756
267
52223
427
55604
309
54116
321
53069
330
56935
246
53949
259
54759
320
55680
308
66833
4517
16595
47156
27346
41770
17499
38906
16749
5165
88834
224
51287
4882
17501
39936
16853
39569
18087
37691
17844
38272
15900
38638
16658
38637
17133
37896
52277
238
20250
37148
51273
261
53824
456
55946
302
53516
423
56218
324
56459
246
54178
256
54710
417
55438
305
53038
5588
17714
39061
16465
40863
16336
40167
17404
3256
89454
358
54532
4765
17437
37651
15904
39253
16913
40642
16437
38583
17095
37810
16520
39313
16352
39647
51222
235
20345
38181
50378
257
54010
327
55346
309
55456
325
54575
429
55757
245
56590
357
54378
313
59849
412
56354
4989
18076
40184
17086
40684
16586
39539
17844
2848
90206
229
54435
5089
18400
39411
17838
40896
17559
40886
17967
38497
17503
39816
17381
38592
17160
40045
52489
309
19879
39688
51480
329
55486
443
56200
313
57131
326
54777
451
55455
251
55517
268
56377
316
55879
307
55237
4716
18407
39486
17476
39386
17826
39819
18697
3552
89711
308
54786
4764
17001
41435
17898
38348
18015
39223
16544
39152
17201
38296
17823
37750
17055
39407
53624
252
20641
37634
52165
261
55999
456
55995
307
55593
426
54805
441
54340
252
55888
317
55592
466
57204
307
54274
4962
18124
38664
16664
40532
17427
39419
18175
4088
89116
300
55084
5369
16908
38515
16608
39609
18239
40649
18005
39325
18197
38569
17474
46213
28368
42423
52681
241
19750
37717
52259
266
55687
335
55971
588
56221
328
55438
335
56686
257
56529
345
56127
324
58239
419
53877
4761
19495
39022
18411
40626
18641
40862
17731
2813
89889
228
56673
4851
17361
39563
18553
39662
19290
40901
17801
41289
16097
38236
17536
38300
17277
40503
52091
245
18414
38444
51409
258
55642
331
56310
309
57105
446
55245
424
55340
250
55317
302
57236
312
55993
309
54125
4590
15467
40152
14638
39618
15273
41608
16292
4387
91227
229
54560
4915
16636
39414
15258
40762
14853
40413
15458
39229
15547
40822
15547
40406
16383
40116
52003
237
18520
40143
50742
258
53140
447
55612
307
54234
321
54153
513
57159
248
57295
260
56786
317
56817
408
55244
4570
17659
40093
15119
40559
16063
40557
16950
3020
89658
609
56125
4529
16752
40408
15807
40839
17182
40188
16627
40277
16677
38531
17197
38365
15754
40376
53295
244
19507
38414
51920
252
55267
328
56556
303
56366
316
57237
329
57632
242
55074
255
55349
320
54466
306
55972
4627
17178
40183
17945
43008
17339
41803
16299
4195
91367
427
55637
4331
18411
40514
17724
40332
17894
40987
17335
39943
18155
39037
17320
40599
17451
41964
54918
426
20371
38900
54675
443
55459
679
56337
676
56324
674
56124
675
57400
437
55066
433
56457
657
56928
671
54735
4541
19030
39608
16980
41937
17637
38569
16873
4363
90292
429
57120
4489
18333
38966
18642
39841
16426
41739
18040
41112
18268
39056
19745
39647
17455
41449
52751
442
20484
38724
53066
438
55162
681
56609
657
56642
672
56771
680
57041
428
56959
242
56916
667
57714
658
54891
5772
18962
39357
17690
43591
17578
42938
17724
4313
92313
431
57402
4368
18744
41560
17977
39322
18014
42037
16415
40714
17093
38152
18445
37407
18153
38947
65802
429
18820
38841
52023
461
55581
686
53931
639
58208
658
57690
679
69282
431
55617
449
88618
656
54349
659
54110
5002
17034
40577
16789
40552
17520
39040
17140
3793
98891
433
54237
4724
17445
38945
18825
40447
14751
54993
15401
39111
17306
38532
18042
38875
15414
40822
52904
426
18892
37684
62697
279
53475
678
54587
642
54724
655
52947
466
55934
438
57123
449
66025
662
55317
649
51832
4735
17918
40384
16085
41975
15644
39524
19907
4381
96050
470
64943
4820
16419
40230
17060
38994
17960
41975
17382
38102
16836
39346
16115
38025
17562
51775
53051
426
18686
74039
50988
436
55616
691
55790
664
53508
657
53896
663
61563
420
53066
446
54589
363
108429
659
55068
4883
17597
91865
24222
39878
17041
40049
17621
6307
156370
444
53113
4641
16202
40904
15567
49575
25384
38377
17016
38905
17598
39073
16462
53657
16353
39695
89104
426
19006
37469
53440
442
54859
680
53860
1421
54913
650
56279
663
56001
438
56761
439
55178
670
57360
664
53389
5712
17649
38686
16983
44620
16461
48415
26501
3957
91165
431
53040
4720
15493
52223
17246
39350
16651
39536
17045
39207
16450
47034
26290
38899
15475
39071
52310
440
17450
38107
51789
441
55627
677
66514
645
54787
374
54767
679
58258
438
60442
453
66049
659
53959
637
52943
4756
17836
56273
17466
39216
18007
39384
15629
4375
101547
431
53563
4406
17966
38431
18580
38620
16647
40841
19235
38228
17826
38229
18705
41331
15986
40119
51230
435
19881
38551
51543
446
52980
654
55065
655
65959
742
55031
369
54777
438
55487
455
55527
655
53450
642
52907
4827
16581
54415
16912
39279
14322
39472
18444
4165
93687
429
66025
4805
16841
40392
15549
39780
15803
42115
16426
39705
16499
37536
17143
45335
16972
39003
54002
433
18107
39014
62360
453
54323
678
54871
642
56384
652
54849
680
54331
421
100673
450
54667
656
53573
663
71756
4750
16881
38890
15308
80708
16719
39850
17040
4626
92611
427
53943
4860
17250
38829
15125
41064
16713
42786
18380
40199
18264
37996
19462
39064
16915
47809
62032
242
18475
39190
50326
270
52027
338
54877
305
55583
332
70333
330
55524
251
54635
261
55576
316
54668
309
88350
4267
18561
41162
16822
40074
16015
41798
16924
3773
94014
227
56877
4741
18325
39239
17005
39060
18732
67556
17668
39109
16476
39001
16024
41173
17341
40766
51191
271
20244
42488
52038
264
53654
342
57530
318
68393
331
54286
326
93882
249
55968
262
55492
320
56227
312
53295
4822
16280
37998
17495
40366
15267
49754
25250
3511
88609
1344
52268
4748
16103
49400
25158
38258
17056
39365
16316
39333
16013
49232
25304
37215
15843
39541
51278
234
18446
38285
49520
270
53507
325
53500
309
52939
329
53765
328
70444
247
54043
254
53152
311
59322
311
53797
4770
16323
38491
15758
39808
15514
52828
15856
3376
88967
225
53186
4782
16557
47976
25271
38095
15918
39829
17075
37931
15914
48241
25779
38560
15846
39504
50875
234
18194
37395
89079
260
52372
332
56171
312
53320
319
53739
423
56387
254
58666
256
54204
315
93208
303
52091
4835
16603
38514
17116
45601
16712
39083
15576
3418
88992
224
67530
4729
16353
39181
16269
39922
16639
39712
15682
48149
25143
38544
15835
38706
17215
90234
50099
233
19677
37692
49324
254
91557
338
53322
305
54907
318
53526
325
54557
252
53467
250
59728
317
54351
302
90877
4721
16050
38610
17168
39860
15277
40705
15490
4034
89254
225
54802
4872
16113
38519
16735
72911
15294
39587
17376
38442
15721
40859
15656
38760
15955
39382
52482
237
17861
37916
87771
257
52006
334
54413
301
54099
319
51911
330
57166
249
52158
252
53075
311
57177
310
59192
4778
16177
37315
15771
40161
17158
91052
15786
3415
89758
230
66844
4694
15847
39274
19137
39898
16421
40936
15460
52100
15639
38764
15671
38480
16415
41361
50306
234
18355
39617
49269
252
69721
334
54504
309
52686
316
57716
320
53497
240
89645
260
52862
311
58328
311
52631
4866
15942
39213
15210
40047
16860
41997
16444
3247
108866
228
52582
4061
17610
38251
15668
39553
16924
71832
15231
38828
16327
38523
15432
41131
15926
39328
50497
238
19577
41119
49713
255
90816
325
53417
303
53641
321
54849
326
53656
240
56471
252
54995
320
55177
304
52704
4786
17148
41214
15744
40119
15219
39175
17077
3557
101554
231
52755
4727
16454
38952
17425
38785
15413
49527
24721
38960
15460
38646
17703
39849
15846
50339
60222
237
18538
38185
50536
262
51999
325
93691
309
52981
316
55953
319
55219
245
53491
1688
54011
316
58698
299
52307
4665
17603
73315
15670
39858
15403
40000
17088
6622
89367
230
52624
4712
17367
40580
15603
40666
15940
39592
18614
37877
17804
41310
17007
40297
16149
38452
104691
238
20800
40384
52176
257
66284
334
55541
303
52884
326
58685
329
54209
257
54417
260
56067
312
66988
306
55499
4978
16081
40311
18173
41530
17421
49448
16987
3419
90492
228
56690
4651
17988
40424
16993
41133
16864
39338
18215
40217
16834
38202
16572
38991
17444
39794
62226
238
18716
38365
51619
264
57040
333
55377
305
54918
326
56310
322
66776
241
56436
259
54607
311
105498
301
52741
4839
17231
40539
17275
48016
26252
39538
17690
3458
137691
223
86961
4802
16986
40449
17825
38611
17909
40234
16569
39633
17137
37534
16281
38006
16062
54676
51047
234
17681
39175
51096
258
53306
330
54697
303
54958
319
54033
324
55492
243
104766
255
55062
313
53258
303
66121
4677
17530
39663
17196
41183
17483
40131
17403
5272
98673
230
54199
5196
17529
38596
17239
52918
16846
39214
16684
39868
18972
39234
17724
50778
17244
39554
51512
241
20577
38381
49565
256
52719
327
57146
317
67161
318
54200
325
54951
243
56620
259
54466
311
55170
300
55832
4841
18055
49560
16645
38839
18598
39227
17503
3949
102409
226
55514
4603
17278
38023
18023
40912
15496
40992
17507
38242
17563
37742
17346
44018
17569
37338
52036
241
20637
37663
65137
319
53313
1814
55209
307
57492
324
54253
320
55319
242
56129
253
65760
314
54177
303
52488
4860
18440
40235
16912
48543
24477
59623
15788
3924
87667
225
57206
4860
16654
37843
15963
38430
17358
38476
15775
53537
16619
38538
17422
40585
19153
40141
61700
239
18054
37697
50609
267
54954
330
54948
308
53697
324
55249
322
55625
241
54649
254
57018
314
68133
307
54354
5040
17362
39802
16679
41287
15940
52079
16846
3488
90037
225
55602
4870
16158
52075
17331
39215
16911
38963
18948
38947
17833
49330
17513
39141
17430
37912
53397
240
18578
46792
59871
254
52764
327
56624
306
54993
323
92780
323
55744
239
55499
252
57432
309
55162
305
52696
4806
17523
40358
16212
41464
16219
40334
16652
4361
91283
226
55431
4863
17343
38455
16918
39735
16970
42078
16876
39129
17714
38759
16186
39596
16987
42224
50136
239
20099
39549
49475
433
51304
290
56120
298
53677
282
54004
278
55927
415
53461
221
54503
274
55996
268
54189
4686
16813
39787
16285
39440
15378
41249
15762
4284
88467
408
51768
4539
16218
38868
16640
38525
15706
39746
15472
41085
17216
38347
17477
38473
16179
41056
51352
198
20380
40639
50486
237
70322
302
58165
276
54332
1776
55970
656
57177
422
54267
222
54593
651
56618
270
53513
5960
18313
41358
15041
41512
15035
40969
16117
5013
88706
413
56275
5063
17150
39939
16900
38468
16229
42341
16264
39306
17380
38114
16508
39964
16403
38986
52018
202
20316
38257
53029
226
52654
320
54212
263
57624
280
55021
288
54750
224
54762
227
54466
280
54348
265
54864
4811
16444
39283
16950
40011
17512
39245
15756
4118
90786
201
52885
4758
17497
39449
15756
40108
16944
39477
16673
38455
16758
38363
16906
37516
17399
38030
51906
205
18992
38572
52534
224
52919
297
56394
273
53661
642
53651
651
53686
219
54781
222
55884
642
56370
267
54626
4290
18210
37919
15556
40454
17017
39548
16376
3651
87949
411
52155
4128
17917
38148
16508
39645
15797
41444
15419
38369
17189
38689
16838
39327
16522
39545
51797
200
19094
39746
51772
220
52915
659
56012
637
52759
286
54235
289
56364
426
57100
265
54589
294
107674
310
63892
5203
17246
39028
17170
39958
16139
39699
16842
4879
139448
206
65943
5404
18577
39486
15769
40052
15873
42334
16312
39195
17212
38221
16291
40954
17084
39949
53270
418
20121
37781
51239
225
53684
657
54795
633
54491
644
55041
647
56481
418
56598
221
55925
285
55363
631
54054
4770
17690
38784
16544
39926
17373
39903
17099
2937
90662
1372
54097
4807
16847
40687
17192
39792
16181
39523
16388
38799
16155
40953
16583
39027
17712
38516
52689
213
19302
37001
49201
434
54411
308
56327
267
53672
643
55106
647
55052
213
53924
424
54114
640
55873
634
51438
4257
17641
38852
16216
41030
16873
39907
16818
4248
88429
203
52484
4817
17355
38501
17945
39083
15911
41410
15304
38506
18104
38326
16919
41452
16882
39542
51013
417
18092
40537
49654
222
53089
291
57044
640
54023
284
53823
647
53861
421
55154
221
54810
644
104053
309
65101
4193
18533
40149
16296
39115
16282
40331
16760
4987
133079
204
85101
4883
16079
38471
16960
38172
16093
41866
16758
38496
16470
37812
16156
39893
16143
38878
51928
202
20727
37946
50990
222
54043
292
54587
635
55702
286
55065
281
56424
209
55641
224
55319
273
53935
634
53446
4886
17122
40213
16544
39883
17036
39689
16803
4079
90055
202
53970
4781
16296
40301
15988
39015
15408
41071
17334
38770
16313
41014
16367
38255
17812
39018
51344
196
18844
39871
51117
422
54681
294
55095
260
54901
276
55469
281
56858
206
55172
214
56373
639
55768
269
53981
6062
17077
40189
17818
43173
17467
48657
26812
3605
88597
257
55130
5116
16285
52586
17977
39403
17526
39217
17211
40397
16154
42212
16004
38675
17731
39940
53709
244
19511
39415
51342
286
54601
357
54864
329
55378
343
54413
346
56886
262
54913
263
55941
342
55151
327
53129
5085
15804
38610
16815
40361
16101
40482
16782
4227
88822
249
54668
5012
17486
38693
16413
38345
16356
41941
16978
38470
16164
38262
16918
39914
16862
38505
52002
254
20138
37492
52813
266
53008
346
58985
321
54501
396
53098
355
54699
256
56860
284
55735
338
56137
388
53765
4865
16463
54257
15908
40577
16261
41158
15934
3854
101263
427
54325
4799
16642
37594
18401
40196
16899
40485
18015
38864
17284
38675
17024
38658
15589
39889
51406
438
18994
38463
52472
447
52938
660
55702
655
54039
652
53902
654
56117
441
67684
449
56963
652
55530
637
53336
4951
16731
54228
17474
38530
16592
40251
18026
4143
90849
433
54391
5469
17486
39079
16845
44192
16923
49024
25629
40007
17152
37872
17953
38125
16816
54694
52163
262
18262
37699
52309
310
52400
684
58105
638
54860
670
68305
674
57418
428
91168
449
55620
669
55457
476
59451
4803
17083
49146
25886
39838
16968
40782
18663
3993
99909
449
55718
4661
18336
39420
16701
39014
17137
52758
17459
38912
17263
39711
18591
37923
17852
49973
54609
429
19583
38068
52044
435
69537
699
56930
673
52157
666
55897
679
61506
447
67278
455
54180
658
55216
672
52901
4777
17105
38522
14210
39833
15185
53396
17578
4094
89267
427
56231
4891
17001
51773
18488
39558
16954
38969
16264
38315
17146
51457
17272
39083
17295
38409
52639
426
18815
47329
61026
452
53241
676
56646
331
53482
676
54620
669
56278
446
56224
450
56485
660
54115
656
53811
4856
15971
41799
16051
39664
19561
39251
16463
4031
90297
229
54989
4249
16650
41977
16293
40641
18079
75207
17038
38324
18187
37880
16793
44022
16963
39202
51276
214
21328
37697
66065
229
53917
293
54581
263
55928
284
53322
291
91265
216
55551
227
55782
279
63944
267
52860
4464
16942
74669
17059
40408
17341
38623
17386
6388
95712
409
66450
4720
17063
38586
18355
38647
16603
55185
16247
38060
16967
38006
17664
37953
16245
48944
61797
206
19160
36969
52050
427
51727
296
54361
263
55607
646
70356
646
55256
210
54455
422
107162
319
54869
307
55051
4264
17277
54602
16795
39544
17173
39821
16701
4141
100931
423
56242
4786
17270
39284
16341
41706
15916
53391
16535
38552
16840
38850
18735
38469
15982
55512
52656
240
21679
73285
51410
269
55197
337
56479
312
55985
323
54595
332
56614
250
55113
262
55806
316
56280
313
53283
4661
16396
38981
17723
40152
18871
42918
17339
4097
109046
227
53453
4729
19687
38170
16718
54139
17761
40637
16713
40263
16540
38856
16548
40198
18504
39378
52397
241
19425
43370
53116
260
54796
331
55681
308
68664
318
56031
319
53224
252
57199
254
61554
320
67824
306
52813
4248
18508
38525
15127
53788
16888
40842
18171
4452
89914
224
68354
4813
18535
38757
16935
40148
16042
40131
16912
50938
18245
36864
16719
37488
17264
38850
52848
234
20831
38351
49619
268
68035
340
56961
308
55547
321
55296
330
69553
242
56842
264
54814
310
55507
307
52900
4904
17703
38975
16423
40682
17052
41313
17220
4075
91684
223
55712
4777
17475
40003
17919
39664
17709
41833
18382
41094
17045
37239
16988
38759
17971
92708
53986
235
18727
37220
62765
268
56962
335
70451
399
103159
325
66481
321
55800
243
56472
254
68150
311
56259
303
52956
4779
16944
38325
15445
39305
17000
38784
16687
3596
91964
225
56611
5164
17952
39194
17405
41351
17684
41670
17020
38753
19785
38024
17230
38967
16921
41698
52157
236
17503
90518
89891
257
54731
330
56478
313
62552
319
54592
330
55294
253
55781
259
68299
310
56510
303
54107
4829
17677
39498
15448
55455
17092
39475
16862
3226
92193
1708
65027
5595
15604
38691
15933
39622
18194
41055
16265
50763
17080
39839
15534
39239
17212
40860
56514
443
31003
38269
51047
268
55698
686
53947
304
55048
324
55383
673
67954
247
55912
256
55251
311
56548
663
68661
4672
16174
39545
17546
40063
17809
38772
16136
6239
100881
223
54560
4830
18881
39095
16169
53056
15769
40528
18360
38967
17987
38067
16921
53651
16745
39170
53726
233
21147
37784
65619
252
54998
296
55102
262
56432
669
53674
656
53649
423
54283
424
69810
278
55426
303
53099
4703
17434
39344
16718
41045
15007
39441
17042
4083
96992
205
54787
4910
16544
38554
18152
40291
15946
52950
15914
39004
16810
39872
16949
39034
16123
41934
51857
200
21975
37826
51610
225
53391
425
55959
263
56183
280
55101
289
54957
207
107506
261
55743
311
57338
662
64966
4864
17041
39317
16890
40806
16055
40225
15759
7826
100341
204
56346
4709
16260
40667
18206
42735
16355
39852
17680
40045
16068
41849
17982
47803
25848
39072
54694
246
18974
38592
67312
281
55264
339
55582
314
55269
339
59649
338
68015
254
56119
265
57078
320
60133
307
66990
4501
16560
40400
17843
42597
16441
41897
16506
4323
91647
232
55398
4713
15516
42340
17058
39068
16407
88423
16434
39077
19294
38178
15420
40801
16283
39073
51856
245
18170
42771
50534
269
58161
338
113019
308
67073
329
56950
323
56202
255
66192
264
57079
326
55386
318
55007
5273
16045
43639
17263
39731
17368
39570
17543
6719
90871
240
54239
4836
18102
38757
17943
41088
17230
41840
16869
39285
18354
39694
15054
49278
25914
39144
50119
249
20765
39080
51705
268
54112
335
57062
310
67418
327
56040
331
92687
257
55174
269
56252
316
57453
309
54354
4718
16842
41006
16543
40269
16441
51110
17123
4090
88412
230
55646
4677
14869
49136
24039
39702
17195
39939
17838
40577
14605
49389
15721
39817
17142
39315
54784
248
17434
48095
61796
264
54158
338
57583
311
53319
319
88591
336
55615
254
55272
258
56984
316
55848
308
53508
4270
16296
40740
16729
56906
15254
39205
16491
5927
122697
231
55786
5056
19164
39459
16373
39488
18026
38607
15968
38707
17631
53107
18050
38249
17959
39584
53115
442
19195
51642
52813
263
53737
690
55203
668
53774
687
55183
681
113837
458
66742
267
55660
682
55698
668
65982
4785
18338
39549
16410
39040
17391
39471
16488
3863
91688
205
54731
4625
18853
39215
14809
40658
17904
39335
17193
38694
16645
48067
26773
36860
18089
38353
53313
420
18962
53171
53482
231
54122
661
55741
637
53583
290
56731
291
54267
217
66682
428
54559
288
56437
270
54199
4866
16444
54645
17054
40474
16856
76726
15032
3901
89534
202
55932
4708
17469
38690
16276
39359
16383
38932
17164
49123
26597
38305
16169
38547
18535
40078
63675
445
18126
40182
49946
269
54574
331
55062
315
93252
325
54996
423
56055
253
57699
258
55159
292
55908
641
56070
4992
16734
41728
15949
39413
18442
38950
17079
4589
90393
202
89726
4804
17922
39950
16156
39349
17718
42144
17296
49140
26704
38445
16440
38149
17340
39400
59148
248
32213
38866
51154
276
56293
335
71164
305
55046
324
54259
335
57382
249
60820
266
67703
324
56207
319
55013
4926
16320
51338
17402
42020
16261
41595
15847
3292
101271
232
56043
4743
17823
39947
17971
39850
17263
52529
17651
49111
26153
39112
17424
38487
17967
40943
65639
242
18942
38069
51683
276
106102
339
56220
308
107564
326
55597
336
56030
252
65970
263
55198
321
56434
313
56178
5191
18120
41256
17469
39122
16747
38419
17937
4722
89301
231
52615
5202
16860
39178
17962
48961
25000
39707
17020
38751
17576
40368
15865
51316
17735
38539
53051
242
20997
37663
54039
262
57690
333
60391
304
58200
326
55032
324
57183
254
55654
270
68103
317
55063
303
53780
4968
18028
37991
16349
41267
18055
38711
16911
2659
136688
230
56006
4115
18103
38249
17479
38906
16281
39461
18025
38677
17443
48823
25125
38179
17050
39033
53316
234
19404
37553
53044
262
55447
343
66563
312
55765
317
92977
319
54362
246
56038
265
62551
321
55097
305
54536
5333
17719
99453
25477
39243
18408
41517
16175
3705
100054
227
53981
4340
18803
38084
17066
39060
15653
54018
16100
38798
18306
40018
17763
37844
16579
53996
50635
241
20600
37282
51954
272
53686
341
94004
308
55630
956
55188
320
62188
243
60533
260
87665
318
54124
303
54220
5142
18780
40621
17668
48619
25445
40110
17373
3835
90744
229
56926
4546
16390
39486
16627
38850
18268
39569
16065
38952
17382
38109
17424
38519
16013
48173
61975
244
18415
39978
51470
269
54415
338
56597
308
56447
322
65349
322
54131
253
56286
264
56959
321
55552
311
54761
4938
18089
90715
24606
39584
15311
77589
17877
3206
90245
228
55323
4567
17626
38352
17892
38756
17359
40873
17398
51315
17375
39107
18339
38019
18829
40441
63102
428
19243
38684
52363
270
56440
688
54035
274
55571
676
54548
658
57647
250
55582
224
56249
318
55773
640
52046
4937
16922
38383
17956
40934
15449
48500
25472
3777
88612
202
56950
5080
17423
50002
16660
38826
17878
39420
19312
37777
17020
39944
16645
37482
19965
39633
52338
418
18681
37875
53170
427
54933
303
57072
268
58700
289
101697
689
57818
252
55022
260
57989
651
55458
283
53491
5143
17519
41415
16045
51276
25662
39584
15761
4140
89982
208
66093
4144
17433
39826
17129
38284
16806
40812
16146
41965
16710
38713
17906
45886
25272
38990
63642
227
19216
38194
50571
431
58023
295
55627
275
54692
282
113824
327
68168
246
55976
261
56576
674
66747
307
55056
4727
17400
38912
17503
40664
16117
55227
16347
4028
125230
229
53367
5859
17181
39034
18238
42901
16498
40646
15375
72742
17181
41216
17084
37750
17465
44962
51540
243
20291
38935
51766
465
68669
338
56036
274
56152
281
56282
655
66700
216
56889
227
54409
287
56464
638
52553
4940
16960
38484
17600
41310
17314
47464
16582
4253
89345
414
55710
4772
15545
51578
17280
37957
16437
41083
16634
38285
16630
47293
26369
38442
17267
38917
51573
444
18731
48000
60710
270
54111
341
58198
307
60255
318
68020
322
55866
245
56692
458
67445
314
56623
312
54069
3999
18920
38770
15702
55623
16027
39849
17202
4375
146578
232
67794
4172
17402
38802
18024
38720
16196
52322
16776
38670
17092
37111
17700
89756
16712
38821
53191
442
20046
51978
52312
263
53123
687
59239
308
54757
327
54856
323
55686
422
68659
454
54624
313
56423
309
55486
5301
17339
49062
15397
40977
16883
39097
17882
3953
101315
227
55237
4079
17944
38603
18671
38474
17423
54584
16503
38321
18619
38050
17688
90195
17130
40844
51199
443
18169
52796
51905
267
54203
333
109904
314
55316
328
110018
684
67834
241
54900
257
54148
676
55023
310
53742
5023
17991
39071
16475
51130
15220
39674
17210
4048
91367
437
65428
4182
17938
37963
16160
39677
17826
41877
17207
52182
17045
37830
17545
37890
19074
39212
67625
236
19654
37422
88609
261
53272
333
57800
306
55723
328
55992
324
55334
243
56897
252
56401
295
54958
271
52849
4857
16830
53463
16249
39350
16218
38583
16990
3715
93835
202
66923
4661
17069
39068
18136
41189
15708
50298
17026
38841
17241
76997
17623
38587
17978
38584
54220
238
19098
37422
91003
240
52948
292
57587
664
56609
322
54307
324
55232
250
56029
237
53771
281
91103
267
54317
4649
17886
39107
17352
41526
16472
39204
17937
4394
87864
416
66443
4884
17098
38932
18295
75328
17111
39852
17702
38489
18124
39595
16452
37921
16996
39288
104101
240
20063
37868
53493
455
66658
327
57762
312
92376
321
55275
335
56673
249
56881
457
54344
673
53954
643
56367
4952
16801
48515
26522
41751
14602
39325
16954
4114
102221
230
54789
4840
17224
39365
17316
40474
16493
52195
17053
38397
16681
38496
16561
38242
16550
49533
61056
240
19817
37817
53017
460
66904
330
57234
318
54894
675
56808
686
60281
264
67315
258
54240
317
56925
667
51665
4765
16417
40305
17291
41130
16656
49068
16175
2941
127236
231
53090
5771
16476
39732
16179
42706
16156
40015
16471
38626
16980
39727
15950
51104
17061
39727
53652
449
19238
91376
51152
267
55023
683
67190
312
55989
322
54886
334
56490
448
56383
458
55395
316
56134
312
56172
4701
16303
40298
16312
40136
17783
39966
17119
3432
89514
416
52856
4692
17892
51126
16392
40264
17161
39211
18271
39022
18198
48926
16797
37822
17053
39422
102635
211
19911
39948
50767
457
68174
662
54734
271
55008
278
108094
328
94063
447
53499
262
55556
314
62636
311
52567
4953
15765
38069
17660
40655
16168
54065
16625
3895
124799
229
54483
5507
16917
39139
17280
40193
16398
39742
15815
39019
17744
38237
18265
40026
16619
38897
54092
205
18920
39337
52032
221
52950
299
57867
268
54702
276
53511
288
55943
423
53879
255
55655
659
109613
309
65348
4808
17263
38577
17548
41421
14997
41122
15986
4561
91367
205
54785
4759
16195
40090
16647
38934
17397
41145
14845
47872
25835
38173
15749
40458
18654
39408
67728
209
18939
37995
50956
235
105734
336
55072
662
56140
428
60951
414
75132
445
63154
267
55851
320
59535
311
53407
5085
16400
40381
15146
43829
16048
49572
16701
5220
109437
230
54726
4653
18872
39263
15735
54402
16683
39178
16381
40165
16604
39206
16565
52769
16491
39641
52191
248
19298
39355
50206
276
56772
330
57122
316
56171
418
54865
327
56647
254
56972
257
54938
320
55254
314
55181
4838
17451
54687
17152
39242
17371
40091
17437
3812
101383
229
54995
4987
17510
38930
17876
99488
26405
39551
16969
38918
18299
41165
18117
49587
16011
39254
52182
240
21164
37809
52023
267
55901
331
56183
310
67111
320
53294
339
55471
262
54812
256
59812
322
69370
315
53829
5228
16412
39051
16155
55314
16671
38853
17634
4098
90810
226
65986
4094
17827
38619
17512
39652
18242
39935
16371
53503
16890
37919
17426
38196
17974
41179
63658
239
19779
38971
51159
266
55231
338
56689
307
54923
319
53128
329
69546
240
55579
264
94091
315
53958
304
53248
4682
18718
38852
16894
40362
16283
39205
17990
4086
93329
226
67519
5022
16212
37952
18629
38566
15969
54134
16280
38656
16809
38069
17831
38737
15379
48706
61553
239
18563
38681
51630
258
52165
329
55485
311
57147
422
69284
335
57417
242
53667
257
55259
320
60143
309
66874
4778
17260
38407
18641
39499
15512
52989
16182
4389
125440
227
54672
4113
18327
38840
18200
43600
17233
49805
25384
39083
15414
38471
18324
39944
15368
48885
61276
236
19769
37585
51925
262
71283
334
55304
307
52912
320
57542
324
56591
250
88963
263
54762
315
54902
305
55162
4995
17534
40045
14934
42532
17609
40163
15897
6364
98979
225
54024
5023
15006
38614
15498
49054
25219
39420
17664
38361
18651
38385
16586
55159
17013
38162
50693
243
20526
38121
48895
263
54076
344
56932
305
68161
326
55077
329
55161
244
55466
259
54392
325
54158
311
54521
4953
16757
54376
17057
41269
16523
41444
15827
3320
91246
227
54360
5687
17727
38484
17930
41324
16976
39188
17152
40496
15739
38539
16528
51618
17504
38510
50252
243
20811
37548
51720
265
87635
334
55307
305
55131
326
62921
325
56279
246
55143
261
55803
321
66340
318
54212
4649
15464
39508
17988
103793
24854
39662
16921
4091
90661
225
56560
4840
17280
38731
15772
38548
17534
41573
15941
39419
17406
37781
18243
37819
15750
39778
84979
236
18202
37963
53448
257
54391
337
55301
305
54809
320
59122
334
55170
249
53238
263
57381
307
66560
314
53627
4927
17310
38907
18801
39894
16496
53507
17803
4411
90633
226
53446
4875
16139
51432
17311
39144
16606
38975
17959
91994
16609
39554
14290
39042
14853
51613
52695
236
19501
38074
101578
261
53612
342
57551
306
54517
325
53833
324
56705
242
70117
257
55342
313
53299
314
54489
4709
15925
48585
25224
39973
17775
41683
15495
4472
102989
231
54337
4713
17772
38705
17648
40568
15348
53209
15589
39015
18103
74310
17748
38148
17530
38815
57711
238
20092
36686
51524
257
56158
333
61189
306
66771
609
53981
328
57683
240
69269
262
54362
317
55230
310
55525
4821
15789
48320
26292
40365
14421
39577
17594
4095
90002
232
55769
4737
18127
38385
16597
45214
16927
38359
17293
38688
18304
39208
15483
51360
17334
40522
51758
240
21041
39220
56037
265
67461
336
56395
315
107871
334
57655
336
55901
248
57090
264
56303
317
56523
316
59218
4935
17499
47481
26640
41195
17690
39042
17551
3582
99448
232
55511
4973
15350
41655
16774
38798
18530
40500
16806
38400
17266
38061
16795
44960
16525
40247
51512
248
21022
38046
65339
270
54506
344
54398
316
55895
325
54125
331
53854
248
55941
270
70802
333
54502
316
53420
5017
18760
39686
16590
53858
15989
40059
16838
3345
91358
233
67004
4762
16966
38861
16407
39401
17633
40474
17225
51059
15713
40284
17362
38240
19400
100820
61316
431
19911
37573
52317
451
71732
696
55190
644
53667
670
56581
676
62211
440
67604
449
54831
667
57949
661
67266
4898
15771
39900
16177
39962
18834
40123
16137
6110
99698
432
91176
4999
17624
41395
17596
38990
17393
41867
17007
49021
25264
37861
17511
38029
17132
39744
55941
398
32386
38159
50753
416
55726
485
62720
464
55782
680
57151
486
58394
405
56465
415
56250
477
55963
464
55641
4779
16844
38712
16718
41281
16202
41799
15672
3605
93112
396
55765
5018
15755
40704
16151
40305
16822
40035
16672
40472
16042
39466
16943
38896
17224
40043
54276
238
19283
39442
52244
275
54430
339
56914
310
56167
330
58566
327
57976
249
56078
269
56309
314
57342
310
55421
5200
16707
40998
17250
40226
16398
41797
15971
3965
92494
229
55281
4854
15760
38984
16366
40407
16789
41529
15586
41638
16122
39576
16898
38998
15659
41038
51638
236
19391
41067
55634
256
55143
339
55651
1682
55555
322
56210
323
56865
239
54939
264
57374
314
55972
314
55374
4817
17586
39816
15471
41345
16636
41138
16987
4281
90637
237
54777
4736
17862
42770
18480
41506
18539
41191
17493
39770
17066
39665
17399
38583
17666
42407
54568
238
19794
37784
52554
432
54049
338
55266
666
54597
657
54741
295
55671
418
55125
430
55193
643
55636
629
54369
4882
17173
43266
16742
43106
16868
39069
17098
4981
91810
414
56381
4621
17401
39117
18021
39438
16990
41590
17250
40331
17648
38764
16862
41315
16443
39678
51887
412
20137
39214
52821
269
54904
684
55723
663
54996
678
56268
679
56275
450
57072
462
56982
311
55898
664
53347
4941
16982
42305
17067
41157
17641
39015
17769
3977
91417
425
52690
4623
16320
40561
16728
39833
17166
40865
17390
38891
17043
38257
17138
39883
17637
39009
52914
426
18975
39660
52189
427
55282
674
57599
272
55739
283
55298
645
56871
422
55881
227
54837
655
54510
641
54984
4895
16713
41331
16720
40913
17192
40100
17066
3297
90902
415
53459
4807
16387
41240
17418
39754
17762
38810
17600
40038
17622
38400
17234
38020
16567
40333
54070
447
19133
39484
51252
431
56140
308
56414
279
55737
279
56021
661
56414
215
54831
434
54618
643
56711
282
53813
6022
15537
39202
16547
41585
15458
40174
17537
3870
89191
446
56503
4704
17338
40928
16110
39365
16035
41328
16605
38669
16190
39197
17222
38904
16188
40370
52240
420
19395
38218
53011
275
54098
691
56530
669
55719
329
55023
325
55572
453
55396
447
54376
651
54718
637
52965
4805
16501
40690
16779
40820
16558
39679
15605
3989
92150
416
53054
4987
16405
40719
16781
40466
17021
40754
16812
38830
16637
40700
16336
38915
16323
39668
52754
208
19812
39580
51085
443
52357
664
57043
312
55169
676
54809
664
56276
249
54557
273
56944
314
56410
669
53774
4480
16990
39006
16455
40154
16778
40732
17580
3670
88734
418
55365
4532
17241
39018
16917
39720
15174
40982
16360
41136
16521
40937
17013
38603
16590
41894
51925
448
18460
39709
52986
463
54895
343
55564
669
55049
683
56961
678
54847
255
55909
460
55559
323
55878
317
54031
4754
17190
41516
16192
43083
17613
40836
15581
3789
89638
419
54197
5142
16966
38845
15443
40979
16929
41578
15616
40534
17092
38567
16048
41275
17164
41290
53187
425
18369
39754
52194
434
54352
650
56845
644
55599
291
56475
295
56162
416
56662
429
55689
645
55316
637
54323
4890
16827
40257
16555
40709
16826
39194
16283
5276
91355
204
53773
4935
16167
39046
16800
41317
17102
40832
16750
40020
16762
40060
16841
40183
17321
38634
50857
425
18036
39382
51120
268
53515
693
57857
309
55414
923
55812
680
55411
252
55011
264
55464
316
56119
317
53729
4588
17758
39641
16553
41273
15535
41187
17336
3928
91190
230
55827
4704
16424
40479
16656
39322
18006
40136
16686
40056
17454
38561
17403
38266
18076
41336
52800
245
18051
40214
52267
259
55653
339
55920
597
55739
325
56560
322
56856
249
55583
263
55223
322
57594
315
54864
5535
16803
39617
15771
42023
16861
39118
16839
3898
89351
234
56805
4998
17342
39917
15315
39897
17239
42310
16978
40583
17992
39077
17176
40192
16193
41886
53289
1047
19031
38299
52782
259
55217
335
56065
309
56796
330
56210
328
55725
248
55799
260
58440
323
57571
311
54216
4850
18548
40368
16914
41165
16633
40242
18577
3695
93481
228
55234
4732
17354
39368
15731
40215
17435
40517
17957
40482
17247
38810
16392
40512
17245
40285
53250
244
18351
38676
53882
261
55465
335
57978
309
58125
330
54999
331
56819
246
56625
261
57719
319
55627
311
55445
4975
16804
41262
17171
40132
16974
39765
17846
3943
91803
234
54428
5388
16864
39356
17255
41048
17994
40916
17748
39750
17918
39156
17365
40571
17189
39853
53612
243
18760
39808
50472
261
55815
340
57616
312
56508
332
56031
326
57449
245
58012
254
55383
324
55598
308
53878
5045
15959
42363
14455
39460
16299
40025
17300
3342
91498
231
54845
4822
19049
40510
16342
40550
16756
39482
16957
38575
16255
38737
16911
38311
17293
38794
51279
248
18931
37483
50706
260
53228
339
54574
309
54594
322
55175
326
54168
250
53799
265
52802
324
53672
307
52141
4835
15567
38663
15004
39985
17588
39446
17302
3912
89970
239
53481
5020
17573
38332
16859
38514
16238
40563
17545
39570
18092
38381
17271
39375
17418
38766
50896
237
19350
39776
51265
257
53330
334
54749
309
53577
327
54406
322
56254
249
54371
258
52646
322
53366
309
54054
4769
17083
38390
17225
38924
14538
39689
16550
4257
88623
229
53549
4849
16614
38992
17067
38136
17993
40296
16767
40250
16694
37504
16583
37782
16412
40279
51849
251
20720
37984
51631
264
52829
339
54325
311
53895
330
53976
332
53619
252
52223
263
53708
318
53965
312
52066
4845
17212
39183
17288
40199
16347
39557
14994
4220
90940
236
54518
4863
14694
40002
18169
40698
17214
38746
17892
39221
15814
40779
17378
37992
17079
38684
53106
240
19681
37756
51213
265
54049
338
56142
303
54310
327
54358
324
55300
242
54591
257
54583
317
55753
306
51160
4665
15674
39758
15957
41618
17291
38740
17283
3739
89395
236
53174
4612
17108
37470
16731
40931
16573
42333
17194
38548
17132
37992
17023
39523
17646
39079
51008
242
18836
39370
54224
260
53254
342
56914
307
54178
327
54311
332
55984
243
54364
264
54771
316
55496
307
54669
4786
18058
38605
17172
39466
15487
41854
15076
3426
90035
229
56146
4625
17062
41213
17412
41656
17481
38928
16926
39734
16665
38918
17511
38031
18127
38591
53519
238
19822
38424
50861
270
53230
336
55784
303
53832
324
55152
335
55670
249
54494
262
54263
320
55960
309
53549
4815
18290
39026
17118
42595
16341
40602
17649
2821
91081
232
53461
4841
16444
40514
18727
38849
16711
41420
17114
38632
17841
37753
15379
38564
16922
39227
50106
240
18549
39786
51248
260
54181
332
55253
308
56406
322
54985
331
56921
254
56878
254
56409
314
55130
312
54792
4661
17941
41996
17500
40062
17354
38983
16335
3630
90527
229
53713
4692
16948
41661
17616
41308
17664
40120
17703
38320
16428
40709
17532
39051
17284
38693
52791
240
19145
37970
48462
268
55156
334
54965
307
54651
316
55484
322
56111
252
55089
257
55722
317
56211
306
54059
4593
17316
38518
16737
40795
16933
42605
16544
4885
90836
235
54618
4466
18242
38375
17533
38316
17316
40340
16762
39944
17747
38145
17073
37890
16418
40608
52256
240
20499
36978
52209
264
53349
689
53790
664
53136
673
54724
325
55524
453
54113
450
56889
315
55162
308
53758
4773
16569
41049
16627
39993
17875
37534
17266
4796
90100
434
54013
4844
18160
39037
16680
40710
17174
40904
17772
39523
18178
38913
17489
39783
17365
38387
52343
440
20474
41099
54977
455
54835
686
57597
678
56494
329
56131
676
56068
447
58112
452
56119
674
55670
664
55941
4771
19112
40793
17571
40120
18008
40202
17171
4162
95407
225
55722
4652
17299
41522
16443
42151
17234
40458
17532
39201
18215
38997
17965
39453
17835
41977
53092
442
20229
40984
52820
259
55017
681
56812
666
56140
679
55810
682
56069
443
56816
450
56273
669
55306
663
54216
4795
17013
41894
16788
41802
17763
39580
18009
3917
93790
352
54271
4247
18887
39661
16706
41707
17630
41029
16646
39711
18017
38135
17272
39982
18041
38746
52439
426
18899
39085
51444
440
54569
684
58521
659
55124
651
55292
658
56644
441
56215
447
54901
663
56566
659
56747
5389
17211
39085
17277
40963
17364
40578
17074
3709
92966
433
54668
4249
17849
41252
17565
42016
16325
39308
18689
40372
16327
40934
16101
39421
17900
39816
52894
432
18831
39525
52109
446
53825
672
56098
659
55445
648
55349
675
58816
423
55290
432
54084
654
55665
666
55006
4197
17166
39547
16905
42551
15761
41728
16698
4406
88312
449
55297
4149
18457
39723
17843
39195
18312
39529
17280
40438
17384
38431
17911
38321
18909
39228
53291
425
18765
38472
50760
332
54137
690
55391
657
55811
653
57921
679
55760
438
55225
452
55733
662
55250
642
52544
4855
17996
40191
16309
44898
17239
40896
18207
6600
94994
229
56538
4589
16522
41894
18119
40288
15646
40955
16862
41561
17155
41294
16138
38735
17076
40738
50901
240
19781
40078
51544
259
56375
338
54635
303
56719
323
54594
330
57108
245
55537
261
56773
317
57675
309
55291
4867
17003
40291
15280
42357
17770
40240
17402
3029
92558
231
54890
4834
18484
40112
18821
41572
17274
41589
17619
40474
16162
38062
15341
39387
16475
41616
53338
244
19670
37242
51059
259
53643
816
55107
313
61179
326
54889
329
55962
246
56313
260
57188
312
54957
306
54325
5183
16265
43071
16117
42212
16883
38995
18712
3593
89827
229
54296
4980
17335
38777
19206
41226
16345
42559
16103
70874
18165
38373
17774
37920
18921
41775
50008
242
18972
38268
52425
258
53412
340
61058
311
59129
321
55747
330
56804
253
54638
265
57190
318
55677
312
85136
4838
16936
42010
17618
40202
18921
93449
15377
3926
89915
251
59331
5030
16170
41281
17874
39119
15791
40401
14946
41794
16692
69552
16319
39368
17663
39062
56907
239
18555
40265
51015
259
52991
363
54103
326
52577
335
54592
347
57445
256
55148
270
55361
328
64722
321
53225
4948
16525
40007
16904
39842
17787
51174
16844
3948
90952
249
53606
5064
15389
52493
16852
40099
18908
75279
16900
39341
17831
37915
18558
41429
16190
40972
54942
242
19050
37908
64459
259
54852
354
56177
327
56687
341
54008
341
56210
250
54616
265
56482
333
54189
914
53614
5048
18975
41922
15177
40930
17058
39566
16986
4967
88526
250
54122
5577
16432
38500
16571
42137
16212
39760
15188
41708
16288
38485
15289
41206
17227
39952
51979
250
21342
44594
51406
262
54143
344
55698
325
55743
337
53083
339
55601
249
58314
267
54684
800
55589
323
56811
4922
17248
39993
17448
39207
17841
88487
17438
6255
116696
455
54305
5059
18933
42367
15352
40643
17633
40153
16906
38488
17953
48917
16829
38694
18842
74597
50792
244
20450
37137
51146
262
53287
765
56026
324
55446
340
55389
346
55393
259
56216
268
55037
327
85780
320
53499
4822
17836
37759
17539
45117
16252
39497
17254
4027
89096
416
55224
5180
16072
39770
16962
39226
18632
42768
17201
39620
18228
70255
17909
37689
17529
38646
57706
397
19196
37282
51481
423
53465
493
52486
468
54731
486
55967
494
56493
404
54064
419
57860
471
55351
495
53373
4973
15977
39945
15869
41667
14695
40478
17729
3861
88214
418
56325
5083
16803
38990
16299
39166
19001
42340
16063
39653
17580
37160
17125
38367
17881
39437
51257
424
19673
39952
51016
418
51438
719
53868
466
54304
474
54721
493
53596
409
57425
418
53259
474
53466
469
53701
5050
15312
49450
25922
41020
17168
38798
15562
5079
89400
395
54681
4967
17513
39130
17936
43514
15567
40077
16818
39293
14781
39646
16112
40214
16592
39695
52064
397
21076
39109
50123
1485
53335
490
58451
470
53791
478
54723
481
55677
405
53381
418
87306
480
55901
458
53563
4960
18436
40056
15794
39735
16831
40149
16711
4958
89128
394
54457
4901
17235
40156
16195
41388
16148
40399
16312
39037
17428
40186
15172
39762
17144
40303
54007
396
20110
38519
49829
416
53746
496
55474
472
55415
508
54282
495
57523
416
54166
421
86570
475
54956
655
53884
4823
19022
42907
16102
40485
18502
39000
17173
3965
91452
231
54215
5243
18171
38915
19111
39980
15281
51164
27080
39792
17369
38459
17482
39128
15185
42929
51002
243
21192
38049
57578
259
52978
337
55727
314
55799
322
67684
328
56291
255
54713
263
55802
321
54761
311
52007
4855
17601
42623
15465
43020
16676
40013
18026
3916
91692
230
53881
4616
17715
39113
16499
38575
16370
42423
17251
40821
17055
38453
17043
41049
16079
40020
84142
249
19869
40202
49300
257
62255
341
55433
308
92077
335
55292
605
56494
248
60825
256
55601
325
56702
308
52894
4756
16084
38510
16632
40297
16324
40375
19211
3447
89493
230
53265
4649
17551
38812
15589
48515
24541
40598
17062
38583
18756
38467
15020
41353
16896
39341
53675
247
19799
37641
51068
551
53392
339
57279
306
56165
330
53703
333
56409
245
53553
262
53732
312
54873
307
53655
4726
15445
38506
15356
39653
19351
41038
16238
5023
89987
229
56878
4889
15640
42264
15934
39745
18387
47327
23562
40249
16208
41145
16319
39051
17861
38991
59025
238
19154
38021
51147
263
53664
335
55884
302
85872
323
54918
335
55882
247
57402
261
54290
321
54644
316
54090
4641
17273
38777
17531
38852
14235
40100
15910
4368
90951
228
54621
4653
15659
41400
17532
39023
15973
39573
18389
38887
16406
39161
17621
68079
16614
41360
51219
241
21109
37284
51230
261
52637
339
59196
307
53420
330
54638
328
56106
250
56986
256
54264
321
56864
310
52741
4702
16333
39034
15197
39625
17650
42457
16584
3684
107620
230
53577
4675
17949
38873
15633
47131
25680
40803
16660
38944
18363
45933
24058
42846
16229
39510
86288
248
18879
39874
49703
268
55956
341
54944
307
54474
326
56662
321
55107
249
54777
256
56613
316
55712
306
82826
4626
16691
41383
16177
40005
18426
41810
17300
4155
106949
226
52462
4746
17787
39604
16110
42036
16507
39800
18773
38189
17513
38312
16969
40135
17493
38751
103253
242
19486
38169
51610
270
54737
343
54560
309
53137
322
68500
333
54462
242
54471
260
56323
314
54635
305
53266
4617
16910
40140
15012
41838
17695
38777
16641
3666
90800
229
54806
4673
16424
38802
15991
40268
15552
42804
15110
39262
17834
37241
16259
39258
16009
39045
51210
244
20821
42208
50913
257
53066
338
55387
308
55598
327
55664
322
55340
256
56651
258
54542
328
55751
310
55107
4922
15565
39460
15399
39219
16816
40856
15684
3832
108333
235
52741
4753
18001
39570
15743
41688
15137
40175
17737
40409
16164
40767
17298
40469
16911
38970
51209
239
17729
36658
51464
267
54345
337
53870
308
56004
335
53859
330
55765
250
55577
259
57558
315
56285
314
52812
4898
17799
38462
17921
39448
17105
42778
15528
4481
89980
229
53961
4719
17777
39999
16815
38939
16069
42230
15308
41004
15368
39197
17255
38064
19320
47454
51185
239
20149
37321
52761
257
53911
336
56013
309
54680
324
56824
328
54983
249
55529
260
63268
322
54664
306
55530
5089
15797
39210
17543
51707
15381
39995
15285
3915
90208
230
69536
4852
16523
38186
17786
76096
17099
39406
17932
37969
15916
41206
16117
40027
16042
40158
51147
237
19867
38033
50664
260
54947
342
56187
312
53630
332
107741
325
67453
255
55700
258
55805
314
57707
318
53048
4705
18529
38711
17093
41120
15306
40954
17111
3605
88620
229
53800
4814
17365
37950
14848
40008
18636
49984
16647
39046
17696
38146
17433
38182
15946
41914
51135
241
22245
37891
51835
260
52737
427
55025
309
56205
322
54890
325
55610
246
55796
258
54033
324
54575
310
53045
5172
15884
42415
14863
41311
16634
39285
17151
3354
90158
232
54486
4629
18342
40726
16400
42023
18038
38975
17159
39656
16909
39219
16771
39069
16780
75578
50454
249
19742
38099
51022
262
52002
342
55584
313
53216
325
52250
326
53071
252
64289
263
52669
324
53866
312
53550
4867
16456
48089
25149
40168
15717
41243
15521
3804
94668
232
65224
4941
15769
38464
15987
40319
15689
42299
15737
39673
18064
37980
16123
41404
15920
39555
51417
239
19554
39152
50591
271
90405
333
54113
314
55401
324
55587
328
55242
547
54097
267
59278
321
53530
312
54977
4842
17289
39000
15331
54437
15892
40068
16817
6241
119539
228
54945
4507
16102
38485
15733
38914
16213
39946
16234
41530
15537
38311
16871
74752
16427
38693
53202
243
20971
38131
52496
257
53066
340
60003
317
52896
326
55795
335
55802
254
69071
267
55815
314
54956
315
54887
4919
16334
41166
16153
39802
16715
39009
15054
4002
90339
235
52654
4810
17309
42124
15995
40710
18535
71200
16024
38666
18749
38320
17633
42382
17088
40125
87659
242
19416
37656
51730
263
60341
331
55456
305
93908
322
54459
321
55646
243
62125
258
55721
318
56538
312
52947
5243
17579
50565
16238
39315
18337
75241
16135
4121
91813
229
58535
4803
16301
49976
25452
38862
16708
40024
16786
39394
17059
51155
17309
38575
16967
39131
51088
243
18513
38628
51044
264
54404
331
69084
307
55118
315
55370
332
107569
244
54137
258
107431
315
56178
302
53674
5173
17780
50576
17109
39730
17189
39532
16610
4171
100652
232
54320
4766
17040
38664
17204
41066
16758
40829
15314
38946
16916
46378
27029
38225
15946
54613
52120
243
19609
37591
51940
257
55120
341
90993
311
53933
326
54928
438
62765
251
52780
253
54391
323
56390
308
69864
4767
16315
39082
16899
39638
15721
39686
16145
6219
101373
228
54959
5209
16930
102012
24807
39650
16107
41221
17232
39882
16393
53371
16539
38180
16671
39189
51802
247
18269
47467
60329
263
53144
332
59603
314
61450
323
66801
332
55730
252
58347
263
71704
320
55846
312
53564
4875
17200
41264
16511
52076
16372
39439
17164
3816
89874
231
56053
4760
16594
39320
17136
38439
18148
41703
16999
38622
16781
38216
16308
40462
16414
41627
51821
238
22062
38143
51986
263
54098
344
55845
309
58094
330
53799
329
92434
247
55148
257
55907
320
57885
308
55084
4755
17361
39082
15728
39498
16356
40063
17275
3345
90899
232
62198
4233
16981
39359
16488
73921
15460
40813
15874
38590
17160
43402
15855
38058
15848
39985
50943
239
18413
38425
49865
257
104159
331
54642
311
107808
329
54068
327
55607
250
66867
259
53433
315
55207
311
55915
4831
16855
48282
24757
40465
15748
39345
16919
3007
96130
235
65511
5003
15768
39210
18207
41365
15645
51894
16245
38979
17533
74651
17712
38083
16847
38767
59046
239
18116
38009
88818
258
54747
335
56245
436
52782
322
53515
327
56491
253
58807
263
53683
315
91801
314
53834
3960
17643
38759
17232
45958
15781
39111
17088
6194
118496
231
55226
4681
15288
41624
15658
41185
15616
39754
16482
40959
15746
48393
25120
40083
15601
40169
51312
240
18150
38443
50180
266
53010
342
70407
308
54090
326
53098
328
58914
256
53638
263
53585
318
55772
312
67789
4811
16263
39449
17229
39138
16617
40086
15175
4043
91672
230
54699
4125
16665
40381
15831
40482
16538
39705
16552
41762
15845
49742
25313
38227
16034
40004
51518
236
18240
39310
50328
267
54247
340
68626
310
54505
318
53195
323
57627
243
54940
259
53354
319
54454
310
58197
8391
25371
38857
15242
40711
17432
100344
25194
3022
90841
234
103952
4000
17851
39873
15328
40226
15801
55376
15652
39182
15802
39710
16345
38649
15734
42421
51802
394
18046
86738
50224
259
52066
334
69179
307
53600
321
55181
323
57119
245
54850
264
53644
323
55407
312
66015
4023
17126
40118
15357
39831
16929
40495
15042
3843
91214
228
54969
4903
15869
40003
15642
40687
16328
39012
17445
40061
15979
39956
15884
39010
17819
40242
62807
240
18122
40954
49565
257
56133
335
55346
313
55177
317
53986
332
68376
244
55046
259
53324
313
56200
316
53131
4914
17637
74348
15832
40502
15484
39751
16786
6886
87798
226
53196
4004
18258
99990
25397
40033
15761
39695
17104
40195
15991
41176
15927
39796
17912
39076
51768
244
18071
38928
50527
261
59768
335
54911
311
91681
322
53843
319
55927
245
62552
257
54342
316
54056
306
53980
4924
16513
47329
25188
39901
15435
39178
17151
2877
92175
229
52973
4866
18140
38340
16150
42529
15648
40056
15786
38903
17935
39880
15630
39436
16685
72303
51139
428
18593
37963
60297
404
53747
487
53619
456
106930
488
90982
481
54559
484
54071
405
62338
464
54696
458
90840
4735
16155
38743
16123
40579
16816
45714
16040
3184
109703
385
53032
4798
16258
41386
15447
48390
25187
39417
15772
38860
16000
41088
15833
41348
16017
42671
50144
400
19073
45045
50555
405
52913
486
55401
451
54357
466
53324
476
112930
408
66274
407
53741
468
56324
457
51527
4828
16299
40164
18276
98086
24500
39253
15659
4385
90148
390
67458
4793
17041
39421
16030
38845
17441
40578
15729
49639
25331
37497
15257
39136
17591
39485
55728
396
31518
38171
50651
409
57015
484
54049
459
54257
516
54613
491
68439
403
55554
404
54624
481
54834
458
53929
4841
16214
39375
15050
40660
17095
50655
15461
3434
91664
393
57075
4421
16099
51187
15614
38992
15698
41339
16143
39397
15579
41321
17450
38336
17150
85285
51462
407
19001
38625
62945
408
53776
540
54589
462
55259
483
54018
483
55961
406
54338
410
67184
474
56374
464
53177
4668
17078
39713
15598
42703
15144
40417
18200
3184
91990
385
52829
4860
16742
38325
16782
41113
16067
50951
24800
37877
15537
38761
17075
39108
15867
51112
59802
394
17959
39648
51133
408
53189
486
89470
462
55434
652
54694
487
61606
404
55306
407
54689
465
54973
459
53569
4817
16815
46715
15079
41080
16462
41967
15615
3487
109062
387
53289
4840
16696
39580
15554
42521
15862
39576
18335
38776
15804
41190
15960
39249
15489
39577
53730
398
18163
39768
51101
412
52713
495
59905
458
66367
473
53900
494
56483
403
54826
414
53503
474
56669
463
65753
4857
16313
40389
16685
77404
15737
41656
15788
3252
94612
390
53981
4780
16099
39173
15547
40555
15513
54048
15359
39472
15547
39873
16034
39823
15128
57174
52737
396
19059
74635
50142
407
55577
491
54787
462
53649
476
54924
488
60871
404
54451
409
54076
473
54121
463
68186
4827
16303
40303
16159
78650
15733
41493
15872
3296
93089
390
53262
4441
17858
73272
17186
39137
17236
39368
17215
43240
15472
37733
16076
38093
16603
39183
50961
395
18051
39461
50453
391
58306
488
67958
459
53817
469
54744
489
62054
402
67113
409
53977
480
55076
465
52331
4754
16289
39414
15791
40239
17012
50833
14765
3349
91883
391
54554
4813
15555
52543
15746
39683
16809
39157
17912
80807
15870
38742
16799
41812
15995
40589
50686
401
19898
40890
62724
406
53321
488
52819
451
58215
470
54390
487
55854
414
54363
411
66873
469
54937
465
52307
4848
18296
41945
15624
42554
15586
40431
17649
3321
92038
388
53968
4726
15484
38916
17557
39849
15323
51046
24982
38208
16430
37994
17034
38507
15761
50891
59646
398
17904
37577
102696
410
53295
490
55979
467
53886
469
53081
484
54965
408
67896
412
54482
465
53456
460
55338
4767
16853
40195
16475
73287
15931
41645
15511
4254
92405
389
54870
4730
15986
38911
15928
39792
15428
54709
15740
38519
16049
38511
16731
38930
15810
49582
60520
397
18140
39230
50897
409
54702
486
54542
461
54883
484
66774
480
55055
403
54072
411
56584
466
54277
461
52216
4823
17139
40722
15999
51632
15894
40267
17195
6245
119846
445
54673
4830
15970
42313
15471
39988
16115
39395
18569
39159
15672
50067
25403
37433
15433
38934
51792
399
18040
48818
59721
398
52737
486
57716
464
53153
471
53640
479
114405
405
67730
403
53867
472
109098
464
52389
4779
17012
40251
16158
52102
15838
40995
16588
6308
119880
440
54378
4723
17447
39997
16331
40502
16516
39818
17663
39478
15788
49310
25297
38180
15915
40568
50780
398
18045
46043
60571
407
52308
487
58381
461
52755
478
55754
488
56107
403
69611
408
54980
465
56902
462
54796
4716
16918
51535
16182
41493
17505
75755
17193
3375
91404
389
57969
4657
17005
50200
25165
39335
17554
40233
14864
40836
16323
52103
16393
40205
18152
40106
53460
396
20065
49456
51661
406
54395
487
57717
463
54100
465
88620
486
56197
779
55381
410
60135
465
55624
463
52730
4753
17252
40262
15724
51807
17413
38262
15579
3360
94312
390
64548
4879
16969
39432
18292
75127
17232
41482
16502
39295
17775
42822
16167
40064
16684
73926
52196
756
20412
38636
53933
408
54673
487
57243
462
57053
470
66208
486
56761
399
55069
405
54628
471
60079
465
67656
4785
17712
40747
16612
94531
16998
41400
18472
2730
94524
394
55022
4761
16727
40844
15315
39583
18058
42190
16267
38714
17247
38750
18334
40098
17025
50104
60945
403
17895
39650
52241
411
54343
485
89257
463
54137
688
56099
481
57819
401
55281
413
55521
474
56881
463
66407
4848
17574
39726
17282
77176
17222
40821
17471
3266
94175
388
58693
8447
25368
38409
16425
40055
19298
40190
17202
52508
16940
39389
16809
38317
18220
39254
63692
401
19288
37854
50837
412
56373
489
55842
460
54542
482
56132
482
67486
408
55953
405
54629
464
55511
459
59440
8332
25998
39499
17683
40706
16912
41136
16705
6116
97176
394
91014
4875
16522
39311
17826
38305
18027
41310
17141
38394
17503
39336
15715
40638
17114
50590
53302
399
21087
74256
52181
491
55316
486
62326
460
54007
486
55447
490
56468
414
68055
384
56541
479
54885
465
106880
4769
17602
38850
17036
42244
17568
50106
16923
4022
90944
386
56079
4716
16756
41342
16485
41463
17059
39402
18572
39218
18004
50281
17158
38154
16947
39397
52840
397
18687
37603
51513
408
54400
487
69817
459
55334
475
53782
487
57254
399
53183
403
53928
465
55595
464
65498
4616
17396
38710
17694
40383
18131
38963
15908
6346
100187
389
53139
4806
18526
92092
16769
38261
17962
39419
17991
40577
16427
38804
17965
38081
18257
41771
52347
388
19431
38537
53281
412
66655
484
56449
461
54795
468
53976
484
61127
399
67395
420
54366
463
55192
460
52715
4892
17504
39187
16716
39851
17515
40461
16722
3412
88291
386
57758
4764
17283
48767
25713
39873
17318
39720
17353
38812
16434
54364
17232
38493
16952
38859
52706
246
20590
51164
53127
259
53203
331
57165
310
55304
317
54884
328
55327
253
67485
265
56082
316
54129
319
54788
4884
15818
48462
25609
40683
17048
40462
16257
4645
99833
232
56316
4603
18030
38641
16736
40699
15478
51814
16879
39177
17225
37301
17894
39739
16693
48723
60212
236
18466
39508
102793
262
92686
338
56533
708
54832
318
55477
684
56297
434
55355
435
56447
687
70092
670
58718
8440
26446
39949
16657
40338
17988
39527
15962
4067
89827
700
54490
4795
17253
38914
17116
39565
16643
39268
16343
42653
16244
38523
17181
37673
16873
91543
57811
442
23326
37536
52785
455
53510
719
54715
667
55827
664
55029
690
53651
449
56425
446
66485
659
55649
662
52447
4973
16946
40328
15890
41888
15725
39148
18884
3709
90930
433
54372
4666
16748
38974
17666
39030
16079
48273
25766
38057
15542
38532
18833
90788
17990
39554
51555
446
20064
39631
51576
473
55102
613
57099
660
54316
658
53536
702
59210
435
53049
449
55290
655
55478
684
66324
4820
16303
38768
17976
40593
18006
40452
16208
5032
98517
434
55268
4825
17763
38887
16045
53149
16360
40626
18356
75002
17113
39119
16683
38023
18155
40819
52196
310
18469
37485
51304
498
51943
691
91959
648
53703
713
55352
677
57349
431
55898
438
54208
711
57848
663
53229
4862
16813
38587
17880
89220
17623
39202
16869
3960
91048
431
54321
4794
16420
38940
17649
40079
16216
50011
26018
40251
17287
38530
17669
38308
18136
41286
52101
581
20005
37861
56072
463
52812
467
56528
661
54518
658
71565
690
55264
445
56056
439
55701
680
67868
427
53813
4714
18376
38240
17191
40061
16101
47299
25411
3786
89906
439
54677
4721
15375
52558
16697
39767
17063
38678
16494
38593
17541
47555
25903
38700
16854
41186
52515
434
20375
51465
52965
457
52935
685
56796
777
53255
652
89377
677
55140
441
54247
462
61947
670
55145
645
53201
4928
15903
40298
15849
54127
15986
39647
17799
4972
89280
708
67066
4748
17130
40003
17547
38626
17044
100595
26207
39984
16889
39998
16141
38199
17546
51855
52244
445
20708
74193
51682
447
56962
682
62166
666
54875
669
54340
657
55571
457
66941
452
55670
655
54682
662
55460
4841
16540
47498
25743
41509
17194
41392
16815
3658
100573
433
55116
4808
17761
38601
16726
38953
17669
50618
17158
38828
17588
37938
18267
38439
16149
54002
52767
429
19241
38463
53456
449
69581
686
56621
649
54703
662
54593
709
54354
432
89309
450
54697
683
55332
684
59091
5357
16010
39521
16677
39445
15831
41203
16656
5038
98552
434
54525
4860
17120
38679
16501
55090
17327
41374
16388
40852
17110
38611
18016
39409
17609
39558
52348
427
19955
39117
53021
435
92725
599
55959
672
56318
663
59362
681
55630
434
54387
438
55333
690
67399
644
52847
4879
16301
39116
17467
41389
15290
41160
15739
4194
91037
437
54899
4207
17815
40017
16914
38952
17915
39237
17137
46601
26194
37949
16979
38693
17525
40734
56829
438
31896
37288
52179
445
55184
682
70427
652
56165
370
54725
684
58154
435
55313
449
55425
655
56611
665
54235
4278
17146
39728
17041
39754
17919
93665
17833
6256
119385
554
53723
4251
18853
40687
17335
39303
15310
40131
15960
40435
15713
53287
17613
38194
17203
38928
54106
435
19071
51582
51542
447
52086
686
61196
654
54732
664
87452
675
55485
526
54862
454
57112
656
54921
357
52932
4270
19441
100531
25529
39522
16915
38735
18038
4102
105132
431
53741
4408
19085
38774
16190
38890
17815
51834
17400
38307
18072
38205
19206
40019
15750
53976
51667
443
19116
37916
53191
444
71159
467
55906
666
55055
659
115446
678
67730
433
57554
441
55281
653
68046
665
55282
4348
18254
39130
17361
42059
17279
52062
17465
3863
108584
432
54350
4323
18265
38764
16394
55052
16667
39512
17166
38771
19005
38177
16568
53528
16860
39615
52625
249
20918
38604
66700
461
53463
687
55270
646
56587
654
59441
659
69388
453
54506
443
56027
649
71684
659
53745
4978
17205
39162
17547
39677
16285
53143
16158
4080
89493
679
55152
4581
18351
50099
17124
39092
16620
39142
16651
39213
15675
49290
25417
37835
17395
39010
53382
429
20537
50180
51434
452
53673
469
57519
664
55822
393
90590
675
56958
431
55440
451
57990
678
54002
666
53271
4956
17052
39063
16074
54370
16613
41337
17301
4026
89504
437
66283
4737
17253
40755
17337
39461
16448
39205
17430
51636
16968
39097
17587
38196
16718
40704
64345
430
19313
37620
51888
458
54692
685
56319
659
89272
678
54053
686
55597
432
56787
462
54344
659
56282
648
54532
4794
15778
54777
15979
41184
16359
39609
18669
3697
102331
431
54810
4685
17132
38695
17269
40388
15779
53769
17904
40205
17348
38519
15210
39100
16768
53435
52158
430
19420
38074
53389
437
58148
683
68610
658
54662
652
55687
729
59594
445
67915
455
55359
672
55719
664
67142
5340
17106
39197
18149
40126
17343
39622
15880
6228
99556
436
54063
4565
18063
39512
17367
40644
16384
39644
17874
38003
18370
40132
17004
38494
17327
38635
52717
442
18246
37122
51856
447
54840
702
70988
647
54785
661
92288
679
55591
445
56017
448
57053
712
55084
700
92881
4816
17657
40705
17184
39636
16797
41042
16812
4068
91229
442
53296
4354
18121
39893
16972
38654
16353
41629
15699
41391
16837
38455
17535
37862
16355
40667
63122
439
19406
38470
52040
451
55180
711
55343
647
54561
677
56697
691
67324
431
55666
453
55361
657
54880
778
68768
4994
17076
38712
17478
76607
16043
41370
16341
4070
92532
435
55602
4745
17567
39117
17819
39013
17798
48462
Xput: 33621
