40616188.571429
31395357.142857
30790173.333333
28268131.428571
31158705.714286
27309492.857143
27390968.571429
29196527.619048
26773324.285714
28567566.190476
27273441.428571
26891531.904762
28551867.142857
31212180.952381
29303332.380952
27637585.714286
30138446.190476
28817020.952381
27705413.333333
28075605.714286
27367589.523810
29801558.095238
28600709.523810
28464519.047619
27792291.904762
29490297.142857
28310580.476190
28136434.285714
28086141.904762
27877941.904762
28818476.190476
26631572.857143
27839012.857143
28864427.142857
28592691.428571
27527010.952381
26213518.095238
26597100.952381
29790965.714286
26802375.714286
26675221.904762
27198626.666667
29101872.380952
27359252.380952
28408710.952381
26619385.238095
26503119.047619
28372681.904762
26699163.809524
28513601.428571
27949020.952381
27808346.666667
27426972.857143
27841755.714286
26926233.333333
27024837.619048
27633753.333333
27073541.428571
26340889.523810
26971622.380952
27801899.047619
28498807.619048
29329687.142857
28254680.476190
27801869.047619
29017593.333333
27440416.666667
28048114.761905
28246991.904762
26414470.952381
26096601.904762
28122506.190476
26286021.904762
29297761.904762
27110210.000000
27178547.142857
27889709.523810
28717593.333333
28807748.095238
27378430.952381
26225605.714286
26908485.238095
27311238.571429
27089325.714286
26441484.761905
28267455.714286
27954329.523810
28538010.476190
26923096.190476
27342212.380952
27780842.380952
28516693.809524
26383523.809524
28602326.666667
26803274.761905
27373368.571429
27838128.571429
26996473.333333
28701391.428571
28264019.047619
26396263.809524
26058559.047619
28994338.095238
27465680.000000
28922345.714286
25110635.238095
28161090.476190
29757850.952381
26948400.952381
28021080.000000
29509782.857143
29542444.761905
27724453.809524
28030169.523810
28217954.285714
30012976.666667
27151988.571429
26807669.047619
27936563.809524
26548532.380952
27943970.476190
27683620.000000
28002637.142857
28499355.238095
27879971.428571
28073750.476190
29043179.047619
26466196.190476
27176881.904762
27709804.761905
26999204.761905
27173780.952381
27581216.666667
28365615.238095
26788188.571429
28190479.047619
28290364.761905
28324360.952381
27682263.809524
27880541.904762
26692857.619048
27146973.333333
28660402.857143
26225382.857143
29464987.619048
27315364.285714
28754528.095238
27363669.523810
27233423.809524
27713929.523810
27751900.000000
25603081.428571
27386091.428571
26571049.523810
26378183.809524
26431491.428571
29187094.285714
26072450.476190
27026808.571429
26118491.428571
26522305.714286
28528663.809524
26967991.428571
29024502.857143
29200953.333333
27923742.857143
27194748.571429
26767860.000000
26885763.809524
27382396.190476
28617765.714286
29132274.761905
29130903.809524
27233511.428571
25958436.190476
27833879.047619
26472041.904762
30124942.380952
27232024.761905
26057693.333333
29286992.857143
27181695.238095
29108917.142857
27309543.333333
27154017.142857
27524031.904762
24986575.238095
26292067.619048
26141058.095238
26699860.000000
27202773.333333
28058317.142857
27187180.952381
27120652.380952
27427997.142857
27257356.190476
26999300.000000
27919349.523810
26920819.047619
26346994.285714
25896879.047619
29221486.190476
28279648.571429
29236584.761905
28269056.190476
27259327.619048
26539988.571429
27363426.666667
27315400.000000
26095622.857143
29168880.952381
27442399.047619
28276540.000000
27532315.238095
29400279.047619
27354274.285714
27601443.809524
28266802.857143
25762672.380952
29359846.190476
29430859.047619
29049269.523810
26755202.857143
29202462.857143
28146300.000000
26427233.333333
26864702.857143
27905353.333333
26256519.047619
28701356.666667
26985223.333333
29374701.904762
28207710.952381
27323971.428571
25739625.714286
25974630.476190
27761394.285714
27556440.952381
27481030.476190
29407927.619048
28598543.809524
27247157.142857
26986039.047619
28585658.095238
27806528.571429
28419514.761905
26881963.809524
28590432.380952
26699114.761905
27654329.523810
26331617.142857
27348792.380952
29193070.476190
27073063.809524
26071577.142857
29556280.000000
28725245.714286
27711956.190476
27391376.666667
26603117.142857
27307328.571429
28320990.476190
27437714.285714
28164047.142857
29000996.666667
27384084.761905
26494327.142857
29484797.619048
27487664.761905
27466092.380952
27839520.952381
26720969.047619
26768671.428571
27703399.047619
27604291.904762
29194353.809524
26284415.238095
26450272.380952
27336105.714286
26327082.857143
27506122.857143
28487540.000000
27186046.666667
28610028.571429
29031022.857143
27076237.142857
32102524.761905
26218803.809524
28051702.857143
28359820.000000
27947612.380952
27447820.000000
28118991.428571
28337380.952381
26594453.333333
27846790.476190
29203797.142857
26844172.380952
27366069.523810
27021863.809524
26450991.428571
28476216.190476
27539640.952381
28406068.571429
25507241.428571
25775070.000000
25380098.571429
27633514.285714
24954762.857143
25936770.000000
24691327.142857
25568497.142857
24886551.428571
26436185.714286
27757268.571429
28230917.142857
27435530.476190
28333677.142857
27978306.666667
28486807.142857
29226303.809524
28624286.666667
27972753.333333
28539747.142857
29490665.714286
29165883.809524
29601248.571429
27466772.380952
26154370.000000
27430427.619048
27795793.333333
28864105.714286
26157162.857143
25953914.285714
28633307.142857
27418508.571429
26381262.857143
28966048.095238
25855179.523810
26556460.000000
27956338.095238
27012162.857143
26272312.380952
26742233.333333
25693309.523810
26182514.285714
26551219.047619
26886749.523810
25854165.238095
26074089.047619
28793559.523810
27128194.285714
27011365.714286
28692307.619048
26404884.285714
29246557.619048
29239880.476190
29338701.904762
27569431.428571
29367807.619048
26535941.428571
27388870.476190
27386295.238095
27579207.619048
26463675.238095
27612263.809524
26618620.000000
28656640.000000
27670375.238095
29560189.523810
26572477.142857
27695888.571429
27396704.761905
28675777.142857
28990418.571429
27623329.523810
28461350.476190
28226523.809524
26775820.476190
27458496.666667
27948874.285714
27627905.714286
26034724.761905
27718126.190476
26454013.333333
27930990.476190
26509551.428571
27491084.761905
26529210.000000
26852192.857143
27728162.857143
27504968.571429
27840079.523810
28271659.047619
28076678.095238
27201025.714286
28124307.619048
27210333.333333
27743370.476190
28737649.047619
26052370.476190
27718328.571429
27257178.095238
26904954.761905
26988119.523810
27966081.904762
28210070.476190
26600072.380952
28076651.904762
28930272.857143
29423985.714286
27363993.333333
26377851.428571
28968508.095238
29589861.904762
27203380.952381
27518315.238095
27569501.904762
29339348.095238
27112399.523810
29265225.714286
27415935.238095
27638321.904762
28791112.857143
27708423.333333
27860382.857143
27485428.571429
27134844.761905
26903930.000000
27002851.904762
27288828.571429
27678500.000000
25554500.000000
26473230.476190
26585812.380952
26425498.095238
27699309.523810
26776529.523810
26749189.523810
27589520.000000
26449826.666667
25439750.476190
25502336.190476
26405580.000000
26778095.238095
28588679.047619
26368434.285714
27476281.904762
27056967.619048
27694561.904762
28550778.095238
26791473.333333
28994659.047619
26170591.428571
28773906.666667
26940217.142857
28089061.904762
26995225.714286
28515834.285714
27352043.809524
27465637.142857
26037740.000000
27019317.142857
26301470.476190
28729488.571429
26837695.238095
26596227.619048
28575557.142857
27350002.857143
26106647.619048
27109246.666667
26938296.190476
26532398.095238
25586311.428571
27387087.619048
27345555.238095
29057635.714286
25955723.809524
25883264.761905
25596475.238095
26871817.142857
27785154.285714
26956695.238095
26681393.333333
26289488.571429
26249397.142857
28288880.000000
26014538.095238
26795568.095238
28624980.952381
29126311.428571
26403668.571429
27213288.571429
26431064.761905
27278643.809524
26477349.523810
29054678.095238
27546443.809524
27293609.523810
27326157.142857
27286403.809524
27859254.285714
26062282.857143
27130890.476190
29153251.428571
28104414.285714
25841473.333333
27921745.714286
26095399.047619
26010730.476190
28584083.809524
27389243.809524
27195668.571429
26757268.571429
28093345.714286
26717048.571429
27748695.238095
25738140.000000
26196749.523810
27010760.000000
28792046.666667
27291208.571429
27385285.714286
26229669.523810
27254208.571429
26831913.333333
27527975.238095
26487936.190476
27006789.523810
26941085.714286
27277086.666667
26717578.095238
28887892.380952
27030156.190476
27269319.047619
26918488.571429
28474730.476190
26377142.857143
25800016.190476
27197932.380952
28815190.476190
27004059.047619
26612395.238095
26769320.952381
36892105.714286
34677500.000000
30815409.523810
30029501.904762
27924298.095238
28526512.380952
30397182.857143
30058290.476190
27562927.619048
29791997.142857
28384421.904762
28503741.904762
29381163.809524
28440576.190476
27115821.428571
28396656.190476
26760870.476190
26905043.809524
26641601.904762
29356926.190476
25943051.428571
25786397.142857
25646546.666667
25658696.190476
25793619.047619
26466626.666667
27630516.190476
27638200.952381
28868890.000000
28267614.761905
29235870.000000
26114578.095238
27811235.238095
25819988.571429
25640097.142857
25734797.142857
26922165.714286
25089413.333333
27597280.000000
25855908.571429
25957881.904762
25014792.380952
25616107.619048
27631879.047619
26718783.809524
25034843.809524
26857259.047619
25546146.666667
25298495.238095
27665143.809524
25408235.238095
25358420.000000
27016893.333333
25660762.857143
25829836.190476
25750043.809524
26269746.666667
25618371.428571
25077263.809524
26490703.809524
26340253.333333
26072501.904762
28272533.333333
26731935.714286
27285772.380952
25452704.761905
25247385.714286
27254691.428571
25782161.904762
26250475.238095
25305883.809524
24521624.761905
26174855.238095
28037642.857143
26766260.000000
26947334.761905
27992440.952381
28937114.285714
27500118.095238
27703263.809524
27301340.952381
27316432.380952
26090592.380952
27253059.047619
25330080.952381
28873200.000000
26620641.904762
26138294.285714
25910159.047619
27659061.904762
25834355.238095
26954704.761905
25290059.047619
27309283.809524
27748411.428571
28541985.714286
28722540.000000
27279512.380952
28702092.380952
27449544.761905
27837461.904762
26993798.095238
28724627.619048
25956551.428571
25886250.476190
27246245.714286
27181517.142857
27051300.000000
29105765.714286
27639890.476190
27380763.809524
26280504.285714
26743725.238095
27154090.476190
27552313.809524
26336989.523810
27670244.761905
26412402.380952
27028060.000000
27813274.761905
28647119.523810
26146878.095238
27035127.142857
25980267.619048
26481923.333333
27345952.380952
24675161.904762
27723760.476190
27632168.571429
26577785.238095
27010440.952381
26137244.761905
25588469.047619
26179009.523810
25880930.000000
26526838.095238
25805125.238095
26086995.714286
25925943.809524
27212037.619048
26935653.333333
27407356.190476
26975646.190476
26995958.095238
27020510.000000
26993600.476190
26013059.523810
27049638.571429
25009991.428571
27056226.190476
27181500.952381
25895187.619048
25701737.619048
27695356.190476
26390695.238095
27550553.333333
25868781.904762
25608143.333333
28884630.476190
27994807.142857
26848727.619048
30811708.095238
28180496.190476
26907965.714286
27285332.380952
24735622.857143
26918777.142857
25792627.142857
25519864.285714
24713584.285714
24809678.571429
26487144.285714
24694004.285714
25383237.142857
25019771.428571
25914217.142857
24503257.142857
25654947.142857
27446928.571429
25742547.619048
25647583.809524
26015086.666667
28984949.523810
27148978.095238
28039487.619048
27133921.904762
28503660.000000
27167016.190476
26017836.190476
26099503.809524
28410705.714286
26989704.761905
26862828.571429
28742238.095238
25823863.809524
28728523.809524
26857693.333333
26956402.857143
28400516.190476
27686854.285714
25878435.238095
28624597.142857
27217706.666667
28706256.190476
26728939.047619
27055399.047619
26822641.904762
28698178.095238
27927058.095238
27391398.095238
26267277.142857
26859557.142857
25561009.523810
26841297.142857
26009110.476190
25952980.000000
28705364.761905
27019574.761905
26401257.619048
27549964.761905
27942243.809524
27438971.428571
26465862.857143
26281218.095238
26037825.714286
25924112.380952
27150760.952381
25818569.523810
25987383.809524
25812033.333333
26507433.333333
27975282.857143
26108035.238095
28622806.666667
27240358.095238
28832706.666667
29077810.000000
26409579.523810
27049260.952381
26705552.380952
28995280.476190
25876867.619048
25938338.095238
27427236.190476
26786938.095238
28464380.000000
26810104.761905
26989836.190476
25668545.714286
26960621.904762
27090097.142857
27171652.380952
27135217.142857
28575600.000000
28598058.095238
27770233.333333
28833960.952381
28918147.619048
27656177.619048
27306298.095238
26273429.523810
28678693.333333
27629623.809524
26786301.904762
28434922.857143
28233254.285714
28036914.285714
27805185.714286
26244646.666667
28033516.190476
26256746.666667
27324565.714286
27598217.142857
26891533.333333
26314284.761905
28041388.571429
25493851.904762
26101008.095238
27845328.571429
27567498.095238
27896432.380952
27396583.809524
26525850.476190
26302204.761905
28675945.714286
27310635.238095
27189387.619048
27328147.619048
28941179.523810
27862208.095238
27114823.809524
26700695.238095
27270303.809524
26536050.476190
26192907.619048
26971510.476190
27805441.904762
28725460.952381
25791075.714286
26996702.857143
28877372.857143
28578063.809524
26846528.571429
27652494.761905
25802039.047619
28657885.238095
27714505.714286
26790495.714286
26172833.809524
27319301.904762
27566445.714286
27840320.000000
25407629.523810
28898019.523810
27753363.333333
26707378.571429
26544208.571429
27768202.857143
26434965.238095
28280362.380952
28698081.904762
27113051.428571
27309245.238095
26537894.285714
28330410.476190
27824030.000000
26527832.380952
27470808.571429
27716506.190476
26077718.571429
25752979.047619
26585298.095238
28902291.428571
26943844.285714
28790972.857143
27328459.047619
27375013.333333
27359404.761905
25824235.714286
26559537.619048
26699259.047619
27174231.428571
27061296.190476
28946672.380952
25639210.476190
26826343.333333
27845051.428571
28618420.476190
27512404.285714
27286012.857143
25506854.285714
29070888.571429
26379185.238095
26966051.904762
27558532.857143
26886302.857143
28421518.095238
26640190.476190
26560589.047619
26579381.428571
26465920.952381
26938891.904762
26153218.095238
28731078.571429
28614785.238095
29027822.380952
28802251.904762
29080256.190476
26894435.714286
26122056.666667
26428617.619048
27141686.190476
29050800.952381
27615573.809524
26881008.095238
26281055.714286
27258178.571429
28670947.619048
25620394.761905
28157454.761905
25718258.571429
28517930.000000
26202068.571429
25854532.857143
27660901.428571
26346639.523810
25671182.857143
27243612.380952
26764158.095238
28965219.523810
26754702.380952
28276633.333333
27160580.000000
25664979.047619
26408327.142857
27129662.380952
28676079.047619
26727860.000000
27111240.000000
26740403.333333
25528491.428571
27094995.238095
26171926.190476
26697861.428571
26790818.571429
28197762.380952
26290537.142857
26305055.238095
28410858.095238
28361380.476190
26857112.857143
27002829.523810
27127834.285714
27005877.142857
26778091.904762
29015447.142857
28666529.523810
29039545.714286
26876746.666667
27517739.523810
28596279.523810
29155281.904762
28594203.809524
26830739.047619
27045814.761905
26066510.952381
28787635.238095
26138135.238095
26836514.285714
28462582.380952
27444707.142857
29004021.904762
27830380.952381
26552839.047619
28562941.428571
28352098.571429
28952374.285714
25803609.523810
27081174.285714
27778995.238095
26926397.619048
26253991.904762
26857201.904762
28421418.095238
27031746.666667
28995838.571429
26779062.380952
25403628.571429
27729699.047619
26101692.380952
26889113.809524
25580586.190476
26645304.761905
25984680.952381
28691640.000000
25897984.761905
26452598.095238
28565512.380952
28604657.142857
25766803.809524
27666312.857143
26305310.000000
26813544.761905
28424761.904762
27830920.952381
27238651.904762
29100224.285714
26392213.333333
28321942.857143
30813903.809524
27886162.380952
29107520.476190
26699020.952381
