2338407.142857
2635760.000000
1864281.428571
2167052.857143
1532350.476190
1891288.571429
1505691.428571
1974068.571429
1075028.571429
1662680.000000
1102666.190476
2076947.142857
1117513.809524
2159847.142857
1801320.000000
2353877.142857
2119020.952381
2564910.000000
2461790.000000
2312240.000000
2527350.476190
2297700.952381
2400619.047619
1701333.809524
2160617.142857
1545674.285714
1927100.000000
1581533.333333
1787704.285714
1276380.952381
1810181.428571
2128234.761905
2193447.142857
1135411.428571
1813090.000000
947112.380952
1680312.857143
970464.761905
2038198.571429
1751929.523810
2120668.571429
1919019.047619
2107280.000000
1682232.857143
2067291.428571
1826631.904762
2258737.142857
2058040.000000
1938990.000000
2234467.142857
1638750.000000
1922355.714286
1743451.428571
1939971.428571
1766112.380952
2130542.857143
1702474.761905
2082472.857143
1617723.809524
1944850.000000
1386569.523810
1838352.857143
1305959.523810
1733981.428571
1483377.619048
1657358.571429
1503770.000000
1761318.571429
1462906.666667
1736921.428571
1400219.047619
1603802.857143
1318693.333333
1733398.571429
1285860.952381
1753850.000000
1370506.666667
1790447.142857
1055373.333333
1615332.857143
1447350.000000
1828314.285714
1405701.904762
1733474.285714
1361363.809524
1703157.142857
1050160.000000
1565762.857143
1346636.190476
1782355.714286
1334263.333333
1719871.428571
1260120.000000
1595244.285714
1281750.000000
1687234.285714
1565154.285714
1803537.142857
1460498.095238
1745217.142857
1019910.000000
1634777.142857
928281.904762
1629904.285714
1040662.857143
1960611.428571
1817700.952381
2048107.142857
1835070.476190
1996539.047619
2150676.666667
1867578.095238
1992910.000000
1731025.714286
1753991.428571
1675845.714286
1774237.142857
1670846.190476
1854910.952381
1469228.571429
1604382.857143
1341152.380952
1460937.142857
1471360.000000
1731125.714286
1358346.666667
1631800.000000
1462798.095238
1573491.428571
1426449.523810
1562228.571429
1463710.476190
1631048.571429
1349512.380952
1550730.000000
1400388.571429
1426801.428571
1507558.095238
1627012.857143
1455499.047619
1468707.142857
1461064.761905
1596605.714286
1283735.238095
1613761.428571
1497325.714286
1723840.000000
1433386.666667
1624630.000000
1283702.857143
1472254.285714
1196855.238095
1640173.809524
1391139.047619
1833894.761905
1578135.238095
2011854.761905
930249.523810
1423800.952381
933735.238095
1396834.285714
917902.857143
1154108.571429
900516.190476
1611178.571429
1057196.190476
1767462.857143
1542565.714286
1695861.428571
1604580.952381
1912099.047619
1822020.952381
1795320.000000
1858262.857143
1918771.428571
1941545.714286
1555310.476190
1708937.142857
1273325.714286
1529420.000000
1290798.095238
1636140.000000
1398786.666667
1763382.857143
1262588.571429
1559320.000000
1302493.333333
1457765.714286
1265321.904762
1659860.000000
1057824.761905
1437968.571429
1101196.190476
1512432.857143
1352112.380952
1583315.714286
1319340.952381
1525161.428571
1279960.000000
1652844.285714
1384986.666667
1670392.857143
1547272.380952
1590051.428571
1300615.238095
1639218.571429
872573.333333
1201284.285714
950226.666667
1423088.095238
858213.333333
1476845.714286
883826.666667
1751297.142857
1459243.809524
1703613.333333
1514889.523810
1857540.952381
1730842.857143
2003832.380952
1827929.523810
1747281.904762
1616127.142857
1743607.619048
1417561.904762
1951870.476190
1875906.666667
1862259.047619
1765813.333333
1727771.428571
1588782.380952
1841921.904762
1687327.619048
1933546.666667
1839733.809524
1751116.190476
1630036.190476
1705638.095238
1689687.619048
1598647.619048
1489561.904762
1565584.761905
1446420.000000
1775777.142857
1673804.285714
1737224.761905
1616367.619048
1732714.285714
1554064.285714
1651792.380952
1560900.952381
1503765.714286
1482276.190476
1750910.476190
1610837.142857
995594.285714
1092643.809524
903518.095238
1017851.428571
940768.571429
1016739.047619
925373.333333
1043139.047619
715232.380952
944312.380952
699367.619048
875424.761905
756721.904762
925493.333333
829832.380952
895253.333333
775594.285714
916946.666667
762363.809524
850340.952381
825224.761905
842527.619048
901209.523810
1049563.809524
794575.238095
827215.238095
803380.952381
930306.666667
785110.476190
852173.333333
739815.238095
872095.238095
788013.333333
876664.761905
768990.476190
918771.428571
710474.285714
842036.190476
775702.857143
927800.000000
793996.190476
904937.142857
800293.333333
930011.428571
819630.476190
899980.952381
824961.904762
906659.047619
810636.190476
864900.952381
878725.714286
918992.380952
742655.238095
890994.285714
716769.523810
876318.095238
834133.333333
990811.428571
855540.952381
1005051.428571
820220.952381
979110.476190
887083.809524
949274.285714
795173.333333
851929.523810
899614.761905
1050339.047619
1198529.523810
1099297.142857
1589576.190476
1714517.142857
1261265.714286
1478019.523810
1023841.428571
878099.047619
994851.428571
930927.619048
1221189.523810
1034841.904762
1389737.142857
1321588.571429
1370513.809524
1216584.761905
1231934.285714
1164971.428571
1164514.285714
1175600.000000
1299998.095238
1336723.809524
1256188.571429
1358807.619048
1032575.238095
1131420.952381
1057019.047619
1185693.333333
896135.238095
1153360.000000
777670.476190
923059.047619
822304.761905
976236.190476
756560.000000
914838.095238
786095.238095
879430.476190
738032.380952
884550.476190
865554.285714
994605.714286
765977.142857
956651.428571
756053.333333
982596.190476
695480.000000
923316.190476
732270.476190
904910.476190
682638.095238
1086855.238095
998154.285714
1230613.333333
1151683.809524
1123499.047619
1235872.380952
928822.857143
1138622.857143
790432.380952
934112.380952
875721.904762
1013558.095238
826053.333333
870241.904762
796011.428571
937299.047619
742910.476190
914215.238095
793590.476190
965405.714286
738634.285714
987796.190476
715300.952381
932156.190476
731350.476190
1001600.000000
764742.857143
914110.476190
722095.238095
930992.380952
811144.761905
995320.000000
772280.000000
943060.952381
795478.095238
1020670.476190
750807.619048
895626.666667
795977.142857
995329.523810
819499.047619
1033188.571429
818478.095238
984720.000000
813908.571429
891573.333333
752815.238095
930525.714286
761163.809524
999609.523810
800697.142857
936220.952381
725651.428571
946638.095238
718885.714286
935180.952381
752209.523810
989268.571429
790883.809524
956674.285714
829158.095238
959584.761905
781158.095238
935931.428571
743314.285714
933662.857143
770619.047619
984310.476190
728592.380952
874975.238095
821929.523810
1016346.666667
803756.190476
921401.904762
749771.428571
974942.857143
763365.714286
911876.190476
805451.428571
898314.285714
766005.714286
992434.285714
761666.666667
966763.809524
726849.523810
914965.714286
841093.333333
925782.857143
752386.666667
859565.714286
872912.380952
996224.761905
789080.000000
983043.809524
727773.333333
966369.523810
746247.619048
956710.476190
792733.333333
911499.047619
780293.333333
903291.428571
781790.476190
805291.428571
810354.285714
893710.476190
774361.904762
821984.761905
791059.047619
827624.761905
812588.571429
933880.000000
665880.000000
793620.952381
752792.380952
742289.523810
791445.714286
883260.952381
797407.619048
874582.857143
746129.523810
909053.333333
788318.095238
911668.571429
819897.619048
771184.761905
717041.904762
864401.904762
690986.666667
787142.857143
702480.000000
819940.952381
681904.761905
835651.428571
722129.523810
868144.761905
710636.190476
847940.952381
749596.190476
823009.523810
714990.476190
919760.000000
785542.857143
882466.666667
768255.238095
814520.000000
749828.571429
893967.619048
775051.428571
919405.714286
731935.238095
833009.523810
720198.095238
920224.761905
747007.619048
879657.142857
717068.571429
801215.238095
683940.952381
861613.333333
807047.619048
939710.476190
786691.428571
899116.190476
789099.047619
886601.904762
759087.619048
827611.428571
771459.047619
922902.857143
751499.047619
890788.571429
769683.809524
891508.571429
842170.952381
1019254.285714
726973.333333
760952.380952
745744.761905
848350.476190
738878.095238
851401.904762
750428.571429
843028.571429
787902.857143
888460.952381
743737.142857
815948.571429
708678.095238
820447.619048
757843.809524
830470.476190
788676.190476
971007.619048
771034.285714
895443.809524
786942.857143
893445.714286
741038.095238
910455.238095
758807.619048
899306.666667
779756.190476
911672.380952
734375.238095
848796.190476
715150.476190
855561.904762
738805.714286
885333.333333
775072.380952
886544.761905
802937.142857
954769.523810
814483.809524
839100.952381
714904.761905
844024.761905
767622.857143
909053.333333
758622.857143
886716.190476
676820.952381
891080.000000
771179.047619
892834.285714
793640.000000
875670.476190
742074.285714
811657.142857
821245.714286
881887.619048
730693.333333
800013.333333
682440.000000
823268.571429
688386.666667
808038.095238
680954.285714
826946.666667
730504.761905
949001.904762
675998.095238
813925.714286
682504.761905
859752.380952
715000.000000
814891.428571
777251.428571
833308.571429
738325.714286
866672.380952
734940.952381
831241.904762
701920.000000
861146.666667
680173.333333
801506.666667
734533.333333
859059.047619
728672.380952
898533.333333
696794.285714
824531.428571
709750.476190
852449.523810
747398.095238
819895.238095
807836.190476
886796.190476
733388.571429
865308.571429
704790.476190
988451.428571
669539.047619
855992.380952
783963.809524
968438.095238
845836.190476
1032982.857143
939245.714286
1002784.761905
1006001.904762
973558.095238
1007935.238095
1049885.714286
1029213.333333
1089655.238095
1214706.666667
907649.523810
1035548.571429
787582.857143
831761.904762
850025.238095
860626.666667
1305272.857143
1097622.857143
1358824.761905
1656936.666667
1168641.904762
1295182.380952
1085527.619048
1132081.904762
1182560.000000
1238192.380952
1185154.285714
1144998.095238
1118596.190476
1210066.666667
1004217.142857
1123485.714286
943074.285714
1090331.428571
900502.857143
1015821.428571
840099.047619
1099450.476190
834081.904762
981011.428571
823034.285714
985789.047619
898451.428571
981460.952381
776737.142857
833160.000000
966963.809524
1000624.761905
937354.285714
919828.571429
759329.523810
902596.190476
875760.000000
1004939.047619
797880.000000
877874.285714
793689.523810
907855.238095
881447.619048
992803.809524
801308.571429
902638.095238
828264.761905
941550.476190
937015.238095
1037655.238095
940262.857143
1006594.285714
948325.714286
964558.095238
1002062.857143
908325.714286
928565.714286
1132531.428571
863215.238095
793264.761905
821735.238095
915735.238095
873417.142857
896969.523810
788028.571429
874805.714286
826969.523810
886380.952381
868727.619048
925944.761905
928030.476190
998716.190476
878771.428571
929853.333333
876253.333333
997640.000000
711927.619048
869653.333333
715135.238095
850438.095238
759426.666667
914510.476190
901742.380952
1011089.523810
1052729.523810
1107891.428571
1069649.523810
1221081.904762
1158752.380952
1157664.761905
1131527.619048
978041.904762
1007312.380952
792281.904762
874788.571429
854925.714286
994752.380952
1037087.619048
1186099.523810
811706.666667
1239300.952381
844668.571429
961923.809524
1047066.666667
837838.095238
824066.666667
862969.523810
810592.380952
885398.095238
926714.285714
926251.428571
943820.952381
930954.285714
849287.619048
922438.095238
1022192.380952
892367.619048
920116.190476
1133102.857143
1210118.095238
999765.714286
1037748.571429
966059.047619
1019824.761905
902226.666667
916580.952381
910093.333333
1106631.904762
779259.047619
1057152.380952
852579.047619
1193177.142857
1074072.380952
1340356.190476
1306548.571429
1032470.476190
1153062.857143
965731.428571
1046699.047619
796796.190476
1134304.761905
1373168.571429
1237146.666667
1149738.095238
1179523.809524
1181145.714286
1281994.285714
1040181.904762
1052723.809524
1101818.095238
972889.523810
898318.095238
1054820.952381
942146.666667
1093228.571429
955051.428571
1051148.571429
855489.523810
1072060.952381
929161.904762
853624.761905
716674.285714
912220.952381
880196.190476
839660.952381
952771.428571
940241.904762
831291.428571
828533.333333
1001022.857143
1021335.238095
974950.476190
972182.857143
894043.809524
905352.380952
921081.904762
962112.380952
972881.904762
1009956.190476
915765.714286
989270.476190
870264.761905
874933.333333
911952.380952
971794.285714
911032.380952
967057.142857
904129.523810
1007931.428571
834308.571429
942441.904762
741457.142857
872220.952381
711940.952381
910312.380952
1073580.476190
861662.857143
988014.285714
1070281.904762
1073763.809524
1148142.857143
1046394.285714
1111428.571429
936043.809524
970643.809524
938270.476190
960716.190476
889009.523810
920253.333333
691491.428571
835293.333333
1065714.761905
997059.047619
1324758.095238
1442004.761905
1087036.190476
1079855.238095
1197228.571429
1263320.000000
973253.333333
1193928.571429
725672.380952
1062894.285714
754142.857143
1193407.619048
1070211.428571
1065980.952381
1062224.761905
1107165.714286
1091417.142857
1195470.476190
1182217.142857
1038007.619048
1058431.904762
1017500.952381
1070273.809524
1096502.857143
1098856.190476
1111664.761905
1092005.714286
1004763.809524
979611.428571
994567.619048
960032.380952
1062168.571429
1038238.095238
1097950.476190
1064460.952381
1064411.428571
1014173.333333
1125064.761905
1115748.571429
1091243.809524
1042737.142857
1097864.761905
1061628.571429
1118356.190476
1084992.380952
1018954.285714
1032521.904762
1106308.571429
1092432.380952
1089798.095238
1065411.428571
1128152.380952
1088765.714286
1063662.857143
1043085.714286
1035712.380952
1014638.095238
1163780.952381
1108801.904762
1081500.952381
1034864.761905
1047937.142857
1051845.714286
1067072.380952
1042563.809524
1060276.190476
1028020.952381
973213.333333
916078.095238
948558.095238
874211.428571
1211655.238095
1171613.333333
1069779.047619
1019956.190476
937384.761905
1107038.095238
764316.190476
1045310.476190
902803.333333
1071854.285714
832965.714286
1072731.428571
950615.238095
1146071.904762
1141700.952381
814594.285714
1034708.095238
715436.190476
951034.285714
737219.047619
882533.333333
972865.714286
831380.952381
690826.666667
875575.238095
684554.285714
919184.761905
704270.476190
910129.523810
702761.904762
982045.714286
775175.238095
891459.047619
720940.952381
974497.142857
690596.190476
943710.476190
696540.952381
815262.857143
698864.761905
949868.571429
725464.761905
906958.095238
714253.333333
923940.952381
812931.428571
849939.047619
694674.285714
955773.333333
704973.333333
871912.380952
710723.809524
919887.619048
712413.333333
882167.619048
726460.952381
969963.809524
928083.809524
1043386.666667
1044579.047619
1082885.714286
1059481.904762
995552.380952
998845.714286
1040099.047619
1115245.714286
1104180.952381
1057670.476190
1131308.571429
1091215.238095
1160836.190476
1125540.952381
1034108.571429
1038339.047619
1060739.047619
1053961.904762
1080411.428571
1038358.095238
1017335.238095
991356.190476
1009280.000000
1015407.619048
977472.380952
985207.619048
1034312.380952
1030180.952381
1160506.666667
1147916.190476
1069723.809524
1039375.238095
1142619.047619
1094763.809524
1099615.238095
1065177.142857
1125386.666667
1102283.809524
916470.476190
846019.047619
887196.190476
751889.523810
957792.380952
793822.857143
1075400.000000
1012554.285714
1011055.238095
1011066.666667
1085417.142857
1056963.809524
1074241.904762
1015066.666667
1126415.238095
1058095.238095
993049.523810
1026893.333333
1083302.857143
1082001.904762
1084691.428571
1133819.047619
947721.904762
926022.857143
1048234.285714
1001350.476190
1010480.000000
987243.809524
975285.714286
997040.000000
1040278.095238
1035257.142857
1095405.714286
1024057.142857
1042782.857143
1009247.619048
1030097.142857
1011912.380952
972440.000000
982841.904762
996057.142857
1003676.190476
1024140.952381
1065220.952381
1070104.761905
1053737.142857
956363.809524
927868.571429
1029013.333333
999409.523810
1037544.761905
1050826.666667
1009971.428571
1029613.333333
997220.952381
997350.476190
1158156.190476
1149937.142857
1042038.095238
1020979.047619
1152847.619048
1105289.523810
1023316.190476
1040232.380952
1010527.619048
991224.761905
1026531.428571
1014394.285714
1119106.666667
1079771.428571
1075645.714286
1040681.904762
1117196.190476
1068325.714286
1070847.619048
1070078.095238
33179017.142857
33147367.142857
1094335.238095
1064388.571429
968695.238095
945380.952381
1012840.000000
985617.142857
1077735.238095
1089243.809524
1072946.666667
1056706.666667
1158036.190476
1142641.904762
1248485.714286
1270022.857143
1206902.857143
1271740.952381
959773.333333
1027580.952381
861674.285714
1031236.190476
720085.714286
975203.809524
720923.809524
957880.000000
695641.904762
833500.952381
715561.904762
944352.380952
725575.238095
926720.000000
721798.095238
834000.000000
703228.571429
882445.714286
749575.238095
952638.095238
723946.666667
998457.142857
698257.142857
796382.857143
765045.714286
978567.619048
706165.714286
861417.142857
719312.380952
822866.666667
676933.333333
815382.857143
691481.904762
751655.238095
714838.095238
785556.190476
731670.476190
767847.619048
680160.000000
801979.047619
693205.714286
832405.714286
710822.857143
800708.571429
715055.238095
834864.761905
681398.095238
778478.095238
693996.190476
805782.857143
682554.285714
846767.619048
671847.619048
784434.285714
667685.714286
794293.333333
722186.666667
826657.142857
666965.714286
837259.047619
722803.809524
785003.809524
676735.238095
799234.285714
675942.857143
745182.857143
679788.571429
788688.095238
703337.142857
800390.000000
671356.190476
924360.952381
820464.761905
844005.714286
718508.571429
756420.952381
681859.047619
848007.619048
812100.000000
795337.142857
731341.904762
761516.190476
836683.809524
750582.857143
734617.619048
814868.571429
740685.714286
1003283.809524
761767.619048
1008464.761905
988438.095238
1250565.714286
1338541.428571
986838.095238
1081462.857143
823855.238095
1077177.142857
768560.000000
835811.428571
707419.047619
844862.857143
764881.904762
843262.857143
750702.857143
811520.000000
689563.809524
764068.571429
685620.952381
924862.857143
723769.523810
796558.095238
673937.142857
808609.523810
684575.238095
795356.190476
695234.285714
854180.952381
734954.285714
867824.761905
731106.666667
822836.190476
717182.857143
826318.095238
722560.000000
803504.761905
694405.714286
880798.095238
726994.285714
769308.571429
705531.428571
787270.476190
683910.476190
950872.857143
697771.428571
868849.047619
694148.571429
849765.714286
823733.333333
1010515.238095
733897.142857
875463.809524
712638.095238
794727.619048
840998.095238
913960.000000
780407.619048
952681.904762
675300.952381
1072460.952381
730878.095238
860834.285714
783887.619048
854674.285714
743392.380952
907678.095238
743409.523810
851230.476190
705040.000000
841251.428571
725380.952381
830895.238095
759830.476190
796508.571429
785931.428571
835990.476190
800904.761905
822670.476190
774216.666667
865807.619048
1291035.238095
1155761.904762
1230081.904762
1162939.047619
1295502.857143
1399302.857143
1123790.476190
1242318.095238
815939.047619
1077891.428571
818274.285714
1008445.714286
884236.190476
756746.666667
878440.000000
802832.380952
840683.809524
786944.761905
1060428.571429
714478.095238
826767.619048
807207.619048
934140.952381
806935.238095
849689.523810
770455.238095
833929.523810
796032.380952
944714.285714
734780.952381
908259.047619
722314.285714
828998.095238
771201.904762
899302.857143
755262.857143
877382.857143
957487.619048
988257.142857
878453.333333
938097.142857
1665078.095238
1395990.476190
1109579.047619
1206070.476190
1180483.809524
1224640.000000
1298251.428571
1384121.904762
1146855.238095
1161520.000000
1152150.476190
1224451.428571
1146961.904762
1147986.666667
1110773.333333
1230840.000000
1137626.666667
1149706.666667
1243843.809524
1242137.142857
1320043.333333
1292934.285714
1021889.523810
1149200.000000
1101603.809524
1183270.476190
1081080.000000
1144062.857143
1433223.333333
1357402.380952
1566003.809524
1721400.952381
1293571.428571
1426487.142857
1188102.857143
1142335.238095
961110.476190
1059720.000000
997266.666667
1008649.523810
955672.380952
1040521.904762
876327.619048
912447.619048
836451.428571
856160.000000
802371.428571
840828.571429
915575.238095
873333.333333
855809.523810
879784.761905
828944.761905
814360.000000
871657.142857
847163.809524
869428.571429
891575.238095
797360.000000
785144.761905
723617.142857
770102.857143
758812.380952
802230.476190
810691.428571
753605.714286
675403.809524
945889.523810
711462.857143
852634.285714
679843.809524
806666.666667
683447.619048
805228.571429
660641.904762
799887.619048
683019.047619
798838.095238
705746.666667
803800.000000
661811.428571
807920.000000
696253.333333
595210257.619048
1439714.285714
1711600.476190
1787757.142857
1318617.142857
1572033.333333
744640.000000
950975.238095
677594.285714
958388.095238
665392.380952
842127.619048
683495.238095
804110.476190
672388.571429
808302.857143
682060.952381
850030.476190
655742.857143
882400.000000
703247.619048
1062777.142857
978902.857143
1104508.571429
1027723.809524
1212841.904762
1159230.476190
1208190.476190
1144868.571429
1089571.428571
1040133.333333
1260805.714286
1363230.476190
830674.285714
956954.285714
757293.333333
883881.904762
757451.428571
808499.047619
676045.714286
727453.333333
820032.380952
800619.047619
688104.761905
780963.809524
682750.476190
869529.523810
713407.619048
807674.285714
703798.095238
769565.714286
708971.428571
687038.095238
704716.190476
887740.952381
808925.714286
829312.380952
869601.904762
812681.904762
871590.476190
895494.761905
961907.619048
811571.428571
921059.047619
949352.380952
911798.095238
773266.666667
844584.761905
801346.666667
862398.095238
715302.857143
864746.666667
893193.809524
808059.047619
829455.238095
916474.285714
952750.952381
876028.571429
800681.904762
848556.190476
839400.000000
940152.380952
884020.952381
851459.047619
826801.904762
876643.809524
781146.666667
852367.619048
822238.095238
929138.571429
889230.476190
814036.190476
858062.857143
935499.523810
966809.523810
967405.714286
1001144.761905
851344.761905
823369.523810
930693.333333
1037121.428571
701022.857143
990300.952381
789285.714286
1052666.666667
787156.190476
1047775.238095
756866.666667
990603.809524
723468.571429
968636.190476
749523.809524
979066.666667
687394.285714
1051293.333333
698977.142857
866685.714286
768175.238095
904840.000000
768550.476190
999586.666667
676700.952381
928441.904762
722011.428571
944182.857143
841664.761905
964531.428571
692700.952381
936876.190476
673514.285714
890339.047619
767931.428571
876095.238095
716628.571429
906209.523810
758918.095238
930401.904762
689320.000000
906226.666667
797487.619048
959264.761905
668891.428571
990179.047619
730601.904762
915222.857143
721190.476190
1015891.428571
954093.333333
1107948.571429
1050897.142857
1173360.000000
1124963.809524
1143466.666667
1081478.095238
1101560.000000
1068116.190476
1081333.333333
1065796.190476
1092975.238095
1029196.190476
1063466.666667
1092529.523810
1073662.857143
1067923.809524
1093565.714286
1078580.952381
1139712.380952
1072567.619048
1128139.047619
1122601.904762
1041864.761905
996304.761905
1023441.904762
984152.380952
1031876.190476
1002706.666667
1116247.619048
1040921.904762
1132929.523810
1103022.857143
1197811.428571
1150327.619048
1062891.428571
1072820.952381
1083539.047619
1050592.380952
1143424.761905
1095887.619048
1139491.428571
1104100.952381
1191851.428571
1146339.047619
1125680.000000
1020680.000000
1199872.380952
1193264.761905
1081784.761905
1015818.571429
1079011.428571
1086153.809524
1171331.428571
1131085.714286
1145196.190476
1149593.809524
1183363.809524
1143220.952381
1091228.571429
1162076.190476
1122207.619048
1138342.857143
1147045.714286
1166300.952381
1079706.666667
1083457.142857
1133904.761905
1092095.238095
1248180.952381
1243594.285714
1196373.333333
1137139.047619
1148089.523810
1255539.047619
1031760.000000
1161320.000000
991918.095238
1101763.809524
879942.857143
964659.047619
789800.000000
942729.523810
914009.523810
957436.190476
881796.190476
950916.190476
859765.714286
979851.428571
750813.333333
942093.333333
707000.000000
886647.619048
676921.904762
856714.285714
658906.666667
924198.095238
656139.047619
880605.714286
661908.571429
913260.952381
701849.523810
882864.761905
698123.809524
908567.619048
684702.857143
871809.523810
706908.571429
926274.285714
1105818.095238
1289992.380952
946992.380952
1278392.380952
1004072.380952
1429542.857143
1272648.571429
1387084.761905
1238672.380952
1299754.285714
1202891.428571
1281611.428571
1190968.095238
1214914.285714
1174498.095238
1252367.619048
1134545.714286
1273632.380952
1117409.523810
1396172.857143
1210952.380952
891525.714286
1054763.809524
709567.619048
898243.809524
803024.761905
834420.952381
794230.476190
950548.571429
976135.238095
1074718.095238
1090539.047619
1032112.380952
995609.523810
1082373.333333
1081721.904762
981457.142857
1002575.238095
1009480.000000
1071273.333333
1015312.380952
1036371.428571
1062220.952381
1085577.142857
978099.047619
1064750.476190
978731.428571
1066034.285714
1059310.476190
1096068.571429
1028253.333333
1060386.666667
970019.047619
1119453.333333
755200.000000
894480.000000
790954.285714
864108.571429
751716.190476
844034.285714
857003.809524
850106.666667
861779.047619
922651.428571
756805.714286
816870.476190
708626.666667
922434.285714
849563.809524
908838.095238
794089.523810
859998.095238
937209.523810
967127.619048
921746.666667
1004022.857143
871619.047619
974198.095238
872200.000000
968615.238095
817940.952381
963881.904762
775744.761905
908283.809524
888514.285714
919712.380952
760800.000000
852093.333333
808455.238095
866902.857143
823510.476190
952333.333333
732344.761905
878060.952381
789737.142857
852918.095238
781569.523810
855638.095238
735445.714286
773674.285714
717051.428571
850481.904762
835760.000000
885430.476190
798840.000000
1021142.857143
897371.428571
952087.619048
910047.619048
974306.666667
955670.476190
1041631.904762
983369.523810
1316820.000000
1051664.761905
1467160.000000
1574011.904762
987518.095238
1295621.428571
858611.904762
795960.000000
870440.000000
844321.904762
761313.809524
898245.714286
914300.000000
881110.476190
802988.571429
857000.000000
782432.380952
903575.238095
861697.142857
901224.761905
862527.619048
821428.571429
735413.333333
863192.380952
750135.238095
869293.333333
736735.238095
869264.761905
933881.904762
961403.809524
773975.238095
842285.714286
876144.761905
968550.476190
879754.285714
947727.619048
1039771.428571
970798.095238
1167838.095238
1313579.047619
979855.238095
933586.666667
998443.809524
917983.809524
924398.095238
894310.476190
904007.619048
902710.476190
1011868.571429
947053.333333
949426.666667
868213.333333
921228.571429
971051.428571
927342.857143
902240.000000
889337.142857
920441.904762
852992.380952
790862.857143
896299.047619
829152.380952
838022.857143
757386.666667
855062.857143
814100.952381
843994.285714
813685.714286
918289.523810
842316.190476
844392.380952
848617.142857
1055780.952381
1002798.095238
1029756.190476
1084601.904762
1100327.619048
1049598.095238
1016801.904762
1073194.285714
934123.809524
1026567.619048
816521.904762
822641.904762
807034.285714
851594.285714
732226.666667
821860.952381
853784.761905
839460.952381
755729.523810
796283.809524
785087.619048
779811.428571
759546.666667
763740.952381
731965.714286
796032.380952
753217.142857
771914.285714
711030.476190
775979.047619
743373.333333
821660.952381
759729.523810
744001.904762
752078.095238
884419.047619
842958.095238
825291.428571
777009.523810
889977.142857
882615.238095
1011643.809524
1026188.571429
1019076.190476
969120.000000
1192990.476190
1174834.285714
1006139.047619
1064222.857143
996198.095238
1020643.809524
1048858.095238
1108438.095238
978745.714286
1013270.476190
998372.380952
1008525.714286
962643.809524
1009055.238095
2384975.238095
974394.285714
954560.000000
1019013.333333
843416.190476
927834.285714
901461.904762
906847.619048
1142760.000000
1165028.095238
1398926.666667
1267380.000000
1154800.000000
1199216.190476
1172960.000000
1142767.619048
1052813.809524
991478.095238
1298451.428571
1297131.428571
1008320.000000
1032746.666667
949450.476190
979946.666667
1054943.809524
1096036.190476
993025.714286
1057594.285714
809560.000000
957531.428571
706693.333333
853931.428571
692161.904762
781177.142857
704297.142857
813354.285714
744910.476190
961807.619048
886784.761905
1006107.619048
962453.333333
1143497.142857
1240024.285714
932860.952381
1059206.666667
876182.857143
951758.571429
835613.333333
863308.571429
827302.857143
921750.952381
775575.238095
861049.523810
678203.809524
675849.523810
680481.904762
743203.809524
679523.809524
752714.285714
780784.761905
779285.714286
686140.952381
733440.000000
756899.047619
663344.761905
827310.476190
730731.428571
739483.809524
695979.047619
694737.142857
681100.952381
849902.857143
853315.714286
737045.714286
738516.190476
762123.809524
709455.238095
709260.952381
753175.238095
657192.380952
748043.809524
749468.571429
842651.428571
869083.809524
956497.142857
985626.666667
887939.047619
919026.666667
960950.476190
946714.285714
932807.619048
979080.000000
666979.047619
711144.761905
700245.714286
687420.952381
742192.380952
741841.904762
792641.904762
823405.714286
747788.571429
738942.857143
684622.857143
772219.047619
710598.095238
701236.190476
673500.952381
729337.142857
666527.619048
759051.428571
921615.238095
791361.904762
972811.428571
969449.523810
904325.714286
941219.047619
752150.476190
747003.809524
765521.904762
755314.285714
698432.380952
726361.904762
694053.333333
724594.285714
769643.809524
736539.047619
753880.000000
759689.523810
716973.333333
773714.285714
672725.714286
767862.857143
700411.428571
683801.904762
699636.190476
720758.095238
689045.714286
721179.047619
700236.190476
733594.285714
700201.904762
734108.571429
701304.761905
738914.285714
709133.333333
712973.333333
706801.904762
721464.761905
688678.095238
729994.285714
759398.095238
799708.571429
742253.333333
674794.285714
719653.333333
714659.047619
739015.238095
704708.571429
678521.904762
707392.380952
727241.904762
734032.380952
821009.523810
749131.428571
668078.095238
742668.571429
726977.142857
742297.142857
703401.904762
722628.571429
737668.571429
731051.428571
651295.238095
698108.571429
685424.761905
742965.714286
680611.428571
724379.047619
777384.761905
804142.857143
833497.142857
780883.809524
831270.476190
858238.095238
899603.809524
902878.095238
940723.809524
1007041.904762
907060.952381
949428.571429
852550.476190
912158.095238
871725.714286
881742.857143
818685.714286
860527.619048
760080.000000
766312.380952
826514.285714
870739.047619
1009445.714286
1025860.952381
930215.238095
948000.000000
837561.904762
864055.238095
958592.380952
971369.523810
944409.523810
1093068.571429
898754.285714
925346.666667
775558.095238
789609.523810
784874.285714
805346.666667
992272.380952
993693.333333
909849.523810
954817.142857
962573.333333
976689.523810
944653.333333
971931.428571
878213.333333
925500.952381
966323.809524
1020729.523810
959521.904762
985914.285714
893874.285714
906571.428571
908586.666667
950937.142857
848443.809524
893405.714286
901192.380952
974295.238095
888367.619048
922076.190476
931394.285714
982739.047619
921468.571429
952495.238095
997748.571429
1017255.238095
926358.095238
956428.571429
854520.000000
898912.380952
792725.714286
840950.476190
1040876.190476
1071135.238095
949914.285714
965497.142857
945144.761905
965914.285714
1028782.857143
1027940.952381
905560.000000
945740.952381
936420.952381
956920.000000
914506.666667
947019.047619
890668.571429
929615.238095
855544.761905
923493.333333
832438.095238
883529.523810
923634.285714
951885.714286
840811.428571
898489.523810
868057.142857
911885.714286
950782.857143
989765.714286
918788.571429
937163.809524
928925.714286
955428.571429
1012958.095238
1051640.000000
908708.571429
963632.380952
912803.809524
988939.047619
869931.428571
911891.428571
914520.000000
949739.047619
833329.523810
902596.190476
827523.809524
899184.761905
1123508.571429
1159963.809524
915666.666667
937386.666667
930154.285714
956780.952381
969264.761905
984548.571429
1183603.809524
1123579.047619
1145418.571429
1124407.619048
1249723.809524
1163245.714286
1178605.238095
1249285.714286
1155792.380952
1111740.952381
962714.285714
959529.523810
1099773.333333
1113480.000000
1134916.190476
1197649.523810
879365.714286
996219.047619
754163.809524
867954.285714
731133.333333
835828.571429
733430.476190
859695.238095
702272.380952
878245.714286
718003.809524
862274.285714
697270.476190
903097.142857
742184.761905
902815.238095
723045.714286
880630.476190
699007.619048
963154.285714
757699.047619
957080.000000
686508.571429
929232.380952
761836.190476
868179.047619
748765.714286
1047638.095238
959160.000000
1013363.809524
865352.380952
1077409.523810
1012095.238095
1056070.476190
1006158.095238
1098340.000000
1105565.714286
1070358.095238
1088540.952381
959140.952381
1021060.952381
987988.571429
976878.095238
1095590.476190
1081394.285714
1265960.000000
1446596.190476
721283.809524
957391.428571
724933.333333
1079134.761905
739691.428571
1078028.571429
718424.761905
816230.476190
791699.047619
717645.714286
743377.142857
714015.238095
719034.285714
1040573.333333
879310.476190
895201.904762
925040.000000
884072.380952
941822.857143
897213.333333
949123.809524
882396.190476
935622.857143
1079302.857143
988573.333333
866819.047619
907817.142857
906497.142857
914834.285714
875230.476190
922108.571429
926001.904762
924283.809524
1043752.380952
1060203.809524
993375.238095
977203.809524
919577.142857
948304.761905
921727.619048
934426.666667
913386.666667
938333.333333
928440.000000
943453.333333
919224.761905
939529.523810
903948.571429
934213.333333
880998.095238
929196.190476
894194.285714
957634.285714
945927.619048
957451.428571
929158.095238
980135.238095
1052659.047619
1052139.047619
1019104.761905
1054609.523810
1079080.000000
1142365.714286
1019885.714286
1022647.619048
886746.666667
911163.809524
903691.428571
928702.857143
886076.190476
935641.904762
961062.857143
960579.047619
855662.857143
888390.476190
867948.571429
918133.333333
864706.666667
878026.666667
845417.142857
879224.761905
1242516.190476
1229388.571429
981163.809524
1042836.190476
943788.571429
983676.190476
836222.857143
882125.714286
766163.809524
770742.857143
714453.333333
805819.047619
710087.619048
747219.047619
691643.809524
756927.619048
693217.142857
747120.000000
710377.142857
738542.857143
717914.285714
1077026.666667
727259.047619
715125.714286
710801.904762
728577.142857
730064.761905
746335.238095
752380.952381
730060.952381
731091.428571
937413.333333
964375.714286
790394.285714
781659.047619
801466.666667
825723.809524
777139.047619
731992.380952
785986.666667
761464.761905
815693.333333
800059.047619
847565.714286
804144.761905
712622.857143
735270.476190
825089.523810
812356.190476
778838.095238
802847.619048
903129.523810
878178.571429
849689.523810
858571.428571
940900.952381
935420.952381
948192.380952
975219.047619
1028203.809524
1055900.952381
902112.380952
1015937.142857
922108.571429
944681.904762
929407.619048
940419.047619
1057424.761905
1093893.333333
958626.666667
996160.000000
1157874.285714
1144885.714286
1050876.190476
1077992.380952
1147344.761905
1153680.000000
949638.095238
968556.190476
970487.619048
988289.523810
1236485.714286
1317394.285714
953822.857143
988552.380952
938327.619048
979110.476190
801097.142857
849777.142857
808108.571429
896580.952381
716434.285714
856211.428571
756190.476190
817832.380952
670775.238095
715304.761905
809927.619048
829937.142857
806900.952381
744988.571429
724030.476190
767339.047619
749780.952381
949864.761905
716967.619048
745398.095238
691918.095238
707767.619048
669474.285714
766634.285714
1060560733.809524
1465390.000000
1248636.666667
1291490.000000
1395522.857143
1192605.714286
1028156.190476
1031455.238095
870274.285714
905024.761905
873695.238095
921857.142857
731180.952381
844142.857143
719222.857143
721727.619048
689078.095238
710297.142857
708304.761905
776601.904762
719407.619048
874798.095238
875498.095238
872695.238095
838555.714286
876470.476190
773740.952381
833396.190476
721899.047619
712636.190476
753377.142857
876087.619048
1229371.904762
967272.380952
1162756.190476
1497120.000000
739154.285714
1289492.380952
782704.761905
1032931.904762
909512.380952
991775.238095
954868.571429
1021457.142857
1016188.571429
1146504.761905
1181302.857143
1056853.333333
1044847.619048
1130918.095238
1225750.476190
1032268.571429
1130977.142857
994937.142857
1061971.428571
855956.190476
914948.571429
815586.666667
878853.333333
1131681.904762
1135114.285714
787249.523810
814655.238095
755295.238095
838160.000000
766640.000000
814333.333333
826476.190476
765476.190476
833874.285714
889203.809524
951396.666667
916803.809524
744582.857143
752476.190476
785024.761905
784306.666667
914798.095238
966615.238095
923253.333333
935527.619048
912251.428571
917342.857143
938678.095238
941862.857143
946413.333333
991518.095238
918580.952381
969476.190476
904327.619048
938001.904762
878440.000000
1401043.809524
899527.619048
947664.761905
786923.809524
875160.000000
777213.333333
837843.809524
795853.333333
749714.285714
817971.428571
861878.095238
759580.952381
775731.428571
798137.142857
813326.666667
751017.142857
786937.142857
790222.857143
940848.571429
779840.000000
739815.238095
682240.000000
846478.095238
713794.285714
851409.523810
702878.095238
745051.428571
762653.333333
730779.047619
705300.952381
725493.333333
698588.571429
705154.285714
716280.000000
716758.095238
744897.142857
686582.857143
743716.190476
802843.809524
834161.904762
708335.238095
744563.809524
720407.619048
738870.476190
766512.380952
743201.904762
770078.095238
769822.857143
778542.857143
805965.714286
812832.380952
779862.857143
1136386.666667
1142792.380952
1015531.428571
1057440.000000
1119659.047619
1175883.809524
1124662.380952
1090853.333333
1151011.428571
1259925.714286
919681.904762
1026611.428571
715087.619048
826601.904762
702354.285714
879870.952381
681007.619048
855413.809524
724529.523810
984651.904762
760674.285714
966853.333333
950693.333333
1112068.571429
1064870.476190
1119689.523810
1097813.333333
1184685.714286
1192737.142857
1157207.619048
1104323.809524
1174432.380952
1167660.952381
1077577.142857
1024600.000000
1087207.619048
1194087.619048
757455.238095
866857.142857
680262.857143
835693.333333
688518.095238
856944.761905
697598.095238
835030.476190
723131.428571
831803.809524
675908.571429
1000851.428571
657504.761905
841201.904762
743977.142857
760483.809524
675512.380952
831969.523810
707798.095238
848849.523810
686552.380952
1012681.904762
777630.000000
865826.666667
822313.809524
964819.047619
957094.285714
1146481.904762
1136613.333333
1190112.380952
1179415.238095
1058146.666667
1035813.333333
996100.952381
929733.333333
1239013.333333
1233453.809524
1191213.333333
1172330.000000
1091415.238095
1084461.904762
1155508.571429
1041573.333333
1081672.380952
1085843.809524
1150135.238095
1084306.666667
1131462.857143
1100699.047619
1216585.238095
1126310.476190
1160851.428571
1238418.571429
882752.380952
958518.571429
777474.285714
981683.809524
793672.380952
887259.047619
868148.571429
816024.761905
725150.476190
899767.619048
719095.238095
845580.952381
746676.190476
877373.333333
713104.761905
937640.000000
906508.571429
1052638.095238
980167.619048
1137232.380952
1128826.666667
1054139.047619
1099209.523810
985474.285714
1049710.476190
827786.666667
962558.095238
734207.619048
832228.571429
693891.428571
873220.952381
796822.857143
868253.333333
719234.285714
885479.523810
781384.761905
781845.714286
725226.666667
776091.428571
779188.571429
828394.285714
755476.190476
770354.285714
789558.095238
954266.190476
759838.095238
799546.666667
797000.000000
860697.142857
774285.714286
849245.714286
738291.428571
892434.285714
725796.190476
911641.904762
688251.428571
822857.142857
779645.714286
886453.333333
806339.047619
897990.476190
853173.333333
956226.666667
803963.809524
944740.952381
758807.619048
761771.428571
781228.571429
837352.380952
747820.952381
822059.047619
768400.000000
931542.857143
695203.809524
809607.619048
740554.285714
868118.095238
695889.523810
801066.666667
726600.000000
882636.190476
768308.571429
887912.380952
861813.333333
1003967.619048
730659.047619
867883.809524
825636.190476
822318.095238
699971.428571
820786.666667
750900.952381
828668.571429
741796.190476
916407.619048
777367.619048
915819.047619
729912.380952
860680.000000
706889.523810
839005.714286
765996.190476
837523.809524
846137.142857
797537.142857
763798.095238
844754.285714
761380.952381
825611.428571
729342.857143
920786.666667
727826.666667
842474.285714
800400.000000
843800.000000
792720.000000
852085.714286
692369.523810
785775.238095
688878.095238
802958.095238
705729.523810
832668.571429
1074661.904762
987306.666667
833963.809524
934687.619048
959729.523810
1060001.904762
750586.666667
934963.809524
687040.000000
748695.238095
681097.142857
815278.095238
700902.857143
805100.952381
704784.761905
835274.285714
723720.000000
816064.761905
725765.714286
841230.476190
739956.190476
882211.428571
681649.523810
857453.333333
761881.904762
841260.952381
736693.333333
774158.095238
709325.714286
818447.619048
749226.666667
869131.428571
669550.476190
831853.333333
686017.142857
847702.857143
706805.714286
796064.761905
698960.000000
873268.571429
693721.904762
853097.142857
728478.095238
940180.952381
812493.333333
981944.761905
966678.095238
998278.095238
1023099.047619
986321.904762
966038.095238
997573.333333
1003222.857143
911462.857143
901563.809524
1170967.619048
1199175.714286
1027897.142857
1033990.000000
1028693.333333
1054096.190476
1005613.333333
1006320.000000
1043521.904762
1035744.761905
1153729.523810
1122731.428571
1182489.523810
1173448.095238
1084954.285714
1028478.095238
1075674.285714
1002513.809524
1090175.238095
1018820.000000
1113680.000000
1061818.095238
1209026.666667
1224627.619048
1162935.238095
1154527.142857
1087605.714286
1040535.238095
1081089.523810
1007659.047619
1083739.047619
1053158.095238
1057036.190476
1123687.619048
1059577.142857
980127.619048
1182095.238095
1234304.761905
1131420.952381
1086845.714286
1089847.619048
1069902.857143
1102800.000000
1025860.952381
1104438.095238
1058853.333333
1115283.809524
1066171.428571
1266426.666667
1291234.285714
1110803.809524
1058329.523810
1204234.285714
1131880.000000
1196590.476190
1288521.904762
856798.095238
1009224.761905
671074.285714
914278.095238
736849.523810
1045169.523810
985125.714286
1094171.428571
1042156.190476
1111150.476190
1212259.047619
961529.523810
1065845.714286
713363.809524
975278.095238
712548.571429
924798.095238
708710.476190
887232.380952
810982.857143
847335.238095
783015.238095
1030923.809524
949174.761905
964567.619048
907160.000000
1037735.238095
968708.571429
1098592.380952
1112900.952381
1221855.238095
1191289.523810
1175287.619048
1204520.000000
1151487.619048
1107548.571429
1092619.047619
1203382.857143
903750.476190
991996.190476
721253.333333
906093.333333
705285.714286
846866.666667
1265422.857143
1145737.142857
1145573.333333
1301295.714286
1177089.523810
1217561.904762
1164299.047619
1191533.333333
1244019.047619
1327555.238095
1045022.857143
1174908.571429
862779.047619
947660.952381
790801.904762
840224.761905
769403.809524
865916.190476
688281.904762
794066.666667
856032.380952
901495.238095
865174.285714
882497.142857
705392.380952
892567.619048
724548.571429
833626.666667
706217.142857
741840.000000
763104.761905
773506.666667
779577.142857
793163.809524
696563.809524
879611.428571
676969.523810
948350.476190
800779.047619
936102.857143
679057.142857
1098476.190476
988137.142857
1109179.047619
1220819.047619
911043.809524
992771.428571
764678.095238
884586.666667
708535.238095
860083.809524
732188.571429
871586.666667
676975.238095
868009.523810
774478.095238
968066.666667
713529.523810
913904.761905
771268.571429
801114.285714
723339.047619
886655.238095
879510.476190
926596.190476
862413.333333
991314.285714
941611.428571
1104655.238095
1077478.095238
1165373.333333
1151067.619048
1100733.333333
1050504.761905
1084933.333333
1038921.904762
1052775.238095
1032306.666667
986510.476190
1022752.380952
1097590.476190
1093297.142857
1155369.523810
1156779.047619
1060020.952381
1020723.809524
1140245.714286
1162872.380952
1067672.380952
1027906.666667
1201455.238095
1158144.761905
1161464.761905
1185413.333333
1047097.142857
1036371.428571
1178316.190476
1147569.523810
1260940.952381
1397914.285714
905641.904762
1057550.476190
858278.095238
970944.761905
770598.095238
877379.047619
822001.904762
897097.142857
756982.857143
855826.666667
717594.285714
886704.761905
703803.809524
872643.809524
692196.190476
840207.619048
802832.380952
848969.523810
699508.571429
828860.952381
672782.857143
874380.952381
813977.142857
956430.476190
898887.619048
1189055.238095
1197236.190476
1032946.666667
1094400.000000
964148.571429
1042392.380952
761780.952381
931649.523810
697643.809524
893125.714286
713864.761905
884024.761905
723457.142857
986645.714286
711466.666667
855857.142857
680548.571429
849017.142857
715146.666667
850470.476190
692756.190476
848386.666667
687281.904762
989354.285714
674348.571429
867280.000000
680280.000000
849895.238095
691824.761905
864523.809524
718540.952381
834434.285714
702081.904762
857312.380952
734049.523810
862735.238095
683161.904762
866969.523810
701611.428571
877255.238095
712411.428571
843422.857143
693419.047619
940946.666667
720118.095238
840925.714286
735104.761905
907289.523810
677544.761905
849567.619048
762544.761905
910160.000000
737354.285714
900312.380952
752064.761905
971739.047619
777502.857143
799034.285714
705161.904762
901556.190476
853857.142857
893643.809524
888398.095238
887146.666667
921746.666667
809074.285714
824217.142857
929864.761905
960718.095238
858561.904762
897017.142857
1019900.952381
1021689.523810
939483.809524
967468.571429
906483.809524
924927.619048
904163.809524
919838.095238
940281.904762
975662.857143
956800.000000
963255.238095
1105344.761905
1131009.523810
1034180.952381
1056862.857143
975125.714286
998449.523810
973620.952381
1037643.809524
1138792.380952
1167567.619048
1041893.333333
1003411.428571
1152022.857143
1158232.380952
1045419.047619
1003659.047619
1205885.714286
1168243.809524
1131575.238095
1282360.476190
1192255.238095
1168377.142857
1075064.761905
1154826.666667
898485.714286
936885.714286
819893.333333
916129.523810
856011.428571
907936.666667
808862.857143
1137406.190476
683523.809524
1073127.142857
711188.571429
1123668.095238
886659.047619
740213.333333
703573.333333
678876.190476
720179.047619
780977.142857
910358.095238
782000.000000
842120.000000
713763.809524
849921.904762
717836.190476
879561.428571
711516.190476
769015.238095
696432.380952
804533.333333
777954.285714
757824.761905
719874.285714
720405.714286
855598.095238
877569.523810
749057.142857
817384.761905
721537.142857
759260.952381
685304.761905
735927.619048
797339.047619
768853.333333
742083.809524
706161.904762
795131.428571
886571.428571
749053.333333
753518.095238
722432.380952
775329.523810
717870.476190
737405.714286
753419.047619
759053.333333
722034.285714
831803.809524
800746.666667
873180.952381
720108.571429
764897.142857
849739.047619
805013.333333
760702.857143
792961.904762
695266.666667
710224.761905
718605.714286
746476.190476
688520.000000
741238.095238
752386.666667
742820.952381
776060.952381
802053.333333
775182.857143
1116053.333333
745085.714286
725609.523810
756756.190476
759257.142857
716280.000000
752295.238095
748803.809524
807251.428571
824619.047619
736565.714286
1157299.047619
1060455.238095
1266129.523810
1498398.095238
768453.333333
1035804.761905
746514.285714
771300.952381
706270.476190
744459.047619
861121.904762
770066.666667
780590.476190
732672.380952
839527.619048
783203.809524
721680.000000
722800.000000
726897.142857
775862.857143
887085.714286
751394.285714
780358.095238
774220.952381
732321.904762
751361.904762
713929.523810
734024.761905
740706.666667
728232.380952
819826.666667
759156.190476
771337.142857
767272.380952
773819.047619
740251.428571
772531.428571
786179.047619
748800.000000
741923.809524
781434.285714
697390.476190
65882800.476190
66199515.238095
1770606.666667
1732459.047619
1644576.666667
1673134.285714
1159299.047619
1246686.666667
1177163.809524
1314397.619048
847361.904762
834445.714286
845824.761905
910860.000000
803537.142857
889525.714286
1034960.000000
998709.523810
1014767.619048
1005609.523810
998897.142857
1002491.428571
988801.904762
998358.095238
947047.619048
992899.047619
1130796.190476
1049024.761905
998784.761905
1029125.714286
1100643.809524
1110171.428571
1092506.666667
1146586.666667
908436.190476
1015704.761905
798870.476190
887756.190476
731973.333333
988529.047619
713000.000000
1103707.619048
1029998.095238
1235333.333333
1398317.619048
800830.476190
879843.809524
703207.619048
855779.047619
765323.809524
854582.857143
726600.000000
866144.761905
733771.428571
808085.714286
754264.761905
871569.523810
684937.142857
853624.761905
835112.380952
983605.714286
731872.380952
887820.952381
743792.380952
1076619.047619
694211.428571
713721.904762
726937.142857
879640.000000
661590.476190
796348.571429
746931.428571
744394.285714
1309809.523810
1183708.571429
1038396.190476
1078655.238095
877308.095238
910916.190476
785661.904762
752801.904762
719405.714286
744240.000000
751739.523810
738731.428571
710032.380952
754295.238095
670626.666667
739220.952381
704860.952381
777470.476190
691321.904762
768723.809524
705969.523810
761560.000000
687788.571429
734649.523810
687470.476190
753247.619048
719571.428571
785914.285714
745405.714286
736558.095238
701314.285714
779249.523810
678659.047619
745335.238095
719388.571429
816331.428571
687369.523810
805569.523810
709769.523810
787255.238095
708731.428571
791803.809524
752626.666667
758361.904762
696676.190476
725992.380952
730377.142857
750607.619048
811984.761905
863737.142857
901112.380952
930424.761905
1119510.476190
1119240.000000
1156255.238095
1123769.523810
879215.238095
958687.619048
862134.761905
921577.142857
750876.190476
731605.714286
1099481.904762
1134405.714286
1048247.619048
1052925.714286
1123672.380952
1050586.666667
1090521.904762
1079165.714286
1010302.857143
1003350.476190
1193850.476190
1078699.047619
1104038.095238
1148596.190476
1203908.571429
1167255.238095
1145921.904762
1128483.809524
979872.380952
962321.904762
1078937.142857
1102754.285714
965036.190476
959780.952381
902333.333333
874203.809524
914912.380952
796093.333333
1041114.285714
1024805.714286
1045880.000000
969312.380952
1019017.142857
991706.666667
1019443.809524
1087441.904762
1052859.047619
1013036.190476
982988.571429
963980.952381
968683.809524
890120.000000
944483.809524
890361.904762
931144.761905
884805.714286
1068908.571429
1206502.857143
939868.571429
1052641.904762
993453.333333
962836.190476
825638.095238
943420.952381
802078.095238
832057.142857
836668.571429
848931.428571
894167.619048
924841.904762
920407.142857
978432.380952
928805.714286
861506.666667
1043920.000000
1075634.285714
1087398.095238
1100358.095238
1154318.095238
1121462.857143
1119647.619048
1155925.714286
1157283.809524
1209956.190476
1114420.952381
1189041.904762
1124369.523810
1090436.190476
1107295.238095
1146089.523810
1057460.952381
1065588.571429
1105120.000000
1093293.333333
1142982.857143
1147228.571429
1158344.761905
1185815.238095
1190771.428571
1138939.047619
1051754.285714
1087751.428571
1094680.000000
1103754.285714
1067838.095238
1048537.142857
1143110.476190
1176104.761905
1144550.476190
1187573.333333
1172095.238095
1195064.761905
1165390.476190
1205775.238095
1038611.428571
1057125.714286
1136426.666667
1136253.333333
1010083.809524
975232.380952
1155346.666667
1229765.714286
1049186.666667
1078226.666667
1052851.428571
1096801.904762
950634.285714
1023003.809524
1026085.714286
981085.714286
1200401.904762
1282675.238095
1089663.809524
1094379.047619
972800.000000
1003904.761905
951716.190476
1012000.000000
1277278.095238
1187774.285714
896952.380952
982960.000000
789990.476190
882605.714286
847586.666667
910299.047619
714074.285714
804491.428571
719895.238095
789089.523810
745754.285714
792697.142857
690419.047619
769272.380952
697910.476190
753120.000000
714853.333333
743495.238095
700140.952381
785190.476190
692699.047619
759881.904762
733272.380952
758249.523810
671091.428571
764851.428571
675897.142857
735000.000000
709243.809524
737405.714286
710836.190476
759285.714286
695211.428571
762146.666667
694800.000000
741102.857143
728777.142857
773733.333333
728281.904762
760367.619048
711777.142857
787512.380952
739931.428571
756356.190476
850763.809524
915137.142857
776400.000000
739394.285714
553232025.238095
1617444.761905
1673953.333333
1754413.333333
1074633.809524
1159065.714286
727314.285714
743935.238095
748430.476190
892171.428571
876216.190476
873154.285714
872142.857143
879466.666667
863750.476190
898426.666667
915182.857143
967255.238095
922356.190476
1050003.809524
1144751.904762
1015845.714286
1045592.380952
936386.190476
1028135.238095
907340.952381
884883.809524
1047843.809524
1222352.380952
867354.285714
1089878.095238
745232.380952
882874.285714
841388.571429
905824.761905
892584.761905
962268.571429
849605.714286
939899.047619
832297.142857
905241.904762
864125.714286
962561.904762
827173.333333
909390.476190
901454.285714
989662.857143
804828.571429
911262.857143
842998.095238
872055.238095
709531.428571
794626.666667
845899.047619
889702.857143
843230.476190
918198.095238
876047.619048
943274.285714
756026.666667
856266.666667
787647.619048
818173.333333
727390.476190
840173.333333
708954.285714
830740.952381
790782.857143
835571.428571
840144.761905
912060.952381
767379.047619
885380.952381
771342.857143
846636.190476
674512.380952
818758.095238
800340.952381
946573.333333
776318.095238
802053.333333
789190.476190
856681.904762
741800.000000
838497.142857
733441.904762
849746.666667
829935.238095
871521.904762
967352.857143
998782.857143
1180560.952381
1100017.142857
1043533.333333
1130000.000000
1028615.238095
1110135.238095
1104152.380952
1135803.809524
1139003.809524
1148293.333333
1149024.761905
1202820.952381
1161262.857143
1199691.428571
1148967.619048
1172579.047619
1141289.523810
1157982.857143
1146845.714286
1214369.523810
1160205.714286
1194280.000000
1042478.095238
1111931.428571
1126253.333333
1157586.666667
1013203.809524
1119464.761905
868548.571429
942268.571429
844516.190476
943540.952381
729243.809524
850729.523810
756790.476190
797487.619048
774554.285714
819733.333333
753001.904762
812369.523810
842499.047619
904873.809524
827708.571429
854316.190476
845129.523810
801569.523810
756952.380952
688240.000000
759994.285714
712398.095238
736165.714286
710253.333333
821801.904762
732651.428571
769710.476190
722495.238095
853899.047619
724693.333333
751264.761905
737560.000000
801430.476190
763840.000000
727160.000000
742687.619048
814529.523810
710188.571429
774460.952381
730440.000000
813695.238095
767664.761905
946024.761905
948954.285714
1019716.190476
968573.333333
1119152.380952
1155647.619048
1101746.666667
1188230.476190
860175.238095
970982.857143
684533.333333
739996.190476
736737.142857
763426.666667
748154.285714
756030.476190
710864.761905
742295.238095
947872.380952
979984.761905
747611.428571
756148.571429
726140.952381
811558.095238
756540.952381
725415.238095
682954.285714
758182.857143
692847.619048
741135.238095
727961.904762
796504.761905
686371.428571
756598.095238
722483.809524
786828.571429
730085.714286
769299.047619
746057.142857
767194.285714
723860.952381
746946.666667
728361.904762
738803.809524
683712.380952
756304.761905
732470.476190
764375.238095
697358.095238
768076.190476
697135.238095
805415.238095
674537.142857
762756.190476
694135.238095
771121.904762
666152.380952
766720.000000
693862.857143
772428.571429
698011.428571
762287.619048
694600.000000
764293.333333
679139.047619
783281.904762
705603.809524
742184.761905
698948.571429
740609.523810
693154.285714
734605.714286
734422.857143
765491.428571
678207.619048
760120.000000
807215.238095
823605.714286
791259.047619
856697.142857
733554.285714
738070.476190
711800.000000
755596.190476
771788.571429
785009.523810
767144.761905
793754.285714
721203.809524
762203.809524
682805.714286
734601.904762
807247.619048
782188.571429
796003.809524
777851.428571
726598.095238
801091.428571
672533.333333
777480.000000
711375.238095
729843.809524
726321.904762
757304.761905
671129.523810
744409.523810
693097.142857
768038.095238
689125.714286
766590.476190
706074.285714
722470.476190
688801.904762
739935.238095
685260.952381
761836.190476
676560.000000
743382.857143
712072.380952
713712.380952
693695.238095
739327.619048
681710.476190
714068.571429
686592.380952
760380.952381
660508.571429
752293.333333
693459.047619
765822.857143
683401.904762
744634.285714
669950.476190
734979.047619
686975.238095
760603.809524
727582.857143
736617.142857
668779.047619
762822.857143
763605.714286
754619.047619
731641.904762
803489.523810
683060.952381
772472.380952
734457.142857
724529.523810
735756.190476
728990.476190
766060.952381
773975.238095
744232.380952
730714.285714
729348.571429
776062.857143
1236266.666667
831735.238095
1180536.666667
754352.380952
1484805.714286
1132632.380952
