0.993333
0.830000
0.840000
0.766667
0.780000
0.766667
0.800000
0.766667
0.240000
0.003333
0.000000
0.000000
0.006667
0.133333
0.063333
0.060000
0.296667
0.776667
0.806667
0.796667
0.756667
0.803333
0.780000
0.786667
0.760000
0.006667
0.136667
0.020000
0.043333
0.016667
0.033333
0.033333
0.043333
0.540000
0.743333
0.833333
0.776667
0.756667
0.800000
0.873333
0.793333
0.530000
0.016667
0.016667
0.013333
0.013333
0.020000
0.016667
0.033333
0.030000
0.786667
0.773333
0.906667
0.766667
0.803333
0.776667
0.810000
0.790000
0.256667
0.023333
0.003333
0.006667
0.003333
0.006667
0.030000
0.126667
0.290000
0.786667
0.810000
0.806667
0.770000
0.810000
0.800000
0.790000
0.763333
0.010000
0.010000
0.003333
0.120000
0.013333
0.033333
0.036667
0.036667
0.560000
0.740000
0.850000
0.793333
0.760000
0.803333
0.780000
0.776667
0.626667
0.020000
0.026667
0.010000
0.020000
0.010000
0.023333
0.040000
0.046667
0.790000
0.776667
0.813333
0.760000
0.913333
0.790000
0.820000
0.780000
0.253333
0.013333
0.003333
0.026667
0.013333
0.006667
0.040000
0.030000
0.283333
0.903333
0.806667
0.793333
0.770000
0.820000
0.790000
0.796667
0.776667
0.020000
0.003333
0.013333
0.003333
0.010000
0.130000
0.026667
0.040000
0.546667
0.756667
0.840000
0.786667
0.766667
0.796667
0.786667
0.790000
0.513333
0.003333
0.100000
0.000000
0.006667
0.020000
0.013333
0.046667
0.040000
0.796667
0.790000
0.820000
0.786667
0.783333
0.770000
0.893333
0.766667
0.253333
0.033333
0.006667
0.006667
0.010000
0.016667
0.030000
0.043333
0.293333
0.770000
0.813333
0.923333
0.760000
0.813333
0.800000
0.793333
0.763333
0.006667
0.006667
0.003333
0.010000
0.013333
0.026667
0.033333
0.146667
0.546667
0.753333
0.853333
0.780000
0.766667
0.796667
0.783333
0.786667
0.513333
0.010000
0.006667
0.013333
0.150000
0.020000
0.033333
0.033333
0.043333
0.790000
0.783333
0.816667
0.766667
0.786667
0.766667
0.803333
0.780000
0.386667
0.033333
0.010000
0.023333
0.016667
0.013333
0.030000
0.030000
0.290000
0.786667
0.796667
0.793333
0.763333
0.890000
0.803333
0.796667
0.780000
0.033333
0.013333
0.003333
0.006667
0.013333
0.030000
0.020000
0.036667
0.543333
0.856667
0.850000
0.790000
0.766667
0.820000
0.806667
0.776667
0.513333
0.006667
0.026667
0.003333
0.006667
0.010000
0.090000
0.043333
0.030000
0.803333
0.793333
0.830000
0.763333
0.796667
0.773333
0.816667
0.773333
0.250000
0.016667
0.066667
0.026667
0.003333
0.006667
0.046667
0.053333
0.286667
0.776667
0.796667
0.800000
0.773333
0.816667
0.796667
0.873333
0.790000
0.003333
0.000000
0.006667
0.030000
0.013333
0.016667
0.036667
0.036667
0.543333
0.753333
0.846667
0.876667
0.006667
0.016667
0.000000
0.253333
0.796667
0.796667
0.810000
0.776667
0.266667
0.043333
0.033333
0.030000
0.146667
0.046667
0.023333
0.023333
0.263333
0.743333
0.796667
0.790000
0.753333
0.806667
0.800000
0.810000
0.793333
0.150000
0.073333
0.026667
0.030000
0.010000
0.030000
0.023333
0.030000
0.533333
0.696667
0.806667
0.763333
0.763333
0.886667
0.816667
0.800000
0.543333
0.050000
0.050000
0.030000
0.026667
0.020000
0.010000
0.016667
0.013333
0.753333
0.833333
0.803333
0.743333
0.793333
0.780000
0.823333
0.813333
0.280000
0.073333
0.036667
0.043333
0.003333
0.003333
0.090000
0.030000
0.256667
0.740000
0.773333
0.770000
0.763333
0.823333
0.810000
0.823333
0.793333
0.053333
0.033333
0.110000
0.046667
0.003333
0.010000
0.010000
0.010000
0.536667
0.726667
0.820000
0.770000
0.770000
0.806667
0.810000
0.883333
0.546667
0.040000
0.030000
0.023333
0.013333
0.016667
0.013333
0.023333
0.016667
0.763333
0.750000
0.810000
0.850000
0.820000
0.780000
0.820000
0.793333
0.263333
0.053333
0.046667
0.036667
0.013333
0.003333
0.016667
0.023333
0.376667
0.763333
0.780000
0.776667
0.750000
0.810000
0.800000
0.806667
0.810000
0.043333
0.046667
0.030000
0.033333
0.103333
0.050000
0.023333
0.016667
0.530000
0.710000
0.803333
0.756667
0.776667
0.810000
0.800000
0.796667
0.536667
0.153333
0.053333
0.043333
0.030000
0.013333
0.013333
0.013333
0.006667
0.783333
0.756667
0.786667
0.746667
0.790000
0.860000
0.833333
0.803333
0.266667
0.056667
0.033333
0.033333
0.003333
0.026667
0.023333
0.020000
0.263333
0.730000
0.860000
0.793333
0.753333
0.806667
0.803333
0.820000
0.793333
0.036667
0.063333
0.030000
0.030000
0.023333
0.010000
0.083333
0.023333
0.540000
0.700000
0.810000
0.780000
0.760000
0.800000
0.816667
0.810000
0.540000
0.053333
0.043333
0.126667
0.043333
0.013333
0.013333
0.013333
0.023333
0.760000
0.736667
0.793333
0.753333
0.793333
0.783333
0.826667
0.893333
0.263333
0.073333
0.046667
0.023333
0.020000
0.003333
0.013333
0.013333
0.273333
0.753333
0.773333
0.770000
0.870000
0.816667
0.810000
0.813333
0.783333
0.056667
0.046667
0.036667
0.023333
0.006667
0.036667
0.016667
0.013333
0.653333
0.706667
0.820000
0.766667
0.756667
0.806667
0.803333
0.816667
0.536667
0.053333
0.046667
0.026667
0.020000
0.100000
0.006667
0.026667
0.010000
0.756667
0.743333
0.793333
0.770000
0.793333
0.793333
0.830000
0.800000
0.270000
0.176667
0.030000
0.046667
0.003333
0.003333
0.016667
0.010000
0.270000
0.736667
0.793333
0.793333
0.753333
0.810000
0.886667
0.816667
0.813333
0.036667
0.033333
0.033333
0.016667
0.006667
0.013333
0.020000
0.026667
0.540000
0.713333
0.873333
0.766667
0.810000
0.800000
0.796667
0.796667
0.530000
0.050000
0.036667
0.026667
0.026667
0.023333
0.016667
0.100000
0.020000
0.766667
0.750000
0.786667
0.743333
0.786667
0.776667
0.823333
0.793333
0.276667
0.066667
0.056667
0.140000
0.013333
0.030000
0.016667
0.020000
0.260000
0.733333
0.773333
0.770000
0.756667
0.813333
0.796667
0.820000
0.890000
0.066667
0.080000
0.030000
0.033333
0.010000
0.016667
0.010000
0.010000
0.523333
0.710000
0.813333
0.763333
0.856667
0.820000
0.826667
0.803333
0.550000
0.050000
0.043333
0.033333
0.013333
0.010000
0.010000
0.016667
0.016667
0.856667
0.750000
0.816667
0.753333
0.793333
0.783333
0.826667
0.813333
0.266667
0.060000
0.030000
0.023333
0.013333
0.080000
0.020000
0.036667
0.263333
0.740000
0.773333
0.773333
0.763333
0.816667
0.803333
0.810000
0.790000
0.063333
0.126667
0.033333
0.053333
0.016667
0.763333
0.743333
0.793333
0.763333
0.793333
0.796667
0.820000
0.813333
0.270000
0.160000
0.046667
0.050000
0.013333
0.003333
0.006667
0.003333
0.273333
0.733333
0.786667
0.770000
0.760000
0.823333
0.856667
0.833333
0.813333
0.056667
0.046667
0.030000
0.023333
0.006667
0.006667
0.016667
0.016667
0.526667
0.740000
0.863333
0.766667
0.806667
0.813333
0.816667
0.813333
0.536667
0.043333
0.036667
0.033333
0.026667
0.010000
0.020000
0.083333
0.003333
0.773333
0.743333
0.800000
0.756667
0.793333
0.786667
0.826667
0.803333
0.276667
0.053333
0.040000
0.116667
0.013333
0.040000
0.003333
0.010000
0.260000
0.743333
0.770000
0.783333
0.746667
0.816667
0.810000
0.823333
0.900000
0.046667
0.073333
0.026667
0.026667
0.016667
0.010000
0.003333
0.003333
0.530000
0.703333
0.816667
0.776667
0.856667
0.810000
0.840000
0.806667
0.536667
0.050000
0.046667
0.036667
0.013333
0.006667
0.003333
0.010000
0.023333
0.866667
0.750000
0.813333
0.743333
0.786667
0.793333
0.833333
0.816667
0.273333
0.053333
0.033333
0.036667
0.010000
0.083333
0.016667
0.033333
0.256667
0.736667
0.773333
0.770000
0.770000
0.813333
0.806667
0.820000
0.790000
0.046667
0.150000
0.026667
0.060000
0.010000
0.006667
0.003333
0.003333
0.526667
0.703333
0.813333
0.773333
0.760000
0.803333
0.883333
0.823333
0.570000
0.046667
0.036667
0.026667
0.010000
0.016667
0.006667
0.003333
0.013333
0.766667
0.743333
0.876667
0.760000
0.840000
0.796667
0.826667
0.806667
0.263333
0.066667
0.030000
0.020000
0.016667
0.003333
0.013333
0.080000
0.266667
0.783333
0.790000
0.773333
0.750000
0.816667
0.803333
0.830000
0.790000
0.043333
0.040000
0.040000
0.116667
0.003333
0.063333
0.030000
0.016667
0.533333
0.706667
0.816667
0.763333
0.756667
0.810000
0.803333
0.820000
0.643333
0.046667
0.073333
0.033333
0.036667
0.010000
0.010000
0.000000
0.006667
0.756667
0.743333
0.786667
0.756667
0.880000
0.793333
0.850000
0.810000
0.273333
0.053333
0.033333
0.030000
0.013333
0.000000
0.000000
0.000000
0.256667
0.843333
0.773333
0.810000
0.756667
0.816667
0.800000
0.833333
0.800000
0.040000
0.046667
0.026667
0.016667
0.006667
0.076667
0.000000
0.030000
0.546667
0.706667
0.813333
0.783333
0.756667
0.806667
0.820000
0.806667
0.536667
0.040000
0.120000
0.023333
0.066667
0.016667
0.016667
0.013333
0.023333
0.766667
0.740000
0.793333
0.750000
0.786667
0.780000
0.896667
0.806667
0.280000
0.100000
0.040000
0.040000
0.020000
0.006667
0.006667
0.003333
0.263333
0.733333
0.766667
0.866667
0.753333
0.826667
0.830000
0.820000
0.803333
0.046667
0.060000
0.026667
0.026667
0.020000
0.006667
0.010000
0.076667
0.523333
0.706667
0.836667
