94251906.190476
102140398.571429
78136877.142857
79034585.238095
80148630.952381
81003842.857143
75846015.238095
76797294.285714
76877325.714286
76488569.523810
85005141.904762
91364404.285714
74218619.523810
73070978.095238
71738685.714286
76682027.619048
74315194.285714
78307780.952381
75663298.095238
75552629.523810
71979573.333333
75458465.238095
74319285.238095
75593836.666667
71292900.952381
73112222.857143
71079000.000000
74420379.047619
73661001.904762
75800147.619048
76127737.142857
73461929.523810
80346202.857143
78785472.380952
78768548.571429
78067998.095238
76995925.714286
80129851.428571
76868982.857143
75138217.142857
75182560.000000
78896838.571429
73351508.571429
73667715.714286
71602716.190476
72405657.142857
72401109.523810
76090100.952381
73100860.476190
75048858.571429
72156352.380952
75244245.714286
73029467.142857
72640118.095238
71262521.904762
75791780.952381
73840288.571429
79129563.809524
71301511.428571
72058369.523810
77520264.761905
78589520.000000
74214220.952381
74248003.809524
80218255.714286
76378453.333333
74485663.333333
73236069.047619
71922759.523810
71684934.761905
71923534.761905
74707172.380952
73709268.571429
78504093.333333
69835380.952381
73046702.857143
72656576.190476
74073537.142857
71956022.857143
71951335.714286
70812891.428571
75025822.857143
71263411.428571
76553178.095238
73399970.952381
75632168.095238
75854127.619048
72304608.095238
75492977.142857
74762127.619048
74903800.000000
73810428.571429
76545040.000000
77576176.666667
73947106.666667
78735339.523810
73870289.523810
72957459.047619
74265597.619048
77876323.809524
75697850.000000
83297354.761905
117521191.904762
123580677.619048
83900255.238095
82920412.380952
79257013.333333
80260229.047619
75719588.571429
76129186.666667
75244878.095238
79230215.238095
79120712.380952
81387504.761905
73297041.904762
77732852.380952
74231870.476190
77611143.809524
75234468.095238
74018001.428571
71709451.428571
80891314.761905
70996862.857143
78943567.619048
69913942.857143
69535325.714286
70027533.333333
72163977.142857
69987140.952381
76431969.523810
77065381.428571
82821142.857143
70553693.333333
69185579.047619
73278826.666667
72990392.380952
70803939.047619
73739691.428571
71881140.952381
74342045.714286
71110174.285714
75190123.809524
71483659.047619
70173571.428571
70316773.333333
69888681.904762
73150169.523810
75223897.142857
80624070.952381
82501864.761905
73802690.000000
76904156.190476
73302868.571429
71583710.476190
74019771.428571
78679466.666667
75975323.809524
76466504.761905
75754683.809524
78441861.428571
74235367.142857
76565565.714286
73226548.095238
75702914.285714
72630432.380952
75725723.809524
73740604.285714
74327120.000000
72613508.571429
77107552.380952
78735285.714286
78360964.761905
73597087.619048
75757398.571429
78637341.428571
82965411.428571
79392917.619048
80430488.095238
76221445.714286
79630714.285714
79290588.571429
81233116.666667
77744131.904762
80381881.904762
76024041.904762
77742057.142857
72154968.571429
74419332.380952
71139725.714286
75763870.952381
73476234.761905
73124652.380952
72564068.571429
74482850.000000
72120446.190476
72493708.571429
75124226.666667
79097565.714286
72180192.857143
78014638.095238
78198751.428571
82161220.952381
71148168.571429
70690716.190476
70088422.857143
72734280.000000
74689580.000000
81144116.190476
71547144.761905
74355240.000000
78541897.142857
79460690.000000
75646422.857143
75913615.238095
72626900.952381
75879171.904762
74830809.523810
80230567.142857
72534620.952381
74618211.428571
70842567.619048
74642691.428571
72132082.380952
74244569.523810
79951792.857143
85239893.809524
70844059.047619
75045512.380952
70752120.952381
71624903.809524
71257508.095238
71903731.904762
71316994.761905
71351944.285714
80569273.809524
83768219.523810
79700857.619048
83419315.238095
71746560.000000
70994979.523810
71388610.000000
70935318.095238
72650434.285714
75692659.047619
73318820.476190
74114053.333333
73894547.619048
76097520.476190
72047982.857143
75539010.952381
69908401.904762
69682998.095238
72055047.619048
72784431.428571
70812148.571429
73282720.000000
74597473.333333
75463876.190476
76609594.285714
77848765.238095
73187681.904762
70056194.761905
73872356.190476
76337620.000000
75168179.047619
75976688.571429
71928755.238095
76484224.285714
72029742.857143
76020672.857143
71421875.238095
73040734.285714
72922466.666667
78698800.952381
72934784.761905
74271463.809524
72101537.142857
73002771.428571
72507857.142857
75480114.285714
79014160.476190
73410565.714286
71910504.285714
70795284.761905
72901857.619048
73196365.714286
71169683.809524
73922838.095238
72921773.333333
77804855.238095
72903189.047619
74423029.523810
73584601.904762
74003824.761905
73158864.761905
74086365.714286
72950016.190476
76331748.571429
71181289.523810
74626790.476190
71002796.190476
74008577.142857
72202434.285714
74580259.047619
70721203.809524
73223426.666667
75573341.904762
78519470.952381
74641032.857143
78779272.380952
71662769.523810
72300434.761905
71944808.571429
73389766.666667
70859620.000000
73644544.761905
71366849.523810
71849373.333333
77818972.857143
76590360.476190
73856290.000000
70917221.428571
72822666.666667
73200460.952381
77938160.476190
79131733.333333
71952194.285714
74300298.095238
73657306.666667
78216601.904762
72435759.523810
71010516.190476
72804774.761905
70948338.095238
72721706.666667
71163783.809524
71963180.952381
69933859.523810
70993392.380952
69024176.666667
71775024.761905
69761213.809524
75026849.523810
79217584.285714
73454970.000000
76961740.952381
70532761.904762
68804428.095238
73515600.000000
75298179.523810
71576648.095238
74005518.095238
74902721.904762
80929228.571429
74387121.904762
77614043.809524
74667293.333333
77803352.857143
76914441.428571
85155892.857143
77316058.571429
79478849.523810
77318297.142857
80642023.809524
77135811.428571
80751843.809524
74087255.238095
72697183.809524
73156484.761905
74109283.809524
71487243.809524
74721300.952381
72723829.047619
75288186.190476
72541563.809524
75242080.000000
72812024.761905
76478615.238095
73102493.333333
75404637.142857
72481769.523810
75790304.761905
71613679.047619
74975076.190476
72636940.952381
76213392.380952
72815859.047619
75887521.904762
73243852.857143
74106027.619048
71889076.190476
76650721.904762
71712744.761905
73283601.428571
71669649.523810
75421773.333333
72049207.619048
74773773.333333
73257609.047619
78090246.190476
78041763.333333
76876007.619048
76294961.904762
79523550.476190
81985278.095238
86302095.238095
74317820.000000
78338828.095238
71879788.095238
73464643.809524
73134036.190476
69836637.619048
71352716.190476
73309645.714286
71740158.095238
72031474.285714
71899971.428571
74979049.523810
70168915.238095
70704540.952381
70850996.190476
71867430.476190
70887948.571429
74378592.857143
71347929.047619
75553605.238095
73754167.619048
73118610.476190
71311066.666667
75015418.095238
73485290.952381
73901079.047619
71202795.714286
74438689.523810
71147617.142857
74755636.190476
69841495.714286
74401547.142857
72068365.714286
72719450.476190
72029490.476190
73765813.333333
70246981.904762
73681529.523810
71444163.809524
74354595.238095
70374779.047619
72043468.571429
72171491.428571
73332968.095238
71012798.095238
72025102.857143
69605309.047619
72902108.571429
70538464.761905
77601683.809524
70480854.761905
75455516.190476
71939551.428571
74598233.333333
70409189.523810
70143621.428571
70027161.904762
75305049.523810
70383358.095238
75077893.333333
70791441.428571
74005210.000000
72781647.142857
73150768.571429
70435697.142857
73653126.666667
69858979.523810
70064390.476190
69579361.904762
74227979.047619
69673622.857143
75003939.047619
71516880.476190
75066476.190476
72512729.523810
72098173.333333
71215130.000000
77134278.095238
74108365.238095
81150703.809524
74161054.285714
72141760.952381
72971394.285714
72505678.095238
71353165.714286
69907963.809524
70824840.476190
74690848.095238
72727485.714286
73696755.714286
74400388.571429
80117409.523810
71256183.333333
74632430.476190
73601211.428571
74482864.761905
69418575.238095
71150447.619048
70626403.809524
73840889.523810
71396845.714286
72588699.047619
70073289.523810
71138186.666667
70001358.095238
70861013.333333
72880010.000000
70685405.714286
72413189.047619
72744529.047619
71220360.476190
70598062.857143
72462441.904762
71224607.619048
72054228.571429
73759450.476190
70515481.904762
71591851.428571
71310809.523810
73068616.666667
72919702.857143
73217011.904762
71488417.142857
74782765.238095
72602029.047619
73079897.142857
71093600.000000
73698159.047619
71090098.571429
73419954.285714
70128015.714286
74211462.857143
70400502.380952
74177213.333333
70905615.238095
74918197.619048
70782336.190476
72690565.238095
70037510.476190
72662076.666667
69824247.619048
77583772.857143
73883309.047619
77238781.904762
71196914.285714
73359360.000000
71594201.904762
74276916.190476
70163209.523810
79880930.952381
73143440.000000
74031795.238095
75308729.523810
76987523.333333
71141360.000000
76389671.904762
71262937.142857
73162620.952381
71769346.666667
76173836.190476
70268407.619048
71699504.761905
70833105.714286
74474072.857143
74607819.523810
73113343.809524
73765291.428571
71487869.523810
74836395.238095
76988918.095238
70679043.809524
73892165.238095
74715805.714286
77757520.000000
78324530.952381
80878034.285714
82942447.619048
82582628.571429
77384247.619048
75629586.666667
75585700.952381
77831396.190476
74975952.380952
75595695.238095
72563102.857143
74862205.714286
75114592.380952
78955533.333333
71914754.285714
74066220.952381
72921880.000000
74216963.809524
74982158.095238
80327718.095238
73267586.666667
77172792.857143
72952467.142857
72524459.047619
77490003.809524
80771514.285714
72628844.285714
71798339.523810
72618052.380952
70900663.333333
72690545.238095
71714961.904762
72954708.571429
73883207.619048
70765875.238095
75210832.857143
72208832.380952
75029961.904762
71737165.238095
76961457.619048
72474051.904762
76092690.476190
71265960.000000
72894645.714286
73174750.476190
76129108.571429
71559939.047619
74746424.761905
76487243.333333
77219713.809524
