1951
854
1407
647
904
1035
1042
591
701
1286
817
934
579
1016
596
883
601
195076
26728
155071
28139
183291
1249
137324
31767
214028
1265
193949
1260
219186
925
214071
1252
242559
2136
248654
2186
185297
61505
127901
61649
129713
54856
142701
59874
148878
2781
296668
1224
172099
27856
173283
22986
201211
21011
192059
1262
189729
898
224670
922
205527
949
295779
936
212762
935
260400
948
284484
1210
248446
1242
155944
9356
235326
1240
203578
1266
211983
942
189637
1263
190881
1239
238417
1251
222510
104502
148742
93954
153822
81895
131630
53137
143300
12034
221775
13484
178837
43877
199863
49419
199605
37746
202330
39044
213152
876
293672
931
193298
954
282743
923
202626
50082
215525
46924
207459
47104
233682
1241
205997
51533
233356
1249
199010
1247
220742
934
213395
1255
221394
1249
247845
1262
200155
70435
146506
43582
168462
44445
152116
30102
149485
931
206025
1252
166621
9072
214017
1271
226083
905
204438
1215
223475
890
258815
932
188143
929
245483
937
141041
6401
189962
12264
203129
14839
252479
1232
174318
1256
285897
1252
229258
1266
231624
935
202883
1258
170585
1251
216671
1248
173839
5270
170431
8338
220298
961
218175
1260
180288
945
230428
1251
153807
1247
199102
1260
187304
881
179653
1213
184191
890
235936
945
140542
961
224680
929
166368
936
200024
956
228758
1241
229764
1340
169014
1271
221771
1243
186251
1252
177765
947
205702
1283
195348
1274
203983
1260
171426
1257
204268
1256
222772
947
207541
1269
247161
942
294167
1254
211334
1258
259235
1265
262404
891
285890
1216
253873
895
273211
928
222143
938
324577
789
227170
937
265365
938
216086
1214
216275
1247
168524
1257
209314
1268
208828
1243
206835
944
210614
1246
199804
1252
192425
1264
170512
1256
206392
1257
214671
943
245309
1540
215122
1114
231318
1252
193369
1231
234309
1249
250985
889
242839
1204
229446
887
299000
942
150545
946
229339
946
162900
788
214024
944
225934
1219
315284
1256
217088
1280
305428
1254
236995
1276
192544
954
208712
1249
227348
1270
246999
1256
200198
1249
211675
1276
221337
954
224196
1267
199829
942
201944
1266
148338
1246
200546
1267
199614
902
209983
1216
194242
890
237256
983
169775
939
217203
945
160364
941
184834
939
183254
1216
272083
1244
206700
1276
253037
1252
199464
1255
189364
941
228376
1250
193333
1247
185380
1260
152135
1247
179443
1252
195066
941
213594
1264
213334
944
243351
1269
156375
1244
195810
1262
186516
898
184972
1214
179641
898
240000
922
204806
942
306693
939
203016
925
239486
941
226008
1244
281756
1237
184294
1256
222448
1246
220460
1255
205415
937
211189
1267
190223
1262
186438
1241
153055
1322
182290
1245
188945
937
201295
1271
176002
954
214317
1263
164896
1260
192949
1255
184711
890
198875
1231
198109
886
237165
928
174281
949
226530
934
145414
807
231267
945
243576
1222
312563
1256
231430
1250
288837
1252
228771
1254
258861
945
196418
1267
211831
1261
186621
1256
154733
1248
216724
1268
216651
928
252215
1266
249483
940
263630
1684
187364
1254
186964
1249
222130
900
236466
1238
209469
891
287420
934
202053
926
280603
941
190973
938
194671
932
183957
1217
229438
1244
144769
1244
222276
1250
218489
1261
228288
933
213943
1268
177318
1322
162048
1252
145059
1261
181366
1253
215668
945
226766
1269
255498
943
240246
1262
153645
1217
215340
1246
198082
898
205411
1214
195902
894
218514
932
162919
788
244217
798
162636
803
250647
938
234980
1230
302809
1271
199833
1277
229138
1244
186725
1270
202137
951
191220
1239
199082
1250
194656
1237
158982
1273
189744
1263
225463
950
202403
1281
217393
944
274160
1255
195970
1260
309677
1249
320981
884
289640
1253
257596
904
323012
941
215765
941
278174
947
231955
940
295013
948
279582
1214
273236
1251
155164
1252
224925
1273
204263
1276
213575
946
200502
1267
214628
1280
215935
1279
174949
1263
241452
1262
234868
942
242887
1277
218977
944
248440
1267
193030
1262
257938
1273
248809
906
235754
1236
229302
892
232580
942
164159
922
240824
944
189435
942
213046
936
176828
1243
248559
1260
203980
1260
280578
1267
224472
1247
200351
942
208050
1260
208428
1250
205195
1277
163458
1268
216376
1257
230021
931
209976
1301
198549
942
260537
1264
156749
1263
187526
1249
189528
899
186935
1234
199231
887
206450
928
143913
925
215463
938
171506
792
217588
933
200152
1211
221914
1259
146114
1252
273331
1262
235220
1261
240047
800
236298
1276
188870
1271
221361
1278
148799
1252
227460
1290
232541
940
263141
1268
235788
946
261290
1248
155299
1239
188431
1251
187200
904
196052
1219
183482
877
213136
930
163485
935
210743
942
161485
939
233573
936
248792
1207
317895
1260
226855
1259
287793
1258
217256
1240
245968
798
252873
1255
238309
1260
279861
1259
217911
1249
221146
1268
196560
939
192461
1283
189105
941
224611
1254
186918
1247
262713
1248
260573
909
269755
1216
256678
898
319654
934
213573
935
333565
934
213899
919
213969
1972
226023
1213
263630
1253
160402
1262
215370
1264
202333
1266
198636
928
207514
1268
223987
1262
209377
1257
162360
1257
187089
1262
226304
940
234270
1275
188251
939
230395
1259
148351
1247
193775
1257
200023
895
196066
1212
205820
911
259870
929
164170
941
226283
954
162474
924
206972
933
208700
1227
227946
1267
155210
1262
255044
1259
250633
1259
223326
941
220288
1253
192404
1267
206809
1246
163269
1260
216264
1266
213750
926
206471
1286
211663
948
235573
1260
168823
1261
183623
1277
188134
888
191039
2079
204165
897
230206
926
165853
930
245445
920
159680
939
183614
938
172446
1247
222981
1259
143566
1278
216785
1264
190964
1247
213169
943
192913
1294
177781
1248
172389
1708
168857
1276
232192
1253
240506
936
221989
1263
183784
942
237282
1251
152928
1252
216841
1256
200251
904
241319
1217
227230
906
287060
930
158014
936
220202
955
141586
936
190701
948
210633
1251
250472
1246
187804
1269
250200
1266
234275
1261
228125
939
202375
1242
221122
1249
262431
1259
207098
1259
213782
1249
195542
951
239211
1281
242052
945
253046
1273
162488
1263
215126
1253
191740
903
197954
1200
207221
894
263416
1750
172014
939
251560
937
227826
935
211772
939
189807
1243
207808
1252
179530
1270
290466
1257
275673
1267
266350
941
266347
1262
240370
1273
204078
1266
166458
1254
241609
1254
221110
935
211170
1264
231093
938
259347
1264
177036
1267
207415
1261
217654
890
228563
1220
257974
893
263494
945
202759
905
272615
936
198003
933
213780
925
198934
1221
215386
1254
194771
1262
288665
1274
270298
1277
286399
953
299621
1269
255864
1274
174973
1793
145860
1246
190370
1249
193850
957
196751
1258
231066
945
267517
1280
204325
1746
287843
1252
230892
910
232454
1233
248090
891
302066
929
185730
940
326473
947
218253
935
276641
1404
245337
1238
269693
1288
183514
1294
286550
1273
248164
1271
262100
943
250578
1266
249335
1265
199060
1268
171220
1278
237872
1266
275500
943
237909
1269
242291
953
280048
1268
204316
1249
262765
1270
240792
910
239228
1229
217078
903
241444
942
181184
942
229133
956
180337
941
261290
945
232167
1261
263815
1264
183774
1250
268356
1247
193885
1275
188259
797
219480
1280
227227
1256
248089
1283
181174
1260
173675
1240
204235
942
187730
1281
193250
935
220754
1275
166951
1245
199962
1254
211190
901
196207
1223
200878
895
249785
931
183931
939
280001
942
188439
943
215336
930
205960
1252
234533
1267
171666
1259
226927
1259
176532
1259
173003
941
187194
1270
200184
1252
194244
1261
176895
1270
207657
1249
190673
966
222788
1282
220649
926
235323
1268
167865
1249
214790
1262
198131
900
239166
1220
204221
892
253166
932
169081
930
219517
944
178332
926
241410
1113
215639
1219
278375
1243
198770
1261
313295
1255
251165
1258
251996
938
251928
2012
236084
1262
220275
1249
175132
1258
218846
1243
201908
949
203086
1280
178430
954
275671
1277
189953
1248
207485
1242
205552
903
217167
1218
188134
893
252812
944
174137
930
228575
938
193255
945
239174
928
241630
1270
240149
1254
179839
1276
234666
1255
210996
1244
265785
937
257176
1272
271875
1264
219419
1258
146378
1276
221927
1265
251973
1072
233824
1270
254312
944
324104
1263
217782
1320
274500
1265
258028
1361
201632
1297
220101
890
260490
936
186127
927
229159
800
186611
1114
213781
938
212963
1209
225570
1262
161095
1267
255574
1263
229384
1273
215838
1126
217335
1263
228726
1265
203480
1278
163932
1262
217239
1265
197090
1112
205786
1271
196622
1127
232552
1278
183284
1259
238598
1235
198267
891
213136
1216
239908
885
240309
935
160106
959
230713
946
155502
940
191299
941
225867
1211
282595
1277
175286
1271
258510
1275
204647
1261
201942
953
244849
1264
233691
1285
280283
1277
204340
1269
234554
1273
221407
934
224509
1284
238144
922
241117
1271
184894
1258
234001
1257
223542
899
245668
1239
233889
891
300730
1384
194293
945
264551
944
184597
944
247364
939
249959
1239
237312
1246
155551
1242
213011
1272
166220
1260
210513
945
195097
1260
186286
1266
166279
1256
140026
1254
228000
1257
221834
932
225260
1253
243048
922
301249
1253
170177
1249
191118
1247
205355
906
227055
1215
238703
910
281259
937
199646
932
308270
939
225132
939
196316
936
224766
1212
290511
1244
232163
1279
317520
1248
244049
1265
245350
937
253015
1263
232777
1264
210149
1257
185831
1257
263102
1258
275208
937
263503
1277
279392
943
286581
1248
180263
1712
226613
1269
250590
1259
204739
1227
198705
885
232227
1305
184705
947
242730
934
165488
946
200948
926
193152
1227
240287
1265
162179
1240
237511
1250
203979
1263
209860
934
195570
1255
236475
1277
247981
1264
185552
1256
194915
1293
226726
947
193589
1291
235522
939
317795
1250
227338
1255
252505
1257
200569
914
200789
1231
206314
894
242257
940
169991
948
285296
936
206107
919
278332
939
250817
1232
227734
1277
143820
1247
229564
1285
198532
1300
256110
923
253068
1270
263457
1260
270479
1272
163745
1256
195338
1261
203132
939
226536
1265
203057
938
227328
1240
196755
1277
248689
1248
239122
908
246570
1218
197946
906
227113
935
146930
963
217507
936
143549
934
221777
948
210794
1231
251042
1247
171435
1280
220406
1252
174540
1269
196416
939
251339
1268
261972
1259
278057
1280
226332
1268
235138
1261
218347
937
218646
1282
240782
934
321925
1252
190866
1247
227571
1244
227145
902
224375
1218
216106
889
233238
945
169281
936
217283
943
169941
945
211581
983
219426
1210
247526
1250
157057
1270
224265
1248
189509
1258
210444
942
211154
1274
185165
1256
190232
1251
178570
1262
193132
1261
211025
928
215439
1250
237835
937
288872
1264
169212
1241
199719
1252
215261
913
225961
1209
224702
897
293827
945
182150
933
251473
945
161512
934
175031
940
190323
1246
225372
1255
176846
1259
298790
1243
218839
1277
232125
940
214652
1272
202140
1264
206670
1278
189261
1254
189057
1270
209431
943
199233
1266
193888
947
236742
1243
201302
1261
225789
1246
221429
904
195653
1212
190119
899
232544
936
189572
941
267891
942
181482
931
217459
939
216050
1224
230503
1252
164604
1276
271026
1254
183112
1337
185457
928
205824
1260
202001
1283
193124
1255
169991
1255
234403
1325
252813
941
248202
1282
241386
938
296484
1273
152232
1260
199226
1261
174927
909
211060
1224
213474
909
241890
926
154059
949
233352
938
153532
930
205069
940
188831
1235
234133
1247
186440
1254
226800
1266
208365
1262
188140
944
202476
1274
249268
1261
260505
1259
203666
1266
229142
1254
204512
928
193782
1264
194269
923
239086
1252
166242
1247
176422
1240
209227
898
188081
1244
187243
887
224509
934
184439
939
253358
942
185241
935
222406
942
212397
1238
282118
1243
201572
1254
256195
1253
226871
1270
218395
937
191595
1251
239764
1243
272134
1266
211539
1254
258555
1250
249323
929
234535
1284
271851
930
285608
1260
212075
1251
233753
1692
210972
910
197113
1214
198278
883
316176
936
219369
939
291086
989
228535
925
233695
938
234199
1233
260414
1253
223267
1252
309777
1249
237927
1273
260533
1387
222865
1259
227688
1249
260018
1252
186847
1266
203075
1273
243900
943
256786
1249
219612
934
242194
1254
173978
1247
214825
1246
226242
894
207307
1215
207177
900
233401
937
177359
931
320562
938
170993
938
242876
936
240279
1233
279648
1239
177115
1253
260097
1256
218816
1262
211308
932
205694
1248
219215
1245
238297
1254
188730
1256
186143
1249
178995
949
192306
1266
195486
933
205907
1273
199791
1248
226483
1241
237166
891
243392
1231
196856
876
212532
930
155784
933
229702
925
161343
928
204056
935
215869
1244
290163
1255
188769
1250
269964
1252
249840
1268
189164
938
215237
1273
206893
1238
195509
1252
187858
1252
246389
1248
249068
942
261163
1254
213514
935
220997
1270
149535
1236
227641
1258
239288
899
235777
1211
242770
904
316177
937
193306
937
258873
921
166339
953
180169
940
196892
1214
230109
1265
153072
1247
278848
1251
212407
1269
206643
941
198675
1275
207250
1252
220875
1274
206878
1286
260816
1258
238810
947
256505
1272
219469
936
270703
1263
151517
1242
211944
1268
224149
901
230782
1224
258046
879
312067
928
184295
932
285681
944
155298
930
216276
933
237057
1243
271641
1246
167525
1260
282875
1260
256023
1242
188651
943
197038
1269
197012
1627
210094
1291
189435
1269
234413
1281
223890
945
240283
1258
229173
930
250395
1254
206573
1257
237572
1245
209166
896
199645
1232
229812
902
268709
921
209106
948
324790
917
211308
930
228731
920
208368
1239
221235
1254
145237
1266
225142
1257
203436
1259
193600
968
196276
1256
189219
1703
234563
1263
159209
1249
219200
1271
208640
945
242893
1265
256730
935
289151
1285
181158
1242
219217
1247
210622
893
220865
1209
199209
879
303483
944
199231
932
233316
934
164549
941
187700
941
192769
1234
218563
1239
154001
1254
282114
1263
190927
1255
182124
941
192327
1267
214339
1251
230055
1254
205609
1251
233133
1266
240933
929
202861
1265
176409
948
206399
1393
163702
1261
194810
1267
192420
897
188037
1229
196359
897
229766
933
157303
924
213495
938
133193
925
176053
918
240264
1240
256080
1240
159496
1255
226124
1241
175956
1247
194129
927
210519
1258
198936
1257
241632
1256
201030
1244
271584
1265
284451
912
283435
1243
278994
936
308615
1253
182363
1260
210962
1255
226165
893
264794
1205
246948
906
299752
938
222107
941
315496
937
200803
937
212969
948
194945
1220
229849
1249
181669
1260
234921
1252
202675
1259
183665
942
188808
1274
223273
1241
252233
1265
168315
1260
213039
1253
210819
944
240510
1275
201457
941
238197
1247
187694
1258
240551
1246
236750
907
218793
1219
257880
898
300395
932
172624
926
228718
942
157085
922
196092
931
200752
1211
220099
1287
172843
1263
247812
1258
236997
1284
212503
934
207575
1257
207556
1238
207545
1256
183171
1272
206445
1261
202681
945
190637
1264
199808
931
233908
1259
177084
1254
242648
1246
263017
893
231544
2989
213044
890
213978
919
156728
930
244063
922
171587
926
201164
921
219157
1184
297493
1230
168912
1234
221136
1241
187707
1231
193094
921
182708
1253
212806
1235
214115
1263
187532
1270
220199
1254
199221
927
195658
1264
205443
932
243821
1244
187795
1250
209403
1239
241799
894
245778
1212
255268
896
329220
919
181930
932
257848
940
171947
1339
207655
933
209464
1209
275914
1267
171761
1248
260560
1249
206653
1266
183757
941
198000
1258
240336
1256
265646
1259
193965
1266
211141
1255
190083
944
195303
1256
197905
931
273832
1254
173345
1618
198584
1245
188207
906
213920
1193
200533
900
220166
933
159859
917
227295
933
163904
933
196159
937
194550
1217
234983
1240
139319
1259
205493
1744
187813
1261
197463
944
212914
1269
186862
1275
207957
1277
187995
1259
233730
1241
200236
946
188033
1263
216504
940
280901
1265
191430
1246
243340
1268
215071
878
213745
1222
212168
899
216136
946
160908
921
218088
938
156703
927
188170
941
198391
1232
199335
1250
143422
1240
232065
1252
185161
1276
186805
932
184191
1243
192991
1264
204535
1268
197759
1268
259932
1251
259490
952
274365
1262
275283
940
281378
1262
171245
1256
221129
1246
239077
897
247537
1234
259594
905
322821
930
190017
940
241119
939
153466
927
180382
929
201434
1215
237749
1271
145216
1266
245438
1251
189649
1269
213247
954
242355
1272
228563
1244
249043
1254
225674
1259
280575
1261
278775
935
290248
1250
262219
929
298527
1251
172834
1247
188913
1253
228434
898
232009
1210
205772
898
222073
940
181601
953
247900
937
195588
934
240541
932
241523
1228
269753
1251
195280
1257
270519
1236
249704
1248
226516
938
224331
1258
232553
1257
233277
1259
194680
1260
202353
1258
219515
976
249915
1262
225556
947
256996
1246
206814
1241
221160
1236
179466
888
192940
1233
199933
887
205740
934
151977
923
228246
943
161417
935
191206
924
199350
1226
273481
1255
167972
1257
250237
1238
187152
1267
182663
942
195472
1252
177483
1248
193538
1255
195709
1327
241778
1248
217077
948
218485
1267
230131
935
294094
1250
160015
1252
229962
1234
255188
893
225126
1218
248765
894
251518
933
163995
936
222250
925
154778
929
179659
933
178879
1234
219809
1243
159157
1273
219816
1247
187884
1250
185759
942
203029
1268
197835
1249
231560
1258
178732
1259
234036
1271
217611
942
225887
1257
233553
924
253297
1268
143414
1253
180707
1244
248458
878
247133
1199
235435
888
301502
923
153217
916
206140
937
162688
935
226808
931
230710
1229
284873
1275
172258
1275
281368
1260
194740
1266
232707
922
205047
1252
214323
1256
222120
1258
196445
1255
230069
1252
224501
944
199537
1268
181434
939
236608
1257
172824
1243
215055
1249
208104
901
181151
1217
202676
901
227891
933
156832
937
207980
932
158966
943
188772
791
180658
1231
210123
1248
185706
1247
253091
1259
177365
1273
193849
938
188807
1261
182135
1247
179917
1257
161628
1271
206914
1261
265248
958
249068
1278
226813
939
251369
1290
168382
1271
258547
1256
228783
905
246115
1229
245907
903
298935
929
169656
944
245957
938
165400
933
202224
939
200451
1217
235077
1257
160679
1253
248086
1255
208270
1265
185225
933
185038
1248
198095
1247
194605
1271
154909
1251
192319
1266
201576
1420
221445
1253
241089
929
304006
1291
141211
1244
173823
1245
205051
887
239427
1201
216648
893
275594
919
170943
936
268712
933
193799
930
232964
932
200842
1207
231990
1261
195157
1253
304608
1728
210495
1273
189790
921
220682
1258
177474
1245
210060
1249
157781
1241
201499
1248
217206
940
243271
1278
248805
941
263900
1258
161337
1243
229114
1238
203374
885
242369
1211
249539
889
302454
923
179166
941
262761
937
204023
934
283602
929
265424
1232
302584
1252
166624
1246
241802
1256
223577
1271
227162
944
214357
1251
261153
1244
286691
1274
217545
1256
233844
1258
230441
941
236789
1246
226335
943
261512
1231
183214
1243
235869
1245
264345
886
220962
1238
234052
898
299382
916
206535
932
260643
935
210935
938
254316
930
234085
1230
245080
1240
157279
1238
227524
1255
209874
1265
216781
936
216878
1249
235805
1245
208072
1268
177567
1257
210448
1263
196650
932
222256
1264
241137
934
245859
1259
187919
1258
182138
1254
195391
883
220849
1223
196998
892
226203
943
167507
938
232588
940
172025
937
239798
937
243661
1212
226865
1252
176346
1660
288879
1262
223095
1252
197528
932
219191
1251
255977
1247
232126
1261
203972
1258
220213
1259
221320
954
213142
1256
219155
938
237791
1253
214818
1248
230257
1270
219119
895
228587
1218
209925
899
292826
926
199487
942
239851
937
163733
939
226740
926
213245
1232
226733
1245
143275
1256
307071
1260
252215
1271
236371
946
207957
1257
213028
1256
234236
1261
182015
1261
216440
1256
228862
932
261862
1756
240674
943
265621
1240
198119
1248
195567
1255
208500
896
217004
1220
180985
876
221606
928
196931
945
285916
937
180872
942
462183
925
227686
1201
281463
1251
189802
1241
242464
1264
227966
1257
202067
934
220121
1323
229727
1254
199336
1260
166317
1264
203611
1252
221403
956
200145
1250
217391
938
235147
1241
164097
1237
209816
1240
212030
893
213952
1235
205765
905
235499
919
170342
934
254785
934
164838
934
182933
937
189963
1213
213864
1255
151329
1243
227696
1258
189423
1244
183487
951
198618
1252
216862
1263
217243
1255
177037
1256
228134
1256
209991
939
187152
1292
175575
932
224620
1254
166132
1245
202644
1261
195341
873
196546
1227
167866
891
246100
930
157709
927
206867
936
156920
906
185412
931
182026
1216
217001
1257
151017
1222
234889
1247
179956
1247
185474
931
181391
1265
175319
1276
172042
1269
147489
1278
216926
1260
199884
1390
193012
1279
218521
925
227064
1257
144267
1247
206413
1256
186927
890
186695
1219
178966
896
209125
924
163171
944
218226
938
161467
938
180999
936
169015
1256
236839
1250
152586
1247
253360
1263
185560
1271
166465
941
180916
1265
191957
1255
170147
1252
156708
1254
229436
1260
217878
947
228402
1280
205496
929
235997
1266
142018
1242
195235
1261
216155
895
194167
1231
181530
903
225770
933
148801
926
220704
935
147979
919
174455
936
166829
1283
198357
1252
160427
1256
267898
1259
179081
1268
184803
941
180960
1258
175009
1246
187504
1261
138661
1249
176990
1250
191080
940
178322
1251
192781
935
214864
1256
150270
1705
173959
1276
176568
906
183132
1224
166045
891
210297
946
181262
941
254885
936
145522
910
198279
933
178182
1231
209958
1241
145252
1243
223265
1274
208376
1258
205362
994
214176
1250
186686
1249
181046
1272
161622
1258
186294
1245
216808
943
261629
1285
227406
935
280720
1254
169393
1244
190690
1243
194319
886
191650
1212
194088
893
249468
3350
169771
786
272193
920
167458
910
209114
902
188492
1208
209742
1235
148588
1252
216145
1265
185557
1232
178670
914
178799
1250
197934
1242
174405
1232
152177
1242
221555
1241
196040
923
199976
1297
205835
927
198343
1253
154916
1220
178500
1212
182360
872
170336
1207
178846
880
207499
922
144218
931
210721
918
139478
933
185915
915
181949
1220
216990
1220
143019
1228
214172
1256
173216
1247
177795
924
176605
1244
184737
1234
166340
1242
145822
1242
196979
1253
179549
927
179943
1239
243521
918
234406
1237
161358
1235
205049
1233
195753
882
192653
1243
180128
750
217721
919
150799
921
205024
913
136703
921
172975
920
184365
1215
200765
1234
141830
1242
206082
1297
213432
1258
208738
923
169667
1261
179588
1237
175770
1245
153158
1244
193222
1234
214922
925
178658
1241
182647
919
206080
1244
146663
1240
186598
1248
186832
898
192519
1209
186852
879
205313
924
144180
928
209461
919
138613
Xput: 9287
