1759
685
1070
750
617
1070
893
578
516956
1184
25879
1242
27054
1199
35626
1228
34103
1214
266185
5504
5461
601821
1795
1151
1240
604
869
679
349032
1203
11641
772
7585
5802
12164
7948
14907
7583
1460393
921
25575
1169
32023
913
36585
1176
668
48813
811373
1290
27400
782
31108
930
33561
1208
31655
779
228416
561674
15064
1214
949
35868
19479
1178
31228
1212
817521
1224
24386
16781
1198
753
40286
17021
1217
26898
214603
578606
950
26172
1211
24911
1238
29368
1229
767
847452
921
33685
1182
38875
879
45289
1171
665
57068
769844
1165
25233
1087
40440
862
38791
1135
36693
885
263160
595172
12187
1204
762
38167
18776
1249
30963
1230
862441
1213
29024
16294
1213
764
54102
20531
1482
34617
255022
618662
931
35435
1221
35482
1213
34849
1215
760
893938
926
35861
1198
37445
887
39008
1172
680
52692
870367
923
39085
777
38117
928
39665
1218
36326
1155
265746
622101
15916
1213
762
43465
17842
1222
31859
1210
875395
1226
39078
22446
1207
759
56967
22036
1498
38980
249490
642760
942
50679
1214
49457
1230
48311
1214
766
895441
929
30767
1206
28725
892
32419
1179
669
41545
871402
1177
38935
727
36080
725
41609
1134
36458
1191
273874
614222
16119
1226
904
41672
18932
1226
31489
1226
868560
1217
37969
18815
1212
772
53791
21624
1461
33994
259097
622994
977
35284
1206
35123
1208
35848
1277
778
899539
926
35365
1199
37892
908
38676
1209
666
51032
854329
772
29432
787
32927
786
32679
1209
31052
941
262687
618460
17174
1268
955
43411
20066
1238
31991
1240
868867
1219
38087
18186
1222
772
50020
19924
1237
34608
255520
628332
945
31306
1237
31478
1236
29762
1228
793
932069
948
38713
1202
37166
905
38083
1191
661
50777
869612
783
41306
780
35725
929
40901
1209
34994
788
277133
615488
15232
1528
783
42998
19744
1227
31221
1208
893092
1216
29504
14471
1222
774
50717
18347
1482
31378
269501
646916
938
38173
1249
35258
1221
36648
1215
760
906628
1840
29074
1207
32197
894
36350
1091
615
48797
885212
1208
37492
1074
36898
1235
38896
1505
35917
1226
272026
624176
15226
1236
768
44301
17620
1251
31575
1226
882965
1219
36211
19460
1201
775
54213
20269
1463
30658
259231
622423
932
30012
1231
28380
1203
32472
1227
659
902845
959
32721
1207
34174
884
39285
1223
685
51078
892269
1175
33113
1088
31377
1229
32168
1490
29311
725
264117
625780
15335
1219
784
48338
20303
1241
35490
1206
876202
1244
37347
17572
1220
782
53763
20154
1489
33924
268082
631617
731
30302
1122
29419
1138
27861
1258
665
887605
772
35608
1190
35090
888
38747
1182
664
52278
886700
728
31580
1064
30530
1189
30729
1453
28814
732
260451
634762
16043
1150
724
44206
19756
1143
31369
1130
885769
1205
28845
15587
1204
766
48993
19077
1203
31722
267291
630424
937
31745
1211
30433
1220
31203
1275
788
877874
928
40184
1195
36756
894
38478
1176
680
52342
874072
860
37729
1076
35052
1189
37520
1483
33148
1203
267363
622378
16185
1216
808
46188
18405
1208
32621
1226
867702
1214
30297
15040
1204
781
44811
17538
2117
30714
246510
640289
947
37827
1203
37205
1239
36222
1237
765
878775
930
35566
1193
34527
891
35970
1091
716
49728
852687
1036
37996
1068
39139
1247
37580
1465
38675
1238
261797
609464
19791
1230
770
49278
20685
1222
35865
1207
873951
1223
29237
20329
1228
767
49853
20863
1227
33171
250963
621675
1305
34709
1218
35628
1241
34325
1250
659
873764
875
35205
1096
37369
838
37953
1105
627
51571
843673
723
38331
856
38548
728
38409
1122
37599
856
257094
627254
20728
1245
769
52068
21959
1231
39407
1216
875463
1237
39535
20150
1239
771
57692
22236
1202
38709
251401
634908
881
38565
1255
35643
1228
37120
1235
767
871923
929
37835
1179
36084
891
38389
1172
686
52382
865744
723
36424
858
37408
716
40388
1144
37114
848
255157
615608
16442
1243
781
44873
19454
1214
32859
1224
846739
1230
33565
20273
1673
668
53621
20812
1223
36752
262007
632488
946
36955
1216
35909
1233
38493
1237
660
886675
944
33018
1208
34603
894
36658
1211
682
48294
839074
787
38886
770
37044
785
39476
1224
37021
791
255954
643620
29106
1245
776
52866
18099
1230
31186
1202
836106
1233
28978
17790
1210
766
48659
20240
1222
32040
246484
624784
938
37970
1227
37286
1212
36701
1234
791
862484
946
38166
1182
34750
866
34775
1179
667
48466
845466
787
36880
786
39535
774
38993
1223
37439
772
251624
620418
21184
1144
604
52337
23455
1124
36997
1127
869997
1255
32463
18457
1221
653
50188
21262
1220
32941
239121
624213
997
35098
1219
35915
1236
34166
1231
662
866981
868
35492
1095
35859
817
36052
1110
624
48359
852760
717
38562
866
37255
735
39469
1143
38415
858
248539
620396
21814
1224
782
51625
22174
1656
38194
1219
845812
1217
32311
13889
1224
788
44040
17094
1227
29771
234562
644307
956
28636
1217
31662
1226
33010
1222
779
890507
938
34619
1197
36942
897
37003
1170
673
54044
854175
719
41920
726
40222
861
40926
1121
30300
1709
250851
618128
14929
1219
788
43271
18806
1262
28803
1228
860443
1137
31574
15452
1121
710
44731
18834
1125
30884
246457
620806
945
31433
1229
31381
1218
30512
1265
783
880581
865
39431
1098
40346
1218
40801
1098
628
54824
856123
722
38179
862
38056
723
37728
1115
38591
856
249692
638894
21595
1136
605
57163
24233
1135
40209
1128
860655
1229
37575
18768
1234
773
53859
21032
1234
36967
247036
607983
943
30412
1218
29436
1231
29936
1225
780
885137
863
37440
1104
35945
826
35767
1102
625
47730
846965
789
33396
925
32161
792
33634
1217
29641
932
252125
621600
15235
1228
774
43494
17740
1229
30126
1233
857428
1243
39603
18335
1208
760
54435
22093
1214
35906
246895
629838
950
32872
1198
31177
1227
32364
1223
786
870869
950
39908
1192
38793
893
41321
1199
1107
53442
832052
845
39400
731
38850
730
39582
1110
37028
724
249009
635829
20475
1238
776
52731
22225
1417
36955
1213
854518
1236
37674
19525
1204
778
50467
21001
1234
36856
252240
645025
955
35613
1217
37993
1237
35772
1247
665
897390
939
35212
1206
37190
876
36129
1666
684
50975
836862
736
32812
718
32030
864
32646
1139
30933
856
253386
630763
15204
1142
738
44604
18927
1125
33995
1135
885436
1230
29988
15827
1620
825
42502
16556
1236
27145
243241
640874
1074
36240
1191
35036
1481
37752
1191
980
881383
872
35934
1110
37537
818
38236
1095
637
50105
859790
856
33716
797
31292
1093
33005
1128
30448
787
251227
638386
15928
1152
705
53936
22733
1129
38367
1116
859186
1231
27096
17597
1247
773
45844
18580
1159
31228
246115
612340
863
31865
1145
29507
1119
27073
1136
703
875272
908
36717
1194
35832
887
37591
1179
655
50604
874920
1218
31780
1046
31167
844
33638
1474
29907
1111
247108
617134
17189
1928
1413
48801
21023
1263
34634
1219
877498
1031
37050
18689
1068
653
53799
21218
1123
34223
256556
633585
922
28583
1194
31469
1219
29407
1199
654
883736
825
37328
1084
37656
794
37526
1076
623
43564
838639
1223
30601
1007
28808
709
34382
1453
29510
663
255135
632489
17962
1138
703
49439
20436
1127
35620
1119
867400
1219
34389
20191
1215
750
52965
21691
1119
33935
254531
629231
856
35083
1102
33486
1107
34955
1124
591
899033
908
33148
1177
30345
862
36017
1187
664
44732
850481
844
36470
717
38928
835
38597
1118
35516
713
257968
630384
15502
1227
826
41955
17677
1196
28753
1217
862342
1250
100868
940
1039
609
6303
29072
1208
42863
258310
669205
1462
35613
1210
36935
1201
36373
1197
661
930578
908
39103
1042
42910
805
43902
1072
923
58760
878313
843
39898
844
38105
1220
39507
1114
36470
834
270339
667477
20649
1239
761
52184
22582
1215
38909
1199
882834
1221
37352
20622
1204
759
53480
21224
1106
36124
250472
633091
920
31178
1218
32008
1312
30298
1220
655
894914
1196
36447
1314
38340
1119
36910
1237
736
54132
869580
953
38788
976
36484
960
40761
1447
36641
1227
261223
642361
16840
1292
709
45783
18660
1597
32053
1469
876626
1222
37694
18823
1116
699
54083
21900
1492
34477
254057
658787
853
39307
1140
37090
1492
36537
1418
784
885552
1004
30524
1442
32643
1112
31746
1078
619
43105
868221
1201
37628
1222
35090
1177
36878
1422
35024
1140
253682
637331
21908
1125
694
53038
21920
1141
39280
1213
869998
1220
29670
15339
1112
694
51442
19785
1203
34853
240156
650848
914
38622
1196
36127
1190
37742
1193
758
897475
778
40536
1165
38458
868
41554
1166
675
48562
869219
846
38578
836
38178
852
38985
1099
37026
843
257966
646946
19930
1104
691
52962
22643
1132
38829
1113
889505
1225
36819
20331
1200
752
53710
21509
1473
27003
236522
639809
1209
31694
1459
30457
1105
30979
1411
654
884953
1041
38362
1078
36413
801
40226
1376
683
52332
866921
1191
39109
1187
37849
1209
38971
1143
38363
918
252071
639762
19540
1211
747
51850
23295
1236
36599
1222
876787
1200
38427
19199
1213
744
52803
22320
1221
34794
240849
645999
921
36525
1195
38506
1209
37678
1251
767
899848
782
37876
1165
36606
1816
35789
1177
678
52245
935559
899
32257
918
31627
910
32322
1212
32795
916
249923
617138
18581
1212
755
47009
21723
1215
33774
1194
891354
1222
39416
18682
1198
762
53834
21619
1196
34454
244989
637512
922
32373
1209
30765
1225
32289
1220
770
882918
769
29805
2089
29032
868
34017
1157
674
45544
875673
1200
34623
1202
32485
845
36139
1489
31281
1205
250045
640148
22412
1210
770
53064
22937
1216
30129
1191
850359
1195
31360
15400
1214
754
46186
18696
1206
31390
248178
736274
919
70911
1197
60397
1226
43179
1237
1627
967943
884
42087
1028
44703
869
44786
1155
662
62637
899744
893
39919
911
39168
910
36376
1203
39827
909
264921
674982
22836
1236
749
60578
25987
1231
38485
1198
926417
1204
41859
20433
1209
752
57606
21874
1202
39521
236732
658747
917
33613
1221
31814
1214
31960
1208
745
991757
778
33802
1168
29615
872
34913
1178
680
47879
870886
911
35760
909
32902
921
33547
1230
30345
909
246249
744869
22791
1192
750
52293
28400
1201
38350
1192
893920
1208
36582
21663
1198
755
54403
20146
1601
32574
239786
735086
934
32058
1230
28019
1222
30714
1226
760
977359
768
37868
1169
37285
899
37479
1045
762
52489
934578
907
30899
914
29520
920
32164
1196
29443
907
250593
647819
20517
1220
741
53787
22025
1227
38887
1190
878898
1209
38154
18755
1209
806
53847
20957
1206
35827
238568
649279
919
38076
1216
37754
1197
36473
1225
749
929539
911
37984
1195
37033
873
38311
1161
669
46185
865341
827
37406
853
39528
845
38429
1123
38713
833
249293
743808
20247
1156
709
54385
21919
1137
39712
1109
880505
1236
31017
15253
1226
764
43812
16528
1114
29278
233650
646772
836
36757
1482
37168
1469
37181
1129
1235
874786
913
34025
1165
34371
875
37737
1175
667
48830
866615
899
38740
901
37368
927
40124
1215
33302
918
238879
643809
16435
1226
744
42599
18043
1199
30997
1200
869882
1216
36714
17927
1221
763
49744
21791
1202
33092
240723
624631
924
29538
1206
30198
1220
29440
1223
757
888455
925
37130
1176
31237
868
35566
1163
678
47165
942839
899
31594
910
29392
908
31901
1202
30835
895
245328
650804
17587
1238
748
45582
20468
1229
32174
1213
888637
1203
31710
16342
1204
741
45814
18627
1203
29164
244507
649702
902
32850
1271
30077
1198
31918
1214
642
887073
902
30436
1160
34403
873
36106
1059
622
49474
873175
918
29640
890
33516
913
34458
1201
33497
905
250351
653121
20004
1229
758
53613
23096
1228
37745
1218
859904
1195
36498
20016
1219
761
52932
22252
1234
34649
263363
667326
920
41439
1208
40522
1207
39563
1232
752
911025
911
39148
1190
35503
867
39204
1180
674
52304
859936
1750
29818
915
35772
908
37733
1194
34759
904
250998
638958
21540
1244
769
52606
21330
1215
37695
1196
861538
1218
36708
20634
1263
755
52985
20639
1196
37099
245493
635070
1230
28656
1959
29050
1118
31355
1138
1002
869560
912
30898
1173
28026
874
35961
1159
664
47111
857714
954
30745
915
30971
906
30331
1208
29335
910
246409
640206
16550
1204
767
46341
20501
1229
32455
1212
870435
1493
33242
16454
2017
771
43715
18021
1469
29136
241639
632563
1190
30194
1458
28820
1113
30147
1552
644
876685
907
34625
1193
36945
871
38691
1171
680
51864
966239
910
32395
897
32078
904
34557
1207
30750
910
257026
671891
22680
1231
906
56543
23106
1198
41497
1208
893425
1202
30810
15367
1221
929
42439
17385
1207
28908
241791
632421
924
32852
1219
29946
1215
32840
1226
831
895106
920
37055
1171
38390
872
38287
1441
782
50614
870268
842
31795
818
32841
1180
33933
1111
30784
846
254250
667963
22458
1117
691
55036
25952
1490
40150
1483
884814
1224
38620
19500
1232
746
53242
21827
1210
34996
247592
633709
915
32386
1206
29863
1191
33418
1223
898
901348
913
31371
1175
32858
867
32441
1166
668
43315
850180
911
31670
914
29160
911
34224
1229
29416
893
242369
643149
19780
1214
763
52233
22892
1196
38758
1193
969824
1201
37543
19437
1190
759
54329
20845
1198
28866
237049
640351
913
31311
1229
32677
1187
29708
1215
752
907842
916
29146
1166
31359
871
32049
1155
664
44152
877048
906
35948
897
37106
903
40554
1211
36547
914
257237
634202
18347
1195
748
44576
19613
1230
32258
1204
987458
1219
31434
15979
1215
746
42907
17460
1224
29369
241179
656728
927
39362
1206
36426
1202
38103
1201
748
976128
907
29621
1169
35018
880
34901
1160
667
51280
868099
853
37462
837
38921
837
39577
1124
36190
843
258666
637232
18750
1238
757
49906
20547
1217
36582
1217
891155
1217
36950
19901
1225
744
52438
22350
1209
36625
247756
648364
925
38443
1203
37401
1196
37151
1209
751
988590
914
40425
1180
40497
857
40879
1176
662
42134
850270
899
32765
903
32719
908
33385
1205
31786
903
253414
643145
20066
1245
737
54293
21996
1217
37339
1208
897045
1223
30607
14748
1207
743
43727
17518
1197
28136
234284
640960
912
32992
1198
30511
1226
30997
1201
761
891684
904
31416
1166
31141
870
32603
1164
674
44728
876837
909
37185
911
37604
910
39717
1229
37951
885
270168
638194
20532
1254
758
49064
21152
1223
34783
1220
893264
1204
30100
15676
1243
753
43661
17107
1203
28564
243629
641952
1222
32697
1485
30509
1106
31355
1111
690
875775
913
36163
1178
34616
865
37632
1212
672
48224
859185
1170
31996
1182
30274
847
32190
1476
30256
1212
238304
648478
20322
1145
710
54216
22503
1119
39272
1102
897024
1204
40452
20282
1216
747
56470
16596
1203
29096
237469
642158
925
30464
1194
31491
1194
28528
1227
765
881774
919
31637
1166
28216
873
33274
1165
677
42751
867927
1129
38030
1215
38769
1187
39512
1480
36598
1210
254830
637616
17637
1110
694
46132
17875
1218
33638
1207
864496
1207
33497
15730
1233
757
45144
20100
1233
28151
246546
651727
924
33169
1197
31683
1256
30347
1206
757
880945
905
30229
1161
32189
870
37589
1155
667
49283
869177
895
39057
920
38231
918
39076
1116
34950
842
240677
639757
18883
1119
697
44850
20188
1139
31309
1105
867201
1109
36547
18092
1097
696
50486
20857
1110
32309
239811
648948
930
39724
1197
37249
1202
37311
1221
762
882071
921
30139
1185
29729
862
34867
1166
678
46721
858466
910
33150
921
32131
910
33927
1224
31701
896
245129
645274
19692
1201
861
54232
21610
1204
33103
1198
866654
1200
36539
20835
1186
920
51980
22203
1210
32131
238435
632939
909
30418
1221
29890
1186
28713
1234
755
895533
911
41216
1200
36087
872
38731
1169
659
40354
856421
908
32042
904
32098
912
33429
1190
32070
898
250852
649055
20000
2348
915
53355
22441
1852
37469
1450
894442
1489
30016
17972
1398
774
44445
17132
1105
31770
236377
637745
856
33154
1487
30735
1460
30030
1112
596
880061
913
29280
1184
30609
870
35396
1150
662
46734
844679
912
34145
918
31847
907
33395
1207
31714
909
244769
635629
16922
1235
767
43403
19665
1219
35038
1227
889431
1203
38114
19904
1230
744
53594
20689
1210
36025
254317
650262
924
38399
1202
36858
1207
37523
1205
747
905766
908
39082
1167
37237
876
38316
1156
664
53000
859804
849
38925
1219
38868
842
37796
1120
37871
1153
262944
638978
20898
1216
742
53221
22561
1213
35774
1214
868571
1223
37717
19789
1186
914
54682
19748
1192
35359
236697
634526
1190
31398
2376
31308
1098
31583
1396
783
887235
830
30579
1158
34507
895
35263
1158
665
50133
898056
771
70178
929
54746
892
39811
1204
39940
912
246616
613168
27824
1137
692
58755
29639
1483
44526
1121
894937
1227
49127
29551
1216
749
64452
25006
1195
37051
252429
632529
929
40149
2163
38326
1213
39292
1250
761
900699
918
49674
1181
48288
879
49837
1187
654
58162
861058
911
43606
906
41941
904
42297
1206
42567
900
250378
642563
21720
1230
756
53444
21123
1236
37850
1205
876527
1201
37943
18896
1197
744
53125
23443
1199
34772
245657
631503
933
30582
1221
34225
1221
31621
1223
647
911025
912
60445
1163
59249
872
57409
1160
664
66120
862133
915
43799
903
41605
905
41930
1229
42694
920
254295
615656
24171
1220
771
53655
27289
1226
40338
1200
872740
1212
40791
23769
1224
761
53450
24412
1199
35142
235999
638677
923
33156
1294
30056
1226
31162
1230
888
896350
837
30793
1073
35949
810
32467
1075
628
44275
858141
843
38697
828
39239
833
38869
1114
39925
838
259182
625019
16166
1156
691
42574
18537
1206
29418
1193
873799
1218
37378
19957
1208
742
53087
19288
1192
26929
233081
642097
1123
30110
1469
32075
1476
29596
1137
702
897955
842
38584
1439
36510
806
38971
1180
683
51416
850001
852
32880
1152
32298
1223
33978
1475
30795
841
259445
737299
16939
1511
745
43386
21954
1207
32273
1191
865137
1196
37642
19468
1205
759
53021
22326
1211
35394
241717
647063
1375
36067
1261
38047
1261
35791
1262
757
875820
906
31681
1209
29177
924
32390
1192
717
43966
840633
1109
31649
1223
29612
1231
30615
1138
29645
835
231836
629160
16725
1142
737
49308
21088
1466
36424
1120
867895
1490
37829
17819
1402
767
54079
21224
1461
35441
238316
635060
1221
32205
1501
30924
1472
30223
1414
786
867890
1217
35610
1506
34429
1140
35825
1428
666
48731
842670
906
35987
921
37490
926
39674
1242
37364
926
268349
634416
18385
1239
770
50265
22156
1212
34615
1210
855889
1226
37732
18882
1189
918
52981
21038
1209
29647
239455
626762
924
30529
1205
32832
1224
31246
1244
761
866529
915
29675
1182
32949
868
32350
1180
673
47844
854328
911
37338
919
38356
918
39732
1211
35504
920
250200
634009
17298
1255
756
44658
18980
1206
32102
1223
860109
1216
37667
19836
1250
752
52685
21193
1219
36339
242100
662672
921
31242
1199
28638
1221
28813
1231
753
874376
907
34719
1206
36072
869
40203
1170
674
52160
845996
912
38909
911
37932
922
39975
1216
36258
917
252710
632008
18496
1199
743
50452
20570
1207
35770
1206
880914
1111
36369
19778
1123
694
53788
21732
1128
37283
250730
646964
931
37744
1225
37279
1224
36857
1219
766
883853
917
30655
1188
29078
879
34613
1173
659
46694
871254
1192
32244
1185
33017
1217
32444
1466
30981
2180
247214
635087
15074
1216
756
43033
17674
1220
30849
1208
870982
1209
34069
16446
2105
771
47727
18724
1198
31988
232326
642111
926
38761
1218
37534
1198
34898
1240
746
885981
909
40377
1163
38510
875
37494
1170
664
53788
868637
842
38025
840
37736
831
39896
1107
36174
830
258362
637144
20457
1215
754
52057
22087
1214
37063
1192
851809
1230
30987
15559
1218
743
43282
17060
1202
27500
241071
646574
926
33144
1218
31479
1197
31391
1240
751
897008
901
36306
1178
38239
860
36875
1180
681
49583
854585
901
33434
911
30367
917
34465
1226
29795
900
250765
634965
16872
1252
759
45735
17651
1206
33697
1222
892167
1239
40624
20759
1191
735
56680
23076
1219
37180
246499
635014
927
31613
1207
32897
1262
29328
1226
757
889952
919
31966
1169
29958
874
33910
1197
678
44171
848351
2207
37133
1178
37782
842
39483
1478
36906
834
252916
629152
15128
1118
702
43200
18861
1522
29129
1108
861113
1112
32190
14593
1101
694
44692
17263
1109
30446
246505
660092
956
37939
1216
36009
1210
39273
1234
763
899572
922
37966
1159
37801
877
38919
1176
678
51992
854570
912
32942
914
31998
927
31981
1191
32696
903
243250
630660
18057
1141
850
45466
19862
1096
32453
1200
874081
1206
38116
20277
1203
746
52018
21679
1191
34572
239919
644231
917
39334
1194
36478
1215
37503
1226
755
890643
911
37340
1182
37577
855
38581
1161
659
46574
852924
833
33496
827
31150
858
34188
1108
30704
845
242503
626362
15912
1154
716
46782
19876
1128
34176
1123
879333
1227
32964
14422
1200
759
45338
18942
1221
29950
236227
625955
928
33392
1205
30403
1225
31340
1208
745
908132
839
40657
1072
38699
798
40707
1073
609
45983
843814
837
30955
845
29412
842
32898
1448
28075
846
247401
634884
20445
1109
706
54055
22331
1481
32768
1494
857405
1227
31646
16734
1201
759
44089
19505
1237
29218
239490
639622
922
32265
1221
30396
1227
31712
1229
761
885986
907
29198
1170
30439
874
31559
1164
671
42234
864549
901
33208
914
32922
920
33154
1214
30750
918
248958
635524
19212
1125
697
54204
22685
1117
35323
1110
862759
1116
31899
16430
1128
702
46444
18437
1200
28103
235269
631043
912
32363
1212
30764
1317
28606
1225
770
873464
896
31939
1183
27613
878
32517
1176
674
39566
852178
903
32361
902
33154
917
32730
1220
31488
920
250163
649661
19820
1223
746
53791
21984
1212
38515
1211
869048
1235
34572
17713
1198
918
47440
18718
1212
31778
242552
643797
921
38120
1231
36310
1200
38418
1246
757
887903
908
38427
1164
38352
875
37340
1190
675
51517
870691
833
43034
833
40899
2197
41167
1498
39637
1209
246429
639147
19081
1120
709
52167
19825
1209
34273
1197
855940
1222
31034
15372
1235
755
44673
17895
1198
29097
239777
638882
914
30418
1198
32663
1189
29527
1193
744
896519
912
37977
1166
38354
873
38147
1149
657
48081
850112
912
33802
916
32335
911
33405
1223
29737
781
247938
636811
16635
1207
739
45613
18757
1233
33531
1203
861483
1198
32851
15934
1195
771
44504
19139
1206
30651
238749
648892
925
35584
1198
35919
1193
34815
1221
751
907241
905
37760
1178
36803
866
40811
1159
667
52558
869578
845
38517
837
35565
849
36955
1475
34199
722
248159
638056
16609
1109
693
50660
20193
1463
36762
1464
866040
1213
35289
17375
1200
766
51196
20718
1109
33440
237152
640856
925
32494
1204
31464
1198
31239
1206
751
906232
913
38770
1166
35033
881
40808
1176
672
52795
856704
1173
32749
1215
32690
917
31722
1129
31404
1175
246494
648820
20117
1465
774
52874
21644
1481
38866
1204
890354
1228
41248
20929
1210
751
56941
23752
1206
36448
240854
641191
930
36003
1229
34442
1206
35509
1233
755
883982
920
37577
1168
37781
872
37056
1091
622
52568
862966
844
33013
848
29758
836
33911
1128
33970
853
243634
636749
Xput: 9770
