43055495.714286
28899932.857143
30830648.571429
29002768.571429
28136498.571429
28657711.904762
27715441.428571
26811765.714286
27975631.428571
29347404.285714
42069950.000000
35684413.809524
33719668.571429
33531090.000000
34802298.571429
35518375.238095
31957117.142857
32416110.000000
32368914.761905
34137905.238095
32477359.523810
32914396.666667
31146037.619048
32741017.142857
29744454.761905
30820430.952381
30357215.714286
30717181.428571
31809410.000000
30321485.238095
32702924.285714
30488684.285714
30567904.761905
33794685.238095
33150835.714286
32396336.190476
31890450.476190
31837829.047619
28961003.333333
29501738.571429
30385748.095238
30040172.857143
32082500.952381
30061606.190476
29440701.904762
29350377.142857
30950862.857143
31560703.809524
30145479.523810
30890611.904762
29683515.714286
29333907.142857
32620062.857143
30300107.619048
30414173.333333
30650713.333333
28784196.190476
28555988.571429
31225660.476190
29631690.476190
29929176.190476
29159629.523810
31220465.714286
30105520.952381
29694167.619048
28424143.809524
30336524.761905
29457707.619048
29113360.000000
28682858.095238
28919999.047619
30054696.190476
30565539.047619
28433540.952381
28789854.285714
28721533.333333
29288681.428571
31001065.714286
32330480.000000
30219630.952381
31082559.047619
31664072.380952
31775254.285714
31312710.952381
29645268.095238
34572772.857143
29328560.952381
30983818.095238
31639754.285714
30125406.666667
28623993.333333
28491655.238095
30549069.523810
30855800.952381
29668482.857143
30635318.095238
30717170.476190
32256204.285714
31755020.000000
30788119.523810
32076856.190476
29204794.285714
30618870.476190
31977956.190476
32475699.047619
28673477.142857
32373413.333333
29071557.142857
30365166.666667
30545046.666667
29216119.047619
31799812.380952
30389355.238095
32208434.285714
28471726.666667
30432720.000000
30385080.000000
30903077.619048
30550991.428571
31478664.761905
31244008.571429
28892015.238095
29000388.571429
28766550.476190
31158105.714286
30286833.333333
29582852.380952
32278575.238095
30611807.619048
28736339.047619
28881104.761905
30339305.714286
29398182.857143
31647408.571429
31644483.809524
32344232.380952
29873673.333333
29048036.190476
29875097.142857
29938022.857143
30097694.285714
30034480.476190
32172866.666667
30220469.523810
30924817.142857
31942092.380952
28959891.428571
28872023.809524
28990214.285714
29031884.761905
28961911.428571
31504585.714286
31804334.285714
29082740.952381
29181044.761905
29123558.095238
29915461.904762
32205900.952381
31816828.571429
32210133.333333
33784729.523810
32245880.000000
30696850.476190
29810327.619048
31298631.428571
35235556.190476
31610673.333333
31186840.476190
30726395.238095
30668241.428571
30964044.761905
28984694.761905
29748904.285714
28784220.952381
30783480.000000
28698056.190476
29563370.476190
28988272.380952
29030407.619048
29975895.238095
30658080.000000
32271504.761905
28941182.857143
29637694.285714
29598891.428571
29443653.333333
29157372.380952
30364976.190476
30426356.666667
30077031.428571
28770784.761905
29334468.571429
29035320.952381
29326655.238095
30763873.333333
31097127.619048
28873479.047619
29168617.142857
30960140.952381
29815988.571429
31692150.476190
31750348.571429
31160580.952381
28607250.476190
30127232.380952
31363951.428571
28987105.714286
29426072.380952
28387989.523810
29426972.380952
31930578.095238
29625034.285714
31838596.190476
29063709.523810
29879608.095238
29727916.190476
28856272.380952
28895280.952381
28951862.857143
31026508.571429
31068307.619048
29758062.857143
28793963.809524
29485915.238095
30625218.095238
29827077.142857
29812791.428571
29191386.666667
27989545.714286
30975903.809524
29141417.142857
28805241.904762
30968583.809524
28752403.809524
28841128.571429
28683440.952381
28370605.714286
31167730.476190
29375966.666667
29105305.714286
28598722.857143
32871180.000000
31145340.952381
32867033.333333
31058735.238095
30947453.333333
31357419.047619
32441700.000000
30544709.523810
30557415.714286
32553611.904762
30095124.761905
29289745.714286
30609266.190476
30632811.428571
29975432.380952
30706935.238095
29314916.190476
29734680.952381
28926470.476190
29325650.476190
31681412.380952
31466339.047619
28357236.190476
27362391.428571
28102201.428571
28668416.190476
28055115.714286
27102460.000000
27419761.428571
26578694.285714
27787937.142857
27751342.857143
27356882.857143
29056182.857143
27743069.523810
26299766.666667
27573149.523810
29409099.047619
28458944.761905
28702528.571429
28570302.857143
28687430.476190
29678594.285714
32081900.000000
29319993.333333
31561917.142857
31439143.809524
28610843.809524
31230255.238095
28623243.809524
31340208.571429
31076921.904762
28962142.857143
28702371.428571
29137226.666667
30097087.619048
28922338.095238
29138128.571429
28965246.666667
29980033.333333
29665177.142857
30215141.904762
29139648.571429
31519844.761905
29778317.142857
30389915.238095
29463741.904762
31099984.761905
31227044.761905
31630342.857143
30935731.428571
30502198.095238
28881013.333333
27784689.523810
31632222.857143
31132333.333333
31665781.904762
28133314.285714
28337481.904762
29098260.000000
29049675.238095
29047252.380952
30325171.428571
29539926.666667
29223063.809524
30671855.238095
30897621.904762
28523702.857143
30611070.476190
28860449.523810
29693931.428571
30831488.571429
28581414.285714
28706355.238095
28289079.047619
31562003.809524
29521557.142857
28655434.761905
28659780.952381
30393479.047619
31462028.571429
28364597.142857
28772528.571429
29507782.857143
28934464.761905
31165106.666667
29272114.285714
28964124.761905
30853638.095238
29000465.714286
29078535.238095
30107452.380952
28682746.666667
28082946.666667
30131646.666667
28185125.714286
30340628.571429
30558728.571429
32501023.333333
29748187.619048
30227323.809524
29522872.380952
28913315.238095
29581966.666667
30382211.428571
29888489.523810
29047695.238095
28053687.619048
29196341.904762
28080166.666667
29452330.952381
29262302.857143
29980220.952381
30257225.714286
31889097.142857
29551830.476190
28051494.285714
31915140.952381
29267016.190476
29330975.714286
29071198.571429
29912527.619048
30465558.095238
31398421.904762
29168932.380952
31691849.523810
31256533.809524
29405744.761905
28058530.000000
29930945.714286
31095103.809524
30583522.857143
30142155.238095
30538622.857143
31874357.142857
29451667.619048
29600748.571429
30271446.666667
31074868.571429
29028406.666667
29355166.666667
30380904.761905
28801600.952381
30956189.523810
30537913.333333
28989564.761905
28383138.095238
30501844.761905
29421206.666667
28713248.571429
28991879.047619
28093796.190476
31754608.571429
29643445.714286
31860686.190476
34627563.809524
29671862.380952
29472493.333333
29552137.142857
30089745.714286
30101042.380952
28814515.714286
29616304.761905
30322278.095238
28527567.619048
31592785.714286
30044735.714286
31051596.666667
28343810.476190
28332877.142857
28170750.952381
31453306.666667
31951958.095238
32213801.904762
29016889.523810
29167621.904762
30843456.190476
29994052.380952
31425799.047619
31232333.333333
28954700.476190
30951423.333333
30844585.714286
30912483.333333
29092320.476190
31893299.047619
29534849.523810
30131339.047619
29089710.476190
28624028.571429
28297740.476190
29372019.523810
32112900.476190
30939447.619048
31731621.904762
31695281.428571
28948711.904762
29192983.809524
29474000.000000
31114780.952381
29862683.809524
31037558.095238
29392134.285714
30522288.571429
29758961.904762
29073266.666667
29854343.809524
31751179.047619
30851780.952381
31383338.095238
29160441.904762
28901981.904762
30324746.666667
30474233.333333
30511831.428571
29853480.000000
28952894.285714
29723874.285714
31785763.809524
28431850.476190
29342055.238095
29019809.523810
34011630.476190
30781388.571429
29078606.666667
30717773.333333
29030774.285714
29778960.952381
30481957.142857
29279565.714286
28142463.809524
28115060.952381
29900930.476190
30316656.190476
28807180.952381
30567549.523810
29029640.952381
29395000.000000
28746859.047619
28662289.523810
28577386.666667
30029056.190476
34253971.904762
31583902.857143
32156679.047619
31439265.714286
30290911.428571
28647752.380952
29354051.428571
29303832.380952
30260952.380952
29635678.095238
30449753.333333
31061818.095238
32188675.238095
31477808.571429
32201027.619048
29690731.428571
29637404.761905
29062449.523810
30936872.380952
32296089.523810
31436859.047619
29012574.285714
28927222.857143
31997863.333333
30111568.571429
29068597.142857
30245169.523810
30309102.857143
29969305.714286
30508075.238095
29705924.761905
29253058.095238
31548928.571429
31770016.190476
30490018.095238
32068589.523810
28912013.333333
28422264.761905
29088881.904762
31317417.142857
31986847.619048
30813817.142857
30602512.380952
30350366.666667
29811518.095238
32298817.142857
32137322.857143
29389628.571429
30032419.047619
29107749.523810
31367121.904762
30027910.476190
32143173.333333
31833080.952381
28962911.428571
30572927.619048
32102403.809524
29558980.000000
30026030.476190
30245338.095238
30777017.142857
30111675.238095
28794132.380952
31501769.523810
29282717.142857
31734139.047619
30880280.952381
31667314.285714
32399941.904762
29528582.857143
30064411.428571
30023811.428571
39866695.238095
31187431.428571
33346428.571429
32718477.142857
31122490.476190
31030307.619048
30650007.619048
31987467.619048
32941429.523810
32758816.190476
32705118.095238
30937233.809524
30118052.380952
30427078.095238
30472715.238095
32286645.714286
31928191.428571
31574944.761905
30885731.428571
29247714.285714
32300745.714286
30688937.142857
32494434.285714
33968479.047619
33775457.142857
30274575.238095
30703964.761905
30160941.904762
30191477.142857
30695508.571429
30518852.380952
31764865.714286
30746192.380952
30442406.666667
32624015.714286
30247892.380952
26428379.523810
25548781.428571
26001462.857143
28362847.142857
26085642.857143
28961680.000000
27160512.857143
27929137.142857
26684622.857143
26732095.714286
26512631.428571
28029513.809524
28138780.000000
26767530.000000
27113697.142857
27603488.571429
27777185.714286
29580710.476190
27475288.571429
28286210.000000
25108644.285714
25845057.142857
26481032.857143
28415205.714286
26303424.285714
28550694.285714
26898682.857143
29285452.857143
28794924.285714
27924611.428571
26212331.428571
26015922.857143
27965240.952381
27917170.000000
26008150.000000
29177459.047619
27886110.000000
27516857.142857
27230052.857143
29158610.476190
28121430.476190
30133019.047619
28533664.761905
31080531.428571
30084358.095238
29688540.000000
28873900.000000
31157284.761905
29260510.476190
27902740.000000
29399894.285714
30414308.571429
30608100.000000
30239680.952381
30775807.619048
31140528.571429
30872938.095238
29703789.523810
30321860.000000
29079041.904762
27994974.285714
29897621.904762
31191828.571429
29190189.523810
31147420.000000
29046197.142857
29401200.000000
30364760.952381
28830477.142857
29889168.571429
30385177.142857
31499113.333333
29105918.095238
31866249.523810
28808778.095238
29335254.285714
29815137.142857
31210211.428571
29534890.476190
30557440.952381
28800647.619048
30958640.000000
29951798.095238
29058383.809524
28724359.047619
30760377.142857
30564399.047619
31239325.714286
32073335.238095
32312318.095238
32307130.000000
30574900.952381
30343224.285714
30418694.285714
30734147.619048
29767617.142857
31862713.333333
31660905.714286
32417785.714286
30415117.142857
29553730.476190
29394640.000000
31981576.190476
32334764.761905
30510061.904762
30838459.047619
31204844.761905
31226904.761905
31452849.523810
29410385.714286
32031104.761905
30951955.238095
32162040.952381
30039164.761905
32314389.523810
31025935.238095
30460695.238095
30862913.333333
30950694.285714
30434666.190476
29123194.285714
32241793.809524
29156970.952381
29327568.095238
29016177.619048
30278972.857143
30084861.904762
32540651.904762
30413491.904762
30177445.714286
30883882.857143
31547264.761905
29305215.238095
32133334.285714
30677243.333333
32025338.571429
29356066.666667
32599585.238095
32022387.619048
32129310.476190
31755698.095238
31601132.380952
29400177.142857
31444208.095238
30045289.047619
31087229.523810
29065403.809524
31966416.190476
30075015.714286
31221460.476190
31991550.476190
32064732.857143
32361551.904762
32140677.142857
30668668.095238
32374610.476190
29488447.619048
32385363.333333
29213103.333333
29300624.761905
30663765.714286
31530397.619048
30949274.761905
30545860.476190
29387666.190476
29774138.571429
30518647.619048
30067787.142857
31509235.238095
33028488.095238
29721307.142857
30037498.095238
30073354.761905
31944642.380952
30286084.285714
31626428.095238
34536816.666667
29579363.809524
30984685.714286
30550323.333333
29112251.428571
29291179.047619
29832818.571429
30202323.333333
31751645.714286
29115020.952381
29690101.428571
30451916.666667
31041615.238095
31070693.333333
30287448.571429
30904729.047619
28900564.285714
28622713.809524
29494510.952381
31853253.809524
30655198.571429
30076081.904762
29226946.666667
28717276.190476
30350083.809524
31837160.952381
28901557.619048
29224574.761905
31326304.761905
31048533.333333
29684768.571429
30700230.952381
31219193.809524
30539575.238095
30805296.190476
29950307.142857
29715490.476190
30758020.000000
28905873.809524
29808798.095238
29476067.619048
29502418.095238
31003852.380952
29501092.857143
29327071.904762
30323150.000000
30940662.857143
30333353.809524
29626405.238095
30920814.285714
29554014.761905
28986416.190476
31093028.571429
31042117.619048
27775439.523810
29451525.238095
29472037.619048
30993511.904762
31372354.761905
30801010.952381
30616068.095238
29524381.904762
32366598.095238
29343292.857143
29756374.761905
31207529.523810
31648915.238095
29248810.000000
30005665.238095
31191629.047619
31056887.142857
31651007.619048
31768209.523810
29448756.666667
31975259.047619
29371018.571429
29250819.047619
31772907.142857
31283659.047619
32222979.047619
30167559.523810
31729666.666667
31785555.238095
30782223.333333
