1954
881
1056
647
697
888
979
735
589
1037
575
842
1123
1023
589
847
707
324453
78702
1119
8754
37721
299355
856
85397
730
1086
397870
1234
7879
946
654
328813
39385
1217
42882
1223
255374
3968
785
112383
1278
301847
892
68773
1194
659
365667
1200
1094
3093
759
314981
794
65193
1221
914
219601
875
125985
942
1027
242546
1234
83650
1194
10345
242685
922
9374
137278
920
234665
789
88634
44309
1199
278804
1216
18468
933
623
269508
918
22745
101718
2219
218299
1208
25246
98635
1170
338535
908
1082
896
685
347269
1205
647
40971
927
268932
864
750
928
884
299827
755
6074
161965
1218
238598
1209
764
102404
916
279920
926
1059
168341
796
188066
934
1021
195519
1209
262633
1210
1016
61642
755
228188
940
1103
161843
1208
243942
1234
757
144164
1034
293493
1044
1139
1065
607
428779
1211
652
37562
933
356223
808
1236
1068
890
308188
888
1086
6371
1218
372120
1263
744
1022
614
384401
960
1086
1010
603
366507
932
1340
3272
1072
352307
1228
1041
755
612
318137
802
1040
632
845
353186
1255
639
1004
998
391026
1186
1111
916
685
333464
1222
631
849
983
379324
806
742
1076
1045
354549
904
1272
640
993
468297
1306
630
1030
722
431861
814
1033
886
1074
387782
794
1015
630
1044
475706
1341
1041
742
611
325876
809
1036
967
1029
341573
1255
748
1026
867
464974
895
1085
1034
610
391810
1248
648
869
751
393041
813
794
1042
1043
306282
1019
1114
945
994
394477
1214
747
1048
601
434137
829
1849
1038
614
335000
804
1504
752
987
364395
1235
1057
761
602
323538
820
1022
610
1474
387560
1229
756
1025
881
405682
1257
1273
1018
630
300199
1227
747
1024
602
391408
815
785
1057
1226
341173
1165
1098
634
974
419366
1238
647
1030
744
411956
802
1034
1198
621
407832
815
1065
780
1041
454290
1228
1037
616
592
261617
913
1041
621
1546
339991
1219
772
999
996
385314
901
1079
901
703
399609
1570
665
1713
634
363337
795
867
1062
892
300137
955
1088
625
1006
418081
1246
627
1764
624
337840
808
1228
1032
996
394427
800
1037
773
1014
420222
1212
1023
741
589
276428
816
1033
991
1004
383717
1249
637
1031
1020
393140
900
1079
1029
611
299936
1226
779
1017
735
337828
972
755
1220
1066
269650
1166
1293
644
982
352021
1220
639
1000
749
359669
812
1075
1050
615
347601
810
1688
749
985
413253
1230
1043
753
608
265304
930
1039
610
1480
375593
1209
744
1004
1000
390826
914
1098
1018
613
340986
1841
816
1039
732
346763
1011
651
1063
1010
294636
1064
1112
724
1044
374897
1221
772
1006
604
350665
961
1060
1210
623
390615
809
1282
757
1035
424401
1235
1029
611
1122
303626
1289
1202
616
1035
408715
1254
777
1012
1009
449661
906
1105
915
689
289711
1892
660
985
754
376764
828
744
1051
1017
313557
920
1068
628
980
465947
1283
784
1051
621
426876
804
1252
1050
612
342786
942
1053
880
1013
401182
1468
1036
644
941
261988
823
1047
941
1043
311568
1260
759
1022
908
423853
910
1088
1046
596
333657
1220
769
1016
604
381647
814
748
1216
1083
302165
912
1387
659
1004
383854
1642
1063
1022
605
350850
796
1244
1051
607
437253
778
1016
746
1258
468649
1218
1031
766
636
326262
796
1023
612
1071
401264
1236
635
1063
1008
409481
1004
1095
1022
603
418271
1246
780
1204
713
415487
1112
1049
1039
1036
269102
843
1131
658
1006
381160
1650
777
1032
609
370878
799
1078
1032
614
425901
807
1109
797
1002
472076
1220
1038
750
588
300741
794
1020
614
1213
281900
1258
768
1025
1024
418618
876
1071
1042
600
379223
1225
762
1031
713
377698
804
741
1034
1018
272163
892
1305
620
992
352399
1647
665
1604
717
327654
807
1045
1039
616
359360
807
1603
747
1012
436628
1785
1083
634
828
303993
791
1047
628
1029
357323
1243
744
1046
1008
363944
899
1072
920
692
314190
1445
635
970
738
289095
798
740
1024
1027
318406
775
1176
828
995
414068
1571
792
1052
719
377478
979
1171
1017
719
343433
815
1096
780
1016
430143
1246
1030
748
598
235889
806
1031
607
846
402334
1253
626
1393
997
434343
919
1075
932
686
312421
1263
646
1198
726
303662
832
748
1237
1047
241207
1329
1107
765
1028
386921
1300
796
1025
732
357712
978
1252
1033
610
335368
802
1053
761
1015
409721
1240
1049
631
988
300325
829
1038
902
1011
426296
1273
774
1049
930
375434
913
1091
906
687
330967
1223
633
1037
734
342487
816
743
1259
1036
310516
912
1116
943
1027
337739
1251
763
1027
602
327043
819
1074
1021
599
355197
806
1103
760
1047
360338
1268
1034
736
607
292441
817
1024
605
977
396791
1225
627
1363
998
466737
897
1095
917
687
289073
1847
663
1014
723
338535
1285
665
909
3499
331306
1125
1314
618
991
410073
1242
642
873
783
387731
911
1069
892
740
409329
1031
1064
992
3530
404343
1799
1283
644
687
270657
797
1368
762
1016
350264
1226
753
1015
989
437852
929
1080
903
685
381036
1213
638
1219
779
374796
804
739
1564
1098
335613
1004
1126
720
1030
402121
1234
763
1015
601
381021
939
1060
980
616
378427
787
1221
1111
2161
475614
1233
1032
634
675
291464
948
1056
732
1022
378256
1515
670
1052
996
414616
910
1307
918
693
324913
1246
626
1012
737
347077
817
765
1261
1037
290922
944
1083
727
960
374681
1228
632
1082
741
372056
815
1047
1010
746
301957
854
1195
750
1005
445565
1232
1045
754
593
315099
790
1045
617
869
381198
1249
650
1392
1008
422494
898
1085
913
702
301146
1255
644
841
1015
416283
796
738
906
99762
238799
773
1126
696
60546
298044
1259
795
1029
149154
244908
807
1040
1233
128868
226901
809
1032
799
67910
359886
1248
1023
641
59100
287008
976
1040
622
58416
297710
1239
752
1050
71573
346315
890
1101
1030
36138
284071
1238
630
863
80795
256496
803
734
906
143430
149334
769
1116
925
138722
191614
1229
25960
1238
171130
110666
955
1051
1035
219706
121539
931
8555
931
133198
203239
1238
1029
624
190810
74837
943
5311
660
237049
116689
1215
34621
1227
206262
80906
933
57737
1177
158438
142134
1237
641
1433
235412
120802
937
92075
1231
229291
934
625
139487
933
117009
30674
1226
174409
1219
151060
1228
760
130612
1188
224601
1216
749
180032
914
112092
61692
1214
148417
1926
214080
1225
626
76879
923
177082
928
1019
147459
1219
238650
9439
921
162500
1185
146606
749
1095
114218
1220
230307
1199
756
168166
1215
302280
930
635
89356
928
248065
934
1075
116060
1200
313812
1402
774
1038
994
338811
1227
773
49429
928
266537
977
1064
115345
945
285569
1234
764
1020
611
310026
935
1039
57543
1220
324790
795
772
141481
1053
212984
892
1066
71769
1188
259816
1201
768
90906
1231
298425
922
634
20465
934
218316
926
1048
77701
1231
297884
1232
763
1008
1017
359957
1219
773
77760
919
214670
921
1039
136279
939
307720
1586
772
1058
709
306380
785
1020
61553
1219
328328
803
938
81891
1163
265901
898
1102
11350
1232
368725
1243
770
91733
1204
264624
913
633
65768
922
246272
782
1015
136448
1234
345517
1605
795
1509
1039
380459
1210
770
51616
794
297932
922
1024
64930
933
407378
1269
643
1022
741
289162
814
1097
834
995
373660
809
1535
1028
896
390999
949
1102
755
1008
366084
1237
772
730
1020
441890
814
1564
1064
634
290376
800
1089
1138
1005
405678
1271
638
873
1030
344611
1377
759
1005
618
261418
807
1317
1018
616
451939
1219
655
1023
739
236943
788
1108
959
1030
330619
805
1323
1054
913
344657
919
1277
777
1009
328924
1219
761
605
1019
374935
822
750
1185
760
308471
966
1037
723
1029
412541
1258
754
1032
1002
344173
1261
774
1020
601
332173
801
1777
1037
607
461456
1241
638
988
618
316784
806
1050
615
1163
345300
964
938
1019
1014
350645
816
1140
726
1020
456319
1253
764
713
994
487151
960
614
994
762
306816
863
1026
620
1409
395977
1250
757
1022
1001
380117
1326
947
1040
595
362918
796
1036
1097
724
504249
1259
630
1032
609
306386
809
1110
758
1009
408128
982
845
1254
913
398931
776
1061
761
2692
375751
1211
777
902
1016
456902
973
940
1033
599
359323
956
1047
875
1020
438891
1208
753
1019
970
362857
1213
762
1028
609
303338
842
1053
1020
978
377858
1270
758
1030
608
331628
1193
1068
734
1031
410609
810
770
1113
999
406146
1265
1093
608
904
342010
1274
764
732
997
407945
805
736
1067
762
304544
797
1102
609
1047
484966
1853
688
974
1049
422798
1856
819
1018
617
367487
861
1095
1027
628
433703
1392
1112
1029
602
340814
810
1053
766
1047
420084
964
1021
1009
1036
435933
1294
1101
633
982
426558
1230
648
694
1056
459610
974
646
1026
600
345092
806
1056
625
1032
487382
2166
826
1035
989
407838
1234
876
1529
633
344196
965
1239
901
745
494819
1260
654
1417
746
315356
796
1028
768
1043
407077
799
792
1057
1036
391732
1223
1130
627
997
345610
1229
662
573
1475
400567
984
753
1235
610
231980
885
1052
764
1007
447580
1224
748
1020
897
330382
1250
743
1030
613
323966
795
1029
1038
741
377335
1250
648
1410
602
296608
820
1095
759
993
399663
809
1046
1058
1035
355800
1205
1231
623
954
401722
1365
707
793
1050
432771
804
733
1041
747
288474
793
1111
963
1021
381864
1222
744
996
984
322140
1308
787
1021
619
290240
829
1087
1196
843
390365
1218
634
1465
627
302090
809
1265
632
1030
353320
814
777
1238
912
413164
1125
1247
615
953
332974
1203
634
575
1231
365904
958
636
1053
605
266065
800
1019
599
1023
428228
1224
760
1005
900
328544
1213
769
1026
602
297867
964
1080
997
608
400193
1347
691
1030
951
257359
796
1154
727
986
304879
972
760
1083
1028
383649
1204
1137
626
984
383258
1241
656
578
1468
393868
965
756
1056
658
258835
948
1063
995
1064
411527
1235
762
997
933
371794
1232
769
1030
616
299563
987
1065
1020
616
386575
1259
653
1057
610
311126
964
1234
626
990
398424
812
740
1165
1193
385866
1069
1078
625
984
375541
1240
674
574
1102
408845
973
755
1047
614
316832
959
1030
731
1037
458438
1228
775
1016
991
304059
1237
777
1048
619
268018
799
1074
884
584
443032
1221
643
1428
606
291525
814
1161
774
996
374756
962
754
1045
1019
362024
944
1157
743
1018
376239
1218
753
614
1392
493287
816
751
1034
745
248974
924
1050
953
1012
385517
1718
800
1019
1015
422314
1223
748
1011
587
301624
822
1769
1032
605
455168
1228
622
1460
737
300530
958
1061
937
1018
371624
965
928
1063
895
360129
1161
1091
626
983
398001
1234
662
564
1530
342597
966
779
1026
630
295624
788
1286
760
1020
382662
1651
784
1226
1018
317911
1234
761
1019
606
256574
813
1074
886
593
473031
1249
638
1628
720
280384
799
1042
759
1391
365489
963
745
1037
897
347011
930
1459
697
982
366739
1234
651
691
1019
375463
979
638
1058
601
272477
800
1035
625
1017
356479
1222
625
1433
1015
311042
1670
783
1022
599
306961
782
1700
1054
631
382253
1724
764
1012
602
249396
795
1039
824
1030
425574
955
923
1069
874
408001
921
3687
680
971
383391
1223
650
563
1035
370022
977
759
1050
622
280716
993
1080
726
1041
482361
1258
756
1014
1029
341079
1219
784
1023
596
249607
791
1070
1031
600
459589
1252
643
1039
760
324946
800
1028
871
1015
422516
1195
909
1045
892
349208
953
1304
679
1005
356665
1272
655
865
1027
444562
867
731
1066
751
333452
833
1095
863
1045
468444
1227
751
1047
998
405784
1281
750
1031
621
356218
849
1092
1075
622
484689
1232
781
1019
618
318132
810
1033
767
1042
396145
1103
1001
1074
911
379461
1095
1084
773
981
330443
1229
647
873
1025
376720
817
739
1140
743
233933
959
1167
623
1093
388647
1284
761
1038
987
367499
1221
748
1016
596
329478
808
1705
1047
608
459373
1260
623
1022
622
326595
803
1095
769
995
388874
964
728
1007
894
395207
1197
1096
637
973
355916
1236
660
682
1035
377466
799
972
1037
624
335112
802
1064
614
1184
486755
1277
766
1006
897
340730
1245
757
1019
613
315471
802
1066
1031
730
412780
1248
784
1042
729
246129
960
1234
631
1000
328886
951
729
1037
914
346479
915
1302
650
976
348738
1216
642
561
1008
450374
965
757
1040
615
276691
946
1069
626
1003
459400
1220
754
1036
999
375064
1225
629
1034
721
336354
801
1032
1197
762
425721
1651
773
991
629
272315
958
1236
635
997
346662
817
784
1241
1062
365366
826
1106
767
993
388020
1753
717
697
1037
371866
964
757
1028
619
295386
810
1054
628
1014
385386
1222
625
862
1016
282388
1249
769
1025
602
274123
810
1735
1068
613
419630
1146
698
966
566
318910
893
981
572
903
365369
765
690
861
1124
300174
939
1170
1021
987
415730
1253
747
712
999
414537
1072
1136
1061
756
305871
795
1034
760
1018
462273
1269
642
1016
989
330822
1231
749
1024
605
236807
802
1022
1152
752
426384
1598
668
1039
617
302962
798
1168
729
1032
375071
841
801
1028
1203
425715
951
1083
628
970
398158
1520
668
692
1048
379650
820
969
1047
741
305979
1105
1075
623
1021
415387
1246
748
989
983
318669
1242
666
1044
740
293887
924
1028
1038
1637
443536
1244
757
1003
719
296673
812
1063
746
1046
391615
976
937
1028
924
360509
1373
1114
621
974
384571
1229
652
568
1716
403292
960
932
1049
598
298617
795
1047
769
1017
414359
1520
762
1005
990
391145
1236
646
1026
620
313170
779
1043
1039
611
483499
1218
746
1051
613
295215
934
1076
716
1022
429253
963
915
1443
995
374023
1117
1093
624
948
391296
1205
638
556
1271
348093
848
623
1060
905
215564
808
1032
605
1012
361993
1237
646
1175
1022
374428
1261
783
1025
609
336596
795
1065
1044
618
425751
1225
618
1021
727
320806
941
1037
630
1017
382597
819
862
1048
906
354994
1207
1095
623
967
388996
1199
756
722
1009
432197
965
776
1044
617
322125
812
1024
807
1043
434168
1238
751
1024
985
392357
1285
768
1035
618
313459
949
1486
1232
755
461854
1246
628
1013
627
253238
793
1088
622
1027
321379
810
745
1102
1054
312972
1141
1087
643
954
393805
1240
789
768
1028
418823
950
749
1049
624
270981
799
1091
746
1022
406967
1400
964
1124
1013
320415
1222
1132
1048
620
301563
813
1099
1044
601
457308
1226
640
1043
734
280314
884
1146
627
1583
340578
816
763
1060
1012
377815
957
1091
763
975
388736
1232
648
582
1329
408756
956
750
1038
628
281789
806
1264
768
1013
444083
1227
758
1015
1026
383158
1235
644
1026
610
339106
962
1057
1029
643
384790
1262
751
1039
610
239848
803
1330
758
1001
315697
805
732
1043
1025
339556
946
1311
650
984
385351
1210
651
574
1501
434381
805
784
1046
616
259173
786
1032
629
1037
443675
1244
764
1035
990
295021
1231
642
1044
609
275486
943
1075
1016
622
415231
1239
758
1021
634
285901
973
1318
612
1029
365534
956
733
1040
1033
334262
942
1066
629
953
318629
1257
798
622
1010
327483
819
762
1043
732
278066
799
1022
617
1288
492954
1260
753
1024
915
329252
1673
807
1026
717
312131
1104
1580
1031
743
414751
1474
789
1023
712
294600
888
1054
760
1045
378324
962
984
1047
887
391631
1019
1100
626
963
368562
1222
638
564
1151
411314
1006
748
1014
756
308858
803
1052
757
1000
510459
1250
774
1100
893
370065
1713
818
1012
732
246174
788
1029
1038
731
418629
1248
760
1052
599
296460
969
1083
725
1000
353777
791
797
1034
1202
321434
935
1121
636
979
309598
1222
637
812
1015
447833
832
749
1063
1331
242160
955
1068
609
952
442300
1237
627
1145
1036
338619
1406
931
1048
610
309900
809
1057
1166
740
415405
1464
670
1031
611
301879
820
1034
620
1484
371197
956
738
1047
1016
394542
1162
1103
628
880
385945
1227
769
834
1001
442505
815
1318
1066
744
335283
816
1101
605
1021
402981
1264
779
1014
1008
397479
1270
961
1044
617
264090
865
1235
1039
737
427119
1698
691
1044
771
282636
803
1043
621
1280
364565
944
995
1013
1012
354356
864
1130
743
1034
281127
1250
771
745
1014
354304
1467
862
1050
901
230122
783
1018
612
1264
335856
1366
1030
1025
988
353999
1251
669
1043
602
321006
807
1080
1225
624
397765
1232
997
1628
650
300365
1164
1081
610
1428
307799
1291
838
1058
1053
288133
1029
1106
854
984
383399
1245
784
864
1004
416579
811
762
885
1077
238125
791
1014
742
1022
420076
1221
764
1143
999
356796
1276
781
1008
592
293120
832
1043
911
1218
413956
1327
644
1190
1113
301592
964
1063
725
1004
390113
801
1055
1021
883
372754
969
1204
1092
1036
378402
1261
641
595
1024
408405
974
624
1056
869
242813
796
1092
622
1628
389916
1263
769
1041
893
348634
1229
765
1022
610
257292
806
1072
1031
727
420795
1225
749
1015
603
297009
804
1045
754
1042
403910
813
1003
1044
1036
382228
951
1119
628
965
401540
1238
652
560
1763
475510
817
758
1060
731
278127
802
1511
947
1039
378933
1419
749
1026
1031
301631
1300
771
1021
708
254463
806
1039
1059
636
364624
1241
643
1268
751
252069
816
1065
822
1030
298258
1302
774
1050
877
352018
1363
1094
723
985
406422
1260
638
677
1019
409035
821
816
1050
681
272264
993
1070
734
1020
404174
1248
626
1475
1001
324406
1490
939
1127
605
245608
796
1062
1045
620
412383
1230
759
1028
602
313504
821
1102
839
1032
356984
794
1489
1057
900
357366
952
1089
629
982
337476
1324
650
576
1579
445505
972
651
1070
627
299663
960
1056
628
838
399285
1251
641
1379
1025
337394
1247
757
1031
602
247522
797
1053
1054
618
422423
1248
756
1046
607
316858
1074
1258
746
1017
367741
1009
729
1033
1039
397469
818
1424
940
993
330561
1234
768
713
1010
380757
824
848
1052
611
261602
778
1029
736
1047
422336
1597
660
1024
878
319393
1231
751
1018
602
258867
801
1053
887
592
384931
1238
767
1059
720
242305
1196
1074
612
1051
354188
817
843
1069
918
312925
948
1308
628
967
352862
1246
644
677
1054
410631
1275
1127
1056
960
268479
944
1076
730
1012
388506
1234
635
1070
1043
350551
1229
762
1025
615
330904
946
1188
1012
620
446301
1223
644
1188
732
320011
826
1217
976
1012
365723
1040
732
1007
1168
358500
951
1085
620
973
377187
1229
632
689
1034
438272
819
944
1091
634
300641
982
1039
811
977
461332
1253
766
1028
1008
403414
1249
770
1023
602
261656
835
1039
1014
982
384285
1243
912
1034
1905
276969
814
1597
746
1010
350433
807
788
1042
903
373191
1156
1307
631
967
373345
1224
637
798
1053
368570
807
756
1230
864
246318
824
1305
740
1011
375412
1249
638
1040
1021
361814
1251
767
1000
606
320432
803
1026
1043
740
390798
1254
632
1064
762
305126
828
1104
779
1002
388780
816
768
1037
907
340580
1294
1104
626
982
282347
1608
684
694
1036
421307
958
637
1048
611
310461
808
1059
970
1021
396812
1251
639
1041
1011
328241
1704
802
994
614
300140
793
1024
1018
739
388333
1222
633
1024
709
282471
835
1089
613
1025
301902
1018
941
1104
1219
295597
1268
1096
643
962
309850
1218
644
803
1039
358139
830
737
1097
625
274828
973
1072
737
985
409218
1232
744
1010
1008
379219
1260
764
1025
711
307691
1092
1064
896
579
370508
1678
670
992
611
289562
812
1087
617
1020
366492
827
1429
1041
894
378555
1316
1106
634
971
338226
1246
654
679
1022
398818
1091
754
1367
787
266290
793
1264
823
2284
361157
1222
750
1032
902
282485
1377
680
1044
661
282383
805
1042
892
1298
422736
1555
808
1003
602
317251
820
1094
933
1050
380706
969
964
1048
892
376876
1207
1092
614
910
325578
1239
774
708
993
319666
815
737
1151
740
235798
823
1113
842
998
401024
1522
771
1009
1002
352440
1254
780
1006
614
329381
808
1739
1029
619
408718
1291
749
1031
616
292455
807
1101
736
1037
382124
1352
805
1052
887
279302
1226
1106
910
1004
363743
1234
646
588
1034
434204
801
732
1165
629
321360
814
1092
772
1019
440102
1248
763
1036
979
408337
1757
1034
1015
609
227121
813
1059
912
1404
474811
1261
772
1002
626
350196
798
1424
958
1042
363184
819
779
1109
1006
423944
1310
1092
636
974
337450
1249
674
572
1751
419492
814
767
1036
610
242363
802
1054
932
1048
414574
1222
763
1008
991
345372
1246
766
1015
618
254702
806
1044
902
1034
417601
1258
651
985
601
289395
1519
1089
608
877
293835
838
1498
1051
915
371986
891
1463
1048
1015
331885
1255
740
719
1058
394048
1068
1066
1062
602
289953
813
1564
769
1007
446231
1239
756
1041
991
293687
1258
776
1024
1541
242367
839
1078
1020
760
341532
1242
652
1225
712
240773
962
1042
617
1006
313186
813
740
929
1023
390452
1054
1087
641
968
313224
1206
647
714
1004
386419
797
817
1047
627
303667
1009
1087
613
1027
344302
1217
752
1015
1014
368233
1236
763
1043
598
279033
795
1095
1027
604
435752
1201
765
1018
614
283590
789
1073
758
995
423998
978
755
1031
906
385333
937
1082
627
898
345398
1468
772
600
981
458357
965
945
1056
604
285583
804
1478
738
1012
401275
1242
766
1015
997
381847
1245
634
1031
603
295160
921
1048
892
782
411916
1261
644
1099
598
353685
961
1614
621
1021
342859
805
963
1045
896
328430
1240
1112
753
997
339687
1247
777
612
1025
455094
824
770
1042
755
292184
822
1045
771
1025
405212
1669
798
1029
881
290326
1259
763
1028
604
275840
802
1549
1035
748
484883
1416
776
996
602
316573
811
1626
762
1008
385274
979
936
1038
999
516554
929
1074
723
1032
427201
1235
666
575
1037
511241
964
750
1067
630
312380
962
1059
740
1019
511464
1307
764
1031
1011
409508
1257
877
1032
601
303085
812
1071
1051
739
436017
1391
776
1038
598
316923
966
1080
750
994
365556
824
735
1036
1019
423487
1141
1300
631
964
399740
1230
639
705
1065
357181
959
625
1065
630
321257
805
1032
774
1016
470444
1949
998
1050
910
301241
1247
776
1032
599
317420
818
1061
1057
738
398962
1260
649
1032
734
278958
820
1036
747
988
346206
939
783
1020
916
423307
936
1307
630
988
388108
1663
683
705
1021
410045
985
747
1042
607
273216
790
1067
626
1027
448346
1257
753
1054
1004
404556
1705
772
1063
602
388770
795
1281
1049
614
499700
1454
751
1029
621
303937
855
1059
958
1053
487554
967
901
1049
1021
398195
1081
1082
616
1002
376211
1290
661
720
1027
414896
994
768
1248
638
242334
965
1222
727
1021
504573
1334
653
1032
1025
312891
1244
765
1029
611
311606
801
1057
1029
765
447873
1399
647
1062
601
263295
980
1226
617
1437
309831
974
740
1009
926
312016
977
1093
626
1001
302722
1255
647
565
994
381829
978
1390
1074
763
267749
1502
1077
617
1023
452468
1562
662
1508
1630
355051
1246
759
1038
606
239188
792
1079
1063
624
467584
1342
647
856
595
318009
801
1026
617
1486
363001
816
780
1056
929
346922
1243
1314
643
968
354824
1284
652
566
1043
434644
977
759
1061
631
279518
817
1687
890
1069
419989
1245
800
1020
1021
309001
1245
773
1035
613
295853
823
1062
1035
787
427036
1254
646
1031
736
259031
960
1256
746
1013
397994
985
759
1188
994
292933
1168
1299
612
975
293130
1250
658
576
982
379595
1167
620
1284
751
250331
794
1056
614
1480
468850
1258
780
1027
1022
377081
1237
762
1032
715
253934
806
1040
1100
728
373352
1240
641
1225
604
231570
821
1098
933
1051
311481
804
796
1024
888
312322
1163
1300
645
978
344372
1471
781
750
1005
364556
996
859
1240
632
254068
1357
1077
624
863
416525
1262
644
1482
3014
321141
1536
657
1025
612
256436
789
1050
1040
827
359051
1643
662
847
1070
270787
799
1039
619
1100
355582
828
825
1459
918
328963
1154
1118
637
996
399275
1228
663
687
1023
469432
827
796
1079
599
328962
1003
1047
723
1039
488072
1259
634
1027
1001
405143
1254
770
1011
601
313098
791
1073
1051
722
412287
1254
649
1320
716
244042
800
1030
617
1360
375118
983
916
1027
996
427372
923
1137
730
1381
386552
1250
778
713
1002
408376
835
776
1063
804
287000
821
1699
748
1009
452002
1232
644
1024
1025
340741
1364
790
1000
617
268788
989
1037
892
1336
397954
1226
650
1021
756
269343
785
1076
734
1253
350116
804
994
1611
1085
320340
943
1299
622
992
335220
1262
652
691
1059
376064
1024
927
1026
637
281727
808
1175
975
1069
408070
1266
778
1002
1008
360977
1211
754
986
724
327062
804
1058
885
954
497730
1260
648
1022
616
337496
1001
1065
619
887
434122
956
736
1049
903
376803
1107
1079
607
1083
377757
1795
668
1315
1027
365421
977
924
1040
600
242705
806
1066
749
1041
385634
1253
759
1036
1000
303802
1374
765
996
608
274851
859
1417
1419
761
431755
1265
766
1034
600
221751
819
1079
621
1018
354220
787
768
1057
1012
391732
1192
1109
633
967
379504
1245
644
913
1040
426289
834
747
913
1210
321883
873
1468
638
1022
382734
1277
649
1065
992
318720
1267
785
1026
601
284659
802
1079
1030
620
443211
1277
767
1026
598
263666
808
1088
758
988
379709
821
753
910
1012
305961
1003
1293
696
998
367276
1237
669
673
1020
411992
970
761
1269
640
303571
799
1062
638
1003
442417
1223
642
1010
1008
333045
1271
789
1008
620
284109
792
1031
1030
745
424526
1248
646
1026
719
309816
815
1056
982
1059
314099
960
766
1058
1106
352482
953
1289
637
997
386324
1224
648
594
1030
423629
1122
727
1008
774
317845
1238
1660
659
1606
413214
1258
782
1030
1002
377171
1367
767
1015
610
311786
974
1319
921
576
432456
1289
653
1029
609
321236
819
1120
944
1017
396128
805
760
1028
1207
413963
1273
1128
632
981
301167
1251
639
703
897
374516
965
635
1045
607
318436
818
1037
625
1012
429738
1315
784
1201
1008
371164
1244
778
1059
614
283437
830
1047
1043
742
361202
1244
653
1169
713
229444
808
1053
742
1019
365476
983
753
1051
909
389321
964
1096
746
1031
368572
1246
771
599
1029
406122
974
644
987
601
298212
806
1037
606
1027
487518
1221
635
1033
1007
337535
1264
780
1002
614
254248
804
1026
1037
743
445558
1235
630
1089
608
240264
799
1379
763
1038
310702
973
1557
1109
997
387470
930
1085
623
916
365490
1445
774
741
1020
405967
814
739
1049
758
300677
948
1046
756
1016
405331
1586
654
1018
880
319065
1677
806
1039
615
320169
801
1021
1020
748
453567
1254
632
1034
596
280221
798
1026
764
1003
365103
818
1515
1031
918
386718
1027
1252
617
968
308956
1248
657
561
1496
426253
940
632
1027
614
266463
797
1012
857
998
406995
1238
654
1029
990
337613
1231
754
1032
607
294007
821
1084
1096
729
372526
1676
1192
1059
630
286562
819
1067
628
1034
350655
952
772
1006
1018
375062
909
1269
740
1012
377786
1253
784
722
1022
357033
968
631
1060
708
275853
999
1024
607
860
433937
1572
651
857
1019
290208
1166
694
956
558
245583
808
1037
1260
765
397268
1456
823
850
1441
270289
809
1050
605
1417
305825
980
971
1248
1017
316003
1065
1172
761
997
367828
1394
786
879
1040
459556
957
743
1039
736
289021
821
1056
759
1150
435911
1239
776
1033
989
405156
1250
787
1021
1134
318798
1346
1094
1208
633
380602
1320
666
873
1279
294791
816
1023
833
1210
374141
814
769
1048
894
342267
995
1283
781
998
395876
1220
780
609
1166
475139
823
764
1048
628
263634
805
1026
626
2583
353822
1224
626
1020
1005
371016
1604
821
1064
616
286191
796
1071
1019
741
430982
1610
662
1028
603
288373
819
1043
621
1611
400989
814
737
1055
1186
383773
1321
1097
628
967
375830
1270
652
746
1038
395952
971
742
1051
612
229330
806
1062
760
1032
381616
1240
625
1029
1018
318011
1255
770
1010
616
279771
805
1076
1030
628
430998
1160
599
1367
553
304559
861
1076
599
840
389499
992
757
887
1303
324036
1241
1098
740
972
336642
1251
771
769
990
400434
816
923
1051
737
285072
795
1372
732
1044
446712
1225
744
994
975
317027
1231
631
1026
724
321940
1633
1097
906
572
400352
1239
652
1017
738
294122
989
1027
609
1239
382365
980
760
1056
877
350540
1353
1101
622
981
348151
1288
642
563
1421
356368
1121
936
1082
605
284599
825
1049
881
1000
409133
1266
629
1045
993
320178
1257
775
1028
599
268517
1216
1441
1389
767
393690
1245
630
1270
606
253251
820
1295
728
1026
356205
1085
1308
1079
883
339135
1337
1110
631
956
321909
1262
654
706
1011
395240
970
765
1040
618
237562
805
1046
611
1527
401176
1290
633
1061
1014
363612
1516
1100
2560
647
299310
814
919
1091
612
438288
1666
660
1024
606
316141
969
1449
644
1034
405665
1264
841
1046
882
375280
801
1135
621
996
325213
1222
767
707
1009
365692
1215
1093
2588
751
308397
970
1062
739
1004
408791
1230
633
1574
1019
380248
1249
760
1009
614
257112
1679
1158
1006
617
378443
1237
644
1028
717
315517
956
1066
733
1035
402577
792
738
1262
1086
393502
1274
1290
631
979
354314
1234
647
678
1037
395652
971
629
1028
736
321906
801
1025
609
1209
404993
1238
759
1028
990
327140
1245
637
1034
730
302227
809
1443
1011
709
409091
1249
633
1019
803
269174
831
1055
923
1020
353868
946
759
4718
1030
387766
935
1294
743
991
357295
1261
673
935
1041
393240
1649
1055
1055
751
256523
805
1067
605
1041
468181
1290
638
1083
994
293094
1237
786
1023
595
247328
991
1057
1274
765
387898
1274
659
997
738
294361
805
1042
956
1033
348781
971
756
61531
1195
324486
917
1092
767
999
334336
1237
661
56468
1211
367166
982
701
1083
755
321296
939
1061
50055
1230
378244
1669
765
1039
1020
345625
1796
838
2604
659
342992
949
1229
48210
940
398654
1265
650
868
704
305476
959
1241
750
1034
346576
940
937
52029
1174
304458
1150
1117
938
914
372265
1219
781
24864
1215
432346
974
645
1061
615
309741
940
1044
19469
1226
359867
1276
645
1026
999
316796
1253
755
1027
608
319816
945
1049
55956
938
367570
1251
759
1031
608
280264
802
1323
12078
1219
303067
944
750
119973
1229
221766
903
1072
92403
1225
224741
1207
758
211742
1224
201783
796
742
178602
929
77995
796
1002
320704
1237
159198
1241
754
142927
1214
172503
1239
769
223534
932
56288
951
1048
280463
954
128993
1227
638
174209
1130
136823
942
1034
196613
1217
148418
964
752
284175
1178
90608
764
1090
234840
1197
120949
1210
750
271492
1220
117853
936
813
209198
922
112023
941
1053
182845
1212
148459
1216
754
65451
1200
274181
1218
751
128673
783
178200
932
1038
206959
919
246033
1213
643
55928
916
239913
Xput: 13835
