750941905.714286
825669622.380952
832467646.666667
843497861.904762
849738791.904762
850088690.000000
853015182.380952
854399371.428571
85291204.761905
163653342.857143
329655530.476190
358999799.523809
334118667.619048
378206083.809524
394540801.904762
393686105.238095
226618346.190476
142128352.857143
429319556.666667
437223673.333333
485246483.333333
559283156.666667
493967232.857143
442965571.904762
377705497.619048
372379623.809524
338296319.523809
348234741.904762
366862549.047619
376392952.380952
298178220.000000
326151367.142857
323177571.428571
329438709.047619
472220591.428571
580112542.380952
657493004.285714
587078899.523810
684018670.000000
685941595.714286
370876174.285714
369338950.000000
99521821.428571
104938583.333333
109293319.523810
373414934.285714
508367985.714286
504084927.142857
571331072.857143
598579343.809524
606561998.095238
398403041.904762
244062550.476190
293615493.809524
287807892.857143
296577762.380952
229187071.904762
233481409.047619
212785464.761905
207327270.000000
195983082.857143
452152953.333333
552744963.333333
733953960.952381
746399732.857143
752462632.857143
604295651.428571
746883579.047619
515799420.476190
190014546.666667
213248430.952381
615369292.857143
727207422.857143
870610644.761905
810788234.761905
862000830.000000
847027076.190476
861809511.904762
857596360.000000
92677715.714286
103304333.809524
123445810.000000
514118832.380952
711726062.380952
712212324.761905
738328769.523809
735224079.047619
739716926.190476
694433686.666667
179149100.000000
112138277.142857
623562404.285714
878899641.428571
748966542.857143
859968287.619048
869610797.619048
879284847.619048
943276901.904762
783660238.095238
129553727.619048
173721912.857143
170807804.761905
495127604.761905
602845218.571429
555482459.523810
558799431.904762
572308773.333333
585977831.428571
212094409.047619
182279524.761905
101691795.714286
108790179.523810
539769755.238095
663994725.238095
690763868.571429
715222815.238095
693415140.952381
500191596.666667
719033233.809524
183453995.714286
151271815.238095
687419619.047619
762722609.523809
917530375.714286
860449287.142857
411306461.428571
947335794.761905
975040689.047619
884522370.476190
147495532.380952
159127592.857143
677598526.666667
933391095.238095
961515060.000000
992010321.904762
1060167363.333333
1000216611.428571
996030531.428571
815710128.571429
96019355.714286
113069533.809524
220896334.761905
503258936.666667
645578120.476190
737695903.333333
729694048.571429
737408285.714286
731269500.952381
506045142.857143
150525914.285714
153157863.333333
108469540.952381
658386735.714286
635607481.904762
888370090.476190
675050635.714286
928997208.571429
938470250.000000
929481604.285714
888501500.000000
163028660.476190
170631910.000000
541543624.285714
555514982.857143
611914294.761905
672924424.761905
670360949.047619
675434659.047619
428701710.952381
419067108.095238
315203082.380952
308023524.285714
315885203.333333
504716080.000000
493807227.142857
502150511.428571
544359358.571429
505991864.285714
203164416.190476
196480692.380952
217492108.571429
452834886.190476
721463151.904762
736943040.000000
747042672.857143
523301053.333333
773578033.809524
780933040.000000
680256015.238095
105520552.857143
80147636.666667
87735401.904762
104443377.619048
420209093.809524
562153701.904762
655531815.238095
690810730.476190
683890672.857143
682898578.571429
462545028.571429
230454607.619048
89982984.285714
109949843.809524
85721765.238095
102834573.809524
458485078.095238
477167369.047619
658356661.904762
685476940.000000
451658568.571429
688149396.190476
700414810.476190
190069728.095238
138723538.095238
118068190.476190
488766655.238095
720595819.523810
783524531.904762
805960308.571429
792072060.952381
768043539.523809
532561354.285714
557951163.809524
105684241.428571
141172677.619048
118605411.904762
422114582.380952
548284041.904762
562067082.857143
582751998.095238
589884912.380952
594562585.714286
159225156.666667
220119496.190476
87835466.190476
94068499.047619
504842663.809524
661005746.190476
683173480.000000
742029388.095238
745341034.761905
741693302.380952
744223104.761905
407350031.904762
112229149.047619
77596177.619048
122643629.523810
629882997.619048
711498069.047619
697444735.238095
692142689.047619
700490160.000000
600965036.190476
415303357.619048
250586880.476190
154367180.476190
146286125.238095
587294673.809524
714185773.333333
828416208.095238
438680990.000000
811019461.428571
757590794.285714
761555648.095238
231621858.571429
126256640.000000
618923665.238095
730954158.095238
722294044.285714
848903038.095238
780308502.380952
797678952.380952
792008925.714286
793186844.285714
245229493.333333
275187689.047619
264624337.142857
318504998.095238
440080544.285714
552671186.190476
537985785.238095
567265280.952381
571513926.190476
226476943.333333
234772333.333333
85182778.095238
84276837.142857
602582005.238095
580532994.761905
750403052.380952
775902547.142857
860380821.428571
677511523.333333
883497937.142857
866343500.952381
149781154.761905
167845321.428571
182446482.857143
168229570.952381
622860116.190476
640855416.666667
682385844.761905
733773541.904762
682122712.380952
700245718.571429
292503974.285714
217092608.571429
134982138.571429
164579799.523810
525945973.809524
653870399.523810
677003243.809524
691648522.857143
689842502.857143
694362965.238095
469462623.333333
189613846.666667
143900544.285714
88518122.380952
596427870.000000
559359516.666667
770208168.095238
853139082.857143
852649295.238095
818060605.238095
789576192.380952
341878971.904762
155681196.666667
158342229.523810
89440196.666667
503549769.523809
495255162.380952
718189710.000000
708631947.142857
711219225.714286
694861463.809524
714090961.904762
192321501.904762
176030909.523810
182737988.571429
134593546.666667
373860044.761905
547781504.761905
557000829.047619
544694070.000000
563002980.476190
381929790.000000
362896871.904762
140617242.857143
84317742.857143
479370867.619048
445439314.285714
568221140.000000
557351781.428571
513079589.047619
535050974.285714
551475770.476190
503142678.571429
468653304.761905
577028840.952381
583826789.047619
650079460.952381
647738020.476190
475714864.761905
442565994.285714
439634495.714286
267765292.380952
307530590.952381
261068532.380952
91226262.857143
258656682.380952
309206191.428571
322682154.285714
346735692.380952
276190032.380952
306098359.523809
320998749.523809
260719425.714286
230117737.619048
251714363.809524
325454447.619048
326580407.142857
327334533.333333
208912065.238095
348177930.000000
343809391.428571
273972239.523809
230365330.952381
325287159.523809
366967414.285714
365406830.476190
372563433.809524
332780343.809524
343404643.809524
415181760.476190
365725848.095238
312594894.761905
449409120.000000
438772924.761905
468982696.190476
469773364.285714
184072181.904762
206326613.333333
196405761.428571
82265849.523810
500858906.666667
622240186.190476
695858228.571429
773498418.095238
784489625.238095
448233053.809524
785764103.809524
811758550.952381
89031822.857143
79727037.142857
79492544.761905
487672874.761905
539642512.857143
615186080.000000
732529985.238095
786691944.285714
464485345.714286
781702548.571429
771267770.000000
258666762.857143
264960161.904762
273614622.857143
227069476.190476
275667760.952381
372099992.857143
351478825.238095
351964231.428571
345867308.095238
429348036.190476
470445564.761905
402350832.380952
464710044.285714
355306625.714286
423351881.904762
431844691.428571
433967984.761905
273950611.904762
262590817.619048
300553883.333333
326540934.761905
118233226.666667
466234429.523809
556549789.047619
564925542.857143
576766370.000000
453976296.666667
361079705.238095
384547857.619048
245344825.238095
177219238.095238
395229260.952381
452804986.666667
454322972.857143
462697840.000000
359291285.238095
443858639.523809
396691375.238095
174662604.761905
252840394.285714
329229243.333333
401019200.952381
365977002.857143
257048898.571429
422376986.666667
428310416.666667
464831405.714286
467664771.428571
217185420.476190
296616586.666667
330290668.571429
352159249.523809
337033932.380952
493505535.714286
502409814.761905
499452344.761905
500541109.047619
298537787.619048
245502977.142857
249443050.000000
95024803.333333
632100470.000000
778524767.619048
745591955.238095
797705652.857143
798590201.904762
763535186.666667
806379296.190476
122331340.476190
89942117.142857
86908564.761905
532099259.047619
623800003.809524
628013831.904762
638053203.809524
560161992.380952
664628230.476190
668265256.190476
185467737.142857
211327366.190476
164283288.095238
600004970.000000
719654249.047619
830371288.571429
834183248.095238
841368894.761905
833506959.523809
730078081.428571
548320466.190476
101541740.952381
95085336.666667
603385873.809524
683436118.095238
742053646.190476
694622351.428571
700744020.476190
742835430.476190
743318240.000000
158661321.428571
224148594.285714
239257738.571429
238373599.523810
204401867.142857
363653923.809524
451365563.809524
503408836.666667
471292348.571429
509047588.571429
312555139.523809
250567238.095238
258198902.857143
98922776.666667
499644286.666667
540815262.857143
622831976.190476
666939732.857143
669213007.619048
524338442.380952
535999119.523809
171352859.523810
166172337.142857
175911265.714286
97168080.000000
552792510.000000
528907632.380952
734484281.428571
776667164.285714
771688287.142857
774586003.333333
332703790.952381
828751562.380952
187232058.571429
183263055.238095
102957418.095238
450284019.047619
606078017.619048
656015435.238095
646675425.238095
672920577.619048
486317802.380952
515842080.000000
142091383.333333
92678657.142857
89449018.095238
703370824.285714
793574276.190476
675863030.476190
739387603.809524
795485624.761905
793841924.761905
829036417.619048
129232937.619048
176860292.857143
175504826.190476
498603024.285714
630374063.809524
613084440.952381
612470400.000000
625637775.238095
707385309.047619
181112485.238095
205888770.000000
146027103.333333
534435739.523809
615252115.714286
678159594.285714
725993334.761905
739541949.523809
541573290.952381
610847319.047619
570874854.285714
124689076.666667
90567610.476190
88534779.047619
481713956.190476
536135369.523809
492472933.333333
665044084.285714
641873820.476190
644992962.380952
484704452.857143
105181737.142857
159779004.761905
182958114.285714
108669071.904762
430015037.142857
555948265.238095
619865310.476190
630204302.380952
635161149.047619
464066602.857143
483699912.380952
131852252.857143
104662837.142857
121103332.380952
518154451.904762
