0.996667
0.830000
0.840000
0.766667
0.780000
0.773333
0.800000
0.773333
0.240000
0.473333
0.326667
0.320000
0.273333
0.300000
0.296667
0.310000
0.550000
0.496667
0.623333
0.543333
0.543333
0.546667
0.570000
0.553333
0.526667
0.513333
0.513333
0.636667
0.533333
0.543333
0.526667
0.573333
0.543333
0.536667
0.523333
0.566667
0.630000
0.536667
0.566667
0.550000
0.560000
0.563333
0.520000
0.530000
0.543333
0.646667
0.546667
0.553333
0.560000
0.523333
0.533333
0.530000
0.556667
0.516667
0.643333
0.540000
0.553333
0.573333
0.520000
0.516667
0.560000
0.556667
0.530000
0.663333
0.563333
0.546667
0.566667
0.526667
0.520000
0.530000
0.510000
0.540000
0.643333
0.560000
0.520000
0.523333
0.563333
0.546667
0.520000
0.513333
0.516667
0.656667
0.553333
0.530000
0.526667
0.573333
0.550000
0.533333
0.550000
0.536667
0.653333
0.570000
0.520000
0.533333
0.540000
0.540000
0.543333
0.546667
0.546667
0.626667
0.560000
0.536667
0.546667
0.506667
0.543333
0.533333
0.553333
0.546667
0.633333
0.556667
0.573333
0.550000
0.520000
0.563333
0.570000
0.540000
0.553333
0.626667
0.536667
0.553333
0.513333
0.540000
0.563333
0.580000
0.513333
0.513333
0.623333
0.556667
0.536667
0.516667
0.526667
0.570000
0.583333
0.530000
0.510000
0.620000
0.546667
0.543333
0.563333
0.543333
0.556667
0.583333
0.520000
0.530000
0.623333
0.563333
0.543333
0.540000
0.540000
0.516667
0.543333
0.570000
0.563333
0.596667
0.560000
0.523333
0.550000
0.546667
0.520000
0.526667
0.580000
0.573333
0.610000
0.590000
0.556667
0.550000
0.553333
0.516667
0.516667
0.546667
0.536667
0.620000
0.593333
0.560000
0.523333
0.523333
0.520000
0.526667
0.523333
0.540000
0.600000
0.590000
0.553333
0.530000
0.546667
0.560000
0.520000
0.526667
0.560000
0.626667
0.573333
0.570000
0.520000
0.546667
0.543333
0.510000
0.536667
0.546667
0.640000
0.530000
0.560000
0.530000
0.566667
0.523333
0.516667
0.523333
0.550000
0.650000
0.523333
0.543333
0.560000
0.563333
0.540000
0.560000
0.556667
0.543333
0.673333
0.526667
0.536667
0.530000
0.516667
0.543333
0.553333
0.563333
0.513333
0.616667
0.563333
0.563333
0.516667
0.513333
0.526667
0.570000
0.556667
0.526667
0.636667
0.573333
0.560000
0.533333
0.550000
0.536667
0.560000
0.570000
0.513333
0.606667
0.540000
0.580000
0.550000
0.546667
0.540000
0.526667
0.533333
0.536667
0.623333
0.506667
0.583333
0.540000
0.553333
0.540000
0.526667
0.523333
0.573333
0.643333
0.520000
0.596667
0.576667
0.540000
0.546667
0.536667
0.513333
0.553333
0.613333
0.540000
0.590000
0.583333
0.513333
0.513333
0.533333
0.536667
0.540000
0.603333
0.526667
0.586667
0.586667
0.303333
0.253333
0.286667
0.273333
0.300000
0.373333
0.283333
0.300000
0.553333
0.536667
0.563333
0.500000
0.493333
0.553333
0.623333
0.546667
0.293333
0.323333
0.296667
0.336667
0.280000
0.290000
0.280000
0.383333
0.533333
0.530000
0.540000
0.550000
0.523333
0.523333
0.526667
0.563333
0.633333
0.543333
0.533333
0.563333
0.550000
0.536667
0.556667
0.546667
0.536667
0.660000
0.530000
0.560000
0.546667
0.523333
0.553333
0.556667
0.556667
0.526667
0.600000
0.523333
0.573333
0.526667
0.526667
0.536667
0.550000
0.550000
0.546667
0.630000
0.550000
0.550000
0.533333
0.556667
0.566667
0.536667
0.543333
0.536667
0.606667
0.556667
0.573333
0.546667
0.576667
0.586667
0.526667
0.510000
0.526667
0.606667
0.510000
0.560000
0.513333
0.573333
0.583333
0.543333
0.526667
0.563333
0.620000
0.513333
0.583333
0.536667
0.540000
0.576667
0.536667
0.553333
0.556667
0.613333
0.540000
0.570000
0.553333
0.520000
0.516667
0.543333
0.553333
0.513333
0.616667
0.530000
0.563333
0.550000
0.540000
0.516667
0.560000
0.556667
0.533333
0.636667
0.560000
0.553333
0.543333
0.523333
0.533333
0.543333
0.540000
0.546667
0.640000
0.566667
0.536667
0.526667
0.516667
0.540000
0.513333
0.526667
0.523333
0.640000
0.566667
0.550000
0.543333
0.550000
0.533333
0.526667
0.550000
0.550000
0.623333
0.560000
0.536667
0.563333
0.553333
0.530000
0.550000
0.553333
0.570000
0.623333
0.516667
0.530000
0.563333
0.513333
0.523333
0.530000
0.550000
0.563333
0.650000
0.543333
0.563333
0.546667
0.520000
0.553333
0.553333
0.536667
0.553333
0.626667
0.553333
0.560000
0.566667
0.543333
0.563333
0.563333
0.523333
0.510000
0.623333
0.543333
0.523333
0.563333
0.523333
0.570000
0.563333
0.543333
0.506667
0.620000
0.546667
0.536667
0.593333
0.550000
0.536667
0.560000
0.530000
0.540000
0.636667
0.526667
0.546667
0.583333
0.566667
0.520000
0.516667
0.523333
0.553333
0.606667
0.526667
0.533333
0.563333
0.556667
0.546667
0.533333
0.550000
0.533333
0.616667
0.553333
0.560000
0.560000
0.550000
0.526667
0.540000
0.556667
0.526667
0.620000
0.573333
0.576667
0.546667
0.526667
0.520000
0.533333
0.513333
0.520000
0.580000
0.573333
0.573333
0.546667
0.546667
0.556667
0.540000
0.520000
0.550000
0.606667
0.540000
0.563333
0.546667
0.570000
0.553333
0.540000
0.546667
0.543333
0.630000
0.520000
0.506667
0.550000
0.570000
0.513333
0.530000
0.543333
0.546667
0.626667
0.540000
0.506667
0.566667
0.563333
0.533333
0.560000
0.566667
0.540000
0.650000
0.526667
0.530000
0.546667
0.570000
0.546667
0.573333
0.570000
0.530000
0.603333
0.523333
0.540000
0.510000
0.566667
0.520000
0.570000
0.563333
0.550000
0.633333
0.556667
0.533333
0.520000
0.590000
0.550000
0.540000
0.560000
0.533333
0.620000
0.556667
0.530000
0.543333
0.583333
0.570000
0.523333
0.516667
0.523333
0.620000
0.526667
0.523333
0.520000
0.566667
0.570000
0.540000
0.533333
0.556667
0.620000
0.526667
0.556667
0.546667
0.556667
0.560000
0.530000
0.543333
0.556667
0.610000
0.543333
0.566667
0.566667
0.536667
0.536667
0.533333
0.536667
0.513333
0.610000
0.523333
0.570000
0.566667
0.543333
0.550000
0.560000
0.546667
0.533333
0.626667
0.550000
0.536667
0.560000
0.530000
0.573333
0.540000
0.526667
0.550000
0.616667
0.560000
0.520000
0.506667
0.526667
0.583333
0.513333
0.526667
0.536667
0.616667
0.550000
0.546667
0.520000
0.550000
0.560000
0.530000
0.553333
0.566667
0.613333
0.543333
0.526667
0.280000
0.550000
0.840000
0.786667
0.806667
0.820000
0.886667
0.806667
0.790000
0.510000
0.293333
0.326667
0.280000
0.310000
0.310000
0.373333
0.303333
0.300000
0.503333
0.536667
0.573333
0.543333
0.576667
0.573333
0.623333
0.513333
0.530000
0.536667
0.506667
0.563333
0.513333
0.576667
0.583333
0.650000
0.520000
0.573333
0.526667
0.526667
0.586667
0.533333
0.550000
0.586667
0.636667
0.533333
0.553333
0.506667
0.543333
0.563333
0.550000
0.516667
0.523333
0.650000
0.550000
0.526667
0.516667
0.533333
0.563333
0.550000
0.530000
0.533333
0.643333
0.553333
0.533333
0.563333
0.556667
0.563333
0.556667
0.523333
0.530000
0.630000
0.530000
0.536667
0.563333
0.550000
0.530000
0.533333
0.533333
0.550000
0.616667
0.530000
0.520000
0.573333
0.560000
0.533333
0.533333
0.560000
0.550000
0.626667
0.556667
0.556667
0.553333
0.560000
0.533333
0.543333
0.533333
0.523333
0.630000
0.546667
0.573333
0.520000
0.506667
0.536667
0.566667
0.506667
0.526667
0.606667
0.550000
0.566667
0.533333
0.533333
0.560000
0.556667
0.520000
0.556667
0.620000
0.546667
0.570000
0.530000
0.530000
0.553333
0.560000
0.536667
0.560000
0.620000
0.526667
0.510000
0.543333
0.546667
0.530000
0.560000
0.523333
0.573333
0.633333
0.533333
0.500000
0.576667
0.546667
0.540000
0.593333
0.556667
0.550000
0.666667
0.540000
0.526667
0.530000
0.523333
0.540000
0.566667
0.566667
0.513333
0.613333
0.550000
0.550000
0.516667
0.523333
0.533333
0.563333
0.563333
0.533333
0.636667
0.566667
0.560000
0.526667
0.556667
0.556667
0.560000
0.570000
0.530000
0.590000
0.536667
0.526667
0.543333
0.566667
0.563333
0.530000
0.530000
0.540000
0.616667
0.506667
0.533333
0.513333
0.576667
0.570000
0.533333
0.543333
0.566667
0.623333
0.526667
0.560000
0.543333
0.550000
0.566667
0.536667
0.553333
0.556667
0.610000
0.546667
0.540000
0.550000
0.516667
0.503333
0.550000
0.570000
0.533333
0.606667
0.543333
0.546667
0.556667
0.530000
0.506667
0.576667
0.566667
0.533333
0.636667
0.563333
0.550000
0.563333
0.523333
0.516667
0.530000
0.566667
0.536667
0.630000
0.553333
0.523333
0.526667
0.533333
0.543333
0.513333
0.566667
0.520000
0.643333
0.563333
0.533333
0.533333
0.560000
0.550000
0.526667
0.586667
0.556667
0.623333
0.566667
0.533333
0.540000
0.533333
0.523333
0.546667
0.570000
0.573333
0.606667
0.516667
0.536667
0.556667
0.513333
0.526667
0.523333
0.566667
0.566667
0.643333
0.536667
0.560000
0.546667
0.530000
0.556667
0.543333
0.563333
0.570000
0.626667
0.526667
0.553333
0.520000
0.540000
0.560000
0.546667
0.533333
0.526667
0.633333
0.543333
0.526667
0.520000
