1168
586
669
478
476
629
631
463
449
647
454
609
460
628
443
636
28208
194716
205205
181601
249088
216975
184102
219545
200856
218642
181082
245714
180944
255895
186551
199939
180266
251357
186241
259198
181188
163368
249319
192628
318021
195504
252432
190794
208236
187354
226418
256310
225493
192457
203531
191403
261630
193691
255941
196944
262869
140281
223113
258965
222145
194189
229074
205941
227587
191981
262300
225501
265792
191481
203615
222551
188860
223173
254977
229721
136259
256778
190106
251690
187042
261727
185943
204696
191141
258308
189978
222745
263361
143280
261903
185318
259526
189248
258335
188332
169543
255832
225528
189444
256516
189138
204861
189315
264153
192397
258634
190611
222397
215756
222509
191637
223655
257760
232393
141333
261503
194161
269189
197184
259306
218489
130024
230216
263169
225316
190243
261269
133910
265667
190615
259146
190012
261155
189901
199425
190484
224061
257062
194028
255239
139310
258669
188194
258528
188532
222581
256885
170062
191228
259439
194697
268217
193891
209620
188865
257866
192706
229930
265961
224501
131183
216818
261910
233656
189527
259354
141176
257495
191133
254403
229863
190104
227868
204796
219021
191852
261610
189818
262827
138941
262105
188707
266757
193768
262258
192958
174120
271637
191243
258271
192883
256996
136369
259357
185301
224112
259171
219977
190645
203154
184374
263120
189436
264146
187151
200502
188435
222922
260545
225704
184249
224090
203351
223232
189632
254058
190420
260565
141464
258326
219120
190166
226913
255518
225196
134756
262009
186562
266000
192170
262951
136068
254995
190082
256984
193522
226283
259911
134949
257490
190119
259509
190871
255875
133041
223743
257432
229459
189314
262170
195306
205253
189320
259119
189647
257801
189925
168588
258074
225520
190544
228325
260201
226368
134386
260277
193407
262306
187548
253993
177219
193018
221235
254474
224727
189055
263339
136875
261169
189396
257490
190123
255363
139261
263903
196472
222387
256103
194882
248850
138705
259170
190754
257294
190150
221021
206258
225163
194015
262246
190652
258241
192657
209498
191328
258378
190840
222483
254385
175091
189071
223233
252190
218589
189243
253394
140099
258624
188297
260210
222367
186422
162205
248381
219949
190050
254460
186947
258427
138209
258076
189952
257321
189418
254605
135226
225087
263477
190625
269843
192881
260323
137708
263321
189380
228233
254627
229500
142256
257853
195700
265532
191012
261780
192895
207607
190537
227294
256253
215449
189200
164101
251915
209147
175231
240504
177098
241970
127732
239537
207999
175251
210076
239214
160170
173976
252470
184188
253290
177043
240331
124663
237256
175419
240330
175252
206921
187722
174107
239978
174335
237726
173240
238722
126811
204923
238409
208153
174682
240036
123909
236344
174229
240666
171773
237578
175918
160688
236188
205625
175804
223411
251566
171251
193618
257306
191887
251868
189255
256630
167861
192458
229325
259376
217969
188995
198182
187996
259359
189223
256694
184838
252044
137321
256941
187812
226531
255012
188284
204357
188972
257014
183545
246430
182613
213351
198912
217234
188888
254207
187225
258146
135823
245586
184484
249437
186117
224949
250569
165037
191145
222956
250465
217526
187860
203537
192924
253946
189223
251105
222210
185572
170390
259206
221236
183082
251078
188061
205555
184146
253754
190648
255702
193933
252524
134476
219980
258069
185134
248854
181941
206791
194087
255615
186429
227265
270405
224783
133744
247427
183437
242773
171984
237601
125795
237831
172081
206065
238506
204566
174113
156110
239872
202691
174159
238868
172818
189867
174267
238812
205569
171577
203639
238739
159546
169053
240564
175065
240634
173354
191203
174677
240885
172519
239889
177066
207178
192696
175012
239462
172818
242845
173770
189714
172285
205994
239395
207222
172558
235955
125603
240744
170134
235897
176382
239702
125672
205236
243452
203820
176833
217468
251505
170105
185665
261456
188967
256134
190151
204889
220726
189531
216454
250316
223790
188854
199211
184770
255524
187422
250807
185550
204361
187386
249237
186017
221639
254544
181855
209582
189854
248423
187920
257161
188203
164550
257045
225135
180066
247582
188460
254396
134953
247298
185027
257641
187330
215541
199721
229104
184535
213051
256927
246478
227957
213937
197012
259268
192225
255496
224587
139588
225327
259413
220483
193085
257914
194381
214077
203195
263445
183571
255835
188778
200216
188846
224163
251112
183582
256167
186531
199825
179648
247726
185829
224063
253005
167138
187320
256529
187824
256062
189345
252394
133690
257294
189830
221326
262130
222776
140356
232257
262859
227860
194499
262360
186341
205029
189873
246788
217203
189315
224619
202629
226186
189704
264008
198023
259544
189998
207973
188859
261284
191513
257079
194682
168754
259184
190124
257813
186659
251022
188765
205357
191163
223333
254149
227913
187816
194909
185610
260568
187284
249298
187511
255080
154153
256002
259912
226989
192159
219119
203956
229624
194401
256676
185939
258638
192083
201671
224636
193834
221841
273276
253896
139589
263437
195048
264317
189835
257632
197269
210893
192857
263150
189537
224408
256169
151740
269634
212861
287558
188540
251066
178790
163941
247968
212813
188161
255628
185729
197748
184658
261395
183621
247407
182725
207655
196544
212080
178702
216714
253790
223755
129921
255467
190782
258185
190123
256788
222524
135900
224000
258875
222640
187210
252798
141626
262785
192197
261232
190027
256563
189349
206334
188836
285280
276377
196916
266226
140480
267022
194571
272753
196614
225965
261904
174366
190271
264916
191630
260371
191809
206604
221399
284284
192505
226876
261739
226024
136022
229187
258699
235415
199116
270454
141732
270016
192938
264080
225319
193604
227986
207265
227531
190939
320375
194498
274424
142075
265559
192463
266534
199414
271544
239796
175614
260664
190066
262718
194979
260612
138660
262296
196101
232424
264808
229886
191936
205360
195693
263655
193166
265858
192223
216066
197332
233395
258270
225669
192719
233930
210636
225807
189987
266233
196145
263234
139910
269665
222261
192082
226173
256151
228271
140357
267084
197041
264464
193144
257984
139803
262048
219420
274923
187948
224826
259794
140111
261805
190338
255346
192277
261271
136301
227911
263957
228779
191687
258214
189482
206606
181701
253426
193268
256551
205630
181815
267287
220254
193369
226339
259377
222433
136045
262012
183399
257011
191164
249595
168199
193843
226823
269650
230406
196679
267344
155277
310753
198877
267935
200917
275133
145332
264864
196950
236734
272713
197123
261457
145009
272447
197620
267752
199131
228399
211105
230943
197406
267546
191923
268119
202277
216127
195604
264641
193322
230179
260423
177446
193584
231254
261319
270434
205748
264627
139658
263850
192583
266385
226046
197252
173620
260142
226906
192841
270743
189337
255112
139385
262680
196256
265808
188317
260066
135758
221762
257458
184252
254509
191229
323297
137728
254511
188313
207254
254586
221960
131964
255925
187929
253529
184884
256713
189490
208904
191374
253272
288210
216751
190618
164982
250064
215312
181222
250383
191836
251684
129767
260549
289144
197004
229879
249804
166821
177925
246097
191867
263106
186166
267311
132854
263856
190003
263026
194204
226762
209642
190984
258032
192405
263035
188955
259609
135020
222874
256011
230989
190584
258053
138114
259869
191369
255764
191765
258165
190117
168755
259723
227028
189103
224425
254629
173006
189794
257100
191196
261811
191515
264391
173664
191540
225621
253516
226097
189395
201487
191908
260849
191002
262191
195869
261865
140152
269702
190279
227568
254764
193927
211218
195230
258236
188495
257650
186601
227908
212686
229826
188502
264951
191982
267782
141193
268242
192390
264736
193509
224495
257287
177663
197056
230878
256853
234906
197650
212136
191270
268058
194394
258770
229007
191740
170576
261323
222196
191902
258771
193740
208762
200061
265399
197235
266143
190400
265385
141088
235083
261410
195751
263624
194791
212530
191193
258456
193855
228246
256752
229121
137534
255201
196154
266000
194994
261268
138030
268551
195161
224548
260025
225707
197525
173526
262341
224848
194078
256753
193703
202949
194802
257385
224102
190636
221955
264234
178171
193326
264492
192313
299035
194058
205718
190915
260241
219267
251145
182008
212128
198280
180170
245889
185514
261120
184413
196966
181602
213778
247520
251538
200064
258167
134680
259549
194904
255196
193529
258944
136836
223966
259050
226392
186390
227333
259732
173198
189537
267876
194828
261664
192935
207894
221929
201056
269296
267723
277274
198132
211021
191250
269162
203545
266454
192357
214773
200887
258337
193702
224854
269393
195960
205940
192498
263094
199387
264869
190725
173029
263126
230784
185891
261172
187974
258422
141293
265270
191173
263046
190892
227822
207003
227454
194746
232728
258534
233595
193249
205774
191084
257476
187592
259612
229994
139993
231498
263037
236307
197706
258021
198576
212407
189966
259064
190183
257904
193287
206035
195483
229784
267187
195887
259442
196565
209810
192087
268470
186207
222342
257252
174549
185600
243750
180113
245669
178507
244945
130375
249401
179764
212788
245914
208629
128057
209908
265583
235476
186151
257125
190174
251616
201128
266989
225877
188969
223558
206012
225393
191994
262321
192622
264075
192361
210909
192987
261131
188595
257580
190259
171494
258184
190355
256812
188471
260626
189101
203350
190148
224993
264791
219861
195049
212082
191211
263449
192043
259329
191372
262986
138263
220222
258960
223942
191736
233349
207607
224167
191447
264012
187822
255119
183762
200857
219305
184930
219031
249317
214261
129492
255977
193522
257850
189342
261803
196145
200761
179371
247890
175675
211383
236395
125863
244648
178674
244996
176984
242316
176507
161592
240267
209986
172856
242255
177502
193228
176696
241515
176482
244666
176393
207308
191125
207469
175428
208237
241837
209254
130048
299158
181360
244800
177691
241236
208792
126387
208908
241978
209276
177701
244640
128252
245686
178358
243613
177057
243101
178663
192717
177322
208399
242514
176025
244902
128545
244847
178366
240891
177745
208155
238481
164000
176498
241888
178007
245099
174157
192778
178566
243609
179784
210995
240164
210398
128489
211451
239268
209130
176226
240572
128027
295050
178637
245190
208954
173783
208725
191668
208366
177367
244729
178893
244653
127066
242698
176377
240932
179010
244999
175571
161564
244913
178153
243872
178732
244293
126444
242416
179800
208972
244316
211402
178589
202345
189084
258418
181981
250441
187135
204450
186199
213370
254889
224268
184670
211057
222074
247576
189856
257949
185944
255583
136935
255133
223437
188370
260274
251914
219334
134246
263767
186388
260811
185365
253257
137008
252987
176006
247860
180963
212054
247047
127399
242283
178252
246190
184769
246256
131701
211743
247413
215070
181120
243516
179921
198193
176434
248202
188804
248362
186768
164257
243761
211932
188376
211586
245940
208762
141356
254723
177081
253223
178234
243574
166770
187270
209775
245859
224319
185799
253131
131463
255608
182345
253485
178624
246353
127904
252639
185413
221407
251846
185892
244181
132283
245071
183468
257288
183890
215699
195158
213919
179399
247042
179597
245886
180525
196227
186612
255474
184059
215178
247479
165416
179696
217612
253722
215630
184228
248856
129995
251443
193275
256988
222403
185523
168640
251833
222266
191259
256353
189763
257711
130151
257595
184052
252267
188700
253484
134544
220652
244063
188632
257316
185398
246986
134182
253160
187088
218134
257117
221708
134039
249950
184924
255565
188269
256542
187240
203958
185478
219711
250794
218583
184960
162594
252431
222790
184957
250090
186772
254387
132680
258158
222840
195919
227474
253003
166734
190957
262826
190098
256117
187640
257842
136569
252956
190382
257459
191935
223586
207694
190147
254068
192563
256371
190921
259559
136594
225883
256920
219991
191269
260472
137626
254753
188991
257592
237216
252746
187094
170882
256939
219227
189486
220321
250615
175280
187679
259025
192924
262566
189941
255556
174700
190655
230938
273302
228059
190226
206585
191265
256233
187472
261981
189757
258270
138176
264621
198875
232067
263117
191928
209069
191929
258251
192232
260695
190732
224408
204216
218614
191106
304340
194706
257449
137924
262198
191164
258026
189517
226779
262714
177742
185863
229011
260715
231027
193717
210502
188697
259566
183494
300282
225457
193853
175629
262629
226399
189148
255514
191015
204445
193704
259564
191801
256537
190969
254621
137597
227502
259213
192941
269103
189213
205025
190313
257731
194239
224242
260738
218590
135174
260148
191319
306850
192637
261464
138614
257140
189453
258025
271505
232453
198214
183363
265574
228044
196603
266257
198208
209662
196069
266631
229536
199010
226107
258461
179538
190764
262202
191206
267249
202603
211895
184629
255278
190580
257005
187738
225207
213009
198421
312261
195148
260212
190873
203586
193277
224335
267279
231148
202726
259713
135483
258172
236390
274385
197560
262829
140346
231054
267753
225531
194087
230972
270488
173194
189965
280920
245108
268171
195816
206333
229980
190833
230128
263315
Xput: 4686
