366874285.238095
382780922.857143
519194366.666667
533981979.047619
543205445.238095
581412819.047619
550876532.380952
590627903.809524
592811136.666667
637049038.095238
712281901.904762
718471077.142857
717972126.666667
722486292.380952
750843973.333333
756918207.619048
1397741076.666667
1532243288.095238
543647546.190476
412722055.714286
363519192.380952
596556800.952381
580808499.047619
652071608.095238
675850402.857143
688301039.047619
695400675.238095
706948242.857143
738389535.714286
746860117.142857
745487415.238095
855129945.714286
876042310.952381
887998942.380952
1364495024.761905
1421197490.952381
1449634695.714286
592373222.380952
666406333.809524
648523348.095238
553206691.904762
268247997.142857
456957325.238095
774859762.857143
866941350.000000
952724455.714286
972434910.952381
1014435703.809524
1022475397.619048
1089037847.142857
1035397910.000000
1127292832.380952
1160510176.666667
1445951981.428571
1378965740.476190
1383626184.285714
1445652608.095238
1253615953.809524
1365200291.904762
587825291.428571
677641315.714286
518352918.571429
1192594887.619048
1222649166.666667
1303917241.904762
1300193959.523809
1310174281.904762
1316789761.428571
1326245725.714286
499745951.904762
1059580915.238095
1063148350.476190
1258126438.571429
1083217598.095238
1145779551.904762
1199270913.809524
1164276864.761905
1173391600.000000
442110440.476190
387465749.523809
740478845.714286
1298864244.285714
1496531489.523809
1502258740.952381
1529051772.380952
1525391770.476190
585681928.571429
646760487.619048
733940853.333333
670422381.904762
659148609.523810
668989154.285714
671365446.190476
714677331.428571
752442823.809524
743919203.333333
756316978.571429
754889950.476190
1214339568.571429
1272323894.285714
1251281429.047619
1378616719.047619
336506458.571429
252168839.047619
506657173.333333
550554274.761905
587454071.428571
639368832.857143
683333530.000000
689982236.190476
698857767.142857
707900778.095238
775448629.047619
798332532.380952
979942262.857143
1023868713.809524
1025585376.666667
1057435634.285714
1058894337.619048
1905886682.857143
637252549.523810
596475264.761905
636036577.142857
580726016.190476
525784232.857143
709001139.047619
747484352.380952
747796154.761905
904782188.571429
1078445096.666667
1119970125.714286
1168048467.619048
1227004860.476190
1256450959.047619
1266034600.000000
1244703460.000000
1216956177.142857
1168337669.047619
1138471622.380952
1245831930.952381
928737478.095238
827545661.428571
1273410998.571429
869933348.095238
935242484.761905
1011969949.523809
1085961142.857143
1389167066.666667
1507202380.476190
1521955192.380952
1523149780.000000
1541788587.142857
363519298.095238
836804138.571429
941126347.142857
912304405.238095
891788570.000000
989360436.666667
1154587371.904762
1010072980.476190
1013438519.047619
1044869111.428571
1028045489.047619
926303963.333333
1257894296.190476
1269870781.904762
1319410389.047619
1359318108.095238
1565380726.666667
502192284.285714
418901973.809524
435699608.095238
426748256.190476
538699322.380952
675550300.952381
736664031.904762
848266460.476190
867961141.904762
889082113.809524
886559790.000000
775271359.523809
796404827.619048
788063304.761905
788149291.904762
793747549.523809
1527301065.238095
1535592869.523809
1555782318.095238
1677024706.666667
1560286383.809524
436031536.666667
690495816.190476
837373161.904762
885912099.047619
971179200.476190
985990344.285714
1032584720.000000
1062498220.000000
1073365822.380952
1053028273.333333
1075010620.000000
548218043.333333
750491380.476190
1162151270.952381
1214726035.714286
1341134514.761905
1464727626.190476
1493072790.000000
1456878325.714286
445915775.238095
692206586.666667
647219195.238095
698265402.380952
738057590.476190
896367046.666667
832021414.285714
873392701.904762
1000904403.809524
870675725.238095
841268964.761905
843827046.190476
644546514.761905
796656455.714286
1035384380.476190
1053551918.095238
1255549952.857143
790098419.047619
554968055.238095
525318070.000000
439806621.428571
581260086.666667
614200585.714286
679455222.857143
687084109.523810
771243810.952381
835921204.285714
897959185.714286
795037682.380952
803798580.000000
812667255.714286
813450348.571429
814794566.190476
601396512.380952
606051519.523810
623235131.428571
628229895.714286
319196513.333333
294684970.952381
210638828.095238
483496466.190476
546985617.142857
534998719.523809
586053962.380952
625060401.428571
622930987.142857
648980268.571429
706074428.095238
727731040.952381
754714196.666667
758749827.619048
750894724.285714
709499982.380952
741217125.714286
794295714.285714
2152655281.428571
303951332.857143
306532568.571429
627241310.000000
603241608.571429
622666155.238095
615358581.904762
637518756.666667
636290696.190476
655513455.714286
679373149.047619
699835800.476190
783265115.714286
792904203.333333
806850385.238095
814108040.000000
774082368.571429
754892389.523809
766624274.761905
651580170.000000
561290401.428571
584783390.952381
641166878.571429
567349377.619048
594786691.428571
605743818.095238
635783891.428571
754370267.619048
771985901.904762
789075267.619048
781120707.142857
782239631.904762
796713869.523809
804548050.952381
818035418.095238
1732654440.476190
1711678729.523809
1733000741.428571
1724137010.000000
575825150.476190
746423089.047619
630602334.761905
631182799.523810
770177549.047619
743825005.238095
748617838.095238
752678232.857143
767811143.333333
764715024.761905
790527085.238095
787095330.952381
1713130023.809524
1745583266.666667
1872946765.238095
1887969935.238095
1876705622.857143
956239045.238095
988292798.571429
1007274654.285714
940001563.809524
1103165876.666667
1113800015.714286
1155993491.428571
1118600545.238095
1148102350.952381
1185538780.000000
1152529963.809524
362054738.095238
390533554.285714
1487397578.571429
1668268467.619048
1694780449.523809
1732560442.857143
1724443739.523809
776359566.190476
778217919.047619
896438007.142857
908302927.619048
962543729.523809
1041080228.095238
1038595372.857143
973528879.047619
1013055176.666667
1059641321.904762
1186299716.190476
1082029324.761905
493404286.666667
403152350.000000
949086950.952381
1049558615.238095
1502001799.523809
1967712056.666667
572711011.428571
431417791.428571
409846586.190476
548891985.714286
595578564.761905
736153969.523810
726078344.285714
629672271.904762
692005100.476190
683671764.761905
707037961.904762
720993850.476190
694001127.619048
739181242.857143
744798600.476190
772871636.666667
652621371.428571
654294560.000000
950372057.619048
556775282.857143
523687119.047619
618330016.666667
367717360.476190
354803470.000000
618423249.047619
839293008.095238
822303939.047619
788347195.714286
787837806.666667
908251126.190476
930247225.238095
943867330.000000
981807234.761905
953294343.809524
960185781.428571
1170412257.619048
1377197870.000000
1438146392.380952
1523903813.809524
1553266793.809524
1519743132.857143
632602147.142857
675369801.904762
707796246.666667
886040084.761905
895917931.428571
929571623.809524
1089461902.380952
998722762.857143
898552894.285714
881840614.285714
902804573.809524
890008581.428571
717691106.666667
823267438.095238
810209842.857143
817682290.476190
1163650602.380952
470772973.333333
473110967.619048
312335728.095238
719002330.000000
729258106.666667
705649990.952381
639649638.095238
740880016.666667
709480652.380952
821856035.238095
806563223.809524
820004577.619048
822389602.857143
846047001.904762
825631105.238095
835849403.333333
621769113.333333
602426915.714286
607695250.476190
238352309.523810
315945406.666667
205601357.619048
271668831.904762
294433956.666667
296591435.714286
329053368.571429
354280929.523809
358860992.857143
333265838.095238
363396549.047619
212549038.095238
112816432.380952
169969140.952381
71026714.285714
