1757
700
1072
768
612
959
1361
623
693
883
559
1373
598
954
2532903
2368
791
978
824
798
901
558
1738
2296
1072
741
1046
676
903
2529756
920
1042
1054
606
913
990
1579
1599
1882
1103
1125
964
558
657
939
71101
7063
2404130
1126
605
39782
1320
1159
884
868
1323
1121
653
550
1015
566
71666
9394
3177
13731
5113
2453723
1358
1122
1146
885
565
1787
1106
1092
613
955
87951
12410
7900
13605
2463422
1343
1023
1003
600
843
662
3041
674
1150
1765
640
100076
3609
11142
4913
8802
1661
10262
4528
13435
3785
9958
7379
8945
2389249
923
766
145446
1839
13756
4804
2453370
1155
1122
788
986
565
1599
944
628
913
686
910
106215
12606
2415155
1684
1087
624
678
897
11180
1672
995
1132
628
1031
616
1095
91933
5212
12577
2420126
1553
799
825
1253
995
1504
811
1176
606
680
965
882
89655
9860
2473478
945
1060
714
19732
1044
1147
946
1033
961
1024
886
555
4600
91955
2445808
1309
1382
928
1058
1001
608
39911
1783
836
1059
809
1302
847
1025
97867
4969
12688
5832
7236
2731
12819
8477
2481773
1341
725
1495
573
916
557
520
90942
6040
11920
11620
2478476
957
1090
730
1073
565
1340
784
2897
757
1933
979
2536588
1881
1085
1117
599
841
987
1069
1384
612
710
1392
951
1170
593
967
71862
2549548
958
1061
1017
892
878
892
4749
1304
915
1002
598
1084
994
1006
75338
2489101
1681
1144
832
705
895
6535
1756
1311
1425
840
990
602
854
684
85360
5538
9125
9386
8067
2416022
996
1053
625
1083
22554
1036
1058
1075
624
1003
2577279
1353
1049
1023
617
862
6323
712
917
1189
1349
1090
1001
1055
798
3094
77022
2462444
1591
1205
1283
1231
686
692
886
571
1606
754
1511
1073
1405
643
70590
8046
10313
6111
2494058
1360
1919
1066
618
1494
1000
1244
1000
610
1097
1524
2591344
1603
971
1069
572
786
610
835
6292
1859
1000
982
934
679
563
881
110594
2433177
1194
1498
1159
886
1825
1222
746
1503
1285
898
980
718
978
600
115920
2461777
1341
722
1237
2505
614
1632
2234
990
828
884
907
2204
862
624
2536525
1805
768
1371
721
898
649
1310
574
1485
1081
777
888
905
825
645
2520555
1377
1290
1628
934
855
1032
1035
1202
1310
607
672
880
563
1018
618
2572744
6653
2268
749
1308
926
790
922
570
1528
2422
1403
1116
1037
603
840
69078
9429
8020
12135
8184
8823
9477
10820
10915
3792
10141
7581
7830
3364
11608
9140
2435915
7635
7936
9328
7635
8675
10737
9436
10468
5031
10950
8354
9095
4390
2367250
9735
92865
10846
8320
8131
12620
9323
9937
6281
6166
7385
2390732
1655
1086
937
556
794
2531475
1836
1173
809
1084
917
1154
1195
1086
1145
913
1307
936
893
852
569
78409
2455766
1706
950
709
1101
881
1424
818
917
670
1253
2191
1126
878
686
81736
9570
9524
13641
8608
8349
12686
2406600
1632
834
1292
887
571
952
751
966
82164
10101
7615
15820
6048
13897
2413228
1166
728
937
24568
1684
1038
970
580
896
86885
3165
16962
3060
12173
9589
4168
10082
8015
3574
13163
2433638
1041
548
910
785
92076
5637
9834
5498
3955
12196
2403224
941
2340
1005
1034
622
848
960
783
993
115837
3180
2490943
1350
889
1246
1314
1959
715
984
1019
1410
1130
1009
599
942
68390
2443752
1328
1601
1035
1406
1175
806
693
891
577
2920
1051
1030
613
2099
131337
9839
9372
8663
2390805
1131
1335
793
1205
700
1571
957
889
515
4304
878
79486
14225
11690
2458095
1058
1013
637
858
778
594
8137
1433
841
1286
727
970
88712
2484122
979
1082
1015
622
734
1439
916
732
31675
6636
5141
1226
765
1006
83997
2380161
1544
1050
623
693
31947
1063
1349
1474
1056
569
875
554
768
540
77794
2466904
1890
1105
832
1733
934
1041
3298
1378
1882
645
2879
1061
615
998
95353
5496
13617
2481983
1004
1397
1468
909
694
1305
2153
1471
827
1026
650
1010
83461
8063
9338
2483133
1455
1825
859
782
1086
1539
1514
745
993
605
837
738
75966
7650
10060
8882
7728
9555
10590
2442562
938
1056
25484
1378
1261
775
613
988
2563864
1556
641
1770
697
873
3163
881
891
1484
974
915
1796
1606
959
1650
84794
2463544
1437
1488
1227
784
1239
1003
917
681
1004
605
997
616
848
688
75688
2495922
1307
1246
1364
1179
777
1189
629
862
1219
1477
735
1770
914
559
2489115
2210
965
996
5851
1337
612
1453
2022
1268
902
1788
3438
1197
1177
619
107866
9671
9412
2465398
994
1071
1168
947
1026
1080
616
1266
1032
567
952
1657
2572302
1258
1222
629
970
749
1008
22020
1063
1420
752
1007
740
993
656
847
2549407
936
25807
1364
919
1077
908
991
622
1388
1023
1258
885
699
2115
1123
78978
9785
2378092
1521
1250
1259
630
955
621
560
1351
1316
911
965
905
876
68399
8252
2453675
996
1205
866
976
1105
1939
980
1203
1278
749
1506
1035
1025
71074
10886
3215
14373
2745
9928
1262
10668
6264
9276
8034
2372402
943
1074
910
698
93571
3729
14943
9576
6846
8017
14632
11981
8647
4517
14067
2333296
1116
1194
963
636
2581580
1346
1268
910
983
1732
1217
612
836
671
1777
2160
1022
1084
615
1143
2570405
2181
908
1049
896
570
675
1236
2071
1285
1175
1182
860
1272
600
1009
70443
2477130
1284
1510
1203
1242
756
1246
1302
1176
1069
1006
605
920
1146
897
74883
10936
11462
9351
9768
12510
5606
9925
4381
9321
3960
9048
5446
10240
1393
12336
2534190
2507816
1224
1418
915
1327
883
566
666
1025
19191
1718
828
1032
616
977
93496
7994
13079
11122
9965
2167
12576
6715
7728
8068
3052
2481760
1184
917
658
935
112755
2437126
1019
1043
1169
1052
1179
615
843
693
1002
15866
1722
1014
1040
892
2545418
1327
1062
1144
856
893
1342
1453
977
579
506
992
563
934
552
791
95486
2460249
861
9468
1090
13788
1225
1171
1085
1030
780
912
553
775
2464
1056
94998
6516
13849
5601
11002
10318
2437326
933
1193
662
885
516
1343
613
833
674
100030
2477392
942
1047
734
6563
888
1260
931
864
1496
1529
17566
1284
828
1003
79837
9622
12259
2491223
1057
1244
916
670
713
886
955
612
17319
4290
3752
1077
92555
8170
10162
2543924
1399
1448
870
1242
912
766
969
735
27083
963
1046
614
90398
2625998
1455
1435
985
1169
612
1551
1092
1178
611
842
1546
1856
697
982
77277
13199
8169
14618
8808
2585987
1262
1217
1058
697
646
1094
883
553
907
1012
77185
5533
14297
6361
10351
2615832
1544
1167
1176
892
999
605
1526
1198
1105
720
95337
9380
12727
9020
7997
8513
946
13716
9581
4441
2506818
1506
3257
5295
1057
626
2603896
1249
14916
1831
1019
1034
625
7037
1285
1300
908
579
1345
1338
893
606
2597031
1191
730
25687
1689
1570
949
971
1091
923
610
650
824
511
795
888
81368
5895
14624
2543558
1698
808
2567
979
586
1846
730
1642
973
861
942
892
70422
8576
2557955
1775
1047
1155
618
965
607
5962
1742
1136
893
688
604
861
111587
9700
11222
8341
8389
2561773
1418
1220
807
829
1212
898
574
660
1487
1933
85235
9640
2487166
842
1228
971
1242
931
1151
958
563
1182
746
987
593
838
94980
12661
2501707
939
25873
1736
1045
1154
609
866
1464
1185
949
1140
886
568
75434
2533264
1201
666
23731
5822
809
1822
1239
1286
1354
660
964
876
572
649
2566107
962
1047
633
2970
10734
1598
1058
1712
850
1452
886
564
3181
762
993
89266
15452
5394
11840
3561
7339
6764
8918
8851
10062
7769
9581
10928
2446383
982
1056
87460
5264
12791
2301
12351
11589
4353
13544
9486
8049
10340
7926
11801
2412736
1138
978
115562
10683
2494515
19205
1962
1943
1085
1132
1126
912
2136
891
972
1016
602
1021
79597
2516533
1176
1061
622
1639
1311
1086
595
1216
632
848
1361
1207
626
948
84199
2554746
2137
862
717
897
2014
711
1456
1514
1835
1475
872
1474
741
1670
82640
2515362
1027
845
1844
976
1141
618
957
601
828
549
4611
842
1020
870
74590
5819
12275
2438392
1156
1295
933
1038
903
580
678
992
35852
1255
642
1029
107676
7725
15256
4720
9479
4533
11824
4407
11073
6288
2404372
1119
1098
29681
1609
998
102960
5864
17800
2537076
1054
853
1276
768
1035
990
996
603
832
14265
1245
759
101668
3267
2510074
1420
1045
1035
623
846
669
1019
1326
2483
785
1140
872
1005
105611
6635
10892
2441045
1439
1426
1082
925
1152
1106
890
695
604
978
714
988
130951
2503464
1034
846
1074
1276
619
1121
1094
577
973
1068
1323
1063
885
665
119031
5419
15599
2445813
1378
1497
676
1134
1009
1163
604
1095
906
578
14786
2086
111451
12468
11616
13902
13579
2438296
1156
1375
837
649
1458
1374
2410
600
40589
1504
101239
3320
12274
6793
5825
2399642
1336
963
867
703
8366
746
966
699
28414
856
89725
4799
13249
2503151
1220
17135
10017
1867
674
1123
628
4551
779
1007
899
2152
91611
11998
8950
14127
5412
7979
8978
2554359
1746
1105
792
596
811
1729
808
2935
104951
7415
12579
4188
10643
3613
14474
2443763
1423
1306
1289
764
881
562
995
721
61274
5070
13613
9042
3299
12531
11290
2919
10407
11945
10068
2407786
837
1271
652
973
2552922
1212
1228
1294
654
1510
872
854
680
2992
1445
1147
1022
616
727
997
66422
10074
2509319
1298
692
46007
1299
1264
831
930
1075
1093
828
1040
1489
3201
79315
8331
11152
3520
13252
2464924
1293
742
1102
914
806
1529
5859
1070
544
880
2535977
1273
1056
769
611
1367
9091
1571
1884
1285
1168
1391
852
1149
1051
617
91400
6625
12708
10838
12632
2848
11882
2462416
1338
1079
769
601
1088
15546
951
740
132308
2869
11753
10195
2435911
1209
1036
808
939
875
1014
920
570
2070
3143
956
123471
11433
10549
6951
2443366
936
35080
1700
1003
1123
617
871
1319
1295
986
995
76453
5366
14299
2498540
1188
675
37868
2775
723
1013
602
848
6514
895
1068
2017
74019
2967
2478443
1207
1051
1232
29739
5721
3209
659
8981
871
1045
1035
634
1031
83805
2453744
1275
1283
1481
1203
1029
622
569
1254
829
1285
620
863
666
1011
129696
7792
16450
7902
4196
7390
8088
7690
4197
10106
9129
3244
12012
7908
8287
2488539
109652
7533
16464
8088
2486058
1483
1302
966
1174
1020
1026
621
835
851
960
1240
2546496
1398
1027
1013
598
857
667
1163
1301
631
699
1185
692
891
1181
1094
69845
2478593
938
1224
1012
732
715
1283
1009
565
677
1517
3257
1268
732
1054
67724
2501422
1590
1173
647
682
925
570
6652
1011
1052
631
1481
1113
1007
614
90124
6105
5134
14199
9516
2423497
1153
1053
624
981
34469
1048
975
1032
626
1035
2538960
1737
1033
1176
860
988
1353
788
972
1101
963
602
745
1038
603
1017
72960
2535123
1165
768
1036
1124
1225
886
852
697
6331
1051
1023
749
1019
721
78294
2474918
1440
1439
1034
1143
779
1139
1024
1104
615
837
859
548
689
1016
2808708
1449
801
1040
607
976
5772
1565
933
2261
1045
1137
908
577
2432
1446
127858
2619239
1415
1245
925
822
1128
1208
821
863
1034
604
835
904
886
555
76233
2619971
1417
1203
1284
1223
789
855
1090
1729
968
1400
648
1019
921
572
2632114
1341
969
1141
867
886
676
2275
777
1116
1194
586
1066
1035
879
724
2664192
1400
1120
1064
617
974
613
3065
1231
2428
840
739
1075
1274
4370
638
2585137
1078
1274
593
895
562
1411
1438
710
822
4427
1239
562
892
2628
965
75409
9892
9105
15150
9044
8025
8106
10757
9959
2959
11535
4007
12078
7839
8900
7990
2529030
7850
10014
9956
5208
7058
11522
3086
12315
6185
8593
9803
10854
9480
2497890
874
99172
3966
9394
8106
2571
11803
3820
9874
7111
8511
2544191
1866
850
1009
616
1005
2629479
1472
1447
842
978
906
571
1422
792
2636
778
1111
719
3071
1231
819
70876
2555809
2118
1159
785
1109
1296
1091
627
848
1051
844
1005
964
656
666
72142
1687
9662
10578
5851
5299
8783
2498258
1762
1074
1232
1038
615
1056
621
1054
2604504
2094
1088
1148
1177
743
601
972
607
1372
2329
2265
737
1406
823
844
84417
2475871
1035
1204
1284
582
552
908
573
775
528
31871
933
704
1142
845
82167
7974
11278
8461
8215
11938
2441227
1154
996
650
1018
526
818
1257
2843
895
123141
4981
6442
11804
2062
13583
2344397
686
890
1082
37550
1444
1024
916
535
1323
96434
5911
15207
2470
8597
2490599
1284
883
1221
1406
853
1005
860
991
607
581
103803
5522
17280
11244
2551106
1313
1088
762
994
822
3653
825
1250
1261
4782
1040
100139
6624
14086
2457165
2227
1437
643
1032
996
624
12157
1477
933
1159
759
1018
102681
2467312
1434
1505
1068
723
853
1199
907
3537
26921
5566
803
5132
919
1085
101270
2441619
1866
1130
641
690
36074
1100
1568
834
1041
1035
1136
618
839
941
78333
2656870
1294
1136
701
971
731
1017
2922
1337
1258
696
3743
1083
623
2695
82458
8928
9364
2579175
1072
1086
1289
660
980
1010
963
607
2827
1087
865
965
84161
5213
10276
2515956
1500
3045
7902
825
3026
840
1028
620
1508
863
882
709
82645
4449
11149
4858
1982
10941
9147
2436673
945
1057
47025
1792
1073
625
703
900
2573432
1546
1997
1088
3665
1040
2356
1516
1177
1109
1026
907
968
916
1784
1018
69515
2523362
1530
1551
910
898
1415
1081
576
1085
1456
794
983
593
1040
612
71365
2546978
1643
1072
1275
1224
745
1514
648
839
679
1013
620
1015
986
604
2605988
1117
24143
1617
965
1312
958
1148
739
913
807
3203
807
838
3376
711
80929
5158
13538
2521923
978
1015
699
658
959
834
6694
925
1011
739
1025
555
2568240
1316
1193
854
1203
1121
1022
42838
1063
1242
1045
1521
1091
1049
620
1031
78586
13695
2545802
2240
1122
1237
635
1064
1065
1011
610
832
882
558
1070
871
68736
10351
2541810
1728
1017
1155
873
1111
1335
856
1420
923
556
678
1003
611
75231
11672
2506346
Xput: 6122
