101603055.714286
87357627.142857
85888055.238095
79038569.047619
78757488.095238
80315690.476190
77946920.476190
77773887.619048
82252580.476190
77907808.571429
80251607.619048
77631204.761905
78810870.476190
75589666.190476
77300967.619048
77613679.047619
77454446.190476
77466556.190476
79517199.047619
80172750.952381
78637002.380952
77679713.333333
78944648.095238
76454627.619048
76860528.571429
78215722.380952
79459501.428571
78256573.809524
77776630.476190
78582112.380952
81469996.190476
78265725.238095
78224630.952381
76345674.285714
79354791.428571
80395107.619048
77618479.523810
77622623.333333
78443787.619048
79623544.285714
75847630.476190
78311187.142857
77842288.571429
78451154.761905
78502368.571429
80246404.285714
76124804.761905
75213132.380952
76454551.428571
77145562.380952
78896801.428571
78099734.761905
75915330.476190
76567451.904762
75611912.857143
76191415.238095
77148988.571429
76074370.952381
81237301.904762
80974641.428571
76490692.380952
75590468.571429
78315971.904762
77123283.809524
74879787.619048
75818686.666667
75340848.095238
75756668.095238
76584045.238095
77083181.428571
81481936.666667
75769386.666667
77712620.476190
75199021.904762
76813950.476190
74007770.952381
78453315.714286
76344078.095238
73586488.571429
74888403.333333
71545608.571429
72809434.285714
75669002.380952
77070938.095238
78130526.190476
78162780.476190
78120443.333333
78318101.428571
77222517.142857
77934941.904762
76255462.380952
77986918.095238
77539147.619048
76608193.333333
79552392.857143
77464930.952381
76423436.190476
77626247.619048
77255545.238095
79270608.095238
77199023.333333
74330007.142857
75847818.095238
77202929.047619
78027005.238095
77576074.285714
78303581.904762
76844385.238095
76572496.190476
77358064.761905
78140274.285714
76386326.190476
78705436.666667
77173496.190476
74444040.000000
75867964.285714
75853664.285714
78396931.428571
74181908.571429
77451630.476190
76550852.857143
77927532.380952
80235452.380952
81885375.714286
80628148.095238
79520794.285714
80001690.000000
81560619.523810
79413886.666667
79860025.714286
74750646.666667
77408490.000000
74845687.619048
77302054.761905
77330660.000000
76782579.047619
78722888.095238
77763602.380952
77304924.285714
76382026.666667
77707473.333333
77680444.761905
77889593.809524
77624758.571429
76508398.095238
77631289.523810
77008969.523810
76728543.333333
76311535.238095
77400790.000000
77221550.476190
76286460.000000
77545434.285714
77867257.619048
77930064.285714
75918975.714286
74863623.333333
82961551.904762
80299255.238095
78516408.571429
80730237.619048
75647640.952381
76797300.000000
79190058.571429
78134986.190476
75900997.142857
76526063.333333
77016554.761905
77758560.000000
75520956.190476
75910895.238095
75322572.380952
76476067.619048
76913120.952381
75835929.523810
76234152.380952
77177590.952381
75427899.047619
76300570.952381
76444742.857143
74743939.523810
76014382.380952
77153803.333333
75879712.380952
74078943.333333
74619062.380952
78039507.142857
78598738.571429
75100648.571429
78143933.333333
73947377.619048
74981190.476190
74115584.761905
79106597.619048
73618436.190476
74593799.047619
77242147.142857
78169467.619048
74190215.238095
75904368.571429
75619522.380952
79047762.857143
75979397.142857
78985120.952381
76275554.285714
73797265.714286
74624061.428571
80509320.000000
75200455.714286
75239205.714286
77109426.666667
76679018.095238
75979742.380952
76919112.857143
75227922.857143
78075621.904762
75975662.380952
76511152.380952
79270933.333333
78339175.714286
77660072.857143
77354381.428571
77166390.952381
76607055.714286
75774252.857143
76244743.809524
76849155.238095
78738177.619048
76899011.428571
75666620.476190
77506805.714286
78042453.333333
76869294.761905
76363347.142857
76419718.571429
76258048.095238
75019465.238095
75458804.761905
76968830.000000
74982220.952381
77478286.190476
75776297.619048
75217119.523810
76053221.904762
76081440.952381
77242462.380952
76109942.857143
75567440.476190
74743618.571429
76911997.142857
75294099.523810
74560603.809524
75199938.095238
76031467.619048
76147767.619048
76748168.571429
76105265.238095
78276871.428571
76112446.666667
73180612.857143
76396101.904762
75309665.714286
77651314.285714
77449248.571429
77778196.190476
73802181.904762
79469561.428571
72443447.619048
73643890.000000
75538717.142857
75492893.333333
72406580.000000
74580865.714286
71972071.428571
74398788.571429
78455372.857143
76285682.857143
75380582.857143
74529153.809524
77879063.333333
73065119.047619
75298242.857143
72261342.380952
76678988.571429
76189602.857143
75270642.380952
76772292.380952
77085868.571429
75109431.428571
75533171.428571
76514908.571429
77333305.238095
75459363.809524
76152873.333333
76691480.476190
74848950.476190
76004028.095238
75056734.285714
75505339.047619
75083542.380952
74234926.666667
77790737.142857
74971913.333333
74627383.809524
75408026.666667
76196408.571429
82477171.428571
79315169.523810
78466906.666667
81451496.190476
78892357.142857
79875301.428571
78388463.809524
78181783.333333
77070745.238095
73371635.238095
73621666.190476
76651257.142857
75568635.238095
76092180.476190
75400309.523810
75401632.857143
75597274.285714
78602826.666667
76925243.333333
74815093.333333
74819112.857143
76107160.000000
74263393.333333
77212360.952381
76820875.714286
76103241.904762
76071335.714286
77077529.523810
76462158.571429
78244169.047619
75774393.333333
75895967.142857
74777585.714286
71027437.142857
75312612.857143
76906408.095238
73796980.952381
76672233.333333
75229868.095238
75638425.714286
77060257.142857
84577663.333333
81293650.476190
78099848.095238
77972720.000000
77630993.809524
77540721.904762
76605077.142857
78406756.666667
77165460.476190
75226094.761905
77592487.619048
78270105.714286
75530180.000000
74838801.904762
75461271.428571
75736664.761905
76466124.285714
76451169.047619
73152905.714286
75911001.904762
71974938.571429
72884341.904762
76982460.952381
76030877.142857
77155234.285714
75155589.523810
75996866.666667
77366783.809524
77322270.476190
72444069.523810
75216389.523810
74815250.476190
73885866.666667
77597350.952381
74039020.476190
73084380.000000
76339993.333333
74561395.714286
90337398.095238
81462099.047619
79274344.285714
78620310.000000
75453341.428571
74945103.809524
75757155.238095
72906893.333333
73981441.904762
73358052.380952
79519104.285714
74881109.523810
71035388.095238
75246376.666667
71115323.809524
75033737.619048
72392607.619048
72747131.904762
72422119.047619
72050165.714286
72576589.523810
74612517.619048
72186138.095238
72778882.857143
80650022.857143
76340102.380952
77512571.428571
76805688.571429
79392519.523810
78244620.000000
77510824.761905
77668691.904762
76947012.380952
75789096.190476
77465454.761905
73680322.380952
79245611.904762
73126863.809524
77017173.809524
76426190.952381
77187118.571429
78078686.666667
74781714.285714
77442192.857143
72457937.619048
76656709.047619
81642785.714286
74311629.047619
76713976.666667
74428346.666667
75779388.571429
81811311.428571
80307584.761905
75611205.714286
77107963.333333
77173814.285714
75491028.095238
76634943.809524
74911165.714286
75076098.571429
74948884.761905
76108625.714286
76648847.619048
77588228.095238
75506754.285714
78583783.809524
75205886.666667
75379804.761905
75306049.047619
75458202.857143
75299728.571429
75657064.761905
77199338.571429
74125470.000000
74460678.571429
78234087.619048
75901309.047619
75623556.666667
74369712.380952
75825128.571429
77037545.714286
75867463.333333
76087628.571429
74835420.952381
76609174.761905
74660406.190476
75486500.000000
76830079.523810
78093612.380952
77896424.761905
75526711.904762
75739460.476190
77024523.809524
75134859.047619
76486947.142857
75124874.761905
73916180.952381
82560335.238095
80378409.047619
79923090.000000
78724728.095238
78830693.333333
79279335.714286
