21128230.000000
21353065.714286
20193015.714286
21236321.904762
20121490.952381
20557562.857143
21455662.857143
20622271.428571
20505246.190476
19549069.047619
20817593.333333
20176070.476190
24091492.380952
22979508.095238
22488746.190476
22709714.761905
22651045.714286
21677497.619048
21872210.000000
21183911.428571
21017725.238095
20757024.761905
21348780.000000
20477146.666667
21042819.523810
21735781.428571
21935811.904762
21603072.380952
21445750.476190
22561726.190476
22186629.047619
22492583.333333
22681153.809524
21501819.047619
21017950.476190
21196052.857143
20885400.000000
20794670.476190
21748568.095238
20736329.523810
21808752.857143
20367630.476190
22047748.571429
21941426.666667
22615347.619048
21944194.285714
21889422.857143
21925580.952381
21908918.095238
21807348.571429
21076535.238095
20718140.952381
20772318.095238
20950302.857143
21215161.904762
20751478.095238
21052047.619048
20480550.476190
20887664.761905
21772925.714286
21668862.857143
21836302.857143
21668811.428571
21656912.380952
21893992.380952
21612960.000000
22056921.904762
21501873.333333
20954379.047619
20911377.142857
21548483.333333
21113266.666667
21064392.380952
20994417.142857
20840634.285714
21810370.952381
23033644.285714
22345731.428571
21660790.476190
22407189.047619
21989704.761905
21788649.523810
21856034.285714
21235209.523810
20974112.380952
20716740.952381
20859600.000000
20749201.904762
20777274.285714
20774066.666667
21625492.857143
20463670.476190
22406583.809524
21587737.142857
21662769.523810
21672339.047619
24005784.761905
23318142.857143
22909026.666667
22937179.047619
22315739.047619
21702777.142857
21622072.380952
21442961.904762
21735900.952381
21197982.857143
21776560.000000
21056767.619048
21553929.523810
22712758.095238
22721870.476190
22732912.380952
22184956.190476
22241678.095238
22364552.380952
22657758.095238
22558996.190476
21318259.047619
21187674.285714
21190053.333333
21276758.095238
21222177.142857
21385508.571429
21382346.666667
21252445.714286
21769207.619048
22084798.095238
22168293.333333
22198645.714286
22526129.523810
22346293.333333
22590815.238095
22857360.000000
21972916.190476
21635685.714286
21525881.904762
21663666.666667
21647289.523810
21544767.619048
21591078.095238
21727241.904762
21383609.523810
22582563.809524
22434382.857143
22322224.761905
22403712.380952
22481259.047619
22797388.571429
22522944.761905
22539480.000000
21992556.190476
21529754.285714
21548710.476190
21486847.619048
21892249.523810
21194253.333333
21558620.952381
21047792.380952
21586674.285714
22466287.619048
22420348.571429
22151445.714286
22225575.238095
22067074.285714
22424664.761905
22429630.476190
22528763.809524
21527750.476190
21376891.428571
21275365.714286
21339552.380952
21377611.428571
21268032.380952
21127422.857143
21069499.047619
21581108.571429
22115308.571429
22254725.714286
22351754.285714
22410024.761905
22228283.809524
22228807.619048
22235487.619048
21904398.095238
21378146.666667
21311784.761905
21498384.761905
21317093.333333
21284483.809524
21210375.238095
21467729.523810
20993800.000000
22050563.809524
22431280.000000
22466565.714286
22263998.095238
22112531.428571
22129024.761905
22114114.285714
22165683.809524
21671051.428571
21437784.761905
21457413.333333
21705386.666667
21934053.333333
21244733.333333
21576824.761905
21120354.285714
21491238.095238
22225232.380952
22503508.571429
22352034.285714
22278316.190476
22346081.904762
22079422.857143
22213491.428571
22148657.142857
21374480.000000
21520805.714286
21341283.809524
21254855.238095
21410457.142857
21381853.333333
21340834.285714
21332483.809524
21758788.571429
22059072.380952
22309859.047619
22262681.904762
22285956.190476
22157603.809524
22119171.428571
22104933.333333
21766300.952381
21453243.809524
21416712.380952
21343144.761905
21501293.333333
21409518.095238
21406780.952381
21606274.285714
21148647.619048
22393340.952381
22271241.904762
22240276.190476
25446748.571429
26146585.714286
22516339.047619
22437542.857143
22474660.952381
22200140.952381
21396897.142857
21511988.571429
21515601.904762
21711371.428571
21198070.476190
21610914.285714
21021731.428571
21620041.904762
22223790.476190
22172466.666667
22220510.476190
22271820.952381
22265849.523810
22310440.000000
22089123.809524
22199539.047619
21455565.714286
21260213.333333
21236321.904762
21284935.238095
21280704.761905
21297361.904762
23896821.428571
21304251.428571
21727219.047619
21976215.238095
21965588.571429
21811902.857143
21889853.333333
21979807.619048
22163318.095238
17579268.571429
18312734.285714
19452951.428571
17975060.000000
19482768.095238
18940821.904762
18314427.142857
17341392.857143
18814138.571429
19529542.857143
19253542.380952
19942195.714286
22085937.142857
21967737.142857
22821546.666667
21978460.952381
21933371.428571
21242226.666667
21200630.476190
21112287.619048
21301238.095238
21307506.666667
21221617.142857
21165142.857143
21261826.666667
21754259.047619
22034782.857143
22063413.333333
25657123.333333
21853933.333333
22174207.619048
22000118.095238
22148727.619048
21892179.047619
21515659.047619
21362099.047619
21388908.571429
21406666.666667
21357198.095238
21255388.571429
21393095.238095
20884348.571429
22017310.476190
22149626.666667
22057266.666667
22071251.428571
22038537.142857
21958299.047619
22300853.333333
22252396.190476
21792851.428571
21424622.857143
21416095.238095
21385316.190476
21529241.904762
20986007.619048
21658380.952381
21009676.190476
21623784.761905
22474247.619048
22652489.523810
22531710.476190
22477474.285714
22339876.190476
22426369.523810
22190704.761905
22190243.809524
21692321.904762
21390664.761905
21411281.904762
21493045.714286
21477720.000000
21398066.666667
21490436.190476
21439721.904762
22007569.523810
22343188.571429
22269544.761905
22174099.047619
22204150.476190
22293422.857143
22341676.190476
22177182.857143
21946453.333333
21753478.095238
21538645.714286
21447904.761905
21364636.190476
21321836.190476
21458173.333333
21790723.809524
21358988.571429
22401097.142857
22511954.285714
22605908.571429
22420977.142857
22502546.666667
22347171.428571
22390634.285714
22329754.285714
21661900.952381
21549363.809524
21518272.380952
21621760.000000
21882188.571429
21355830.476190
21752102.857143
21069756.190476
21518586.666667
22163485.714286
22203230.476190
22127678.095238
25857600.000000
23935594.285714
23835811.428571
23701958.095238
23750011.428571
22979358.095238
22646342.857143
22482238.095238
22489135.238095
22269573.333333
22269847.619048
22198864.761905
22055367.619048
22832580.952381
23062640.000000
22981438.095238
23025542.857143
23035914.285714
23347038.095238
23269727.619048
23266121.904762
22802506.666667
22337961.904762
22116036.190476
22141695.238095
22118487.619048
21996148.571429
22085660.952381
22516729.523810
21801453.333333
23157287.619048
23034167.619048
23207040.000000
23003089.523810
23021015.238095
23074165.714286
23209251.428571
23110481.904762
22574241.904762
22505495.238095
22420956.190476
22214453.333333
22388222.857143
21825615.238095
22375544.761905
21733325.714286
22302257.142857
23233203.809524
23157500.952381
23198413.333333
23290920.000000
23302946.666667
23265838.095238
23313510.476190
23100780.952381
22065419.047619
22133731.428571
21951015.238095
25613193.809524
21885329.523810
21949805.714286
21776784.761905
21647491.428571
22479826.666667
23153434.285714
22784489.523810
22997407.619048
22811996.190476
22763460.952381
22942386.666667
22775699.047619
22442540.952381
21785607.619048
21735887.619048
21946302.857143
21834556.190476
21691895.238095
25949993.333333
22061617.142857
21433758.095238
22786200.000000
22887245.714286
22810074.285714
23006028.571429
22740798.095238
22589580.952381
22492003.809524
22370457.142857
21932767.619048
21576780.952381
21680137.142857
21550979.047619
21885040.000000
21241295.238095
21822310.476190
21357725.714286
23954506.666667
24005750.476190
25689210.000000
24853132.857143
25200855.714286
25583176.666667
24974050.000000
24788595.714286
25401120.952381
22447139.047619
22290704.761905
22298049.523810
22159268.571429
22055847.619048
22060220.952381
22051996.190476
22083925.714286
22618085.714286
24662399.047619
24987140.476190
24189710.952381
23437571.428571
23714099.047619
24553048.571429
24256096.666667
22585571.428571
27314694.761905
22037392.380952
21869137.142857
22036885.714286
22199678.095238
22137228.571429
22518236.190476
21928716.190476
23622577.142857
24722586.666667
25196209.523810
23483569.523810
23430866.666667
23439108.571429
23414080.000000
23472234.285714
22306809.523810
22162845.714286
22182140.952381
21996213.333333
22508287.619048
21808601.904762
22367179.047619
21610211.428571
22360474.285714
23334771.428571
23498142.857143
24332927.619048
23529630.476190
23181438.095238
23339567.619048
23153148.571429
23092552.380952
21811424.761905
22016360.000000
22111685.714286
21824931.428571
21738598.095238
21905990.476190
22073198.095238
21629497.142857
22333000.000000
24313540.952381
22755175.238095
22956779.047619
23423712.380952
23095137.142857
23130662.857143
23123666.666667
22207259.047619
22081180.952381
21867849.523810
21584219.047619
21638432.380952
21689638.095238
21978173.333333
22268001.904762
21748840.000000
23421062.857143
22955967.619048
23061224.761905
24198918.095238
23038340.952381
24136512.380952
23225379.047619
24871186.666667
22445257.142857
22187293.333333
22547569.523810
22138432.380952
22587072.380952
21946622.857143
22427411.428571
21824746.666667
22208403.809524
23073584.761905
23106700.952381
23172841.904762
23369729.523810
23263780.952381
23283704.761905
23611834.285714
24731059.047619
21931154.285714
21812567.619048
22014499.047619
21890371.428571
21780939.047619
21893920.000000
21669251.428571
21666973.333333
22344320.000000
24385622.857143
22894807.619048
23618481.904762
24691538.095238
24674091.428571
24058885.714286
23894637.142857
22414140.952381
22005883.809524
21623169.523810
21802171.428571
21655651.428571
21715921.904762
22017360.000000
22384398.095238
21723807.619048
23199030.476190
24389327.619048
23255106.666667
23083937.142857
24250712.380952
22684746.666667
22817274.285714
23076798.095238
22226169.523810
21960022.857143
21895942.857143
21875139.047619
22035118.095238
21640007.619048
22006657.142857
21641678.095238
22006030.476190
23012201.904762
22906049.523810
22933228.571429
25019754.285714
24573245.714286
22812937.142857
22954815.238095
22842847.619048
21651592.380952
21866177.142857
21844200.000000
21675731.428571
21591080.000000
21846923.809524
18959497.142857
19479150.000000
20270929.047619
20322292.380952
20195634.285714
20318656.190476
19699324.285714
17883179.523810
19182855.714286
19924148.571429
19130515.714286
19335533.809524
18562297.142857
21796380.952381
21761670.476190
23028956.190476
22622752.380952
22447851.428571
22250998.095238
22239388.571429
22576834.285714
22330592.380952
22460984.761905
21831198.095238
21396325.714286
21496291.428571
21739857.142857
21880784.761905
21954678.095238
21752259.047619
21735205.714286
22063931.428571
22622782.857143
22402900.952381
22288609.523810
22088815.238095
22765249.523810
22644809.523810
25688607.619048
22642542.857143
21597817.142857
21367933.333333
21642880.000000
21415535.238095
21785068.571429
21776784.761905
21474876.190476
21494148.571429
22019784.761905
22303321.904762
22222380.952381
22162695.238095
22120200.000000
22754893.333333
24858504.761905
24140598.095238
24054630.476190
23035331.428571
23021963.809524
22729112.380952
22984457.142857
22672809.523810
22439013.333333
22371388.571429
22142112.380952
23370499.047619
23609761.904762
22896121.904762
22860891.428571
22780925.714286
23362506.666667
23274636.190476
23320173.333333
22334718.095238
22031377.142857
22219868.571429
22495628.571429
22331841.904762
22384769.523810
22084222.857143
21992784.761905
22316600.000000
23234154.285714
22581971.428571
22629180.952381
22679129.523810
23180577.142857
23495329.523810
23232937.142857
23306960.000000
22106691.428571
21981118.095238
22222575.238095
22011643.809524
22202634.285714
22201912.380952
21944400.000000
21943754.285714
22625083.809524
23191796.190476
22636337.142857
22720657.142857
22475952.380952
22947527.619048
22904080.000000
22911885.714286
25602405.714286
23918325.714286
23615600.000000
23109990.476190
22914672.380952
22871838.095238
22473580.952381
22536186.666667
22553697.142857
23789666.666667
23664662.857143
23274083.809524
23076518.095238
23036102.857143
23772946.666667
23713379.047619
23921272.380952
22699619.047619
22301100.952381
22099800.000000
22555666.666667
22624074.285714
22634906.666667
22176358.095238
22244836.190476
22745411.428571
23735721.904762
22925022.857143
22766626.666667
22743577.142857
23605152.380952
23581866.666667
23527043.809524
23768064.761905
22307516.190476
22341740.952381
22662773.333333
22301495.238095
22505310.476190
22768045.714286
22399081.904762
22248594.285714
22907108.571429
23373908.571429
22889889.523810
22835689.523810
22744683.809524
23159824.761905
23032316.190476
23030184.761905
22688504.761905
22094878.095238
22213102.857143
22099285.714286
22291742.857143
22296403.809524
22019379.047619
21903051.428571
21929325.714286
22869817.142857
23033190.476190
22605053.333333
22578514.285714
22848449.523810
23111565.714286
22980647.619048
22946160.000000
22175628.571429
21847428.571429
21841971.428571
22325786.666667
22332880.000000
22136226.666667
22059413.333333
22133487.619048
22313358.095238
23099489.523810
22698651.428571
22477792.380952
22468085.714286
23109914.285714
22991361.904762
23036316.190476
23161087.619048
22236760.000000
22075537.142857
22382308.571429
22205293.333333
22736506.666667
22616247.619048
22204110.476190
22209011.428571
22689824.761905
23083937.142857
22746584.761905
22597220.952381
22803880.000000
23418234.285714
23067462.857143
23075874.285714
22547575.238095
22164464.761905
22343013.333333
22082310.476190
22368664.761905
22315893.333333
22121600.000000
22072560.000000
21966028.571429
22942070.476190
23164339.047619
22894226.666667
22783009.523810
22611847.619048
23014049.523810
23011784.761905
23036651.428571
22374761.904762
22117626.666667
22098331.428571
22670548.571429
22576504.761905
22683980.952381
22329881.904762
22053784.761905
22468878.095238
23197440.000000
22745476.190476
22729681.904762
22466440.000000
23014960.000000
22945815.238095
23159137.142857
23271361.904762
21954121.904762
21818579.047619
22362001.904762
21989434.285714
22241714.285714
22738178.095238
21960533.333333
21952419.047619
22437259.047619
23020260.952381
22846428.571429
22748097.142857
22705773.333333
22961382.857143
23047920.000000
22945346.666667
22637146.666667
22103300.952381
22222466.666667
22042575.238095
22320518.095238
22290104.761905
21954127.619048
21961531.428571
21882390.476190
22889813.333333
23054459.047619
22836464.761905
22619560.000000
22443859.047619
22850502.857143
22872350.476190
22827552.380952
22096335.238095
21953358.095238
21859245.714286
22033529.523810
22391112.380952
22283036.190476
21963746.666667
22076009.523810
