48537520.000000
37528122.857143
37189511.428571
33200147.142857
33299915.714286
35437218.571429
33498455.714286
31240032.857143
34114719.047619
32415896.190476
36780660.000000
38473250.476190
35036808.571429
35729679.047619
33336812.380952
36019936.666667
33318550.476190
36540542.857143
33827440.000000
36982306.666667
34690715.238095
34818532.380952
35947343.809524
32586355.238095
33501057.142857
33381774.285714
31933573.333333
33776071.428571
34509793.333333
33202108.571429
36445167.142857
33800260.952381
33861741.904762
33562077.142857
32738420.952381
32132800.476190
34877151.428571
32394899.047619
33515166.666667
35069773.333333
35598960.952381
34463136.666667
33350361.904762
36829084.285714
35064150.952381
31890387.619048
34939640.000000
33621293.333333
32654031.428571
35928078.095238
33972376.190476
34646721.904762
32498938.095238
37501810.476190
35250383.809524
36563877.142857
34311909.047619
34803666.190476
35843823.809524
34973374.285714
35946101.904762
33927979.523810
31875581.428571
33486177.142857
31826180.000000
33617189.523810
34980500.952381
33362993.809524
33653422.380952
32146347.619048
31918844.761905
33800477.142857
35051295.238095
34634310.476190
31598221.904762
34916320.000000
33566082.857143
32145817.142857
33910596.190476
35121056.190476
32580246.666667
31792400.952381
33086367.619048
31208682.857143
31888205.714286
34242018.095238
33300467.619048
34575170.476190
32154280.000000
36076060.000000
32872953.333333
33569794.761905
32047583.809524
32051660.952381
34033404.761905
33120375.238095
35276720.952381
33414066.666667
34567048.571429
31516294.285714
32025716.666667
32851333.809524
32626516.190476
34627843.809524
33532639.047619
35631679.047619
33510994.285714
32162656.190476
32154418.095238
32464349.523810
34819235.238095
33604617.142857
33023804.761905
33161419.047619
35270881.904762
33350018.095238
33122727.619048
32733515.238095
32074931.428571
30508300.952381
33740099.047619
32220174.285714
31981287.619048
34956915.238095
32690116.190476
31432977.142857
31304588.571429
32618886.666667
33670754.285714
34403558.095238
31509551.428571
37340239.047619
36178210.476190
35383941.904762
36972009.523810
33246210.476190
34771003.809524
34193859.047619
33888103.809524
33884260.000000
31753405.714286
34740671.428571
32257671.428571
35681339.047619
34279994.285714
31618788.571429
33848881.904762
32504827.619048
31846117.142857
32881923.809524
33744157.142857
33753142.857143
34314684.761905
32516077.142857
33654137.619048
33813455.238095
33968173.333333
32402039.047619
33357692.380952
32030515.238095
33114247.142857
33859589.523810
34013407.619048
34212616.190476
32317196.190476
33585560.952381
34798380.000000
32311321.904762
32622972.380952
33364902.380952
33155283.809524
34101997.142857
35482502.857143
33754340.952381
32051440.000000
34365142.857143
32835895.238095
31613709.523810
33266992.380952
33735674.285714
32414201.428571
32836798.095238
33589083.809524
33137810.476190
33857748.571429
34383104.761905
33757488.571429
33029263.809524
32650412.380952
34846065.714286
32924682.857143
32117353.333333
35097183.809524
35159369.047619
32813120.000000
33012859.047619
33258544.761905
31734449.523810
33029527.619048
34307213.333333
32736801.904762
32770045.714286
31612350.476190
32048726.666667
32159867.619048
31721200.000000
33101769.047619
34799442.857143
33216398.095238
33724230.476190
32328113.333333
33735841.904762
32293742.380952
32837766.666667
33866714.285714
32971983.809524
32339755.238095
33161233.333333
32330650.476190
33918072.380952
32196305.238095
32885311.428571
33652458.095238
31913152.380952
33546265.714286
33186211.904762
32663560.000000
33600297.142857
34310756.190476
32625568.571429
31194152.380952
32886429.523810
32112907.142857
34066228.571429
28396450.000000
29100452.857143
28843155.714286
30007701.428571
30213545.714286
30638912.857143
30673842.857143
28734531.428571
29466861.428571
30274888.571429
29569647.142857
30027717.142857
28423434.285714
30122322.857143
28953634.285714
32274651.428571
29875197.142857
28916178.571429
29084484.285714
28908567.142857
30044074.285714
29087181.428571
30443632.857143
29428035.714286
30055892.857143
28994937.142857
30045148.571429
31253705.714286
28523954.285714
29529307.142857
28597984.285714
30496512.857143
29180294.285714
30327202.857143
29660022.857143
30117729.523810
35591330.000000
32212298.095238
34823750.952381
33118949.523810
35007004.285714
35224146.190476
32482432.857143
31509145.238095
35334377.142857
34856505.714286
32993659.047619
33409006.666667
31976268.571429
31837252.380952
32062428.571429
32368655.238095
31443438.095238
33098920.000000
31374291.428571
33447026.190476
32364817.619048
32294952.380952
35163762.857143
33674805.714286
32169461.904762
33069232.380952
33673557.142857
34708920.000000
32392730.476190
32301272.380952
32307869.523810
34535310.476190
32404615.238095
33558833.333333
35053039.047619
33538237.142857
34812618.095238
32989691.428571
32377465.714286
33185066.666667
33420710.476190
33638114.285714
35469857.142857
32262763.809524
33992092.380952
31733246.666667
32478389.523810
32586808.571429
35258476.190476
32090335.238095
33674683.809524
34940688.571429
32260363.809524
32584160.476190
32831242.857143
33434075.238095
34649252.380952
34804935.238095
32570285.714286
32480700.476190
33125646.190476
35263341.904762
35210844.761905
31476044.761905
34727508.571429
33684066.666667
33700964.761905
34629156.190476
34424227.619048
32280217.142857
33613504.761905
32383440.952381
33471837.142857
31560486.666667
34489376.190476
35170701.904762
31933673.333333
32672380.000000
35191354.285714
32253749.523810
34319015.238095
33670478.095238
31704559.047619
33089749.523810
32094212.380952
32970414.285714
33089992.380952
35165969.523810
34668414.285714
36435049.523810
36859448.571429
34991816.190476
33756057.142857
35839106.666667
33752907.619048
34388955.238095
32138856.190476
32088201.904762
33590721.904762
31997806.666667
33860793.333333
34467090.476190
35777075.238095
35127848.571429
34849631.428571
34532336.190476
35443927.619048
34854538.095238
35803989.523810
35829133.333333
31773588.571429
32162334.761905
32604810.476190
33107695.238095
35076924.761905
32365511.428571
32888985.714286
32439204.761905
33467641.904762
34510331.428571
32840239.047619
33008563.809524
33423651.428571
32919798.095238
34927715.238095
33482599.047619
31899746.666667
33412479.047619
33960670.476190
31969494.285714
34750989.523810
31871417.142857
33070972.380952
31760585.714286
35058740.952381
34959811.428571
32455998.095238
32531982.380952
33841557.142857
33330318.095238
32931260.000000
31969032.380952
32238340.000000
35416062.857143
32585879.047619
33026753.333333
35084794.285714
32218153.333333
31954188.571429
34620220.952381
33818923.809524
31941235.238095
33342145.714286
33544871.428571
32315470.476190
33404695.238095
32400344.761905
33420467.619048
31387704.761905
33431969.523810
34530277.142857
33579196.190476
32727234.285714
33571574.761905
32472089.047619
31975602.857143
31979070.476190
34493382.857143
34274344.761905
34959109.523810
32229102.857143
32754540.000000
33387586.666667
35053681.904762
34395998.095238
34202526.666667
31854184.761905
31280798.095238
34127682.857143
32134709.523810
32560743.809524
32006359.047619
33438757.142857
32401812.380952
34036957.142857
31982530.476190
32446738.095238
32891103.809524
33825229.523810
34421373.333333
34181252.380952
32274971.428571
35316680.000000
33956811.428571
32281759.047619
31688500.952381
32459490.476190
33648806.666667
32268531.428571
33523552.380952
32132841.904762
31953627.619048
33525665.714286
34049830.476190
31584810.476190
32448071.428571
34187922.857143
32132921.904762
33271435.238095
35189607.619048
32572520.952381
32216370.000000
32619463.333333
31775822.857143
32652808.571429
31951328.571429
31758601.904762
33411123.809524
36702384.761905
34057276.190476
33912777.619048
32356188.095238
31451109.523810
34509347.619048
32044525.714286
32044645.714286
33370785.714286
34666040.952381
32277388.571429
34774920.952381
34316796.190476
33551846.666667
32976086.666667
32548407.619048
32932420.000000
33218981.904762
31990931.428571
34495819.047619
31974200.952381
33131026.666667
31394878.095238
31497840.952381
32950607.619048
32900295.238095
32432494.761905
33908740.952381
34123298.095238
32767787.619048
32329769.523810
32711522.857143
32179620.952381
33804533.333333
33488584.761905
33180326.666667
32666500.000000
32333128.571429
32855377.142857
34898894.285714
33326573.333333
34190805.714286
34016318.095238
34510736.190476
32772479.047619
33733327.619048
33434327.619048
33385707.619048
35010367.619048
32701608.571429
33324153.333333
32904285.714286
32528740.952381
34521296.666667
30449507.619048
31545532.380952
28385072.857143
28932940.000000
29769068.571429
29912188.571429
31837297.142857
31845937.142857
29893804.285714
29865025.714286
32163087.142857
32221908.571429
30435954.285714
29888692.857143
31276745.714286
28886852.857143
30674175.714286
31790734.285714
29607767.142857
29578360.000000
30170190.000000
32220087.142857
29968127.142857
32726033.809524
32179389.523810
32102969.523810
33603582.857143
32635471.428571
32161930.476190
32014228.571429
31116434.285714
32996441.904762
35279775.238095
32429502.857143
33052121.904762
33654800.952381
31819094.285714
32097937.142857
33145038.095238
31154992.380952
33116120.952381
32675758.571429
32236677.142857
31597381.904762
33533621.904762
32141771.428571
34855015.238095
32006436.190476
34643985.714286
32308731.428571
33102826.666667
35453675.238095
32639446.666667
31966155.238095
32566928.571429
32887562.857143
31543206.666667
31465895.238095
32617469.523810
32605764.761905
33619107.619048
32461796.190476
33108308.571429
31883474.285714
33443723.809524
32858400.952381
32312703.809524
32289600.952381
35087622.857143
31826155.238095
32855864.761905
32457176.666667
32945206.666667
32172366.666667
34837176.190476
34584867.619048
31819152.380952
32507177.142857
34127660.952381
34291861.904762
33847600.952381
32217964.761905
34546865.714286
32586335.238095
32588717.142857
34669952.380952
33196438.095238
32468859.047619
32078525.714286
31880560.952381
32487546.190476
34443946.666667
32555148.571429
34784381.904762
33625799.047619
32061407.619048
33666603.809524
32417883.809524
31809282.857143
31808408.571429
31964844.761905
31707972.380952
34130550.476190
32987850.476190
33751117.142857
33065506.666667
32515824.761905
33680241.904762
33364050.476190
34047007.619048
31855364.761905
34397270.000000
32109010.952381
34168532.380952
34969457.142857
31720126.666667
32278486.666667
34236197.142857
31480187.619048
31895665.714286
32597465.714286
34577539.047619
33279635.238095
31278611.428571
32903171.428571
33914440.000000
33139819.047619
33306267.619048
32069617.142857
33731246.666667
31771121.904762
32365803.809524
34406903.809524
33788544.761905
34128307.619048
32323335.238095
33866636.190476
32998002.857143
31997252.380952
33938237.619048
33721158.095238
32149303.809524
34563707.142857
31806722.857143
33813469.523810
32543261.428571
32108753.333333
32476414.285714
32603351.428571
32054432.857143
32108057.142857
34505475.238095
34202619.523810
33298724.285714
34002798.571429
31599127.619048
32607505.714286
32288968.571429
31597037.142857
32918885.714286
32554581.904762
33219029.523810
33503303.809524
31402746.666667
32409571.428571
31150876.190476
32213799.047619
32801117.142857
33107511.428571
31382979.047619
34150561.904762
31520356.190476
33160528.571429
34378718.095238
31066740.000000
31826835.238095
32990804.761905
31853832.380952
31845212.380952
32988104.761905
32807909.523810
32796311.428571
32479741.904762
34336315.238095
32250438.095238
32351284.761905
31822697.619048
32588762.857143
33423498.095238
32267104.761905
33323322.857143
31745337.142857
32765120.000000
33575725.714286
33494013.333333
32242673.333333
32374757.142857
31919635.238095
33050480.952381
33779188.571429
34967579.047619
32647093.809524
32075002.380952
34447320.000000
33486625.714286
32433231.428571
34613414.761905
35337228.095238
35351091.428571
35162188.571429
35532162.857143
36762546.666667
33655193.809524
33896970.476190
33034494.285714
32083840.952381
33594934.285714
32828873.333333
32409235.714286
32668763.809524
32917766.666667
33959944.761905
33907885.714286
34846520.000000
34218085.714286
32364843.809524
33796605.714286
33742986.190476
33720947.142857
34683161.904762
33846552.380952
32438170.476190
32097566.666667
33215895.238095
34034492.380952
