23935742.857143
22533225.714286
23227228.095238
21960151.428571
21982240.000000
21357677.142857
21464636.666667
21627937.142857
20844307.142857
18601388.571429
18153416.190476
18411660.476190
17939171.904762
20174982.857143
20062247.619048
20086346.666667
20374542.857143
20477902.857143
20231310.476190
20232950.476190
19887647.619048
19992742.857143
19869754.285714
20090567.619048
20046131.428571
20239236.190476
20258139.047619
20332740.952381
20454428.571429
20091822.857143
19927965.714286
20157512.380952
20123868.571429
20214803.809524
20122323.809524
20173186.666667
20303259.047619
20041430.476190
20077609.523810
19866586.666667
19867767.619048
19852278.095238
19962007.619048
20245182.857143
20173590.476190
20062481.904762
20039350.476190
20122891.428571
20181129.523810
19891417.142857
19999620.952381
20140596.190476
20342470.476190
20196369.523810
20250868.571429
20152790.476190
20065169.523810
20111013.333333
20120430.476190
20480382.857143
20275236.190476
20359600.000000
20446003.809524
20183059.047619
20194123.809524
23131885.714286
21811828.571429
21591043.809524
21363394.285714
20940820.952381
20629180.952381
20640424.761905
20387704.761905
20341158.095238
20498784.761905
20449540.952381
20529817.142857
20595860.952381
20476912.380952
20377283.809524
20202725.714286
20389725.714286
20512000.000000
20499302.857143
20403293.333333
20367729.523810
20609596.190476
20422771.428571
20460763.809524
20267333.333333
20257093.333333
20457232.380952
20601167.619048
20479245.714286
20496660.952381
20533480.000000
20384904.761905
20351872.380952
20374788.571429
20195891.428571
20419500.952381
20379112.380952
20720480.000000
20760792.380952
20600535.238095
20655116.190476
20518910.476190
20472085.714286
20339704.761905
20627424.761905
20611560.000000
20532280.000000
20518847.619048
20367449.523810
20470152.380952
20426971.428571
20515350.476190
20538192.380952
20563201.904762
20764561.904762
20482742.857143
20491017.142857
20487969.523810
20323266.666667
20321935.238095
20445403.809524
20709855.238095
20709219.047619
20754659.047619
20622447.619048
20381220.952381
20464897.142857
20364160.000000
20586220.952381
20686984.761905
20661255.238095
20901476.190476
20633994.285714
20679348.571429
20447316.190476
20433382.857143
20571262.857143
20738201.904762
20820321.904762
20767607.619048
20711925.714286
20623539.047619
20528986.666667
20456940.952381
20280632.380952
20522398.095238
20564979.047619
20613106.666667
20560851.428571
20472977.142857
20448950.476190
20424700.952381
20497544.761905
20470413.333333
20518630.476190
20520053.333333
20522285.714286
20587196.190476
20468567.619048
20294744.761905
20352470.476190
20463184.761905
20549474.285714
20328112.380952
20516582.857143
20387081.904762
20551384.761905
20430860.952381
20336175.238095
20342878.095238
20422569.523810
20593291.428571
20543596.190476
20412580.952381
20520944.761905
20291078.095238
20549382.857143
20409213.333333
20596744.761905
20718615.238095
20566758.095238
20710123.809524
20708925.714286
20597723.809524
20347750.476190
20321304.761905
20433849.523810
20746360.000000
20687881.904762
20719716.190476
20962581.428571
20371226.666667
25150249.523810
22973671.904762
21351146.666667
21940507.142857
20984302.857143
20973815.238095
21740570.952381
21320732.380952
21769790.000000
21330035.238095
21140260.952381
21161286.190476
20678312.380952
20789937.142857
21272345.714286
21396946.666667
20763480.000000
21029149.523810
20922011.428571
21400009.047619
20795384.761905
20785024.761905
20799266.666667
20561089.523810
20579360.000000
20664121.904762
20681699.047619
21068039.523810
20586342.857143
20789331.428571
20960280.000000
20649615.238095
20592131.428571
20770303.333333
20578885.714286
20401502.857143
20560205.714286
20868316.190476
20695860.952381
20839445.714286
20649074.285714
20796805.714286
20520464.761905
20537085.714286
20712030.476190
20733426.666667
20670238.095238
20626415.238095
20672921.904762
20736984.761905
20508087.619048
20488049.523810
20292641.904762
21265825.714286
20531434.285714
20710518.095238
20791746.666667
20447038.095238
21122992.380952
20556912.380952
20845443.809524
20830489.523810
21029161.904762
21002089.523810
20944539.047619
20970801.904762
20840380.952381
20720552.380952
21024866.666667
21133110.476190
21201434.285714
20935022.857143
21039226.666667
20737620.952381
20820927.619048
20856295.238095
20768045.714286
20748028.571429
20852590.476190
20917666.666667
21026817.142857
20812049.523810
20748121.904762
20747900.952381
20681737.142857
20881516.190476
20748179.047619
20854788.571429
20817870.476190
20943632.380952
20904805.714286
20920824.761905
20820925.714286
20642192.380952
17180200.000000
18508084.285714
19270653.333333
17106514.285714
18692994.285714
19286795.714286
18795616.666667
18608563.333333
18296238.571429
18731858.571429
18962071.904762
18464082.857143
17852387.142857
17530365.238095
20760255.238095
20660733.333333
20559026.666667
20837344.761905
20792700.952381
20856807.619048
20907438.095238
20888742.857143
21128299.047619
20737864.761905
20863900.952381
20568043.809524
20800805.714286
20722672.380952
20726230.476190
20707601.904762
20555205.714286
20610306.666667
20724554.285714
20913078.095238
20960146.666667
20918786.666667
20939339.047619
20816683.809524
20754175.238095
20455211.428571
20717904.761905
20549270.476190
20733236.190476
20813880.000000
20800321.904762
20848575.238095
20629241.904762
20488270.476190
20594148.571429
20257760.000000
20667354.285714
20646300.952381
20776243.809524
20748259.047619
20687102.857143
20701680.000000
20480158.095238
20569413.333333
20924146.666667
20815340.952381
20859207.619048
20677034.285714
20832064.761905
20691826.666667
20700380.952381
20606921.904762
20299253.333333
20771689.523810
20589900.952381
20726529.523810
20663723.809524
20647560.000000
20817704.761905
20393777.142857
20488243.809524
20581634.285714
20910796.190476
20671535.238095
20640460.952381
20551777.142857
20497554.285714
20548961.904762
20534550.476190
21171902.857143
20860253.333333
20720285.714286
20747276.190476
20686649.523810
20691504.761905
20404129.523810
20523335.238095
20241674.285714
20630660.952381
20842552.380952
20702632.380952
20833529.523810
20577462.857143
20826150.476190
20565685.714286
20636325.714286
20585794.285714
20587834.285714
20805779.047619
20888251.428571
20670771.428571
20730942.857143
20514060.952381
20647409.523810
21123998.095238
20911392.380952
20929411.428571
20852188.571429
20917474.285714
20688493.333333
20690946.666667
20745108.571429
20320445.714286
20776125.714286
20818481.904762
20860819.047619
20870009.523810
20728373.333333
20889422.857143
20859413.333333
20733862.857143
20668668.571429
20998529.523810
20947851.428571
20874798.095238
20819072.380952
20714361.904762
20660925.714286
20592977.142857
20684512.380952
20921521.904762
20836493.333333
20845561.904762
20659649.523810
20731091.428571
20381577.142857
20700902.857143
20455350.476190
20793036.190476
20828982.857143
20790874.285714
20774822.857143
20787356.190476
20570360.000000
20666977.142857
20307693.333333
20642979.047619
20739742.857143
20658556.190476
20782619.047619
20719158.095238
20839761.904762
20546361.904762
20651596.190476
20718304.761905
20861081.904762
20898272.380952
20729377.142857
20888375.238095
20705213.333333
20613407.619048
20837910.476190
20485133.333333
20797400.000000
20592236.190476
20685980.952381
20625518.095238
20697371.428571
20752188.571429
20612327.619048
20557613.333333
20555700.952381
20877512.380952
21008405.714286
20746516.190476
20775725.714286
20634521.904762
20688535.238095
20633554.285714
20847245.714286
20987104.761905
21001628.571429
20915807.619048
20846708.571429
20848280.000000
20663000.000000
20654459.047619
20446689.523810
20808935.238095
20841739.047619
20830278.095238
20919758.095238
20912192.380952
20800826.666667
20818565.714286
20567390.476190
20759032.380952
21016980.952381
20809630.476190
21078571.428571
20832426.666667
20840139.047619
20699828.571429
20701020.952381
20777201.904762
20854249.523810
20828502.857143
20740760.000000
20906485.714286
20817005.714286
20735841.904762
20779043.809524
20390219.047619
20883718.095238
20770704.761905
20846630.476190
20856531.428571
20657826.666667
20775784.761905
20630411.428571
20628975.238095
20551887.619048
20743626.666667
20819451.428571
20757382.857143
20673958.095238
20708348.571429
20733447.619048
20711390.476190
20675179.047619
20941161.904762
20850573.333333
20945630.476190
20701300.952381
20746952.380952
20639761.904762
20573628.571429
20383186.666667
20706318.095238
20739043.809524
20686384.761905
20718756.190476
20733954.285714
20587064.761905
21730116.190476
20345851.428571
20645779.047619
20812160.000000
20639727.619048
20765695.238095
20657729.523810
20719474.285714
20575443.809524
20544569.523810
20514396.190476
20690771.428571
20711304.761905
20557270.476190
20834207.619048
20808161.904762
20536078.095238
20866137.142857
20458954.285714
20820620.952381
20671948.571429
20540447.619048
20675664.761905
20637478.095238
20817992.380952
20759478.095238
20751424.761905
20913483.809524
20900916.190476
20904577.142857
20707230.476190
20742312.380952
20664308.571429
20672761.904762
20684891.428571
20679834.285714
21042379.047619
20978043.809524
20889843.809524
20752704.761905
20741053.333333
20848474.285714
20738036.190476
20619487.619048
20787721.904762
20891895.238095
21048472.380952
20930339.047619
20858123.809524
20770920.000000
20867819.047619
20460994.285714
20612167.619048
20897369.523810
20873464.761905
20997563.809524
20831483.809524
20802619.047619
20838986.666667
20696569.523810
20727923.809524
20923931.428571
20833893.333333
20694091.428571
20943339.047619
20920899.047619
20864512.380952
20940662.857143
20563358.095238
20801297.142857
20743464.761905
20735668.571429
20925340.952381
20643135.238095
20783619.047619
20538807.619048
20604500.952381
20756510.476190
20870120.000000
20955767.619048
20722078.095238
20734560.000000
20632257.142857
20593838.095238
20789272.380952
20838232.380952
21210070.476190
21136247.619048
20958940.952381
21003430.476190
20709927.619048
20740996.190476
20722620.952381
20658495.238095
20914161.904762
21013670.476190
21007470.476190
20765192.380952
20948386.666667
20667908.571429
20768198.095238
20523693.333333
20668220.952381
20942582.857143
20885824.761905
20945920.000000
20809337.142857
20835123.809524
20749055.238095
20677500.952381
20610777.142857
20863750.476190
20830708.571429
20761457.142857
20887843.809524
20973885.714286
20878120.000000
20829259.047619
20546807.619048
20991607.619048
20970811.428571
20843034.285714
21007680.000000
20830544.761905
21395109.047619
21238345.714286
21247489.047619
21542607.619048
21190882.857143
20932765.714286
21895710.476190
20794733.333333
22364995.714286
20817573.333333
21392765.714286
21940485.714286
21283643.809524
21349091.904762
21192313.809524
21416466.666667
20812584.761905
21266422.380952
18009855.714286
18813837.619048
19022451.428571
18919181.904762
18308351.428571
18504393.809524
18849290.476190
18675282.857143
18116299.047619
18571051.904762
18304758.571429
18413077.142857
17875380.000000
18308371.904762
17796208.571429
20371553.809524
20617634.285714
20806198.095238
20867520.000000
20644011.428571
21139037.142857
20887049.523810
20743820.952381
23179020.952381
20472493.333333
20974297.142857
21241993.333333
20966737.142857
21414223.809524
25975474.285714
22231984.761905
22090121.904762
21836820.952381
22257900.952381
21470699.047619
22128832.380952
21544598.095238
21452954.285714
21330144.761905
20915059.047619
21255878.095238
21033640.000000
21528260.952381
21570110.476190
21487207.619048
21372746.666667
21305287.619048
21355064.761905
21098066.666667
21093066.666667
21214070.476190
21378428.571429
21505186.666667
21361552.380952
21442809.523810
21288956.190476
21349805.714286
21245426.666667
21202083.809524
21329514.285714
21434834.285714
21511902.857143
21434752.380952
21453304.761905
21314630.476190
21248952.380952
21262339.047619
21436480.000000
21555472.380952
21372931.428571
21355083.809524
21376672.380952
21202598.095238
21335895.238095
21139169.523810
21541346.666667
21431984.761905
21250598.095238
21319140.952381
21176857.142857
21181832.380952
21102693.333333
21035255.238095
21141678.095238
21391062.857143
21519201.904762
21508979.047619
21415085.714286
21097651.428571
20872028.571429
21122186.666667
20914714.285714
21356967.619048
21328260.952381
21321740.952381
21356822.857143
21201520.000000
21174880.000000
20983392.380952
20936700.952381
21313840.000000
21280960.000000
21367304.761905
21299304.761905
21313495.238095
21036129.523810
21190192.380952
21007590.476190
20970041.904762
21236129.523810
21311142.857143
21281712.380952
21213961.904762
21149643.809524
21106097.142857
20996420.952381
21009064.761905
21154137.142857
21290097.142857
21057167.619048
20962645.714286
21088474.285714
20982388.571429
20966927.619048
20720028.571429
21276121.904762
21317144.761905
21099011.428571
21227055.238095
20958186.666667
21009664.761905
20850693.333333
20727788.571429
21004038.095238
21113283.809524
21216546.666667
21256102.857143
21220668.571429
21108116.190476
20836152.380952
21067605.714286
20926657.142857
21151773.333333
21174371.428571
21157548.571429
21248807.619048
20967643.809524
20989272.380952
20821188.571429
20738683.809524
21042354.285714
20980893.333333
21086198.095238
21074973.333333
21047434.285714
20921388.571429
20847005.714286
20814720.000000
20736104.761905
21064441.904762
21045280.000000
21231834.285714
20961384.761905
21024245.714286
20867521.904762
20941230.476190
20807331.428571
20925641.904762
21103007.619048
20967186.666667
21002262.857143
21052744.761905
20900095.238095
21002478.095238
20743485.714286
21156171.428571
21177855.238095
21085266.666667
21283510.476190
21123720.000000
21170192.380952
21103245.714286
20894649.523810
20936899.047619
21142828.571429
21235420.952381
21245542.857143
21175899.047619
21169542.857143
20852257.142857
21005440.000000
20902626.666667
21231731.428571
21444350.476190
21195127.619048
21271405.714286
21128449.523810
21114647.619048
24021900.952381
22258076.190476
22742803.809524
22222794.285714
22014196.190476
21686028.571429
21750784.761905
21485163.809524
21422514.285714
21485394.285714
21393161.904762
21613182.857143
21549763.809524
21567836.190476
21472419.047619
21375241.904762
21208986.666667
21203074.285714
21058567.619048
21337521.904762
21370264.761905
21450720.000000
21421064.761905
21268163.809524
21078312.380952
21157680.000000
21095531.428571
21314697.142857
21520912.380952
21424097.142857
21441590.476190
21268377.142857
21225777.142857
21260529.523810
21091931.428571
21356339.047619
21362409.523810
21429213.333333
21397342.857143
21220731.428571
21163321.904762
20816516.190476
21204830.476190
20847400.000000
21412586.666667
21446472.380952
21291529.523810
21348346.666667
21190504.761905
21130251.428571
21050466.666667
20925668.571429
21390904.761905
21391645.714286
21355758.095238
21293988.571429
21427386.666667
21270283.809524
21165975.238095
21079295.238095
21071666.666667
21217784.761905
21233784.761905
21252158.095238
21362194.285714
21115062.857143
21158434.285714
20981447.619048
21130161.904762
21328474.285714
21249720.000000
21168380.952381
21142862.857143
21151969.523810
20949453.333333
20922299.047619
20973845.714286
21000847.619048
21135068.571429
21012146.666667
21119390.476190
20810870.476190
20858140.952381
20898727.619048
20767080.000000
20870729.523810
20929377.142857
21205270.476190
21152369.523810
21001179.047619
21085453.333333
20716472.380952
21017076.190476
