1650
822
745
896
935
599
561
538
741
588
545
530
651
580
570
952
585
970315
1035
928
965
773
686
971154
968
623
686
596
556
982479
929
614
550
698
734
958068
921
605
569
697
846
965027
1214
834
724
585
1115
968362
972
615
557
700
715
974026
874
777
862
1076
724
962147
771
749
601
3297
1398
939086
1042
1083
610
1416
734
18010
945314
903
708
593
558
969795
878
601
743
2115
725
942941
844
1158
995
752
716
938052
1415
834
593
738
751
25110
943010
903
1028
619
547
932270
945
918
1066
743
690
970208
1050
966
814
564
966
23125
984942
968
752
589
700
979708
6049
850
791
603
561
1051320
952
1127
629
594
780
1029985
915
12967
774
742
738
1056406
952
1040
626
783
660
1082918
870
3788
746
606
695
1079769
902
8353
881
606
703
1044521
970
1235
752
685
587
1057311
905
2204
1000
1025
596
1044573
880
9856
919
617
711
22934
1158033
5751
772
764
602
1153311
866
6199
910
611
570
26269
5480
1090919
904
600
698
22099
1077603
895
1108
1061
688
26504
4704
1133970
872
607
707
22882
4865
1094109
893
603
707
23448
6914
1071012
789
780
611
1095897
944
1126
623
580
801
1105582
1135
625
695
594
697
1085576
1603
940
863
710
944
1072011
1015
1132
610
574
575
1082292
960
624
562
705
735
1082375
1243
891
564
701
729
1136088
1268
913
581
682
710
1134517
962
618
567
686
600
1081004
1144
634
556
739
587
1152536
996
855
582
704
718
1052366
985
1116
925
567
835
1060343
1274
835
561
656
764
1065347
955
812
596
546
1076
1067827
1188
996
600
587
713
1070387
1133
618
572
699
585
1130673
1319
813
556
687
704
1064889
1044
1015
617
675
722
1101293
1178
908
569
692
590
1059894
1269
941
560
720
713
1078823
1237
890
1357
701
612
1101919
1160
931
573
583
1898
1098116
950
1220
618
557
720
1076017
1205
949
561
589
719
1069168
1195
826
564
711
829
1072951
991
975
606
545
539
1059527
909
1163
612
577
812
1130570
982
847
555
689
725
1072962
1131
653
708
591
1121
1064748
1073
837
722
693
583
1069981
1338
849
571
1051
732
1072018
904
615
557
706
745
1064011
1216
831
576
576
1102
1122801
1186
865
553
715
716
1077711
1004
875
601
552
571
1111543
1251
860
1286
1608
757
1067493
762
758
609
562
596
1092760
1181
840
575
872
738
1070325
972
797
593
546
537
1072103
1197
814
574
715
735
1059452
1225
917
566
697
709
1060846
930
611
561
690
750
1078569
833
955
606
578
584
1056148
1290
905
573
573
825
1091562
1199
837
565
735
747
1061501
1122
753
560
697
753
1079564
1183
826
570
694
776
1069628
895
1155
608
767
694
1062129
1329
627
557
709
735
1088882
998
829
555
776
835
1117449
964
1052
611
760
717
1080916
802
765
606
1182
728
1054371
1239
906
558
695
747
1077725
987
846
563
705
711
1081920
1039
1105
609
1092
592
1094832
1080
843
557
691
726
1063902
1243
864
560
691
760
1104812
1308
884
572
1378
723
1104717
1280
851
559
573
676
1058131
1353
635
555
722
826
1159397
1330
824
577
697
723
1128707
1042
1087
610
576
851
1178863
968
609
725
599
700
1047438
966
1134
625
604
719
1062663
1316
635
558
703
622
1087835
1198
906
563
571
851
1069880
1345
646
558
687
820
1147772
985
1177
605
548
988
1072933
1297
888
563
576
739
1105919
1197
871
575
711
726
1080810
1198
868
566
683
703
1082217
1000
826
572
737
845
1081165
995
1065
598
549
1178
1119867
1431
1016
575
1089
697
1064873
1199
841
559
702
718
1104154
925
1146
617
561
1164
1105116
966
1124
628
638
839
1109992
1193
932
567
694
723
1133629
1152
638
554
683
599
1128831
1014
1146
622
549
725
1096353
1195
822
560
715
779
1102333
1138
1172
592
757
712
1121680
1142
645
559
679
583
1146204
1194
825
573
684
734
1082030
1282
629
552
758
859
1068028
1266
774
823
731
723
1096560
908
1121
611
550
1088
1081091
1175
860
575
776
801
1087947
970
836
610
553
539
1192525
929
624
574
688
729
1121973
1178
851
557
685
724
1119804
1196
926
561
640
729
1105306
996
1180
623
711
728
1105697
1309
868
565
597
825
1127225
1183
831
559
725
726
1118319
1197
810
559
706
727
1108709
1098
915
568
752
716
1114603
848
1164
888
595
545
1106647
931
608
932
706
718
1145954
992
636
555
696
725
1088972
956
823
594
1025
697
1077985
1004
1137
610
547
704
1091410
1354
639
560
668
701
1084701
1190
914
561
704
756
1128448
786
748
743
586
590
1132212
1290
852
555
588
767
1134957
1325
893
572
578
784
1069761
1254
903
556
711
734
1079413
1309
834
815
741
725
1070848
1178
829
559
680
729
1127666
1283
945
751
601
710
1103972
903
1125
616
548
543
1099127
1151
709
559
693
589
1068252
1211
780
604
549
577
1077323
1169
820
576
696
728
1081682
1190
935
571
707
708
1130341
1003
808
563
724
721
1071773
989
1144
628
548
546
1114083
1274
809
572
700
717
1068367
1147
1079
575
576
821
1074428
1143
637
558
680
606
1078598
939
607
692
686
1039
1080038
937
1023
598
552
689
1107055
939
601
556
705
720
1064557
1268
865
559
697
716
1106564
1013
1144
613
545
715
1092104
991
1175
609
552
1121
1066324
1215
915
558
628
695
1084772
1142
657
554
685
594
1071023
922
1135
606
555
693
1077589
1176
809
566
700
747
1119622
1286
893
570
692
725
1080017
1182
888
574
654
850
1071065
1149
931
557
701
711
1068440
1319
847
559
724
718
1123562
1238
901
582
711
737
1059104
1033
1121
619
580
859
1072311
1163
915
577
655
859
1076287
1033
1086
632
576
662
1064056
1292
920
557
699
712
1080822
1146
866
1148
613
1043
1068356
1172
851
570
689
724
1110296
1175
799
598
678
731
1116599
913
621
550
691
723
1074615
1252
919
562
588
741
1125434
1095
1088
576
738
751
1069563
1265
852
571
735
720
1128465
922
1113
631
547
912
1113714
1574
659
580
702
727
1128695
1328
862
561
706
713
1123193
991
807
595
977
716
1095300
942
842
604
558
554
1112805
1275
815
559
687
710
1107471
1194
830
571
680
742
1059534
924
1085
934
553
1055
1084842
985
875
559
794
862
1117873
1161
664
576
691
615
1131071
1298
824
571
586
850
1108000
1076
785
573
708
720
1110307
1321
819
555
684
731
1068751
1311
869
555
651
747
1074232
1191
724
584
746
718
1059677
1218
914
566
574
847
1074590
978
1044
598
691
707
1063700
1150
881
723
713
719
1096754
1261
882
569
709
719
1079382
1079
843
573
694
714
1077360
970
1004
613
547
691
1069758
1138
932
575
711
790
1081245
1124
1155
605
723
736
1069452
1154
911
561
693
712
1074844
1143
649
560
689
711
1061131
993
1305
626
595
770
1108222
1181
923
568
690
710
1109018
1240
862
870
694
689
1122725
1034
1355
649
549
859
1106674
1072
1111
630
582
715
1131407
987
624
758
592
591
1094508
1251
922
563
712
718
1075122
936
771
601
551
1152
1071294
982
810
573
692
785
1066480
1068
812
565
809
857
1105996
1208
857
580
691
790
1059053
1227
925
561
699
716
1065202
1073
866
574
708
735
1068344
1203
886
561
643
847
1106422
1033
1212
643
549
1067
1122392
1192
785
566
831
775
1085966
759
735
604
548
568
1061473
930
623
558
685
723
1122154
1145
912
578
670
835
1109087
1136
635
555
689
613
1170349
1010
1038
626
551
1157
1056416
1253
860
574
687
739
1062294
1229
907
565
693
729
1065943
1259
938
565
704
707
1056709
1299
714
564
702
755
1096489
915
620
706
611
906
1069806
1152
634
560
590
719
1087600
1081
805
560
790
853
1061717
761
755
593
549
908
1070755
849
747
592
550
550
1058749
1233
835
569
578
659
1064239
1163
910
564
706
758
1067431
1019
774
591
591
584
1077233
1557
645
558
573
1033
1108646
1144
631
555
691
593
1071620
1517
903
958
613
757
1071862
1183
914
564
692
722
1074362
1225
919
577
704
1394
1069465
1235
812
804
591
806
1057257
982
1166
629
560
1187
1070391
1028
825
556
688
730
1068220
955
1139
619
548
1139
1103042
1224
915
579
576
761
1068381
1159
1057
587
711
719
1106225
955
897
709
609
1215
1086452
933
1112
607
555
1225
1073993
899
620
568
702
597
1092563
1288
660
554
691
727
1078979
922
618
560
740
949
1070474
1260
630
571
705
810
1084373
1043
1164
621
548
1394
1074964
938
615
556
726
970
1062692
1313
835
570
602
1122
1125607
820
738
598
564
566
1064563
1006
1214
617
581
725
1078962
1755
832
565
719
1154
1062386
994
629
561
703
749
1070025
1043
849
590
549
953
1090542
980
822
561
842
709
1066770
1153
899
577
690
712
1083563
1192
919
571
585
826
1055564
1292
844
573
587
705
1060818
1096
842
576
2391
769
1082093
931
617
556
700
946
1090811
953
1065
615
578
707
1103982
963
888
571
640
820
1065797
816
1061
608
553
539
1070611
1190
831
574
673
816
1067130
925
609
570
707
957
1069909
1265
642
560
685
617
1165675
985
982
1193
740
604
1110185
1308
643
745
883
743
1054480
1148
623
1245
828
711
1108296
928
613
822
1016
606
1108546
955
878
967
595
714
1064268
1624
1234
1780
772
2871
1069229
1184
605
571
980
1775
1064191
1271
827
707
934
1503
1078397
928
623
720
623
1572
1058912
964
900
1084
1257
758
1093818
1142
797
772
596
648
1063544
927
618
572
862
770
1066972
1045
907
1055
589
588
1079906
957
894
565
772
717
1130444
1165
982
599
593
872
1083413
1044
889
983
721
720
1079309
1031
608
572
811
1519
1079014
1099
918
1023
725
683
1106158
1221
611
573
1454
1718
1038598
918
804
623
945
1991
1061298
911
672
724
644
1536
1071182
1107
783
585
848
1972
1104791
910
628
1108
788
730
1081659
1104
615
571
1136
1565
1099619
983
822
556
634
689
1076032
1123
803
607
551
2533
1122704
916
1108
2573
1083
722
1059962
1050
808
734
673
711
1047202
1189
802
1560
1020
711
1121137
1174
926
578
745
716
1032311
1025
848
602
550
1008
1061484
1269
833
565
701
714
1097119
1230
837
1450
746
693
1113826
926
1112
626
841
694
1065292
1069
2003
836
703
731
1035342
2024
687
574
966
596
1049550
1186
832
575
717
842
1025352
833
776
592
554
1199
1056822
1073
802
559
682
725
1058873
1234
909
579
590
784
1035716
1166
856
574
697
836
1082505
1304
834
559
686
753
1074123
1289
844
574
726
709
1136135
1304
825
558
717
767
1066461
853
1001
596
547
704
1052534
1286
857
575
688
719
1147637
938
1056
928
555
971
1137521
936
616
564
689
605
1176114
1155
806
975
756
712
1098276
1197
625
553
708
730
1097543
993
812
599
560
543
1108145
935
635
560
725
716
1153796
1247
910
563
711
729
1130027
1282
858
573
695
647
1107428
1575
654
558
705
720
1096748
1033
1298
640
1128
699
1098442
1213
904
575
686
723
1129063
1291
647
571
695
808
1198149
989
1204
636
607
726
1092482
1091
1212
625
560
1173
1090534
1292
862
560
688
710
1072588
1355
644
567
680
846
1101148
1030
1135
621
562
1145
1122881
1189
900
728
662
687
1077607
1123
839
707
747
698
1081202
1210
848
549
572
734
1092539
1242
848
582
607
693
1078820
1319
891
619
743
984
1108578
943
606
567
704
729
1077291
998
1129
747
698
683
1066933
979
840
557
687
605
1077955
847
975
599
560
1192
1111658
1230
918
574
690
721
1058606
1208
915
568
694
718
1076645
1002
624
566
717
735
1066726
1021
1082
846
1366
719
1120421
1273
815
578
703
716
1080497
1222
913
560
708
714
1069627
1188
855
560
679
728
1060946
1188
927
572
695
721
1082680
1052
1139
607
716
707
1051682
1068
833
562
850
868
1086443
1227
837
572
704
715
1059660
786
755
587
1176
725
1069637
1011
1007
615
550
1455
1078640
1063
793
560
698
594
1201423
1203
915
575
571
819
1142172
792
834
1005
720
707
1145703
1160
921
579
716
711
1057829
1246
981
563
695
718
1070295
1601
899
566
736
702
1107309
1035
814
567
714
792
1076452
1180
815
560
691
726
1077835
Xput: 5545
