25554791.428571
22764489.047619
22229519.523810
22330432.857143
23444184.285714
21382028.571429
21515137.142857
21709397.142857
21073543.333333
20022610.000000
19838115.714286
19882824.285714
20599614.285714
19740488.571429
19548128.571429
19840229.047619
22446523.809524
22660918.095238
22671640.000000
22325940.952381
22243969.523810
22424116.190476
22525173.333333
22555348.571429
22801578.571429
22302476.190476
22405691.428571
22457948.571429
22279912.380952
22964948.571429
22721527.619048
22695754.285714
22694944.761905
22487055.714286
21505706.666667
21884620.476190
21126380.952381
21091363.809524
21524453.333333
21051417.142857
21111948.571429
20709281.904762
22425379.047619
22171906.666667
23647569.523810
22971527.619048
23761352.857143
23367758.095238
23211394.285714
23095464.761905
23315120.000000
23455390.476190
23310304.761905
22966196.190476
23022876.190476
22901561.904762
22842017.142857
23116716.190476
23211506.666667
22754889.523810
22834293.333333
23025969.523810
23128072.380952
23038965.714286
23233862.857143
23178659.047619
22620960.000000
22016493.333333
21647220.952381
22046210.476190
21611007.619048
21590167.619048
21442312.380952
21474575.238095
21507788.571429
23412841.904762
22494737.142857
22946428.571429
23009044.285714
22690072.380952
22594499.047619
22483443.809524
22657914.285714
22858051.428571
22785958.095238
22470219.047619
22749453.333333
22831510.476190
22653508.571429
23018817.142857
22949881.904762
23017561.904762
22839251.428571
22466280.000000
22477920.000000
22519003.809524
22552451.428571
22747350.476190
22966598.095238
22993706.666667
21910822.857143
21945880.952381
21681066.666667
21683718.095238
21841367.619048
22804010.952381
22527126.666667
22741122.857143
22809015.714286
23128507.619048
23051588.095238
22859341.428571
23523440.476190
23448950.000000
22881198.095238
23615568.095238
23134651.428571
23154466.190476
22593828.571429
22599860.952381
22708394.285714
22818283.809524
23340666.666667
23036927.619048
23682971.428571
23639773.809524
23672149.047619
22966034.285714
23332049.523810
23158070.476190
23554842.380952
27591901.428571
23053828.571429
22448451.904762
22268748.571429
22248351.904762
21941312.380952
21977177.142857
21817043.809524
21821384.761905
22169460.952381
24615172.380952
22967200.000000
23022156.190476
22980544.761905
22827881.904762
22800457.142857
23072687.619048
23078213.333333
22780314.285714
22834577.142857
22748801.904762
22907750.476190
22793796.190476
22993173.333333
22774860.952381
22769150.476190
23072363.333333
23179681.428571
22848487.142857
22610251.428571
22446544.761905
22562038.095238
22499826.666667
22705451.428571
23029300.000000
22171809.523810
21819348.571429
21679491.428571
21802095.238095
21608784.761905
21476775.238095
21505110.476190
21684902.857143
21503419.047619
22354571.428571
22402942.857143
22730070.476190
22867043.809524
22665400.000000
22566283.809524
22789146.666667
22991127.619048
23432982.857143
22614571.428571
22729588.571429
23071415.238095
22776584.761905
23437024.761905
23039721.904762
22809838.095238
23209148.571429
23066407.619048
22839190.476190
23099207.619048
22836790.476190
22737672.380952
22575641.904762
22938980.000000
22478727.619048
23253271.904762
21489841.904762
21765613.333333
21619537.142857
21763925.714286
21291072.380952
21677259.047619
21256158.095238
21982179.047619
22837939.047619
22438038.095238
22630758.095238
22805765.714286
22797840.000000
22749401.904762
22585432.380952
22478655.238095
23009607.619048
22957428.571429
22683280.000000
25020178.571429
22667367.619048
22970167.619048
22835030.476190
22934876.190476
22729419.047619
22906131.428571
23094946.666667
23259017.142857
23073243.809524
23083142.857143
25397961.904762
24385619.047619
23833280.000000
23208546.666667
22712470.476190
22610057.142857
22403043.809524
22403866.666667
22275819.047619
22560727.619048
22120083.809524
23473472.380952
23317504.761905
23455685.714286
23387563.809524
23247657.142857
23265868.571429
23227845.714286
23049506.666667
23186824.761905
23126411.428571
23144910.476190
23103428.571429
24923636.190476
23013064.761905
22905735.238095
22977857.142857
22923609.523810
23037510.476190
23064003.809524
22882194.285714
22903693.333333
23059241.904762
23219815.238095
22977203.809524
22400182.857143
22101062.857143
22050308.571429
21990883.809524
21901384.761905
22042603.809524
21892550.476190
21865967.619048
22173226.190476
18859494.285714
19358002.857143
20080527.142857
20620051.904762
20372520.000000
20122534.285714
20320343.809524
20462505.714286
21363298.571429
20382813.809524
20892345.714286
20494042.857143
19477970.000000
23035607.619048
22938906.666667
22837320.000000
23225502.857143
23296358.095238
23163718.095238
23266270.476190
23113994.285714
22826120.000000
22956323.809524
22893828.571429
22939335.238095
22171952.380952
21922209.523810
22064872.380952
22144500.952381
22266651.428571
22165464.761905
22302535.238095
22263801.904762
22376224.761905
23267384.761905
23073798.095238
23041371.428571
23031761.904762
23204485.714286
23344984.761905
23468304.761905
23393085.714286
23345171.428571
23288594.285714
23178369.523810
23134184.761905
22919047.619048
23098956.190476
23248607.619048
23091057.142857
23169590.476190
22972194.285714
25982376.190476
23080196.190476
23274036.190476
23108000.000000
22970590.476190
22957360.000000
22652139.047619
22026805.714286
22087186.666667
22198897.142857
22058891.428571
22179664.761905
22125300.952381
22037342.857143
21933630.476190
22976584.761905
23078466.666667
23258160.000000
23176571.428571
23076994.285714
23382346.666667
23266750.476190
23180617.142857
23145255.238095
23183552.380952
23206047.619048
23106329.523810
23257920.000000
23168156.190476
23348792.380952
23498817.142857
23081817.142857
23194847.619048
22978567.619048
23011051.428571
23031047.619048
23204527.619048
23122990.476190
23205697.142857
22974539.047619
22221297.142857
21844434.285714
22173740.952381
22309687.619048
22037451.428571
21848996.190476
21942910.476190
21833411.428571
22507243.809524
23020742.857143
23086266.666667
22877062.857143
22857430.476190
22877251.428571
23040483.809524
23290057.142857
23223230.476190
23164493.333333
23057022.857143
22992369.523810
22943373.333333
22917236.190476
23138918.095238
22835853.333333
22836870.476190
22890630.476190
22931260.952381
23326785.238095
22875630.476190
23103472.380952
23148973.333333
23111672.380952
23153771.428571
22326746.666667
22218891.428571
22123744.761905
22234647.619048
22021241.904762
22035895.238095
21899980.952381
21974908.571429
22107798.095238
23049624.761905
22966594.285714
23321889.523810
23250979.047619
23178862.857143
23318201.904762
23112493.333333
23184710.476190
25677600.000000
22792062.857143
22861512.380952
22657064.761905
22762830.476190
23133080.000000
22907043.809524
22870314.285714
23128230.476190
22954373.333333
22964807.619048
22953600.000000
22981384.761905
22878043.809524
22936321.904762
23099841.904762
22569628.571429
22045952.380952
22076824.761905
24727489.523810
22233019.047619
22186262.857143
21979784.761905
21983628.571429
21958346.666667
23001521.904762
22911767.619048
23243231.428571
22926104.761905
22837055.238095
23023843.809524
22870988.571429
22826746.666667
22810868.571429
22963761.904762
23090676.190476
23071000.000000
23373700.952381
23197028.571429
22968068.571429
23029167.619048
23073310.476190
23199897.142857
22911902.857143
22879457.142857
23075973.333333
22696411.428571
22956613.333333
22974481.904762
22813805.714286
22080165.714286
21663641.904762
21827914.285714
22239417.142857
21896203.809524
21750219.047619
22014720.000000
22007451.428571
22247268.571429
22698064.761905
22726754.285714
22744118.095238
25666069.047619
23077554.285714
23029379.047619
23102548.571429
23098750.476190
23218165.714286
22991704.761905
23067361.904762
23100733.333333
23281129.523810
23104893.333333
23216634.285714
23149828.571429
23174594.285714
22960091.428571
23039422.857143
23043990.476190
23022702.857143
23147815.238095
23036634.285714
23059280.000000
22251030.476190
22103641.904762
22194893.333333
22308160.000000
22014137.142857
22062474.285714
21975369.523810
21903580.952381
22099897.142857
22860148.571429
22956767.619048
22802068.571429
22941588.571429
23045592.380952
22961502.857143
22830455.238095
22789196.190476
22732403.809524
23042956.190476
22746024.761905
22853767.619048
22716137.142857
22805270.476190
22786824.761905
22789443.809524
22640361.904762
22833958.095238
23021582.857143
22923881.904762
22973123.809524
22743386.666667
22906746.666667
22767051.428571
22547754.285714
22172007.619048
22355651.428571
22267687.619048
22159899.047619
22084060.952381
22127363.809524
22105240.000000
21999070.476190
23134121.904762
23119666.666667
22992982.857143
22866580.952381
22863135.238095
22890192.380952
23065630.476190
23026982.857143
22886643.809524
22926689.523810
22902712.380952
22877878.095238
22882428.571429
22834171.428571
22876196.190476
23002929.523810
22770346.666667
22763533.333333
23036961.904762
22941824.761905
22801274.285714
23096024.761905
22992243.809524
23021657.142857
22823361.904762
22266805.714286
21889192.380952
21922419.047619
21990659.047619
21963615.238095
21953394.285714
22027438.095238
22124438.095238
22581619.047619
23071032.380952
23038881.904762
23395930.476190
22970190.476190
22827451.428571
22829777.142857
22756577.142857
22810396.190476
23043028.571429
22886430.476190
22730840.000000
22812112.380952
22750721.904762
22742937.142857
22901980.952381
22742434.285714
22815704.761905
22897034.285714
22802424.761905
22729316.190476
22843137.142857
22854047.619048
22664003.809524
22705116.190476
22080529.523810
21886740.952381
21839801.904762
22098739.047619
22153899.047619
22153222.857143
22030278.095238
22073638.095238
22315521.904762
23071470.476190
22990979.047619
22956788.571429
23013662.857143
22945394.285714
23237615.238095
23193836.190476
23332295.238095
23493963.809524
23467868.571429
23143396.190476
23312546.666667
23214460.952381
23206910.476190
23300041.904762
22898148.571429
23013224.761905
23109175.238095
23165672.380952
22991840.000000
22853921.904762
23044716.190476
23167440.000000
22985826.666667
22660579.047619
22137125.714286
22314731.428571
22411137.142857
22251866.666667
22350198.095238
22193120.000000
22199579.047619
22538721.904762
23267672.380952
22964356.190476
22821441.904762
18830615.714286
19352925.238095
19799000.000000
20111598.571429
20475862.380952
20065619.047619
20741453.333333
20103411.428571
20865835.714286
20364774.285714
21470152.857143
22494315.714286
20949425.714286
21799289.047619
21592867.619048
24621344.285714
24971794.285714
24690118.571429
22830791.904762
24110427.142857
24585420.000000
22713084.285714
23865082.857143
24693537.142857
21997710.000000
20213744.761905
19741307.142857
20927644.285714
20107034.285714
20603104.285714
20604352.380952
19386315.714286
20942168.571429
19832744.285714
23352384.285714
23044651.428571
21617828.571429
23651690.000000
24763466.666667
26095201.428571
26719720.000000
26684906.190476
24780923.809524
24679641.904762
26171490.952381
24551363.809524
25482640.952381
26337918.095238
26464910.476190
26203706.666667
26190240.952381
24438740.952381
27663082.380952
24337266.666667
25836103.333333
24306942.857143
24376175.238095
26600269.523810
24317657.142857
23326411.428571
22701194.285714
22579613.333333
23007140.952381
22731487.619048
22909083.809524
23014049.523810
22994417.142857
23406811.428571
24126457.142857
24015689.523810
23986843.809524
24437704.761905
24699460.000000
24142584.761905
24059914.285714
24521805.238095
24317604.761905
23923400.000000
23771146.666667
24192064.761905
24319872.380952
24205737.142857
24028192.380952
23767977.142857
23680064.761905
24450631.904762
23752121.904762
23964731.428571
24725007.142857
24783622.857143
24206891.428571
24052769.523810
22995925.714286
22921030.476190
22671274.285714
22953502.857143
22918550.476190
22753607.619048
22894268.571429
22704963.809524
22927601.904762
24049927.619048
24086942.857143
23744053.333333
23642340.952381
24382786.666667
23811895.238095
23753996.190476
23696916.190476
23792266.666667
23651297.142857
26523179.047619
23727156.190476
23812034.285714
25197480.952381
24446674.285714
23927660.952381
23746786.666667
23730043.809524
24321944.761905
23740712.380952
23948152.380952
23892217.142857
23630586.666667
23914565.714286
23072931.428571
22342363.809524
22433320.000000
22806091.428571
22591582.857143
22606154.285714
22504200.000000
22680874.285714
22238624.761905
23788695.238095
23701097.142857
24626784.761905
23830556.190476
24464057.142857
24276438.095238
24155280.000000
24111735.238095
24004859.047619
23899329.523810
23775401.904762
23801127.619048
24044838.095238
24078920.000000
23950396.190476
23937579.047619
23930571.428571
24551914.285714
23955889.523810
23827051.428571
23795767.619048
24201190.476190
23724091.428571
23821323.809524
24013516.190476
23119872.380952
22845348.571429
22661561.904762
22806436.190476
22755653.333333
22724278.095238
22559160.000000
22694121.904762
23501409.523810
25841156.190476
24128925.714286
24317285.714286
24624706.666667
24439205.714286
24069142.857143
24062718.095238
24101255.238095
24308784.761905
23945510.476190
23831973.333333
24135068.571429
24357937.142857
23999455.238095
24068125.714286
24474289.523810
23949064.761905
24374106.666667
24076417.142857
23897371.428571
23812777.142857
24637384.761905
24233592.380952
24256342.857143
23148066.666667
22762068.571429
22683116.190476
22908920.000000
22817750.476190
22708940.952381
22806211.428571
22611038.095238
23001805.714286
23945569.523810
23899249.523810
23903885.714286
23793222.857143
24037600.000000
24039952.380952
26465449.523810
25977744.761905
26033457.142857
24206379.047619
25130227.619048
25596586.666667
25289590.476190
24918158.095238
24269480.000000
25847097.142857
25491361.904762
28707300.952381
24336411.428571
25449068.571429
26132409.523810
25968696.666667
23693912.380952
26716095.714286
23422674.285714
22706335.238095
22807228.571429
23221881.904762
23114131.428571
22942914.285714
22784900.952381
22811121.904762
22447529.523810
23873306.666667
23815792.380952
24149415.238095
23829144.761905
24186269.047619
23735620.952381
23801552.380952
24027081.904762
24338351.904762
25703971.428571
24841074.761905
25735133.333333
26314794.761905
23707253.333333
26305607.142857
26037354.761905
25361225.714286
24221285.714286
24036344.761905
25530437.142857
25396205.714286
24198447.619048
24107386.666667
23822127.619048
23690674.285714
23178352.380952
22490485.714286
22551493.333333
22763904.761905
22588868.571429
22468940.952381
22444691.428571
22710215.238095
23171780.952381
23708121.904762
23725379.047619
23470666.666667
23490049.523810
23586232.380952
23291580.952381
23258674.285714
