1948
889
1057
969
623
1052
1033
617
730
866
1378
886
570
1278
620
841
560
403724
855
972
91861
719
1005
381547
6973
750
983
571
960
559625
788
756
23011
919
1073
426427
27536
777
126878
936
59485
134876
232125
1316
1099
915
734
282506
174832
900
1068
761
1032
230559
237233
1721
950
595
895
321820
247163
1494
784
1316
621
201851
310848
1262
786
1015
1006
250007
194979
782
6227
935
1061
283795
210847
1960
863
734
1246
225062
281047
902
1067
630
1029
103362
452278
1437
758
606
1036
37988
301585
882
83024
921
1046
130479
348382
1025
741
1031
1031
120143
346482
1343
652
862
1450
193945
288672
1397
775
1007
613
81910
383829
976
1053
648
986
165572
238205
926
1073
47279
792
128549
275517
934
1059
14447
1230
82140
483384
1028
1051
898
1080
11304
427123
1209
766
615
1691
93132
460954
1047
1101
611
575
111633
436797
965
621
3635
770
57581
326136
1476
779
1225
642
272076
549753
1319
1012
573
938
132833
453136
788
980
573
1423
261531
298453
1090
1004
584
824
348500
272997
1346
1102
635
1186
181795
446407
939
1070
1053
627
146461
395610
1038
1156
607
1349
19492
379291
1392
927
711
1047
236102
341697
1423
771
1009
628
122790
378175
1688
786
1242
1037
238455
207914
946
1032
611
882
277436
253609
1594
677
715
905
255397
193456
965
1049
627
1307
211893
434675
1591
731
940
1036
128255
337526
1132
1293
751
1025
85522
445644
815
740
1259
1174
618
375115
1678
689
1007
617
70219
400806
1257
1027
1046
611
978
515610
857
1090
759
1010
714
390575
1037
1099
1459
754
593
550147
1053
1028
603
1327
764
613245
1117
1092
1272
771
700
421236
1221
1412
1023
1084
623
445950
877
1316
822
726
1001
428214
819
750
924
930
97890
323602
107652
818
1040
609
110329
312757
1298
1034
973
901
217592
285401
80713
1250
775
1230
233516
127153
102626
1240
653
860
194319
146726
77082
1250
762
1215
214626
244626
95254
1249
915
715
219131
161106
172180
1214
777
1024
87699
227816
205777
1143
845
743
110640
179978
187511
993
1042
608
862
206092
286169
802
1060
902
51570
13502
425311
1250
778
1224
23249
1225
482903
1256
1396
1269
760
1005
530706
1734
799
1204
616
863
440636
794
716
1043
10434
934
506946
1223
913
1409
786
988
433803
919
1100
1058
76547
770
478343
823
1493
774
134139
936
229892
773
1044
643
142576
1177
466205
1240
783
1026
58371
1222
348026
1251
1069
960
66356
1237
427557
1273
783
1024
624
982
407046
1239
931
736
14809
1239
486800
938
645
1026
37892
1213
468067
1752
1087
727
1022
913
542694
1253
1113
906
1009
610
570116
836
1208
627
1011
630
405188
1313
657
1324
798
1002
499605
1890
806
1053
1016
615
418671
1698
1047
1030
626
980
418528
1767
1032
1289
1047
622
427697
1736
1088
754
616
966
454389
1770
687
1051
603
693
448264
1364
836
715
1014
597
477721
1222
1135
727
1120
731
436580
803
1010
1540
747
1006
426237
1523
1101
1048
718
1001
548534
1323
1074
1295
763
992
409286
1744
1107
1080
613
979
379660
816
787
1254
1052
621
524353
1960
800
1008
730
994
389103
958
1098
1066
634
605
596318
969
1103
643
2101
697
382404
996
1216
633
1007
1017
538844
1759
1034
1070
627
859
539897
1670
1120
745
610
1037
448290
1684
868
1060
741
1039
482412
1731
1077
763
718
905
631950
1189
1036
1047
611
1023
568322
1438
775
926
1020
907
554156
1325
1135
949
1029
625
583486
835
1042
756
1021
736
486938
1089
771
1054
612
993
605479
1705
1183
1057
1002
719
435256
1657
994
1088
625
969
384537
1726
807
1056
1026
603
519720
1580
1133
757
640
1392
381748
1700
1006
1045
759
611
480183
1748
817
972
1079
610
525002
1026
1143
802
1022
803
488265
999
1094
1034
636
1018
429818
1634
1066
1025
607
972
598693
1005
969
1059
641
1016
498135
1563
1073
1028
610
1377
374065
863
1219
1076
909
743
580357
1830
1003
1025
631
1012
428510
784
1473
1071
619
666
593795
977
1135
753
1411
630
395491
963
1169
1061
1051
1012
540092
1762
1233
1076
736
1034
511636
1664
1145
785
612
970
567183
1274
779
1240
614
990
481940
1430
930
902
1032
902
602049
1378
888
1016
764
1034
486984
1263
763
594
941
974
527744
888
1317
631
1024
596
528466
789
1107
760
1005
618
434423
1707
816
1030
760
1014
608631
1685
781
1025
1026
637
430641
1648
965
1027
747
1011
430328
1654
1305
986
841
640
495726
1447
1061
786
726
1005
500592
1736
678
1170
743
618
443122
1445
968
1245
1098
761
429193
1201
1139
626
868
915
507724
831
1589
1090
788
1032
391647
1772
1035
1035
635
1005
590564
1078
641
1060
743
1022
462328
1329
1324
1066
632
977
441784
1061
1115
1111
1032
619
537693
1744
1123
1056
630
986
456273
842
1324
1044
613
679
608423
862
1588
832
1029
619
470823
1013
1082
739
1037
1013
630317
1708
1287
1080
631
994
513639
1916
1302
778
709
1001
357855
1660
670
1043
754
1047
401823
1405
1566
777
718
909
492054
1030
761
1132
642
1062
494969
1285
776
714
1058
890
475934
954
1073
740
1033
616
507153
1171
1100
769
1027
607
320552
1623
832
1048
737
1008
501198
1485
1080
1486
1059
800
583999
1380
810
1008
627
1003
460300
1454
657
1037
1014
614
552220
1670
951
899
997
1003
531818
1394
912
1369
716
585
507751
1086
849
615
1255
789
421335
956
1070
976
869
1036
500979
810
1201
1155
733
1000
503508
1275
954
1427
778
1030
500519
1422
1806
1101
626
1061
399907
1402
1165
1081
623
1022
392403
1361
775
1076
1016
621
494578
1482
763
1010
741
1001
320595
1119
1122
1077
617
677
633005
986
1096
760
1035
737
417651
973
1291
629
1033
1026
487388
1310
789
1407
649
1014
423910
1753
971
858
1094
1052
394894
1670
811
1237
744
1000
358847
1417
1028
626
689
895
512735
1160
792
1145
928
1034
515230
1444
788
713
1066
893
499449
986
1098
991
1040
603
541271
1341
1100
730
1026
615
463500
1269
1483
1084
761
1003
548969
1677
1051
1077
1004
605
510973
1382
1082
1059
620
1449
397075
1702
983
1051
917
708
583933
1919
1063
652
894
992
545720
1286
724
1931
795
599
544024
1760
863
629
1048
624
474367
1277
1124
731
1020
1022
474349
1053
1072
1006
802
1018
466890
1676
1035
1041
732
1000
521933
1012
1006
1068
859
1023
454638
1388
745
1445
797
1017
438136
998
985
1068
1036
618
626716
1249
705
1583
1033
1012
372218
802
1996
1075
693
692
523769
1275
1077
622
1050
609
345496
1160
1092
767
1024
999
560981
1984
796
1061
624
983
532526
1663
1072
754
632
986
474068
1534
779
1055
733
1001
386240
1372
1055
635
676
860
522656
1214
875
1070
939
1044
534008
1367
791
709
1026
889
517500
920
1238
641
1143
727
545975
1955
1722
775
1020
612
314050
1631
902
1367
785
1005
458468
1702
1056
1049
1005
617
473564
1303
782
1206
764
993
424447
1948
810
1032
1030
624
467585
1669
1305
659
598
1025
364624
1832
809
1008
600
683
447296
1197
779
618
1317
779
412416
1405
1066
615
1254
609
558924
920
1475
1285
749
1307
440848
1690
788
1229
756
1013
627658
1058
1560
1113
634
1181
406186
1428
1109
1042
616
863
377300
905
1094
1061
900
693
615808
1412
802
1541
758
1023
366404
1300
1189
1055
606
767
540968
1041
1123
754
1034
743
437390
1302
1103
755
1039
1023
583597
1449
791
1203
625
998
439521
1385
972
744
620
1013
494715
1299
775
1261
614
989
393787
1271
1056
950
11446
1233
533203
806
706
1067
24356
1227
467278
1253
774
614
19341
1189
488739
764
1230
748
11318
1291
513137
1060
1180
768
1010
606
415860
1230
680
1194
127805
1230
467393
1276
766
1239
147888
945
308163
1259
642
2355
69433
1255
268666
1269
650
1041
24667
919
437811
1256
1048
938
143901
1220
291480
1215
758
1036
119935
895
405361
1232
671
709
167321
917
334782
938
1041
614
105785
927
436305
796
1103
1039
163269
1246
329291
1281
773
1035
109596
1301
415933
981
742
1055
73702
1239
408473
1272
800
1035
125538
1199
315218
938
965
1177
245935
806
359977
1276
653
996
120152
1216
319155
905
1066
1216
114278
888
479521
796
1057
762
88193
914
259169
787
1134
771
119533
1210
403652
1262
784
1255
120305
1199
291804
1244
1059
941
198774
1222
253296
1238
779
1231
139498
1224
281892
1245
1050
983
275766
1234
219659
969
635
1031
357890
1241
124306
1261
662
598
446314
1193
99729
935
1104
731
441618
921
171487
786
1065
926
308152
929
68964
1199
657
1350
394855
1220
96012
1225
780
1016
396601
923
26617
1256
653
1186
426900
1720
1052
1048
623
853
359812
1408
780
1074
911
692
603863
1274
764
1220
634
1458
357965
1196
1066
1253
643
9804
555741
799
1050
754
1037
27402
354489
794
1078
630
1023
149964
370979
1713
798
1141
620
49290
394915
1487
1047
736
619
116518
380953
1684
791
1049
622
266110
138016
1660
1068
817
704
360663
104558
938
12210
1252
680
269545
270503
1244
769
609
913
208788
331725
955
1076
640
1046
12322
589880
824
1042
615
1050
7486
389931
1543
675
1004
762
102748
389126
1286
1113
1359
943
573
416685
1353
663
1008
748
12456
348518
2153
818
1183
911
192677
259198
1277
931
572
1212
124418
285573
1760
818
1244
635
150020
353875
1078
770
609
855
169641
297575
1287
1091
626
1370
153422
307777
817
1038
2121
744
80748
397496
1338
773
1234
623
34506
512605
1035
929
1098
872
1164
575279
1311
780
1250
630
978
371614
928
1785
1096
930
709
524584
1501
778
1013
616
25810
313712
1277
1101
937
703
12448
508725
1097
1084
631
1261
766
353529
803
1095
726
1010
890
565151
1374
1034
1061
626
877
442972
1671
1110
769
719
1004
550850
1789
882
1142
742
1012
393571
1673
1073
939
608
68240
442495
1233
760
1042
621
39858
544170
1637
1236
633
1017
915
477298
941
1076
938
1058
611
547928
862
1442
935
1031
721
407573
1381
860
1048
663
1046
565172
1290
783
1224
1020
611
391286
1705
1003
1034
621
1014
370727
1245
882
1067
1188
690
552536
1759
936
1068
740
1001
469052
1681
1019
1040
730
610
505817
1213
635
885
1267
784
472895
1084
1037
613
1089
742
503408
999
1071
1020
860
1379
477587
1966
850
1038
620
975
439377
1402
649
1104
777
1008
344793
1683
1049
1066
631
1009
447434
1376
769
1056
1044
623
612317
1667
1033
1040
632
961
396910
806
1127
1127
619
605
497472
1110
1106
628
1026
762
410674
997
1047
634
1089
928
508589
1497
1115
1058
626
873
395739
1352
1089
746
719
1023
356112
1706
1037
1065
616
999
388400
1404
944
1217
761
1010
483502
869
761
1038
945
1044
543154
1423
771
723
1025
893
435399
958
1088
730
1027
617
596784
1065
1059
951
1040
607
370036
1523
1096
1041
755
1002
493952
1710
1048
1044
1005
615
385696
1666
1029
1042
732
1024
329268
1295
661
1093
1043
624
490075
1451
1055
756
603
1377
447357
1249
715
1713
1127
611
505022
1871
824
729
1050
737
465393
1189
1117
762
1030
635
408790
862
1104
1050
617
1022
435140
1935
786
1039
625
979
483738
998
649
1013
1087
3552
455756
1710
808
1062
619
854
332272
1084
1127
1071
1027
607
497109
2038
969
1068
734
1002
401220
1019
1590
1175
763
600
540513
869
1048
628
1439
770
358022
861
1497
778
1049
1009
499220
1674
1022
1134
741
1005
382783
1343
1198
1071
729
1028
467383
1806
842
1359
723
1008
429760
2180
1085
754
860
89449
425232
1322
762
1043
814
92133
365929
1747
806
608
886
58317
439513
944
1105
728
1013
608
568485
1035
1144
990
1053
607
395674
1686
674
987
755
16977
453500
1542
1101
1057
950
580
410478
1775
1074
1037
604
992
394465
1784
712
1210
1025
615
449639
1765
1384
761
749
1004
481071
1562
863
1223
614
584
421152
1478
817
924
1024
624
462659
870
1060
773
1035
637
419256
1028
1060
916
1466
1054
529379
1716
801
1239
751
1025
612735
1064
946
1063
652
981
470140
1699
1032
1032
616
988
460020
1339
796
1033
913
793
690359
1756
807
1036
629
18721
495612
937
1402
927
708
598
563276
883
1374
784
1000
608
363151
1133
1061
768
1043
988
463878
1795
1097
1056
618
966
543930
1898
1101
641
673
1001
500704
1779
1097
1042
621
969
485313
1273
1036
964
747
886
570401
1500
1021
1075
744
1027
498141
1364
1589
1000
1041
911
534568
2073
1143
806
986
693
540374
1284
1079
644
1024
749
353892
1728
679
1047
764
1003
528168
1342
674
884
1127
1443
452059
1617
1113
1050
621
961
405239
1267
658
1243
1040
615
550473
1284
1047
637
951
1014
497363
1313
756
1008
627
11549
509341
1049
768
598
1139
5985
534614
1318
1104
626
877
1262
489934
1266
1105
1057
757
1006
484712
1783
1123
1034
615
976
578462
974
646
1097
1322
1079
518381
1733
1116
1072
627
1111
527782
895
978
1134
1056
674
762452
1247
955
1178
563
912
463506
913
1304
1254
751
583
643292
1042
1064
619
1026
932
397309
971
1120
742
1080
1002
641887
1690
1078
1044
625
875
438101
1754
1156
755
596
1030
479159
1688
912
1080
730
993
446257
1791
1078
753
730
1019
482286
1254
906
1477
758
986
411293
1486
653
598
1036
878
437648
1285
1146
624
1396
577
532718
1390
1109
737
1027
747
442772
1717
1118
1356
655
1339
556861
1680
796
1123
1007
613
395761
1269
787
1222
766
1041
458297
1689
1004
1270
916
571
487792
1653
1475
1016
747
1031
537973
1710
1279
1061
632
690
494767
1468
942
603
1066
636
491666
1376
1095
622
1460
630
436282
1252
1084
1024
753
1003
510614
1286
779
1218
745
998
522626
896
797
1218
784
1015
426579
1456
783
1044
730
1015
334497
1155
1030
1312
932
703
583078
1707
1052
1040
755
1022
510092
837
1387
1033
678
698
692238
1297
1214
635
1069
625
404026
1055
1037
775
1042
996
533956
1750
1234
1077
740
1010
456761
1418
1056
755
713
1373
513301
1417
722
985
963
1036
379636
1719
1125
634
702
892
520714
1453
786
1033
723
1076
530660
1270
806
925
1035
899
482613
1071
1249
748
1038
609
547567
1007
1163
763
1043
622
373314
1668
933
1026
775
996
636151
1472
759
1050
1013
615
517349
1756
1008
1066
737
989
434395
1276
782
1056
919
702
539906
1463
1063
624
596
1001
474775
1491
671
1712
650
607
543590
1452
641
608
1464
777
516660
1245
1071
725
1040
604
475052
1361
1120
1033
778
998
494392
1533
1131
1104
620
973
545438
930
1455
1085
639
970
380911
1485
787
1042
615
1022
413204
1020
751
1024
937
595
564655
1698
1007
1076
644
1372
345775
1197
1098
921
611
691
629419
1167
1124
752
1046
636
480246
951
1132
615
1027
1019
474711
1821
1244
1073
735
1016
433396
1706
1198
626
600
1052
439880
1760
1058
1045
738
1025
375896
1730
1068
767
740
1014
485209
1053
832
1087
944
1032
566940
1268
787
730
1020
898
553732
986
1111
614
1234
604
439758
958
1461
794
1041
631
400004
1734
1131
1078
608
986
533920
1800
1098
1048
1016
607
470777
1715
1005
1046
735
1003
460141
1444
1079
1064
1032
618
476249
1758
1164
872
730
1032
474515
1360
658
1053
617
775
561435
1749
818
763
1044
620
546551
875
1041
618
1018
626
480907
1022
1256
1257
627
1022
461228
1770
1093
1067
605
965
542212
922
681
1070
617
1035
403907
1819
994
1049
624
860
386008
1109
888
1265
1058
628
545098
1478
775
1012
727
1008
381212
852
1846
1082
632
701
555533
1054
1755
831
1042
607
414584
875
1075
765
1013
1032
550803
1936
1088
1054
737
1014
416390
1560
1062
757
619
1006
447621
1524
660
1588
747
1016
406587
1350
1036
616
764
870
468408
1064
827
1044
741
1011
517815
1869
816
734
1027
890
437502
1183
1106
958
1009
607
515926
934
1163
698
1744
989
340634
1257
799
1024
764
1000
612435
2048
1136
1047
1033
605
476321
1407
796
1113
616
972
460712
1305
959
1042
1198
616
479902
1711
1112
704
770
894
500467
1283
789
1241
642
685
505460
1466
781
755
1039
620
509309
888
1082
610
1057
977
521970
853
1270
1078
731
1034
503632
1720
798
1237
764
1017
588033
1379
1038
1255
768
1015
353170
1831
1079
1046
629
1402
429241
942
1135
1182
1078
620
570625
1711
1036
1052
727
1005
413094
950
1068
1059
626
693
486212
1258
1686
1059
1041
602
394502
986
1754
996
1045
1014
499856
1739
1302
1082
607
865
424669
1786
1158
769
743
1009
433124
1270
810
1757
875
1000
405470
1401
1112
872
733
1028
494095
1301
1120
1045
624
1030
463316
2000
820
736
1045
900
500586
1132
1342
734
1029
606
537182
813
1454
739
1029
717
405182
1705
825
1038
629
1312
601495
1780
814
1026
1034
606
434108
1491
786
1035
610
1032
435594
1580
866
1013
1024
625
563109
1346
1065
746
623
986
617384
1372
782
1200
643
698
518119
1158
770
611
1050
732
518372
1061
1045
769
1016
747
532289
874
1716
1039
622
983
441681
1580
1128
1077
620
985
600351
1048
742
1252
880
1008
479241
1235
794
969
913
1009
397131
1215
1139
1074
940
710
573900
1785
1322
1069
626
967
443628
842
1379
1039
936
624
558225
1089
1540
935
1052
630
460581
1314
1216
921
1041
895
612035
1224
936
1121
631
1041
422512
1802
1355
780
731
1013
456230
1568
1193
1472
623
969
430745
1658
1061
751
713
907
574589
1329
1271
1182
753
998
542843
1744
851
717
1039
909
469595
1238
1119
949
930
580
468292
870
1276
710
1023
753
335800
1715
1258
1071
622
1033
617431
1765
1105
1081
1026
613
635128
1782
1051
1035
614
977
455053
1433
1005
1670
1049
629
551825
1347
944
984
602
1031
528593
1786
1108
1076
746
613
509873
1519
998
622
1048
748
579183
830
1057
626
1019
746
533587
1078
1588
1072
750
1022
548402
1554
1086
1039
728
1002
622210
1233
1253
1064
625
1019
473590
1722
971
1068
609
869
448106
1297
785
1226
1201
633
642390
1768
1107
1028
618
989
460081
848
1337
1046
621
719
580052
1049
1043
627
1463
728
422244
1229
1204
742
1253
1005
643732
1720
1113
1076
613
855
614674
1538
1072
767
752
1003
487540
1301
772
1236
641
978
397668
1826
1101
763
727
895
510668
1008
641
1044
741
1023
554953
1259
787
704
1045
903
515293
1215
1215
755
1047
624
517729
1099
1070
949
1056
617
408418
1502
820
1056
744
1003
603275
1744
1057
1056
1018
618
415660
1722
1061
1373
651
1001
414568
1479
784
1178
917
705
564548
1368
933
1096
607
1022
558634
1793
857
1045
633
594
425151
1432
843
738
1075
626
488573
1484
1116
620
1362
958
424684
1057
1050
1055
761
1023
423947
1790
1052
1041
618
987
481818
1452
789
1046
623
1013
317570
1374
1261
1041
622
1006
381773
953
732
1059
890
737
596405
1587
1025
1258
625
1041
431420
1063
1085
923
819
691
545217
1061
1147
758
1033
622
500477
839
1102
632
1030
906
748315
1602
1060
1080
630
853
490780
1760
1131
915
722
1020
608221
1772
678
1134
631
1045
385581
1764
1160
772
765
892
468771
1318
1139
1274
748
1019
557915
1768
1111
769
1017
909
517342
963
1651
980
1072
608
511955
1023
1609
802
1014
725
448957
1399
812
1031
618
1386
595471
1395
949
1026
1028
618
509926
1419
652
1318
758
1017
502478
1671
1041
1050
992
722
516455
1695
1086
764
608
998
658649
1472
761
1030
619
693
592759
1670
860
1335
1061
607
448510
862
1059
627
1021
738
531373
1016
1194
1026
729
1002
472757
1687
1009
1031
741
1019
607921
1008
1215
1048
700
1034
441957
1656
1124
1053
645
984
468136
1066
1332
1126
1033
976
528360
1343
711
1286
758
1011
332197
845
2423
971
702
606
602464
792
1235
704
950
873
348228
1245
1133
629
1206
892
547216
1718
1230
1054
627
867
499647
1310
2185
816
634
992
525316
2218
821
1051
739
1008
413117
2394
1211
1411
1182
922
526229
1492
762
1272
749
993
592015
1294
678
770
1051
890
602966
787
1287
753
1037
619
504688
861
1383
765
1041
607
381663
1260
1792
1055
915
1029
600479
1704
1048
1046
885
585
542432
1271
780
1044
616
980
459136
1421
768
1199
921
711
530472
1306
1049
640
661
1007
538623
1709
1058
1028
746
604
491473
1423
831
614
1424
772
445497
1043
1392
734
1042
622
457517
795
1096
1022
625
969
458662
1711
1018
1035
824
1009
614169
1052
1068
1066
640
899
449774
1504
1082
1039
643
864
440831
989
1160
1267
1065
623
549581
1264
912
1109
731
1004
378328
945
1076
1041
639
599
576785
879
1385
621
1312
727
413889
829
1380
741
1028
1049
642047
1282
767
1043
612
982
543499
1345
1217
965
630
1165
544425
1764
825
1165
769
1014
459051
1704
1151
752
897
883
530307
1210
1103
1074
648
1155
466006
1948
1070
935
1022
888
529171
927
1331
737
1060
612
588959
1308
1161
748
1054
600
483871
1665
870
1798
779
1009
546525
1173
723
944
978
586
587390
1647
624
1588
699
936
499670
1732
1044
1061
910
588
428139
1738
1087
1155
627
1030
540383
1452
676
1030
635
599
476450
1426
797
613
1026
751
414155
889
1293
967
1041
736
526249
895
1317
1021
784
1003
490804
1299
790
1373
632
1012
494500
959
644
1143
1084
1030
433957
1758
789
1208
633
1012
448516
802
737
902
1175
766
585685
1484
783
1021
732
1000
434973
973
1120
1041
721
604
500033
1159
1224
1078
1063
736
303693
1041
1092
736
1040
1019
640787
1462
790
1018
617
1209
525358
1398
3293
1125
733
912
536366
1563
787
1015
601
984
441662
2291
1293
957
754
1016
500064
1434
652
1318
621
1029
523064
1417
929
619
1048
1014
506335
1283
1102
730
1016
758
547704
1027
1594
757
1147
733
451802
1421
897
1047
610
1009
467968
1296
787
1246
1002
622
444051
1747
1032
1043
627
977
316937
1836
1014
1164
1013
618
482810
1263
1039
631
1079
1019
509004
1676
800
1021
618
690
441210
1503
1442
768
1223
742
515750
821
1131
609
1179
782
413671
1375
1149
1171
911
1054
380359
1712
1081
1059
628
992
547214
980
1162
1312
777
1024
405414
1790
1057
1070
631
1030
376423
834
1320
1108
1048
634
567543
1293
762
1019
755
1010
378292
890
1101
1053
747
611
546498
785
1037
622
1257
769
379456
1072
1198
788
1011
1007
499287
2103
1192
1434
621
850
367224
1703
1465
759
727
903
488615
1363
1047
1023
573
964
371132
1273
1072
987
735
1029
414359
1000
642
1025
664
1068
484568
1526
1094
740
1035
896
427934
993
1114
745
1020
970
612516
822
1380
761
1049
624
309570
1325
672
1263
781
1003
526225
1397
1853
1091
1016
618
485331
1250
919
882
576
1034
363855
1460
766
1039
889
708
470583
1793
1088
1195
639
972
534810
1259
764
1241
752
603
555197
1184
777
753
1230
749
502569
1387
1082
618
1552
628
473623
1152
1137
1006
620
1026
554463
1668
825
1429
887
990
455523
1074
1112
1069
726
1030
412643
1371
764
1014
629
996
338843
1168
1203
1225
1030
746
508259
1713
831
1123
739
1015
437295
1205
1213
1241
756
600
546029
809
1526
637
1029
727
441926
1059
1047
980
1061
1003
580367
1276
769
1205
642
859
491312
1713
1083
754
733
992
523416
2231
1040
1067
626
984
262827
1594
957
769
747
1018
472717
991
646
1000
614
1029
561819
1267
771
717
1023
903
526041
777
1465
758
1072
604
577830
861
1408
577
1336
643
371834
1664
1003
1280
634
996
637366
1270
763
1026
1037
616
427943
1583
867
1209
749
1012
471639
1369
772
1051
904
679
527193
1860
1117
750
616
973
455410
1318
726
1390
736
610
515605
1487
845
750
1051
628
480572
1212
1166
732
1030
602
556205
1272
1110
1031
742
1009
507567
1504
654
908
702
1946
466736
917
589
1329
736
936
351442
1574
1039
1058
632
972
349002
817
917
1141
1228
616
479743
1804
1084
1046
629
1031
383388
944
1132
952
714
604
527070
890
1331
771
1033
722
357204
1041
1098
758
1036
1022
661590
2110
908
1377
887
863
386126
1420
1257
769
725
1016
375366
1705
1096
1120
635
856
389657
1330
939
893
724
1011
503122
1436
658
1017
614
1242
501146
1463
884
990
1047
918
442259
1656
1153
763
1045
614
472625
831
1879
775
1018
616
424763
1906
830
1033
648
1308
516282
1777
1125
1155
1035
944
445018
1783
901
1286
742
986
397883
1779
1061
1300
915
709
520257
1451
948
3099
1995
2370
382833
1632
1065
1313
866
711
499569
1465
1122
594
1078
611
509935
1173
988
575
1110
814
595293
915
957
955
571
954
517121
2717
827
1139
625
962
547611
877
1149
1051
784
1039
496417
1258
776
1232
749
1012
351467
864
1492
1289
984
750
477887
1687
989
1055
618
1000
435415
1258
1124
919
708
613
614478
824
1234
784
1174
746
332732
983
1052
672
1101
910
576425
1682
1060
1122
611
1028
467059
1779
1194
975
628
979
389466
1358
1276
1047
616
976
406548
1766
944
873
733
1012
373185
1000
652
1648
782
1016
486119
1748
1252
777
1044
923
521810
1000
1081
952
1063
728
536055
1088
1055
757
1048
617
352671
1128
986
1242
779
999
659320
1314
648
1036
5113
658
680296
1244
641
1533
72904
1238
322272
1261
819
1023
92302
919
364384
1234
1048
951
212790
1218
256842
1226
766
1029
111132
899
388645
1080
796
619
237903
924
221212
770
1047
625
230168
925
293279
804
1033
1251
393326
1244
118600
1648
762
1215
470910
1124
124143
902
582
1213
398841
1240
111172
1258
648
1031
273023
1209
87270
813
774
1188
386380
784
92191
1250
761
1013
333644
1721
813
711
1032
912
418853
886
148194
800
1057
632
400838
954
1257
1615
1112
625
380103
1178
59834
1258
786
1041
472461
1261
764
1055
1006
617
501406
1205
8966
1258
672
1412
345970
1242
56334
1271
1039
630
386670
1249
99282
954
642
1041
389862
1224
91118
1244
790
728
381942
1167
76605
763
1117
745
352168
777
191178
835
1023
948
269142
909
51136
1194
800
1053
402702
1256
98208
1270
780
1032
419460
925
15605
1254
776
1025
430174
1273
768
1232
658
863
434904
789
16794
1279
921
571
640576
1443
1106
1098
761
1019
398431
899
22020
1070
780
614
519039
1132
1068
629
1012
728
332863
926
6616
934
1045
1013
458512
1694
810
1210
638
1691
403347
1725
1160
769
720
1039
460663
1248
3971
1542
650
1364
453766
1212
13275
963
753
1177
464105
791
131803
1261
650
1108
284979
1210
103270
786
1118
1058
387460
698
210482
798
1094
636
346084
929
126023
829
1205
759
330598
1199
201762
1249
798
1229
331216
1216
111733
1202
109271
933
236492
1229
112159
1232
106899
1237
209273
1225
68219
1240
121880
933
340352
1228
103907
779
150954
1211
229133
1213
106544
1212
91111
891
314896
1185
106608
760
127185
925
231197
772
163102
931
45237
927
299985
761
1198
1061
216419
1207
310975
1250
855
1052
182832
1208
433386
931
758
1061
78032
1221
402301
1246
788
1229
26452
1252
352244
967
726
1034
45908
780
447081
1377
1118
1071
762
1002
379821
919
1108
934
128808
752
435650
740
978
705
75336
851
302642
853
970
713
57566
1128
499218
1251
774
1223
45779
1215
387315
1240
1045
953
13416
1215
532674
1902
1032
1054
623
1952
415205
1574
1090
756
708
1044
558533
972
643
1268
829
1020
573105
1417
1099
1237
1076
1020
404527
1300
1117
619
894
570
534976
1551
1399
858
1036
621
360679
1329
1120
1082
974
1332
576399
1643
803
1500
1003
610
427331
1725
814
1142
723
992
439962
1298
770
1034
915
45820
518011
1468
951
590
1048
1020
435099
1390
769
1177
629
692
489409
1498
957
610
1275
633
497118
Xput: 12265
