1963
885
1059
639
1358
1068
1009
612
669
892
561
1169
984
899
868
1129
1117
1985
8739
9407
6135
936550
33690
6059
4392
7608
11430
4141
978660
7328
8019
929124
1154
620
34683
5488
7874
7210
2398
10577
989704
6929
944169
988
1111
1037
35613
970927
1287
653
1191
4305
18718
10902
708
11167
3235
10300
1003079
2317
2253
11846
7530
5650
989006
4330
971785
1334
779
1005
30969
973694
1255
770
1034
1908
27393
4525
8707
3454
10967
1890
1009331
1005375
1180
707
950
663
26842
8242
1147
11155
1288
10073
980599
7530
6027
2056
9642
6571
1075602
6743
1233
10605
3515
9926
2095163
963
752
2172
3451
2050
27380
1041685
987
1083
641
5218
23265
10102
1706
1061023
1243
797
32601
961
9289
2595
11673
3049
1073920
1045775
1496
675
992
609
35513
7612
4544
9172
3428
10181
1073074
4478
1042303
1124
629
646
39162
7924
1091310
882
1393
589
34353
7422
1095
9508
8791
1031371
32624
6076
5037
1033734
932
1061
1120957
1280
907
1338
1157
1461
29096
5884
1059084
1035
1071
618
22114
1034576
979
765
1372
2660
25918
1062680
1717
672
1047
1994
1060366
1443
794
631
5671
1041
19727
1073542
1275
657
980
4701
1120852
988
730
919
1043
2407
20068
1087938
807
1066
612
4020
1064589
1587
659
1518
3049
4672
12046
1050669
1751
801
6197
788
28528
7322
6391
6216
8396
1053389
36257
3146
8663
5774
11989
7663
1043094
3996
2679
10400
1029788
907
35073
8295
1652
1084093
1229
658
35116
7940
1672
9846
6409
9648
1113884
7333
5223
3424
8789
7916
1074291
5326
783
11064
1056877
1256
25315
7801
2344
1068868
1232
774
1095117
789
1049
848
1035
1014
34917
6510
6618
1092188
1273
777
35615
7797
2326
11398
7928
6612
1108475
8009
1235
11916
7683
6902
1049809
7394
2923
9408
8023
7682
1098292
8236
1092328
1017
765
1036
33966
8276
9010
1067374
930
1095
30139
9460
783
9965
6039
1035247
38555
5731
3609
10356
8638
8229
1072931
3962
6773
1142263
1226
663
39347
5204
13089
1023
1055
10730
1104689
9673
1418
11006
1072994
1190
36941
3207
13696
929
1024783
939
32682
7073
1365
12584
6463
10599
1053547
1031713
1062
1072
618
1021
1088120
1762
667
1287
3600
1104
1096205
1350
1112
819
1030
739
24246
1058281
1239
1356
743
608
23892
1049917
1776
793
1054
609
1070872
1171
1122
1387
775
711
1068629
1119
1529
835
1218
639
1062197
870
2053
854
631
1052
1059963
831
939
1155
744
1252
19459
1037115
1175
1097
616
1063
18099
9766
8066
1084692
1230
781
28399
2669
10882
4194
10973
3265
1053021
1037358
1759
689
1009
763
20286
9479
2870
8978
6355
8386
2087934
1293
1296
1075
885
695
21377
6920
7776
7863
3679
10984
1088628
5492
7979
4142
13639
2189
1057551
5866
9026
1886
8175
10411
2103999
1273
787
1153
1037
620
28475
8542
1093044
966
1086
620
28537
1703
8575
6063
10276
1018375
34389
1028237
1328
773
1057
617
27553
7494
6117
7308
6158
10011
1060688
2644
10924
7887
6088
9302
1049024
3447
10082
3533
1015634
929
35070
1694
8563
4947
10261
1025701
29010
6202
7694
6185
4925
12433
1053378
1039842
1725
822
1099
632
30765
5100
5271
9873
8440
1055258
32629
1561
10740
2213
11557
8387
2098707
1341
1148
907
1007
700
1132724
1695
1049
629
1023
717
1079379
814
1662
766
716
1026
18364
8090
9522
1078969
921
1095
30418
1040764
1305
1101
621
859
1075420
1441
1048
747
1010
610
1053407
994
1120
604
1077
1026
17615
1085376
1565
1035
1059
614
27378
7069
1035748
832
1098
1024
1076169
925
1094
1150
838
692
1054772
1350
1131
653
1053
623
1114663
1294
1067
942
740
1470
1050643
1379
879
1905
988
1016
1078981
1761
797
1050
1378
634
25148
7467
4474
4722
12698
3408
1076610
5723
5681
1051784
1252
1018
38139
4841
3355
11825
6679
8585
1051621
8192
1060365
1224
1112
918
30718
1060026
1528
659
1188
744
32415
6849
6685
8537
3657
9740
1041862
8362
795
10358
13110
6723
1059416
10183
1040280
1261
762
1034
46585
992198
2301
829
1053
633
51901
9242
16859
11904
17351
12174
1078963
1004468
1220
6026
1259
798
41160
10929
13368
18494
9459
17930
1107149
10032
11585
7428
7925
8827
1025634
8253
4746
7817
7615
11472
2105929
1197
805
1016
620
1040
34590
1018959
1093
1086
627
1383
33643
9041
3041
1070365
1235
777
31225
6212
7104
8598
9639
3666
1072311
1045114
1741
672
1021
761
35736
6583
1025755
973
1076
1084
36260
8610
1085251
1088
838
756
31877
7564
1099574
979
1070
630
26117
9427
5969
7866
8186
1077453
36610
10729
4648
1028852
803
1065
1082916
2043
777
1042
900
687
24222
8484
1043900
976
1096
614
27904
1045925
1778
1147
1111
733
25880
1063984
1719
799
1028
614
1118829
1336
792
1073
1613
892
22837
1093694
1334
663
1427
840
1053025
1663
885
1069
1039
620
25905
1052138
1147
1109
752
1014
1065938
1724
828
1116
666
2721
22536
1040693
1261
854
1072
613
38174
5264
11853
2442
12301
988681
39475
6038
6762
6328
13151
8204
1054921
8458
1178
12152
1035510
896
36252
9231
4926
1026875
1225
648
34203
5749
6080
9000
5999
9414
1088703
8743
6312
3511
8776
10081
1078038
5131
1540
10058
1063384
1237
25006
9230
8127
1160037
1212
766
1062667
984
1179
716
1045
1248
30677
6509
6747
1047918
1131
708
35564
8430
2762
12248
10002
11199
1075004
6834
1931
11859
8869
8615
1045361
7610
1190
9405
3251
12060
1033759
8261
1039501
960
780
1053
32194
8943
4783
1025709
925
1086
31554
10735
778
9504
7150
1035310
42030
7479
2538
9121
9011
7528
1058056
3846
5295
1031558
1231
684
36669
785
8878
8223
1034706
927
33034
8838
926
10856
1076390
1176
34100
4246
3180
14532
1070261
928
35744
8373
4726
10634
7800
8265
1070390
1077050
1015
1095
639
4714
1059773
1510
1066
1148
846
984
1106482
986
1067
976
1081
831
25346
1068181
1777
1271
652
729
31474
1128348
1978
671
4754
3333
1086370
799
1205
1119
626
730
1130381
1668
693
1239
1072
751
1117672
844
1568
757
723
1034
1080520
953
915
1179
632
1016
29293
1034933
965
1067
636
878
22516
11332
1240
1038665
1264
784
32513
4783
6181
8253
9849
6869
1076540
1038989
1739
675
871
884
37662
6055
3277
13013
10376
10856
2059029
961
1051
1033
810
639
32254
8066
3017
11406
5943
9256
1055762
8848
1012
11462
9493
3368
1039409
7935
6150
3892
10693
9582
2071860
1778
1150
1064
1031
624
34373
1432
1069241
891
988
576
36358
5466
6704
7303
7745
1071618
41108
1047206
1716
748
963
560
29195
9758
6040
8558
5162
10874
1099266
4592
1705
8560
7891
11572
1092027
8299
2060
12607
1082037
949
35318
5515
4580
8697
7533
1038117
38794
8397
2654
10093
4185
10440
1087809
1071268
1895
798
1036
611
33318
7090
7295
4806
13821
1077751
34833
7548
5713
7307
11006
8886
2071255
993
1275
1050
728
758
1064439
1708
844
1498
1062
633
1074459
987
1080
638
1207
2458
21800
8290
3879
1085550
937
1059
37001
1083280
851
1076
801
1023
1080537
1793
1102
645
1416
627
1109324
1056
1251
1143
1024
1023
23222
1037184
1740
673
995
625
23316
8698
1076965
971
1263
1055
1060401
1320
1168
1300
652
2110
1052033
1234
1093
781
1011
732
1054154
1511
1096
740
754
1021
1061011
1272
659
982
3183
1110
1062723
1748
1025
1038
1029
733
24609
10409
5680
5965
8641
4058
1061846
3741
5467
1077829
1249
660
37265
3742
3434
12116
5026
9677
1093112
7255
1118196
935
1127
953
35400
1022359
1609
661
861
840
35058
10049
934
14997
4563
11600
1055679
5953
1246
10741
9747
3398
1036122
8726
1042680
1720
803
1071
33205
1042083
1719
693
1040
627
32450
5379
9649
5788
8604
8191
1058154
1085609
1510
1082
1029
629
33860
9462
2533
10065
5668
9675
1072054
7503
7159
3952
9671
9816
1062732
8735
1254
10743
7676
9828
2088321
895
612
977
4995
1604
26745
1043783
961
1079
616
883
27264
8002
7794
1078826
1216
776
36099
6276
8655
7389
10087
4158
1068242
1034523
1409
640
976
610
38810
2804
1041810
799
1046
896
31632
9771
1054163
1061
799
612
33055
6346
1073121
972
1071
612
34513
7569
1526
11243
9563
1075102
36818
7756
5739
1048327
935
1054
1102251
1283
667
1039
1075
1992
28671
6362
1060897
964
1066
635
29144
1029852
1224
1386
1517
633
20836
1057201
1746
801
1046
618
1071835
1153
1157
780
1016
901
24114
1073490
1270
648
1128
761
1090518
969
649
1059
1434
625
25352
1040907
1740
1135
778
1029
1086738
1497
787
1210
614
866
22669
1059484
1273
859
1041
629
35432
7367
4417
9715
6743
992323
41519
2038
8929
6254
11158
8294
1018228
8189
2846
11882
1023788
840
33308
8040
5678
1014139
1143
601
34263
10224
4993
8271
5645
11426
1084531
8151
3908
7804
8077
11192
1055608
4249
1267
10444
1008738
1258
29623
8235
2837
1035180
1275
790
1061584
1307
1099
645
1208
1005
28480
7026
7908
1024647
1235
795
35636
8047
1265
11595
6811
9190
1034332
5510
2859
11081
9463
8229
1042496
5521
2407
12905
4342
11883
1032527
8286
1067210
961
742
1018
29902
8653
8936
1013905
785
1093
33931
5768
7313
6189
8756
1044146
38248
6356
2222
8730
9823
7750
1058496
5653
6889
1043107
1236
661
37978
5373
7713
8079
1060777
931
33002
9239
5010
8975
1011361
1208
36458
2788
4576
8925
980605
930
35551
8642
1484
11562
4840
10470
1028494
1017043
810
1098
622
1238
1098052
1288
838
1189
855
993
1058865
821
2254
821
1011
728
23646
1081105
1731
1081
646
716
28162
1026156
1419
756
1044
613
1065260
1756
1388
1126
645
766
1067250
1721
707
738
1044
620
1056995
813
1219
939
717
1012
1071673
819
781
1255
889
1013
26294
1030766
796
1080
622
1018
23926
10421
1758
1065506
1248
773
28660
5714
7944
4798
12094
5813
1089336
1035210
1456
650
975
614
34154
6876
7688
10057
2768
13901
2067548
1014
1180
1172
652
2089
27719
7434
2641
10509
4150
12129
1076440
7021
1610
11517
9714
4593
1028506
5538
8558
4481
8456
10140
2061972
1759
774
1105
900
925
25386
6105
996122
801
1100
639
32683
5681
6140
3627
13473
1018273
35392
1026271
1241
769
1863
670
33649
8831
1412
11577
4507
9972
1079950
2546
2200
10976
2514
12586
1084283
7792
819
10415
1073678
927
38369
1364
4465
11105
7817
1062378
34110
8575
794
10670
5713
8590
1054596
1031615
1531
781
1049
640
36407
5399
6574
4310
9763
1024214
36308
5555
4243
4685
12420
9136
2074168
821
1097
1179
969
1010
1087436
1692
749
707
1476
632
1070827
967
1069
630
956
2868
28393
9464
4811
1038176
935
1081
32503
1040364
807
1055
756
1739
1063358
1801
1484
648
996
622
1048768
815
1847
771
1040
1180
21105
1080434
1300
655
1372
726
23314
6386
996511
978
1083
922
1017204
1683
1346
928
614
707
1046474
978
1057
633
1099
2472
1061295
1363
1443
793
730
1032
1097717
1681
1295
1074
614
978
1063266
1757
671
1421
1033
612
22262
9051
3707
9024
8611
3153
1094778
6906
4759
1035954
1235
656
69905
9463
15698
14548
9907
16775
1053575
8039
1049941
1190
1111
1243
36638
1063333
1770
674
889
866
28891
9360
1771
10648
4248
9805
1025284
6341
741
9609
9084
3690
1076646
5913
1021558
1259
784
1035
34128
1074064
1798
884
1042
633
31704
5496
4282
5426
11662
5465
1051617
1025417
1709
779
1031
1515
29271
9427
1282
10480
3378
10601
1042360
9686
3796
8748
6636
10261
1011788
7938
1250
10664
4238
11948
2050940
972
752
1401
657
1016
32161
1003304
1023
1062
772
1014
29244
8839
2158
1032911
1220
793
36027
4557
5676
8513
9278
4806
1048252
1035122
1591
674
982
628
27163
9646
1025064
822
1050
1034
28817
8529
1044032
1096
786
760
33282
9939
1026624
800
1053
631
34429
10002
5674
7694
9109
1070502
31726
8186
4871
1073077
927
1085
1028895
1668
969
1086
1023
622
30093
6803
1025395
798
1064
625
27346
1022767
981
779
1049
635
28727
1041667
1511
974
1077
617
1053495
1437
1043
1079
1102
894
23635
1091616
1429
1080
1021
772
1073118
1240
800
1278
1053
740
26976
1033831
933
1393
612
1467
1039573
1263
1036
2191
863
1000
24168
1032885
1672
812
1208
635
35861
931
8008
5804
10342
1001860
39624
5291
6119
4604
9766
8603
1033019
7042
1249
11591
1057844
920
36017
7607
6466
1015241
1223
708
31384
8946
1335
10537
6928
10237
1081443
7546
3029
11588
3662
11287
1044313
4932
1211
9407
1035247
1227
25717
9191
1211
1035845
1219
784
1074274
803
1627
1032
1024
1026
25793
9059
5114
1062820
1249
786
38522
7878
2912
10504
3687
9974
1020160
7987
1282
10726
9206
7961
1038969
4500
3360
10986
4468
11516
1053576
8167
1030707
970
770
1041
34254
8452
9355
1030487
930
1068
34283
8072
1802
8983
7982
1021074
38851
5620
3510
7887
10795
3640
1058165
4864
6166
1035877
1253
666
32552
7041
7861
8385
997440
925
37999
7635
967
10674
1025602
1200
29316
3372
6515
6607
1005369
926
35648
7760
4781
9658
5935
8435
1038780
1025153
1184
1104
628
1214
1100922
1236
942
1147
737
1656
1056124
972
1061
827
1042
746
26027
1067776
1325
1056
634
795
36290
1082950
1374
780
1056
618
1057282
938
1810
1310
795
734
1097810
1504
876
698
1237
1523
1050956
795
1117
660
785
1312
1047999
1424
1078
1048
649
1041
25466
1027586
982
1077
625
1042
21706
9713
2890
1064129
Xput: 5549
