24617202.857143
24603702.857143
23126204.285714
23161822.857143
23582621.428571
22427975.714286
22075522.857143
22573905.714286
21568084.285714
22631358.571429
22023325.714286
21788648.571429
20881130.000000
22374441.428571
21110354.285714
21187252.380952
20771091.428571
21513927.142857
21075947.142857
21041885.714286
21227731.428571
21123471.904762
21459534.761905
24595468.571429
24164121.904762
23238224.761905
23194518.095238
22836140.952381
23198713.809524
22593407.619048
23158918.571429
22692918.095238
23056538.095238
22928677.619048
23170789.047619
22776556.190476
22808577.619048
24014970.000000
24631935.238095
25255653.333333
25262784.761905
24527649.523810
24857551.904762
24568390.476190
24806900.000000
25362912.380952
24907509.047619
25311507.142857
24839632.380952
24743482.380952
23093992.380952
23258830.476190
23577246.666667
23047866.666667
23097260.952381
23443066.666667
23261154.285714
23231085.714286
23521643.809524
23425584.761905
23093009.523810
22923832.380952
23575899.047619
24680585.714286
24916448.571429
25225455.714286
24722742.857143
25322881.904762
26326855.238095
25236245.714286
25550584.761905
25468751.428571
24911746.666667
25314986.190476
25205609.523810
23947602.857143
23551146.666667
24236344.761905
23261457.142857
23897684.285714
23545597.142857
23529459.047619
23396859.047619
23736721.428571
23155083.809524
23036933.333333
23260167.619048
24041038.095238
24793403.809524
25368012.857143
24992619.047619
25176940.952381
25234971.428571
25727128.095238
25219582.857143
25620482.857143
24918940.952381
25094605.714286
24921348.571429
24852712.380952
23656805.714286
23705167.619048
23720462.857143
23467881.904762
23436910.476190
23414211.428571
23323984.761905
23507464.761905
23865087.619048
23493918.095238
23854666.190476
23777484.761905
24449917.142857
24869946.666667
24905308.571429
25453100.000000
25571336.190476
25270080.000000
25105817.142857
26430549.047619
26954816.190476
26278730.476190
26240111.904762
25844030.952381
26338674.761905
24533778.571429
24692617.619048
23853609.523810
25033517.142857
24760900.476190
23902346.666667
24408604.285714
23969874.761905
23561040.000000
23336727.619048
24424214.285714
23461571.428571
23925457.142857
25750257.142857
24948647.619048
26036555.714286
26122916.190476
26007681.904762
25509718.095238
25036165.714286
25371375.238095
25703090.476190
25645811.428571
24670060.952381
25628001.904762
24429520.476190
23811550.476190
23810047.619048
23808125.714286
23899480.000000
23653367.619048
23528384.761905
23349960.000000
23543946.666667
23569540.952381
23461308.571429
23496950.476190
24254756.190476
24791918.095238
24890895.238095
25155076.190476
25004179.047619
25230723.809524
25783601.904762
25445823.809524
25262116.190476
25901900.476190
24873195.714286
26205273.809524
25400409.523810
23932407.619048
23839316.190476
24037161.904762
23891001.904762
23943954.285714
24074735.238095
24061451.428571
23962371.428571
23790209.523810
23815270.476190
24421448.095238
23586036.190476
25200680.952381
25667298.571429
26051661.428571
25079550.476190
25218640.000000
25127649.523810
26416148.095238
25745393.333333
26255193.333333
25118443.809524
25176605.714286
25517888.571429
25512125.714286
24073668.571429
24103773.333333
24418390.000000
24572146.666667
23907207.619048
23725998.095238
23818201.904762
23668059.047619
25236824.761905
23662956.190476
24311015.238095
24099596.190476
24979343.333333
25018632.380952
24861567.619048
24884704.761905
25247876.190476
25018028.095238
24914874.285714
24817584.761905
24856350.476190
24841081.904762
24803718.095238
24852369.523810
24617026.666667
23900449.523810
24296622.380952
23559754.285714
23886454.285714
23437666.666667
23630182.857143
23557401.904762
23497026.666667
23536154.285714
24232348.571429
23346704.761905
23678857.142857
24231752.380952
24769184.761905
25032019.047619
25459954.285714
24962280.000000
25031493.333333
25143030.476190
25478985.714286
25003131.428571
25252498.571429
25108892.380952
25615923.809524
24899184.761905
23879512.380952
24045241.904762
23837600.000000
23839480.000000
24036501.428571
23824940.952381
23571371.428571
23781390.476190
24124978.571429
24158267.142857
23746470.476190
23882871.904762
24179078.095238
25654718.095238
25554829.523810
25377696.666667
25160960.000000
24933255.238095
25570135.238095
25296655.238095
25933380.476190
25436735.238095
19903272.857143
20464604.285714
20364875.714286
20962217.142857
20518585.714286
21200984.761905
21829860.000000
21559140.000000
24210885.238095
21231367.142857
21393767.142857
20260097.619048
20729752.380952
25231114.285714
25283336.190476
24820121.904762
24560609.523810
25087182.380952
27604462.857143
26167495.238095
25870895.238095
25941567.619048
26041365.714286
26011516.190476
26699065.714286
25401413.333333
24861660.952381
24870563.809524
24622472.380952
24955900.476190
24631207.619048
24545306.666667
24431017.142857
24464609.523810
24401160.000000
24299201.904762
24286043.809524
24398864.761905
25711891.428571
25783627.619048
25297245.714286
25544091.428571
25685723.809524
25664354.285714
25973826.666667
25952270.476190
25909999.047619
25988394.285714
25894780.952381
26183377.142857
25552846.190476
24662609.523810
24973558.095238
24376939.047619
24397874.285714
24590444.285714
24600657.142857
24375228.571429
24495217.142857
24470133.333333
24924263.333333
24313318.095238
24263447.619048
26050537.142857
26183437.142857
25572740.952381
25666400.000000
26245709.047619
26019089.523810
25697436.190476
25760662.857143
26001423.333333
25744232.380952
25789243.809524
25912405.714286
24987982.857143
24519851.428571
24491260.952381
24258569.523810
24449708.571429
24966843.809524
24337702.857143
24217516.190476
24119702.857143
24242826.666667
24682137.619048
24246160.000000
24851349.523810
25392411.428571
25483881.904762
25398146.666667
25596154.285714
25612255.238095
25241401.904762
25793160.476190
25334436.190476
25613521.428571
25442177.142857
25536237.142857
25369610.476190
24871935.238095
25008840.476190
24667678.095238
24205657.142857
24091196.190476
24699678.571429
24177792.380952
24026586.666667
24223900.952381
24013815.238095
24213958.095238
24225192.380952
24178958.095238
25198761.904762
25256053.333333
25446665.714286
25498803.809524
26160256.190476
25285904.761905
28348295.238095
27858396.190476
27263615.238095
27612848.095238
26894655.238095
26660466.666667
26018462.857143
25247878.095238
25191977.142857
24877740.952381
24632150.476190
24678415.238095
24746946.666667
24479824.761905
24635342.857143
24394512.380952
24335878.095238
24557811.428571
24491405.714286
26442158.095238
26458379.047619
25824660.952381
26064718.571429
25928442.857143
25379628.571429
25876199.523810
25447710.476190
25503129.523810
25705834.285714
26291980.000000
25849560.000000
25149523.809524
28968206.666667
27436041.428571
24535047.619048
24438900.952381
24646038.095238
24451862.857143
24242097.142857
24329712.380952
27194774.285714
27038835.714286
24433853.333333
24693524.285714
25650175.238095
25985339.523810
26047548.571429
25509493.333333
25888031.428571
26176722.857143
25756580.952381
25610659.047619
25747609.523810
26177810.476190
25978749.523810
26589685.238095
25119668.571429
24559203.809524
24756634.285714
24606146.666667
24455965.714286
24466567.619048
24650902.857143
24495904.761905
25210482.380952
24617299.047619
24527165.714286
24599403.809524
24623523.809524
26304700.952381
26021948.571429
25978829.523810
26157145.238095
26030412.857143
25614662.857143
26389794.761905
26050278.571429
25540112.380952
26067839.047619
25834601.428571
25936356.190476
25219329.523810
24753472.380952
25138925.238095
24622956.190476
24532493.333333
24373091.428571
24416022.857143
24247971.428571
24309643.809524
24913379.047619
24295411.428571
24538663.333333
24436946.666667
25616131.428571
26008678.571429
25680011.428571
25614664.761905
25854243.809524
25517516.190476
26484137.142857
25831630.476190
25837710.476190
26134845.714286
26153592.380952
26324948.571429
25719678.095238
25213774.761905
24942434.285714
24634516.190476
24710300.952381
24802365.714286
24835432.380952
24672990.476190
25200674.285714
25174500.476190
24510234.285714
24562146.666667
24796704.761905
26328068.571429
26281864.761905
26152712.380952
25859224.761905
25810984.761905
26016580.952381
26063447.619048
26365052.857143
25763843.809524
25912047.619048
25660342.857143
25721891.428571
25727223.809524
24730264.761905
24877918.095238
24528653.333333
25031402.857143
24665960.000000
24758502.857143
24571523.809524
24650895.238095
24452283.809524
24605150.476190
24449392.380952
24578680.000000
26454060.000000
26123190.476190
26091504.761905
26196901.428571
25752411.428571
25834247.619048
25852605.714286
25990527.619048
26496360.476190
25814232.380952
25815881.904762
25778836.190476
25113868.571429
24664969.523810
25288530.952381
27941233.333333
24742177.142857
24650811.428571
24988734.761905
24630382.857143
24475765.714286
24640862.857143
24440485.714286
24507558.095238
24501860.952381
25994544.761905
26110316.666667
26408796.666667
26095499.047619
26035552.380952
25846760.000000
25823584.761905
25971893.333333
26100299.047619
25912973.333333
25845483.809524
25884763.809524
25158064.761905
25285694.285714
24905320.000000
24584918.095238
24509838.095238
24771596.190476
24915253.333333
24634285.714286
27900708.571429
24623089.523810
24417668.571429
24295283.809524
24605590.476190
25994613.333333
26111333.333333
25983859.047619
25977240.000000
25901293.333333
25634074.285714
25761820.952381
26255231.428571
26178931.428571
26000148.571429
26406400.000000
26210103.333333
25244203.809524
24556620.952381
24615380.952381
24809057.619048
24621118.095238
24409220.952381
24457790.476190
24275047.619048
24862910.000000
24325752.380952
24376369.523810
24316373.333333
24731613.333333
25330546.666667
26037498.571429
26025617.619048
26418207.142857
25518373.333333
25936560.476190
25667628.571429
25530091.428571
26102608.095238
25670841.904762
25389379.047619
25228925.714286
25232997.142857
24500668.571429
20100877.142857
23746792.857143
21391888.571429
21181110.000000
21896794.285714
21163827.142857
21289873.809524
21240430.000000
21682791.428571
21152951.428571
21887624.761905
20889712.857143
20677482.857143
22113050.000000
22141268.571429
23473645.714286
22406854.285714
23283770.000000
22411438.095238
24418919.047619
25461560.000000
25376929.523810
25966925.714286
25516567.619048
25650105.714286
25169908.095238
24438401.904762
24439238.095238
24295544.761905
24359613.333333
24677838.571429
24198352.380952
24264931.428571
24560435.714286
24340043.809524
24166230.476190
24181365.714286
24267514.285714
25707415.238095
25482773.333333
25481285.714286
25803177.142857
25378876.190476
25361539.047619
25915623.809524
25544449.523810
25249582.857143
25468222.857143
25443154.285714
25316920.000000
24766036.190476
24269272.380952
24301276.190476
24101009.523810
24579838.095238
24223428.571429
26899508.095238
27397616.666667
24156617.142857
26833040.000000
24210080.000000
24222247.619048
24267371.428571
25420868.571429
25469689.523810
25479024.761905
25433580.952381
25327472.380952
25389782.857143
25705565.714286
25832944.761905
25692881.904762
25720443.809524
25818537.142857
25827664.761905
25007028.571429
24588379.047619
24647481.904762
24611973.333333
24477849.523810
24399485.714286
24575689.523810
24556074.285714
24625386.666667
24364600.000000
24520691.428571
25026774.285714
24473710.476190
25854401.904762
25776531.428571
26532529.523810
25772573.333333
25873093.333333
25759480.000000
25746369.523810
25756289.523810
25459255.238095
25523500.952381
26303309.523810
25896668.571429
25010868.571429
24566299.047619
24725664.761905
24478855.238095
24434255.238095
24477920.000000
24530680.000000
24296784.761905
24320295.238095
24213310.476190
24275474.285714
24183786.666667
24791325.714286
25769665.714286
25534037.142857
25145262.857143
25570129.523810
25640499.047619
25549155.714286
25752885.714286
25361824.761905
25411020.000000
25490180.952381
25436748.571429
25493876.190476
24598146.666667
24818019.523810
24544131.428571
27081175.714286
24253175.238095
24366080.000000
24339308.571429
24210230.476190
24199619.047619
24268449.523810
27210362.857143
24336172.857143
24572572.857143
25300672.380952
25324080.000000
25708053.333333
25785482.857143
25461251.428571
25661967.619048
25285773.333333
25730956.190476
25223156.190476
25758590.476190
25747269.523810
26129956.190476
25109283.809524
24661380.952381
24644213.333333
24717276.190476
24681693.333333
24508590.476190
25113132.380952
24373270.476190
24434855.238095
24655545.238095
24855061.904762
24433428.571429
24438822.857143
26058394.761905
25147672.380952
25515299.047619
25409880.000000
25272019.047619
29703542.380952
25729774.285714
25583520.000000
25645603.809524
25697323.809524
25804790.476190
25223146.666667
24783992.380952
24465706.666667
24921722.857143
24434299.047619
24279106.666667
24769208.095238
24275544.761905
24250295.238095
24621555.714286
24206140.952381
24106217.142857
24186323.809524
24116093.333333
25481805.714286
25260099.047619
25310573.333333
25430179.047619
25684931.428571
25505358.095238
25610093.333333
25512700.952381
27574342.857143
25750140.000000
25226013.333333
25432639.047619
24732081.904762
24431935.238095
24464836.190476
24923206.190476
24892038.095238
24385302.857143
24554807.619048
24859147.142857
24303904.761905
24216249.523810
24363531.428571
24217961.904762
24303308.571429
25728032.380952
25986952.857143
26032428.571429
25876627.619048
25339817.142857
25102925.714286
25391056.190476
25593900.952381
25688827.619048
25433457.142857
25966246.190476
25631109.523810
24816118.095238
24650207.619048
24525660.952381
27702086.190476
24472276.190476
24414114.285714
24440779.047619
24665983.809524
24301188.571429
24307737.142857
24721111.428571
24279811.428571
24694852.380952
25395102.857143
25361800.000000
25713645.714286
25631902.857143
25367007.619048
25103419.047619
25561045.714286
25025293.333333
25170226.666667
25312720.000000
25170354.285714
25460908.571429
25246241.904762
25369807.619048
24644047.619048
24572725.714286
24609407.619048
24608028.571429
24506367.619048
24490194.285714
24385356.190476
24320632.380952
24381782.857143
24323971.428571
24386914.285714
26108100.476190
25717019.047619
27057367.619048
26789754.285714
27142030.476190
