0.862000
0.670000
0.670000
0.780000
0.752000
0.768000
0.762000
0.764000
0.760000
0.002000
0.002000
0.042000
0.838000
0.380000
0.240000
0.458000
0.520000
0.560000
0.318000
0.264000
0.182000
0.218000
0.620000
0.684000
0.464000
0.574000
0.000000
0.066000
0.264000
0.298000
0.378000
0.478000
0.464000
0.466000
0.260000
0.538000
0.400000
0.480000
0.354000
0.832000
0.328000
0.442000
0.104000
0.276000
0.118000
0.376000
0.198000
0.138000
0.378000
0.192000
0.752000
0.354000
0.214000
0.526000
0.060000
0.374000
0.268000
0.420000
0.262000
0.138000
0.080000
0.056000
0.142000
0.168000
0.006000
0.286000
0.566000
0.392000
0.280000
0.226000
0.680000
0.480000
0.380000
0.290000
0.392000
0.058000
0.064000
0.144000
0.070000
0.264000
0.072000
0.366000
0.370000
0.230000
0.350000
0.404000
0.422000
0.392000
0.364000
0.472000
0.754000
0.064000
0.016000
0.062000
0.292000
0.094000
0.504000
0.382000
0.186000
0.364000
0.224000
0.562000
0.392000
0.326000
0.280000
0.658000
0.540000
0.438000
0.624000
0.116000
0.042000
0.086000
0.376000
0.030000
0.314000
0.140000
0.554000
0.268000
0.246000
0.304000
0.598000
0.000000
0.326000
0.034000
0.644000
0.168000
0.138000
0.094000
0.378000
0.206000
0.034000
0.560000
0.172000
0.246000
0.388000
0.246000
0.712000
0.448000
0.030000
0.070000
0.314000
0.098000
0.132000
0.276000
0.666000
0.390000
0.036000
0.070000
0.208000
0.628000
0.190000
0.372000
0.462000
0.366000
0.270000
0.176000
0.196000
0.310000
0.190000
0.020000
0.346000
0.424000
0.138000
0.038000
0.434000
0.122000
0.558000
0.258000
0.636000
0.180000
0.140000
0.034000
0.328000
0.834000
0.122000
0.000000
0.242000
0.104000
0.000000
0.124000
0.126000
0.194000
0.100000
0.372000
0.158000
0.256000
0.266000
0.216000
0.498000
0.490000
0.422000
0.380000
0.018000
0.090000
0.032000
0.030000
0.000000
0.122000
0.362000
0.126000
0.158000
0.202000
0.460000
0.288000
0.288000
0.436000
0.374000
0.278000
0.106000
0.094000
0.036000
0.090000
0.408000
0.030000
0.286000
0.020000
0.130000
0.032000
0.274000
0.122000
0.460000
0.244000
0.250000
0.214000
0.150000
0.002000
0.200000
0.386000
0.186000
0.470000
0.000000
0.202000
0.008000
0.110000
0.076000
0.082000
0.186000
0.314000
0.140000
0.286000
0.316000
0.082000
0.182000
0.232000
0.058000
0.476000
0.054000
0.286000
0.280000
0.040000
0.024000
0.282000
0.120000
0.150000
0.240000
0.366000
0.516000
0.402000
0.194000
0.102000
0.392000
0.332000
0.332000
0.308000
0.150000
0.474000
0.056000
0.264000
0.152000
0.152000
0.256000
0.160000
0.180000
0.110000
0.228000
0.444000
0.146000
0.370000
0.314000
0.118000
0.144000
0.160000
0.174000
0.354000
0.010000
0.146000
0.076000
0.278000
0.122000
0.178000
0.142000
0.572000
0.166000
0.116000
0.066000
0.362000
0.288000
0.178000
0.576000
0.286000
0.052000
0.032000
0.000000
0.344000
0.152000
0.096000
0.492000
0.192000
0.000000
0.318000
0.136000
0.360000
0.196000
0.630000
0.068000
0.170000
0.482000
0.276000
0.044000
0.098000
0.090000
0.180000
0.006000
0.086000
0.190000
0.398000
0.130000
0.220000
0.208000
0.298000
0.180000
0.076000
0.246000
0.668000
0.116000
0.022000
0.184000
0.000000
0.232000
0.132000
0.402000
0.232000
0.064000
0.060000
0.072000
0.092000
0.182000
0.194000
0.486000
0.460000
0.052000
0.150000
0.002000
0.096000
0.020000
0.264000
0.104000
0.140000
0.106000
0.154000
0.140000
0.120000
0.116000
0.188000
0.760000
0.176000
0.202000
0.106000
0.180000
0.050000
0.042000
0.132000
0.128000
0.238000
0.238000
0.196000
0.004000
0.216000
0.182000
0.002000
0.266000
0.198000
0.344000
0.486000
0.164000
0.410000
0.534000
0.372000
0.098000
0.100000
0.360000
0.260000
0.284000
0.426000
0.598000
0.450000
0.060000
0.102000
0.364000
0.018000
0.226000
0.684000
0.560000
0.376000
0.234000
0.118000
0.000000
0.000000
0.078000
0.372000
0.458000
0.374000
0.432000
0.088000
0.554000
0.284000
0.080000
0.312000
0.664000
0.670000
0.630000
0.310000
0.166000
0.166000
0.098000
0.236000
0.638000
0.360000
0.618000
0.400000
0.128000
0.276000
0.296000
0.526000
0.462000
0.478000
0.374000
0.286000
0.260000
0.092000
0.002000
0.854000
0.482000
0.282000
0.198000
0.024000
0.094000
0.130000
0.298000
0.426000
0.638000
0.524000
0.742000
0.584000
0.068000
0.302000
0.218000
0.694000
0.210000
0.576000
0.278000
0.600000
0.280000
0.098000
0.546000
0.576000
0.298000
0.364000
0.204000
0.140000
0.346000
0.352000
0.468000
0.566000
0.360000
0.478000
0.268000
0.198000
0.284000
0.218000
0.320000
0.226000
0.636000
0.836000
0.202000
0.200000
0.094000
0.120000
0.104000
0.182000
0.458000
0.442000
0.614000
0.488000
0.092000
0.248000
0.450000
0.016000
0.270000
0.312000
0.288000
0.418000
0.256000
0.002000
0.064000
0.072000
0.026000
0.480000
0.260000
0.246000
0.294000
0.000000
0.068000
0.158000
0.282000
0.204000
0.036000
0.386000
0.362000
0.244000
0.280000
0.082000
0.432000
0.270000
0.002000
0.196000
0.440000
0.572000
0.096000
0.350000
0.166000
0.002000
0.092000
0.436000
0.450000
0.380000
0.322000
0.152000
0.204000
0.556000
0.218000
0.292000
0.396000
0.572000
0.134000
0.256000
0.266000
0.382000
0.178000
0.046000
0.000000
0.208000
0.316000
0.164000
0.244000
0.258000
0.148000
0.196000
0.274000
0.178000
0.116000
0.360000
0.206000
0.364000
0.068000
0.212000
0.124000
0.030000
0.244000
0.530000
0.478000
0.496000
0.000000
0.180000
0.220000
0.000000
0.182000
0.250000
0.324000
0.334000
0.034000
0.372000
0.172000
0.086000
0.212000
0.066000
0.538000
0.478000
0.000000
0.178000
0.156000
0.404000
0.200000
0.272000
0.408000
0.412000
0.002000
0.316000
0.126000
0.072000
0.152000
0.196000
0.168000
0.166000
0.056000
0.566000
0.098000
0.076000
0.032000
0.146000
0.444000
0.632000
0.088000
0.098000
0.186000
0.210000
0.366000
0.282000
0.342000
0.334000
0.026000
0.072000
0.150000
0.216000
0.124000
0.216000
0.492000
0.366000
0.358000
0.004000
0.064000
0.016000
0.078000
0.070000
0.356000
0.188000
0.246000
0.000000
0.146000
0.240000
0.256000
0.338000
0.254000
0.232000
0.180000
0.104000
0.402000
0.208000
0.452000
0.380000
0.270000
0.406000
0.150000
0.054000
0.100000
0.054000
0.054000
0.074000
0.216000
0.338000
0.000000
0.026000
0.000000
0.124000
0.114000
0.250000
0.336000
0.222000
0.086000
0.124000
0.142000
0.210000
0.210000
0.260000
0.218000
0.404000
0.086000
0.098000
0.108000
0.230000
0.108000
0.274000
0.052000
0.214000
0.282000
0.072000
0.250000
0.098000
0.066000
0.180000
0.122000
0.336000
0.300000
0.230000
0.154000
0.002000
0.002000
0.050000
0.178000
0.108000
0.128000
0.370000
0.284000
0.040000
0.000000
0.004000
0.000000
0.082000
0.260000
0.060000
0.266000
0.278000
0.148000
0.152000
0.088000
0.312000
0.222000
0.210000
0.264000
0.140000
0.000000
0.158000
0.202000
0.282000
0.186000
0.408000
0.214000
0.266000
0.192000
0.238000
0.074000
0.010000
0.480000
0.326000
0.132000
0.260000
0.284000
0.228000
0.194000
0.002000
0.176000
0.236000
0.246000
0.386000
0.294000
0.000000
0.006000
0.070000
0.202000
0.246000
0.096000
0.072000
0.236000
0.196000
0.058000
0.322000
0.056000
0.246000
0.096000
0.048000
0.014000
0.154000
0.342000
0.002000
0.308000
0.282000
0.146000
0.198000
0.224000
0.040000
0.346000
0.078000
0.198000
0.236000
0.200000
0.170000
0.096000
0.048000
0.300000
0.132000
0.110000
0.102000
0.138000
0.216000
0.224000
0.044000
0.344000
0.038000
0.230000
0.068000
0.002000
0.040000
0.046000
0.178000
0.454000
0.184000
0.258000
0.294000
0.200000
0.148000
0.138000
0.132000
0.138000
0.170000
0.346000
0.140000
0.240000
0.310000
0.274000
0.080000
0.082000
0.408000
0.254000
0.432000
0.096000
0.084000
0.264000
0.124000
0.154000
0.280000
0.328000
0.340000
0.412000
0.180000
0.210000
0.332000
0.136000
0.210000
0.300000
0.280000
0.156000
0.146000
0.060000
0.176000
0.138000
0.130000
0.130000
0.000000
0.032000
0.082000
0.144000
0.096000
0.174000
0.256000
0.074000
0.000000
0.094000
0.160000
0.128000
0.248000
0.366000
0.220000
0.194000
0.386000
0.406000
0.178000
0.116000
0.182000
0.136000
0.068000
0.002000
0.174000
0.246000
0.308000
0.078000
0.042000
0.052000
0.148000
0.360000
0.040000
0.368000
0.152000
0.212000
0.238000
0.194000
0.194000
0.186000
0.242000
0.292000
0.182000
0.208000
0.114000
0.144000
0.206000
0.288000
0.216000
0.370000
0.220000
0.504000
0.088000
0.346000
0.336000
0.186000
0.164000
0.142000
0.176000
0.250000
0.168000
0.260000
0.142000
0.118000
0.136000
0.208000
0.358000
0.074000
0.118000
0.202000
0.262000
0.000000
0.110000
0.336000
0.134000
0.306000
0.000000
0.192000
0.262000
0.186000
0.010000
0.096000
0.000000
0.060000
0.024000
0.104000
0.242000
0.194000
0.168000
0.214000
0.192000
0.194000
0.216000
0.246000
0.272000
0.168000
0.228000
0.206000
0.148000
0.020000
0.178000
0.134000
0.186000
0.154000
0.092000
0.070000
0.078000
0.070000
0.024000
0.308000
0.226000
0.130000
0.118000
0.146000
0.288000
0.138000
0.228000
0.128000
0.196000
0.194000
0.026000
0.154000
0.228000
0.178000
0.152000
0.186000
0.274000
0.378000
0.034000
0.206000
0.148000
0.078000
0.086000
0.380000
0.380000
0.002000
0.250000
0.164000
0.138000
0.218000
0.218000
0.072000
0.194000
0.366000
0.158000
0.148000
0.156000
0.182000
0.164000
0.228000
0.236000
0.240000
0.210000
0.154000
0.082000
0.040000
0.110000
0.262000
0.078000
0.346000
0.182000
0.168000
0.072000
0.190000
0.254000
0.286000
0.126000
0.320000
0.008000
0.086000
0.140000
0.180000
0.076000
0.220000
0.180000
0.162000
0.138000
0.098000
0.098000
0.060000
0.184000
0.182000
0.314000
0.220000
0.184000
0.076000
0.038000
0.376000
0.268000
0.282000
0.058000
0.126000
0.124000
0.128000
0.100000
0.146000
0.080000
0.118000
0.124000
0.148000
0.242000
0.118000
0.198000
0.118000
0.080000
0.154000
0.082000
0.162000
0.120000
0.274000
0.214000
0.136000
0.306000
0.080000
0.118000
0.126000
0.270000
0.152000
0.244000
0.088000
0.026000
0.164000
0.126000
0.068000
0.156000
0.202000
0.278000
0.066000
0.126000
0.246000
0.138000
0.206000
0.204000
0.192000
0.210000
0.186000
0.066000
0.136000
0.110000
0.256000
0.080000
0.068000
0.328000
0.104000
0.104000
0.076000
0.224000
0.156000
0.188000
0.118000
0.130000
0.220000
0.166000
0.196000
0.140000
0.186000
0.318000
0.190000
0.118000
0.082000
0.236000
0.124000
0.158000
0.200000
0.192000
0.202000
0.122000
0.170000
0.356000
0.176000
0.232000
0.168000
0.230000
0.190000
0.244000
0.274000
0.280000
0.068000
0.288000
0.252000
0.204000
0.192000
0.302000
0.230000
0.222000
0.308000
0.254000
0.066000
0.314000
0.314000
0.088000
0.094000
0.198000
0.338000
0.240000
0.000000
0.306000
0.238000
0.118000
0.012000
0.316000
0.100000
0.176000
0.120000
0.174000
0.278000
0.170000
0.134000
0.106000
0.228000
0.226000
0.102000
0.292000
0.104000
0.110000
0.156000
0.244000
0.148000
0.180000
0.274000
0.276000
0.030000
0.156000
0.158000
0.252000
0.216000
0.134000
0.310000
0.310000
0.064000
0.064000
0.256000
0.236000
0.262000
0.344000
0.236000
0.104000
0.000000
0.072000
0.372000
0.382000
0.174000
0.042000
0.256000
0.170000
0.232000
0.032000
0.016000
0.362000
0.182000
0.140000
0.154000
0.116000
0.140000
0.132000
0.082000
0.272000
0.230000
0.124000
0.178000
0.126000
0.338000
0.146000
0.172000
0.260000
0.160000
0.066000
0.248000
0.002000
0.256000
0.074000
0.346000
0.026000
0.272000
0.212000
0.086000
0.158000
0.270000
0.058000
0.190000
0.296000
0.188000
0.172000
0.082000
0.070000
0.212000
0.288000
0.172000
0.186000
0.144000
0.274000
0.290000
0.104000
0.072000
0.300000
0.314000
0.068000
0.100000
0.068000
0.148000
0.078000
0.314000
0.252000
0.226000
0.082000
0.234000
0.226000
0.020000
0.044000
0.286000
0.212000
0.186000
0.196000
0.286000
0.244000
0.176000
0.372000
0.086000
0.016000
0.394000
0.110000
0.148000
0.158000
0.292000
0.042000
0.038000
0.348000
0.348000
0.086000
0.114000
0.298000
0.266000
0.294000
0.154000
0.288000
0.198000
0.118000
0.136000
0.238000
0.382000
0.296000
0.150000
0.136000
0.196000
0.180000
0.146000
0.022000
0.162000
0.020000
0.070000
0.236000
0.130000
0.076000
0.230000
0.294000
0.030000
0.000000
0.118000
0.176000
0.200000
0.092000
0.160000
0.188000
0.272000
0.344000
0.000000
0.142000
0.298000
0.158000
