29660810.000000
26186552.857143
26402413.333333
25713318.571429
24290704.285714
22788929.523810
22068469.047619
21503283.333333
22564242.857143
21106970.000000
22887766.190476
19551350.000000
21982946.666667
21785569.523810
22100555.714286
24145339.047619
24237186.666667
24176440.000000
24277247.619048
24416041.904762
22326281.904762
22041432.380952
21945291.428571
21684729.523810
21694913.809524
24484196.190476
24571684.285714
25024668.571429
24815179.047619
24861207.619048
22369291.428571
21962264.761905
21816883.809524
21682594.285714
21543223.333333
24466192.380952
25048195.238095
24006144.761905
24473630.476190
24452955.238095
22353674.285714
22292010.952381
22057251.428571
21673735.238095
21771129.047619
24118344.761905
24571436.190476
23720121.904762
23804874.285714
24689918.571429
22437024.761905
22272228.571429
22247807.619048
22995132.380952
21859276.190476
24923019.523810
24830497.142857
24846015.238095
24970003.809524
25071455.238095
22567000.000000
22251906.666667
22002958.095238
22114276.190476
21881900.952381
24765213.333333
24564230.476190
24196982.857143
24512233.809524
24045167.619048
22554169.523810
22123973.333333
22153219.047619
21921087.619048
21918152.380952
24481316.666667
24692571.428571
24522337.142857
24513487.619048
24570175.238095
22665600.000000
22476426.666667
22228921.904762
22219491.904762
21831081.904762
24911280.952381
24139318.095238
23996407.619048
24185108.571429
24505363.809524
22731965.714286
22507580.952381
23015300.952381
22348283.809524
22362260.952381
24452241.904762
24165527.619048
24156588.571429
24044468.571429
23904950.476190
22906160.476190
22574382.857143
22494601.904762
22088662.857143
22306451.904762
24308017.142857
24518111.904762
23951676.190476
24015600.000000
24669344.285714
22869594.285714
22502051.428571
22488786.666667
22142457.142857
22124057.142857
25071042.857143
25089367.619048
24882114.285714
24736102.857143
25128421.904762
23137626.666667
22809030.476190
22838729.047619
29845379.047619
22730169.523810
25117546.190476
25147550.476190
24932406.666667
24602146.666667
24729077.142857
24729390.476190
22708712.380952
22579965.714286
22481699.047619
22251891.428571
24391733.333333
25106579.047619
24308742.857143
24738369.523810
24857354.285714
23077601.904762
22713266.666667
22603257.142857
22370518.095238
22357093.333333
24685950.476190
24508219.047619
27611260.952381
24438885.714286
24834194.285714
22816630.476190
22964856.666667
23093026.190476
22709525.714286
25813834.285714
26969555.238095
26189838.095238
25633445.714286
25678220.952381
25524291.428571
23611710.476190
23173249.523810
23240979.047619
23362035.714286
23019678.095238
25774952.857143
25507291.428571
25464308.571429
25024784.761905
25704068.571429
23675480.000000
23503329.047619
23669252.857143
22768179.047619
22860462.857143
26082786.666667
26067942.857143
25983921.904762
25934104.761905
28692663.809524
23442358.095238
23238045.714286
22994961.904762
23053413.333333
23119773.333333
25746920.000000
25274400.000000
25144278.095238
25227866.666667
25049146.666667
23722609.523810
23668264.285714
23113314.285714
23072727.619048
23157984.285714
25162952.380952
25354820.952381
25189180.952381
25647956.190476
25239441.904762
23639638.095238
23104000.000000
23146664.761905
22907302.857143
22856904.761905
25698226.666667
25497217.142857
25400415.238095
25701500.952381
25723641.904762
23697539.047619
23239940.952381
23702423.809524
23372818.095238
23243051.428571
25971550.476190
26240346.190476
25623201.904762
25213266.666667
24853447.619048
23677236.190476
23169758.095238
23315817.142857
22917887.619048
23546642.857143
24964657.142857
25170476.190476
25025980.952381
24996916.190476
25071601.904762
23782468.571429
23119601.904762
23302541.904762
22785889.523810
22762716.190476
25181889.047619
24820529.523810
25103348.571429
24679780.952381
24835396.190476
27810805.238095
25063638.095238
24746556.190476
24600324.761905
23776973.333333
26218038.095238
26220912.380952
25731146.666667
25783592.380952
25870135.238095
24347687.619048
23838462.857143
23688725.714286
23915140.000000
23457891.428571
25527017.142857
26063150.476190
25523542.857143
26297282.380952
25661723.809524
23729228.571429
23491438.095238
23494828.571429
23296603.809524
23096958.095238
26079544.761905
25995064.761905
25379805.714286
25368497.142857
26083733.333333
23967560.000000
23424466.666667
25155440.000000
26110824.761905
24199504.761905
23230883.809524
23365296.190476
23643330.952381
23304843.809524
24453670.476190
25744946.666667
25741638.095238
25795832.380952
25720201.904762
24242363.809524
23362495.238095
23170411.428571
23697049.523810
23529929.523810
25020656.190476
25929610.476190
25697560.000000
26698808.095238
26455938.571429
24539114.285714
23364916.190476
22996192.380952
23595013.333333
23490419.047619
24333300.952381
25843051.428571
25301428.571429
25373032.380952
25293363.809524
24317860.952381
23153449.523810
23172998.095238
23261973.333333
27141448.095238
24485283.809524
25344963.809524
25335453.333333
25146659.047619
25463550.476190
24368295.238095
23252756.190476
23204760.000000
23513085.714286
23420535.238095
24739335.238095
25890045.714286
25750714.285714
25955803.809524
25830662.857143
24473104.761905
23937515.238095
23089838.095238
23600116.190476
23599129.523810
24614100.952381
25289699.047619
25644657.142857
25850592.380952
25161609.523810
24087520.000000
23134560.000000
22963306.666667
23223601.904762
23428891.428571
24465259.047619
25772121.904762
25762542.857143
25139910.476190
25394152.380952
24191356.190476
22902579.047619
22859013.333333
23036489.523810
23076468.571429
24105005.714286
25553860.952381
24938478.095238
24904952.380952
25376211.428571
24128211.428571
23112270.476190
22875887.619048
23294441.904762
23225908.571429
23997240.000000
24713617.142857
24894857.142857
25045866.666667
24989609.523810
23965836.190476
23186169.523810
22697007.619048
23618092.857143
22920268.571429
24234480.000000
25112979.047619
25017800.000000
25218179.047619
25103019.047619
24032579.047619
23009695.238095
23031020.952381
23166487.619048
23096910.476190
24721047.142857
25093243.809524
25604045.714286
25525843.809524
25519238.095238
24423112.380952
23438165.714286
22975697.142857
23332805.714286
23415740.952381
24189761.904762
24875150.476190
24971702.857143
25388342.857143
25365832.380952
24604897.142857
23900665.714286
23345566.666667
24517747.619048
23607943.809524
25489540.952381
24961841.904762
25447336.666667
25022554.285714
25025100.952381
24002358.095238
23726954.761905
23419972.857143
23181929.523810
24015897.142857
24798531.428571
25774595.238095
25247819.047619
25211603.333333
24708335.238095
23716262.857143
23477890.000000
23053321.904762
22906872.380952
23094801.904762
23902558.095238
24482849.523810
25731045.714286
25544729.523810
25511645.714286
24306800.000000
23160662.857143
22938331.428571
23111537.142857
23282878.095238
24303626.666667
25015131.428571
25092415.238095
24910902.857143
24637379.047619
23657554.285714
22844220.952381
22759729.523810
22972047.619048
22965386.666667
24047691.428571
24692215.238095
24741121.904762
24959339.047619
24894219.047619
23982700.476190
22793487.619048
22991186.666667
23402905.714286
23474662.857143
24341307.142857
24927059.047619
25525923.809524
25062792.380952
25574805.714286
24370182.857143
23463592.380952
23295916.666667
23447864.761905
23368944.761905
24121047.619048
25372659.047619
25444931.428571
25296653.333333
24925217.142857
24010986.666667
23231443.809524
22982815.238095
23244641.904762
23179527.619048
24211851.428571
24895914.285714
24774356.190476
24507380.952381
24661217.142857
23775449.523810
23031049.523810
22965360.000000
23230702.857143
23286102.857143
24028761.904762
24426020.952381
24996337.142857
24883413.333333
25114586.666667
23781179.047619
23104678.095238
22884394.285714
22960912.380952
23230352.380952
23962813.333333
24946506.666667
25264670.476190
24812260.952381
24907432.380952
24375917.619048
23243478.095238
22923179.047619
23403449.523810
23114520.000000
24308552.380952
25377512.380952
25455415.238095
25487337.142857
25013904.761905
24094527.619048
23082910.476190
23543212.857143
23050089.523810
23143346.666667
24345799.523810
24443628.571429
25572077.142857
25299801.904762
24856687.619048
24324014.761905
23011832.380952
22989921.904762
22910249.523810
23107497.142857
23942390.476190
25176693.333333
25001407.619048
25352165.714286
25251923.809524
24162116.190476
23327849.523810
23033344.761905
23343047.619048
23266748.571429
24027640.000000
24888832.380952
24689641.904762
24703116.190476
24727411.428571
24095527.619048
23099935.238095
23160750.476190
23329996.190476
23224544.761905
24308304.761905
24763356.190476
25156217.142857
25057417.142857
24979940.952381
24012053.333333
23023426.666667
23109885.238095
23056680.000000
23119089.523810
23952742.857143
25342813.333333
25125388.571429
24739900.952381
24775666.666667
25799562.857143
23184958.095238
22906499.047619
23370739.047619
23631876.666667
23900502.857143
25096226.666667
25041891.428571
24734735.238095
25188350.476190
24087369.523810
23245171.428571
23132963.809524
23529845.714286
23510087.619048
24273323.809524
24918535.238095
25057264.761905
25265826.666667
25791468.571429
24508495.238095
23408822.857143
23291078.095238
23531283.809524
23560659.047619
24607388.571429
25816586.666667
25779495.238095
25052424.761905
25397876.190476
24273864.761905
23484820.952381
23160243.809524
23402735.238095
23559784.761905
24440579.047619
29185664.761905
27431036.190476
27598099.047619
26675097.142857
26518049.523810
24384798.095238
24261431.904762
24317388.571429
24319906.666667
25752944.761905
26322007.619048
26487609.523810
26505838.095238
26423499.047619
24903460.952381
23795514.285714
23662468.571429
23951518.095238
24043689.523810
25715047.619048
26933548.571429
26636302.857143
26432249.523810
26760331.428571
24990660.952381
23855059.047619
23725272.380952
24007142.857143
24057598.095238
25116373.333333
26038569.523810
26592308.571429
26362121.904762
26330316.190476
24821956.190476
24125222.857143
23841866.666667
25026333.333333
24158674.285714
23825148.571429
25486308.571429
25896735.238095
24686333.333333
25288087.619048
25797188.571429
24066737.142857
23742148.571429
25016420.952381
23984422.857143
23569041.904762
25594952.380952
26280731.428571
24626053.333333
25248379.047619
26157297.142857
24284211.428571
23710859.047619
24769072.380952
23826931.428571
23408211.428571
25200114.285714
26199173.333333
24298514.285714
25018729.523810
25882878.095238
24177266.666667
23543851.428571
24847481.904762
24031687.619048
23420278.095238
25035822.857143
25901586.666667
24723830.476190
25416760.000000
26211112.380952
23928249.523810
23352480.000000
24524441.904762
24244109.047619
23242550.476190
25163270.476190
25789180.952381
24305409.523810
25032921.904762
25500622.857143
23966224.761905
23712106.666667
25022259.047619
23852502.857143
23149746.666667
24872765.714286
27430369.523810
27716245.714286
27104360.000000
27902640.000000
25831836.190476
24534213.333333
25904874.285714
24769567.619048
24422034.285714
26457855.238095
26851287.619048
25419365.714286
26074569.523810
27315502.857143
24359396.190476
23904883.809524
25169300.952381
24199177.142857
23620171.428571
25735988.571429
26059478.095238
24926739.047619
25503645.714286
26399094.761905
24648493.333333
23703100.952381
24926622.857143
24113169.523810
23447868.571429
25645725.714286
26693923.809524
24925641.904762
25539447.619048
25968306.666667
24706148.571429
23854803.809524
25011540.952381
24070291.428571
23646765.714286
25731476.190476
26065190.476190
25018373.333333
25526628.571429
26508028.571429
24343586.666667
23505714.285714
25143422.857143
24315590.476190
23768598.095238
25590965.714286
27027302.857143
25305523.809524
25879340.952381
26470558.095238
24299344.761905
23861150.476190
25083969.523810
24347874.285714
23540630.476190
25797554.285714
26499819.047619
24918552.380952
25743609.523810
26145369.523810
26258720.000000
23949297.142857
25044870.476190
24005529.523810
23418160.000000
25555615.238095
26756523.809524
25237899.047619
25628120.000000
26335969.523810
24545742.857143
23971710.476190
25386516.190476
24532257.142857
23826257.142857
25900097.142857
26577432.380952
25052179.047619
25748512.380952
26128062.857143
24366392.380952
23612472.380952
24981990.476190
24124276.190476
23383329.523810
25417478.095238
26253093.333333
24857640.000000
25485348.571429
26017942.857143
24514771.428571
23789304.761905
24920211.428571
23988091.428571
23380076.190476
25586499.047619
26398754.285714
24804436.190476
25408323.809524
26173001.904762
24349499.047619
23517420.952381
25090342.857143
24045622.857143
24042062.857143
25289007.619048
26247384.761905
24664118.095238
25447445.714286
26067838.095238
24327961.904762
23577531.428571
24973838.095238
23951725.714286
23558480.000000
25181215.238095
26244192.380952
24491942.857143
25376596.190476
25793287.619048
24380775.238095
23881836.190476
25056156.190476
23980942.857143
23435874.285714
25374807.619048
25637321.904762
24728283.809524
25441681.904762
26004622.857143
24439066.666667
23836024.761905
25108072.380952
23937020.952381
23634733.333333
25513746.666667
25956015.238095
24982123.809524
25163238.095238
25650331.428571
24149815.238095
23597213.333333
25196982.857143
24096163.809524
23622685.714286
25066777.142857
25758651.428571
24448335.238095
25003316.190476
25873897.142857
23941952.380952
23630712.380952
24854316.190476
24033116.190476
23781140.952381
25044756.190476
26071990.476190
24727443.809524
25310091.428571
25696190.476190
24453900.952381
23900398.095238
24764373.333333
23915590.476190
23526428.571429
25402647.619048
26277108.571429
24582613.333333
25295826.666667
25794226.666667
24398337.142857
23656927.619048
24775192.380952
23994436.190476
23544211.428571
25150862.857143
25828358.095238
24454598.095238
25114422.857143
25373746.666667
24144548.571429
23509236.190476
24768213.333333
24239131.428571
23488512.380952
25039266.666667
26109937.142857
24596487.619048
25067569.523810
25809748.571429
24073158.095238
23649060.952381
24468952.380952
23927276.190476
23295575.238095
24937933.333333
25893904.761905
24263045.714286
25020209.523810
25676154.285714
24239146.666667
23649714.285714
24876259.047619
23881767.619048
23723925.714286
25281386.666667
25683354.285714
24490379.047619
25196849.523810
