23962451.428571
23007155.714286
22572350.000000
22714949.047619
22401257.142857
21170200.000000
22237123.333333
20993837.142857
20176500.000000
19687621.904762
18683694.285714
20010430.000000
20176481.428571
22024470.476190
22217169.523810
22332114.285714
21804653.333333
21455224.761905
21239607.619048
21260066.666667
21064243.809524
21075977.142857
21038466.666667
21048693.333333
20925893.333333
22229171.428571
21979666.666667
22046371.428571
21934600.000000
22133971.428571
22146443.809524
22045264.761905
22292586.666667
21739624.761905
21343316.190476
21153428.571429
21297001.904762
22813322.857143
21117588.571429
21131803.809524
21151996.190476
20887099.047619
22428201.904762
22172190.476190
22356767.619048
22299866.666667
22154011.428571
22239826.666667
22197192.380952
22085057.142857
21272379.047619
20972906.666667
21020316.190476
21273297.142857
21479666.666667
21027131.428571
21412022.857143
20765459.047619
21423314.285714
22234424.761905
22028074.285714
22208780.952381
22284552.380952
22380426.666667
22185502.857143
22227706.666667
21808184.761905
21436619.047619
21242693.333333
21112798.095238
21384811.428571
21319493.333333
21304731.428571
21317234.285714
21109619.047619
22391582.857143
22371432.380952
22015784.761905
21905097.142857
21886887.619048
21990440.000000
22219026.666667
22255041.904762
21568750.476190
21342445.714286
20997767.619048
21061497.142857
21149674.285714
20892367.619048
21085699.047619
21418371.428571
21021413.333333
22320268.571429
22313868.571429
22199394.285714
22287024.761905
22191268.571429
22139081.904762
22173072.380952
22509234.285714
21148992.380952
21045196.190476
21089226.666667
21040500.952381
21303022.857143
20870363.809524
21517451.428571
20829512.380952
21514304.761905
22309742.857143
22246744.761905
22445289.523810
22149331.428571
22331161.904762
21979350.476190
21885139.047619
21507312.380952
21032320.000000
21061480.000000
21009272.380952
21061339.047619
20959032.380952
21152403.809524
21198714.285714
21187895.238095
21973514.285714
21926584.761905
21825019.047619
21875384.761905
21813333.333333
23505965.238095
22281506.666667
24719626.190476
21667238.095238
21429851.428571
21355026.666667
21881881.904762
21696310.476190
21418245.714286
21444327.619048
21637807.619048
21667727.619048
23823476.190476
23762353.333333
22866929.523810
23957390.476190
23790416.190476
24202297.142857
23883752.380952
24434937.619048
22274041.904762
21959909.523810
22041678.095238
21608349.523810
21932481.904762
21449040.000000
21655493.333333
21608850.476190
21983975.238095
23100420.952381
24481422.380952
23509164.761905
24350375.238095
23480414.285714
23836713.333333
23759669.523810
21933944.761905
21456333.333333
21544228.571429
21445807.619048
21427708.571429
21312996.190476
21311579.047619
21079727.619048
21104824.761905
23538858.095238
24066986.666667
23726459.047619
26811537.142857
23855081.904762
22614742.857143
22676971.428571
25130562.857143
21856733.333333
21307135.238095
21466897.142857
21606895.238095
21312716.190476
21147129.523810
21050192.380952
21398716.190476
21415089.523810
22412447.619048
23614680.952381
22583933.333333
22649560.000000
22428508.571429
22343306.666667
22350960.000000
22421312.380952
21628685.714286
21401316.190476
21247129.523810
21832154.285714
21891110.476190
21290230.476190
21656209.523810
21875967.619048
22982920.952381
24744376.190476
24057710.476190
23742264.761905
24809323.333333
23672348.095238
22883018.571429
24057872.380952
23932885.714286
23735798.095238
22863655.238095
22717853.333333
22874296.666667
22880351.428571
22140594.285714
22203474.285714
21945520.000000
24393537.619048
23466727.619048
23540460.952381
24944670.000000
25041596.666667
27831400.000000
25619081.428571
25962878.095238
24003903.333333
23017516.190476
22830889.523810
22720483.809524
22700104.761905
22360552.380952
22297116.190476
22745634.285714
22493281.904762
24071060.952381
25422192.380952
24116268.571429
25211667.142857
23780299.047619
24176363.809524
25250725.238095
25630843.809524
22652748.571429
22337106.666667
22566697.142857
22911124.761905
22620725.714286
22282060.952381
22707080.000000
22212594.285714
22940350.476190
24678089.047619
25016992.857143
24721181.904762
25157373.809524
24863034.761905
24484797.142857
24811980.000000
22906716.190476
22329828.571429
22084973.333333
22060990.476190
22164072.380952
21999891.428571
22175413.333333
22185232.380952
21799773.333333
24802907.619048
23273489.523810
24688744.761905
24178130.952381
23156544.761905
18379332.857143
19244534.285714
18747910.000000
19567119.047619
20293852.857143
19720060.476190
19647535.238095
19383627.142857
18571244.285714
20399709.047619
21135910.000000
21301822.857143
19950637.619048
24291716.666667
25232591.428571
24345226.190476
24405515.714286
21906575.238095
21759958.095238
21684283.809524
21748582.857143
22272693.333333
21632266.666667
21989245.714286
21600192.380952
22378276.190476
23004354.285714
23061600.000000
23043617.142857
22905958.095238
24232491.904762
24034147.619048
22701927.619048
22501106.666667
21549603.809524
21876382.857143
21915440.000000
22129956.190476
22032419.047619
21723020.952381
21933982.857143
21716232.380952
24700302.380952
23497144.285714
22862260.952381
22867704.761905
23141929.523810
23178750.000000
22946120.000000
22944786.666667
21960043.809524
22115569.523810
21982790.476190
22042487.619048
21896455.238095
21750860.952381
21931379.047619
22085929.523810
21665321.904762
22746687.619048
23292047.619048
23587514.285714
23649573.333333
23127933.333333
24607156.190476
24498080.476190
22953824.761905
22170327.619048
21647834.285714
21786666.666667
21902965.714286
22182643.809524
21536419.047619
22586731.428571
21645497.142857
22208424.761905
23145980.952381
23049217.142857
23310811.428571
23160489.523810
23089830.476190
23189552.380952
23116045.714286
22488169.523810
21831093.333333
21987946.666667
21890165.714286
22021558.095238
21928481.904762
21694980.952381
21789651.428571
21588350.476190
23087485.714286
23332500.952381
23455253.333333
23174588.571429
23432617.142857
23353767.619048
23231550.476190
23114403.809524
22080137.142857
21887327.619048
21858169.523810
21729841.904762
21684518.095238
21681893.333333
21579910.476190
21863725.714286
21646902.857143
22631920.000000
22407013.333333
22483137.142857
22733883.809524
22815733.333333
22853678.095238
22851560.000000
22849129.523810
21814074.285714
21570502.857143
21498472.380952
21621782.857143
21816300.952381
21432489.523810
21867262.857143
21287382.857143
21891651.428571
22564569.523810
22581121.904762
22793845.714286
22450666.666667
22451899.047619
22564860.952381
22605344.761905
22201672.380952
21761219.047619
21556954.285714
21574653.333333
21634060.952381
21472192.380952
21397062.857143
21436047.619048
22035388.571429
22138072.380952
22375883.809524
22149344.761905
22167733.333333
22247493.333333
22283318.095238
22449695.238095
22433411.428571
21720019.047619
21744952.380952
21600160.000000
21613666.666667
21830445.714286
21960676.190476
21799586.666667
21843950.476190
21634411.428571
22730384.761905
22719059.047619
22828190.476190
22731843.809524
22797241.904762
22838382.857143
23046575.238095
23086192.380952
21918186.666667
21764906.666667
21860438.095238
21551032.380952
21913750.476190
21396657.142857
21681988.571429
21074662.857143
22027329.523810
22546169.523810
22589238.095238
22689038.095238
22769457.142857
22534390.476190
22725331.428571
22576087.619048
21871110.476190
21468361.904762
21430127.619048
21487026.666667
21951250.952381
21304588.571429
21369960.000000
21533508.571429
21473630.476190
22419975.238095
22376927.619048
22578480.000000
22587660.952381
22482007.619048
22583742.857143
22305605.714286
22183561.904762
21518274.285714
21329083.809524
21257403.809524
21273481.904762
21270483.809524
21255918.095238
21243668.571429
21429354.285714
21235613.333333
22202167.619048
22113306.666667
22497247.619048
22648662.857143
22763796.190476
22582609.523810
22594150.476190
22535156.190476
21548175.238095
21644977.142857
21451020.952381
21308299.047619
21519093.333333
21083413.333333
21415939.047619
20954942.857143
21758565.714286
23842142.857143
23764777.142857
23476417.142857
23360657.142857
23604255.238095
23662320.000000
23690268.571429
23038314.285714
22231133.333333
22266038.095238
22050500.952381
21985683.809524
21938720.000000
22008777.142857
22143533.333333
22141600.000000
23784327.619048
23544264.761905
23547118.095238
23760737.142857
23449495.238095
23627500.952381
23730916.190476
23672640.000000
22696323.809524
22338297.142857
22288668.571429
22208462.857143
22020942.857143
22103352.380952
22034933.333333
22448731.428571
21905217.142857
23103466.666667
22985499.047619
23445380.952381
23310950.476190
23466969.523810
23393712.380952
23263419.047619
23221841.904762
22156179.047619
21853689.523810
21768550.476190
21833817.142857
22069996.190476
21603636.190476
22072912.380952
21530367.619048
22291382.857143
23137697.142857
23057150.476190
23086659.047619
22785504.761905
22929447.619048
23120344.761905
23145272.380952
22300619.047619
21848510.476190
21645100.952381
21637624.761905
21787365.714286
21887641.904762
21641554.285714
21602339.047619
21609735.238095
22791379.047619
22971360.000000
23082472.380952
23046710.476190
22894154.285714
22917017.142857
22957790.476190
23166148.571429
22346076.190476
22007312.380952
21926177.142857
21948072.380952
21882192.380952
21969167.619048
21908878.095238
22691847.142857
21961000.000000
23275284.761905
22751034.285714
22780822.857143
22617371.428571
22690853.333333
22785670.476190
23031200.000000
22648980.952381
21878112.380952
21721114.285714
21768908.571429
21723853.333333
21932137.142857
21540297.142857
22030180.952381
21491026.666667
22315013.333333
24178108.571429
23753034.285714
23882285.714286
23493697.142857
23209226.666667
23649040.000000
24050493.333333
23148160.000000
22408849.523810
22210744.761905
22259756.190476
22106401.904762
21987466.666667
21974194.285714
22046156.190476
22056043.809524
23536455.238095
23640500.952381
23490003.809524
23654104.761905
23589217.142857
23606348.571429
23442664.761905
23294977.142857
22296087.619048
22120769.523810
22058201.904762
22282588.571429
22124020.952381
22034299.047619
22068314.285714
22283342.857143
21889849.523810
23018485.714286
23030975.238095
22990512.380952
23191739.047619
23370066.666667
23237327.619048
22825076.190476
23039956.190476
22090333.333333
22106822.857143
21906169.523810
21862161.904762
22114013.333333
21723241.904762
22190154.285714
21524514.285714
22368401.904762
19443580.000000
19946992.857143
19887769.047619
20284159.047619
19969887.619048
19353600.952381
20183502.857143
19199577.142857
20492127.142857
18956351.428571
20024306.190476
18935534.285714
19507447.142857
19029120.000000
21673467.619048
21690767.619048
21614306.666667
22988836.190476
23063596.190476
22907864.761905
22745634.285714
22480146.666667
22742201.904762
22958224.761905
22819535.238095
21818011.428571
21644331.428571
21591841.904762
21882371.428571
21549087.619048
21627430.476190
21915156.190476
21617259.047619
21831605.714286
22755020.952381
22937826.666667
23136718.095238
23031750.476190
22896508.571429
23014712.380952
22813826.666667
22819720.000000
25329894.285714
21284266.666667
21716670.476190
21897266.666667
21535740.952381
21624150.476190
21542034.285714
21408982.857143
22011091.428571
22929179.047619
22625316.190476
22962272.380952
22847150.476190
22812436.190476
22945786.666667
22459990.476190
22197699.047619
21506590.476190
24333087.619048
23790169.523810
22971312.380952
22553649.523810
22461293.333333
22424708.571429
22568619.047619
23397440.000000
23354156.190476
23214388.571429
23636350.476190
25800805.714286
23889072.380952
25422185.238095
23263411.428571
22411929.523810
22255255.238095
22194883.809524
22458609.523810
22140798.095238
21992822.857143
22033775.238095
22136289.523810
22297072.380952
23069272.380952
23198480.000000
23125641.904762
23729476.190476
23716887.619048
23139706.666667
23313135.238095
23148811.428571
22444569.523810
21643030.476190
21903984.761905
22198049.523810
22041615.238095
22018603.809524
21946860.952381
21959087.619048
22485539.047619
23068704.761905
22940792.380952
22905567.619048
22673740.952381
22852287.619048
22937554.285714
22955539.047619
22807516.190476
21799702.857143
21900935.238095
22118860.952381
21891045.714286
21887386.666667
22035280.000000
22068655.238095
22006125.714286
23206624.761905
23054485.714286
23124815.238095
22803864.761905
23069567.619048
23309108.571429
23127335.238095
22964466.666667
21976994.285714
21888099.047619
21831158.095238
22149146.666667
21839622.857143
21838600.000000
21927958.095238
22175676.190476
22137192.380952
22816638.095238
23039611.428571
23038872.380952
23037716.190476
23136219.047619
23123544.761905
23327927.619048
23308228.571429
22015885.714286
21659240.000000
21957076.190476
22339586.666667
21919384.761905
21891910.476190
21800761.904762
21796371.428571
22486550.476190
23176767.619048
22777478.095238
22623382.857143
23016163.809524
22602045.714286
22673659.047619
23062262.857143
22297440.000000
21497036.190476
21714268.571429
22019020.952381
21808388.571429
21605634.285714
21713123.809524
21596514.285714
21625038.095238
22652339.047619
22860468.571429
23094066.666667
23182133.333333
22541440.000000
22518043.809524
22803954.285714
22433283.809524
21916076.190476
21774245.714286
21743478.095238
21856565.714286
21836733.333333
21871805.714286
21739870.476190
21806466.666667
21738280.000000
22589527.619048
22831952.380952
23016550.476190
22895933.333333
24468767.619048
24161175.238095
23937967.619048
23979154.285714
23134586.666667
22491443.809524
22738424.761905
22854573.333333
22570838.095238
22338441.904762
22174866.666667
22178331.428571
22627283.809524
23457573.333333
23351316.190476
23472120.000000
23606161.904762
23426064.761905
23531411.428571
23556394.285714
22733403.809524
21746786.666667
22151605.714286
22427579.047619
22029718.095238
22056838.095238
21986520.000000
22034550.476190
22053161.904762
23665533.333333
23498502.857143
23473213.333333
23304420.952381
23278455.238095
23357733.333333
23584030.476190
23602226.666667
22230657.142857
22345518.095238
22450024.761905
22704310.476190
22336003.809524
22113365.714286
22188173.333333
22099440.000000
22291207.619048
23436702.857143
23340470.476190
23268360.000000
23290445.714286
23460133.333333
23650156.190476
23279870.476190
23256280.000000
22109114.285714
21686809.523810
21956207.619048
22230940.952381
21942342.857143
21979836.190476
21957592.380952
21936209.523810
22759304.761905
23351411.428571
23209133.333333
23112868.571429
23299546.666667
23266525.714286
23127851.428571
23108817.142857
22589651.428571
21824139.047619
22022354.285714
22199830.476190
22014649.523810
21916192.380952
21849969.523810
22061281.904762
21985080.000000
23262495.238095
23210163.809524
23319801.904762
23257512.380952
23115100.952381
23163512.380952
23099942.857143
22900219.047619
21853361.904762
21895420.952381
22190293.333333
22247120.000000
21758933.333333
22012118.095238
22190645.714286
21974891.428571
