214683635.238095
188298790.476190
204887600.000000
200107302.857143
214151390.000000
215923240.952381
208358247.619048
210416230.000000
253342105.714286
233312303.333333
236282281.428571
247685871.904762
254180444.761905
256097680.476190
253082668.095238
253952659.523810
204599936.666667
204684953.333333
201410238.571429
250268001.428571
233814077.619048
229413039.047619
222044956.190476
215421050.952381
237732016.190476
243417386.190476
241873484.761905
266433886.666667
260065165.714286
259013787.142857
273287479.047619
265246165.238095
289973822.380952
232090780.000000
258559560.476190
221266391.904762
220569525.238095
222427740.952381
211362234.761905
211847340.000000
201823935.238095
211650528.571429
238903588.095238
241485332.380952
252004769.523810
249032197.142857
253131295.714286
259256278.095238
206718826.666667
224531786.190476
198258207.142857
244023170.952381
247725270.000000
254225667.142857
217566840.952381
240852917.619048
224884154.761905
220814133.333333
228770165.238095
236833896.666667
234779620.952381
255984771.428571
254476392.380952
252272070.952381
213681180.000000
206021759.047619
212454297.619048
233664297.619048
230414593.809524
243624112.857143
235412596.666667
242868630.000000
225360138.571429
246769048.095238
247738494.761905
253171875.714286
268236841.428571
269712505.714286
274389179.047619
281060491.904762
266066558.095238
211122239.523810
233090827.619048
252283265.714286
266424601.428571
225865017.142857
213806317.142857
239814878.571429
257434390.476190
256000907.619048
264525820.000000
260309126.190476
266465529.523810
268274404.761905
271416957.619048
271469541.428571
172699736.190476
229095866.190476
134534433.333333
174927516.190476
192939866.190476
201990170.952381
202980832.380952
206517007.142857
228388206.666667
236838597.619048
247014230.000000
244645375.238095
248155629.047619
247510130.476190
252790929.523810
258264625.238095
194138173.333333
185034295.714286
145261040.476190
172312594.761905
208386257.619048
206619207.142857
216683611.904762
254280746.190476
253077594.285714
262795868.571429
254389131.428571
255336048.571429
260424863.333333
270540629.047619
268266741.428571
278150234.761905
218475254.285714
261017180.476190
244995107.619048
115721693.333333
199138081.904762
202187037.619048
219378696.190476
197032001.428571
193548876.190476
222611050.476190
230066535.238095
230539163.809524
231502996.666667
231057499.047619
236596036.666667
238349195.238095
246757175.714286
193036560.000000
154417940.952381
191763390.476190
203435325.714286
218145484.761905
212528728.571429
216473419.047619
229874521.428571
236727716.190476
243627342.857143
241956122.380952
248461566.190476
247361890.952381
248826270.952381
266414796.190476
172551388.571429
163533168.571429
162550186.666667
183969523.333333
183758160.000000
192938748.571429
204328858.095238
220350969.047619
209316809.523810
211583235.714286
232972263.809524
234849636.666667
237124634.285714
247219408.095238
253318556.190476
248285156.190476
157031229.523810
142738055.238095
142191478.095238
180600962.380952
188012576.190476
198532902.380952
190853773.809524
205954435.714286
213722900.476190
201107659.523810
227108247.142857
235250911.904762
230825853.333333
231618750.000000
241937260.476190
240443430.476190
165641156.190476
170800574.285714
122245672.380952
149135194.761905
182117444.285714
177342378.571429
196796907.142857
200378213.809524
210863535.238095
230848323.333333
230705240.952381
237783372.857143
240525051.428571
244129702.380952
243682908.571429
244157144.285714
227241773.809524
194976066.190476
188282366.190476
194330627.619048
213702466.190476
227001589.523810
243153904.761905
217759994.761905
233302758.095238
234950124.285714
217865517.142857
225989650.952381
225613255.238095
239973402.380952
247460551.428571
248505569.523810
205687343.809524
162916090.000000
106781009.523810
152286590.476190
192433700.476190
180653140.476190
197088263.809524
189291788.095238
202224987.619048
207021814.761905
204088747.142857
227659600.952381
238210357.142857
234380219.047619
235051722.380952
234965466.190476
222315150.000000
238487312.380952
226567337.619048
239111796.666667
240487107.619048
239050966.190476
247485686.190476
235240765.714286
253041325.238095
262135572.380952
261180790.476190
265309191.904762
263955175.238095
276298192.857143
285874986.666667
301908368.571429
149632904.761905
112486358.095238
91761292.380952
178151536.190476
187166832.857143
191494105.714286
212289886.666667
213256392.857143
208262511.904762
218672351.428571
242784072.380952
245697920.952381
255887000.476190
247583570.952381
258572221.904762
265344971.428571
235666608.571429
208631751.428571
210045814.761905
207409688.571429
215601371.428571
214120427.142857
222018830.000000
198573549.047619
204262780.000000
234278651.904762
256433350.476190
249144674.761905
256815013.809524
253218598.571429
264208995.714286
255505800.952381
286498542.857143
241846310.000000
193673849.047619
142507804.761905
191154489.523810
223490170.952381
218377883.809524
217333528.095238
216858772.380952
245733255.714286
258230636.666667
255979331.428571
238570401.904762
241678033.333333
242265348.095238
242442394.285714
269796459.047619
245774287.142857
231628335.238095
261797086.666667
256014294.285714
251181380.476190
242747419.047619
215294159.523810
242046703.333333
251675035.238095
255852928.571429
286985838.095238
257190475.238095
253294882.857143
254062180.000000
262118494.285714
258837999.523810
232548674.285714
209157767.619048
224585590.000000
246471595.238095
227202160.952381
244407154.285714
237186381.428571
225089386.190476
220112498.571429
240255037.142857
254670684.761905
266394250.476190
259437643.809524
266409067.619048
265903174.285714
189055501.904762
152267176.666667
113743069.047619
134856990.476190
161414644.761905
177760184.761905
181367469.523810
193922030.952381
200177052.857143
208721787.619048
231475914.285714
238823882.380952
246094513.333333
251922182.857143
252687176.666667
258869382.380952
188940162.380952
224704352.380952
199087815.238095
199649322.857143
180981049.047619
183563049.523810
183304002.380952
210932281.428571
217712410.476190
231436023.333333
217732633.809524
225852800.476190
236102511.428571
238367282.857143
239092682.857143
245169532.380952
141437088.095238
116436634.285714
111326738.095238
135322880.952381
164357562.380952
176119899.523810
177549389.523810
185921480.952381
198436945.238095
214196044.761905
225815285.714286
237677166.666667
238499809.523810
233263379.047619
236855909.047619
240051815.714286
223655714.761905
246209652.857143
206145392.857143
225424442.380952
217849930.000000
222981862.380952
197123287.142857
223601500.952381
224583073.809524
241527182.857143
244037486.666667
247898235.238095
256109801.428571
259374682.857143
261771354.285714
266332990.476190
131510696.190476
180652102.857143
187295670.476190
213400022.857143
257861597.619048
265365352.380952
269085273.333333
295569659.047619
291044431.428571
303012714.285714
298502767.142857
296957531.428571
298205785.714286
303714936.666667
316937804.761905
309786122.857143
173891248.571429
148547915.714286
128891395.238095
171185228.095238
186251723.333333
192813270.000000
196613555.714286
208918444.761905
225570497.619048
227364640.000000
246163875.238095
250706538.095238
251848745.238095
253385066.666667
261089872.380952
262378298.571429
198161794.285714
224111537.619048
195245785.714286
173783864.285714
210329447.619048
226904650.476190
229515232.857143
234627520.476190
242144147.619048
260367572.380952
267610030.476190
266520435.714286
286001910.952381
278753751.904762
275247416.190476
281548996.190476
150649126.666667
111553777.142857
74203601.428571
159508810.000000
183619839.047619
197594877.619048
207384994.285714
218436467.619048
220703310.952381
254106118.571429
259242048.571429
270516100.476190
275003027.142857
278981454.285714
279927202.857143
278294765.714286
222058524.285714
218688085.238095
174424109.523810
166694371.428571
195700235.238095
212684276.190476
206060621.428571
195653812.857143
218437130.000000
218115350.952381
238796021.904762
241617932.857143
237562984.285714
240805455.238095
242994858.095238
251658901.428571
238914118.571429
259103964.285714
267442972.380952
259523324.285714
252073681.428571
244916684.761905
243400887.142857
245853271.904762
235664061.904762
240080660.476190
240818426.666667
250586593.809524
267345174.285714
261733457.619048
261638059.047619
274686956.190476
239002582.380952
234663210.952381
246750173.809524
258999142.380952
238716972.380952
250716528.571429
223366930.000000
256374411.904762
266858939.523810
280196489.047619
266467269.523810
276555792.380952
272691170.000000
272194803.809524
272674844.285714
275024056.666667
191089621.428571
224760790.476190
144943692.857143
110248314.761905
169402445.714286
184366585.238095
190438657.142857
197131311.428571
214585698.571429
222399940.000000
229340592.380952
226424739.047619
237966817.619048
230140283.333333
233095710.000000
242180564.285714
223463375.238095
232177114.285714
220646827.142857
209331927.142857
223836074.761905
223485630.952381
203941610.952381
226086869.523810
232761598.095238
222193076.190476
225852096.666667
240513025.714286
254792935.238095
257995496.666667
256411413.333333
259676350.000000
249400665.238095
284846586.190476
288583750.000000
263991510.000000
263022364.761905
254386597.142857
235091904.761905
255237883.809524
261395842.380952
279209680.000000
254389556.666667
262884038.095238
280730002.380952
269885934.285714
273071665.714286
274877259.047619
227166542.380952
208070525.238095
173210410.952381
168263499.523810
191095612.380952
196884806.190476
208392429.523810
206740807.619048
221768777.619048
203143147.619048
211267412.857143
229536884.761905
232577596.666667
231390082.857143
236226376.666667
238095278.571429
200116554.761905
203407309.047619
193746714.761905
187176156.666667
189212941.904762
202075721.904762
201337760.000000
197871172.857143
227202900.476190
241396186.190476
232753210.952381
238112621.428571
242990798.571429
245683944.285714
264251542.380952
266602372.380952
270093080.952381
283501910.476190
246516459.047619
235552401.428571
252634801.428571
245113741.904762
226759332.380952
238071571.904762
230146914.285714
253895139.523810
253056447.619048
258263712.380952
267948927.619048
262395207.619048
260729431.904762
261780442.380952
215835352.380952
256993064.285714
154859770.000000
156412696.190476
188075109.523810
186662303.333333
205793972.857143
196763733.333333
203309775.238095
216956879.523810
215745330.952381
233649522.380952
236941792.857143
242280480.000000
252209808.571429
246157837.619048
221976074.761905
228738273.809524
257462951.428571
232161244.761905
230645629.523810
220887615.714286
226823408.095238
236547430.952381
232835314.285714
245837861.428571
269251720.476190
276747439.523809
273934802.380952
273613909.047619
271596884.285714
273060104.285714
142152378.095238
122498670.000000
119112533.809524
166042716.190476
183695605.238095
205107572.857143
222833973.333333
219047775.238095
223313321.428571
231201296.666667
242866138.095238
244660031.904762
255072590.476190
263381099.047619
260908262.857143
265218372.380952
160670700.476190
129434063.333333
126226961.904762
147717549.047619
182161700.476190
202113241.428571
198401560.952381
202882425.238095
229236796.190476
238282738.571429
241074033.333333
244840950.000000
239995326.190476
246491140.952381
249156037.142857
253010328.571429
190098837.619048
191848071.428571
111168870.000000
115799924.761905
225318791.904762
221064748.095238
230301824.285714
252826080.000000
247561591.428571
254550725.238095
275594156.666667
261622940.476190
256238408.095238
258560362.380952
264949994.761905
278175928.571429
