1772
696
1108
640
1294
1039
885
569
739
1000
570
822
685
1038
614
102664
779
223869
97686
181231
76081
279340
1219
189492
81386
269813
1235
278996
1224
241289
929
186247
1243
247502
1221
243224
1257
188796
100609
171142
89930
189907
79141
173942
79498
194360
1388
314761
1238
161569
70913
179049
74217
171980
73852
174771
72450
180760
747
328734
922
182486
940
349928
37996
65282
107102
151696
99849
144224
108044
234986
1214
170331
92225
264869
1220
252946
1245
263473
935
297464
1293
310541
1250
303912
1226
210928
77469
181229
48276
215098
54464
219813
54349
202645
779
308747
1207
91019
47766
188331
56397
189176
51977
210385
47527
183080
759
318366
935
169479
783
317329
767
161028
51566
189835
52740
215323
19147
298669
1210
154585
19750
295784
1235
246694
1204
233622
942
235860
1233
155168
1235
227437
1673
161735
12042
213288
18304
214675
17367
217833
20439
209652
789
305419
1208
158760
14655
213601
16369
208849
17967
211159
27254
219032
757
343965
920
162208
764
310016
924
160710
18157
141496
18256
214950
15373
296738
1213
160358
21043
306796
1216
247066
1228
253349
941
239508
1219
238270
1220
237720
1226
158877
20428
203882
19336
207798
19077
207801
25930
215938
791
304372
1230
153382
26753
139007
16688
216102
15204
215502
19021
215983
887
313345
934
162039
773
311279
787
168092
1504
293261
786
264964
1183
338309
1226
181445
1251
341354
1218
267367
1218
252680
954
256364
1229
243372
1217
178900
1224
194309
1301
263505
1224
230813
949
225484
1234
232653
938
309681
1213
160117
1224
230593
1226
230104
890
235418
1027
238591
768
314492
939
154668
786
310871
779
158247
773
232869
784
169715
1201
301427
1225
165873
1221
308485
1222
245893
1235
244168
799
241530
1221
231335
1238
236518
1232
155086
1227
231442
1234
228629
944
227672
1234
227815
794
311461
1208
155401
1226
238580
1210
148863
756
229786
1060
234984
765
306831
924
159511
790
306742
785
159713
776
234490
787
235289
1208
324294
1221
157718
1234
324341
1223
236663
1243
245731
794
236164
1237
233164
1230
239549
1232
88714
1216
232558
1232
237373
944
232903
1229
284276
811
351086
1243
162924
1227
234790
1218
241803
908
242754
1213
242244
898
320143
935
166315
786
315112
938
168763
791
276487
796
250580
1202
240499
1699
177509
1251
344155
1237
237316
1233
245310
952
240509
1217
236813
1215
263601
1214
176775
1231
259308
1222
273137
941
250977
1237
250930
942
319306
1219
169614
1231
261554
1238
243142
759
175598
1206
254346
756
329539
938
180359
766
328586
935
177384
788
255564
936
250558
1220
322491
1238
173054
1234
307530
1218
246240
1228
246907
956
253218
1226
239235
1242
260198
1226
162260
1241
167012
1224
254654
783
251227
1238
249185
793
330013
1219
176978
1242
258491
1230
259439
886
276006
1197
241775
757
320976
794
161135
812
325035
772
161282
772
266596
924
249803
1198
320856
1211
84834
1223
308615
1230
237376
1256
237779
933
243871
1213
242090
1235
242688
1239
171839
1227
245871
1241
237882
942
232582
1233
242570
797
313243
1247
163776
1222
244084
1299
238970
913
233296
1197
162070
761
309236
915
166800
763
313975
914
159892
785
237314
920
242806
1209
312967
1237
158934
1222
313333
1225
240375
1237
223082
946
240765
1235
239934
1246
237919
1225
168649
1251
245468
1235
159736
789
252587
1235
245365
785
311732
1238
162767
1237
239183
1215
234879
883
238999
1211
240438
885
308954
1920
165231
784
321773
776
160614
923
235620
786
229658
2021
314730
1223
177219
1238
238342
1221
239165
1238
240014
946
236330
1223
237945
1264
238054
2395
164454
1230
241636
1246
252361
952
239590
1226
247098
938
320046
1210
166639
1224
239965
1219
265348
751
233302
1188
221919
765
290258
778
182931
786
369379
940
185472
774
285311
923
290879
1191
370649
1235
185027
1239
339559
1217
243984
1250
250451
944
240560
1219
252713
1218
240681
1243
154493
1222
229653
1213
228197
939
160556
1210
233165
943
312452
1223
164415
1211
231715
1227
237527
898
238859
1203
232302
745
327009
933
165762
782
318544
919
158019
769
232248
941
235525
1216
317560
1220
155517
1249
324961
1220
160609
1250
249197
930
238447
1244
254478
1220
237269
1229
150162
1252
231968
1213
237018
931
232231
1226
232412
789
333764
1216
171797
1211
241225
1209
227893
896
250180
1199
233412
750
301985
938
85911
786
306871
767
156265
772
228894
780
226516
1204
316080
1225
161381
1221
345317
1217
263794
1220
260384
950
246791
1232
257812
1220
265326
1221
162549
1253
238801
1219
242141
940
231325
1211
162405
782
307269
1223
164029
1234
236309
1221
228073
893
235221
1211
234312
770
315451
775
163586
783
312049
925
161710
786
232766
765
238863
1220
310586
1237
176422
1239
312295
1213
239106
1242
159828
770
237962
1222
235277
1247
240820
1248
163671
1237
227430
1235
245689
947
260315
1234
251945
788
340190
1222
198409
1215
284386
1230
244321
895
269197
1197
258176
903
338150
920
168509
786
245496
785
171418
792
271809
933
240933
1207
309330
1233
160058
1227
306810
1224
237115
1230
241475
926
236994
1224
230137
1213
235496
1225
162039
1220
232445
1224
238405
929
235517
1230
274792
781
283549
1242
176190
1242
239226
1211
225697
888
229701
1196
232086
748
320658
927
166313
774
319428
779
163809
919
239455
792
235304
1213
316020
1215
159213
1254
339793
1221
279450
1234
275539
943
184401
1248
264858
1220
254506
1227
168589
1246
233685
1249
226963
949
230883
1229
233723
929
318351
1223
155490
1216
233256
1210
245275
919
233026
1211
256662
897
359174
922
177602
790
315259
926
85847
777
241442
933
246653
1188
326816
1218
168872
1249
325647
1228
242815
1228
238322
943
261266
1225
256518
1244
264412
1249
165624
1245
232310
1226
241011
954
250292
1233
240083
938
321065
1216
85749
1223
243688
1226
255058
888
250531
1043
231748
743
315663
945
161204
778
310379
927
161369
767
229477
934
230772
1207
311729
1211
161173
1236
325942
1232
246870
1216
230667
948
239275
1217
154462
1243
233264
1235
158970
1242
234037
1225
255849
790
260552
1685
261494
794
343760
1205
191912
1240
238663
1251
223447
901
238135
1192
228977
768
313232
934
161119
782
324626
927
182389
795
172476
918
244857
1211
307995
1239
164247
1193
309490
1233
241367
1250
230232
786
232957
1220
233673
1217
237491
1230
158032
1241
248995
1313
248260
788
229736
1235
239460
933
311744
1222
155426
1216
163273
1238
240735
755
236622
1193
228607
896
303214
785
159470
784
308330
789
164227
918
254810
786
249284
1205
315212
1222
173093
1213
326376
1222
235501
1223
240960
824
237921
1242
235121
1220
157525
1232
169148
1225
245305
1214
256986
947
247672
1218
243521
940
317460
1220
163658
1242
232184
1229
270149
909
275165
1192
265797
758
326224
768
170880
769
312927
796
166311
915
247498
784
168394
1214
322969
1233
176771
1226
324270
1210
232961
1241
239581
784
239932
1229
237646
1221
262258
1230
170917
1223
260767
1241
254661
932
247245
1219
262019
936
319070
1216
171116
1214
251260
1200
172722
890
254788
1056
244194
757
330938
775
167842
777
322336
918
184593
767
263948
788
276434
1202
324604
1238
163233
1226
323180
1225
239862
1226
246858
930
248822
1233
238098
1232
244370
1243
82155
1234
240263
1235
237428
941
256701
1220
248830
943
318762
1234
171166
1213
240796
1213
238405
891
239015
1201
259389
759
333128
927
177664
781
319573
924
162331
781
239064
936
233789
1193
240288
1240
170533
1241
318761
1213
234483
1254
239381
956
241531
1221
250114
1228
243737
1230
168594
1237
254707
1253
263856
943
237656
1222
241694
787
317646
1218
161376
1239
237124
1234
239055
893
168674
1203
240575
884
314057
781
162974
780
317041
776
158176
933
243351
770
250386
1204
327685
1237
184193
1215
328154
1216
232673
1222
241667
774
242722
1219
236315
1219
245087
1239
167313
1249
162341
1218
248241
801
260182
1220
253599
939
349304
1234
183889
1223
260517
1223
231414
898
237889
1190
257990
761
332201
775
203647
784
326688
922
163863
789
238373
940
264444
1207
353623
1242
110100
1226
333696
1231
243188
1695
246431
942
245547
1239
250807
1243
248478
1229
159956
1218
249975
1230
252946
946
234298
1225
239592
793
344464
1245
163677
1229
242047
1241
233841
749
236056
1203
163547
763
312004
942
167485
786
310080
942
165844
775
228826
949
239912
1187
321771
1222
172136
1226
369931
1243
256811
1256
241694
951
265954
1217
258292
1237
261510
1226
165576
1232
262697
1251
166552
963
253123
1222
268569
782
312230
2168
163704
1217
242431
1213
260903
883
259815
1206
260909
744
340664
940
186833
787
357883
801
245004
951
295958
789
265072
1214
327182
1257
167393
1266
235184
1247
244123
1239
241428
969
241993
1256
237051
1246
241548
1258
165417
1255
241850
1264
233148
943
230837
1264
248304
773
366089
1246
178553
1234
247201
1224
252685
899
250186
1033
236976
901
240201
769
174717
793
318330
784
152810
940
256354
780
224995
1264
311998
1226
162543
1229
314031
1241
239378
1221
235854
943
237536
1242
232338
1236
228904
1226
164731
1219
247451
1218
263430
949
168488
1222
227845
777
320827
1227
163282
1244
236051
1225
244405
895
252363
1202
235330
762
347410
786
166539
926
339211
770
214807
929
260797
782
253847
1209
373998
1226
185161
1220
361111
1249
174968
1232
241293
796
235357
1223
240787
1224
236878
1191
160508
1230
236469
1231
238855
945
235884
1250
235997
1308
314891
1221
159316
1212
235139
1231
237322
753
243033
1208
237396
764
328531
771
92157
783
304424
933
161524
784
236395
855
247058
1104
320736
1140
157754
1142
320318
1148
237333
1146
241267
856
242665
1145
235961
1152
243299
1141
157069
1230
238962
1227
240893
790
242170
1220
151937
950
312824
1228
157844
1225
233195
1220
234479
902
238429
1049
234161
757
318498
780
159795
787
321960
942
162766
785
232124
936
232167
1193
316282
1241
161756
1224
314833
1221
246216
1242
163939
936
240477
1221
233505
1679
232481
1223
160188
1234
232624
1230
240754
960
238597
1238
233936
934
318309
1218
161344
1218
243923
1235
236932
750
231497
1172
239326
895
350713
930
163287
790
245184
908
154018
763
237543
937
232997
1181
313327
1216
158756
1247
319565
1243
240410
1221
260957
942
257284
1221
267017
1240
251596
1237
159084
1243
234110
1222
243450
791
235019
1244
251235
792
240767
1225
205918
1223
247652
1210
244201
893
242550
1205
244679
747
349178
945
176272
769
343807
921
176781
776
229151
937
238744
1174
324960
1232
174678
1244
322929
1226
280747
1228
187275
795
256148
1241
243628
1234
242915
1227
183941
1223
256718
1244
245696
948
242970
1231
245984
783
325132
1233
170775
1219
255531
1229
280494
764
292979
1186
260403
754
312688
926
163032
779
326544
770
87289
790
294372
789
301524
1178
382376
1222
172915
1226
333635
1221
243258
1229
240385
943
244521
1244
269163
1240
289150
1220
187540
1229
287417
1231
251998
931
258080
1221
248165
1003
321886
1206
87976
1232
234621
1227
237984
884
245621
1190
241914
762
309025
938
170523
783
335399
935
158288
770
247744
939
238667
1212
375474
1243
208022
1240
352038
1235
238896
1220
252929
943
283565
1233
185803
1238
249470
1252
165783
1240
231032
1236
238428
950
250667
1223
245150
793
321035
1220
190895
1227
270151
1244
286821
888
276305
1056
298084
763
356570
771
178224
796
334596
793
179320
785
169388
940
267913
1206
352401
1244
175810
1233
316564
1247
254697
1231
249755
1023
256372
1232
264563
1232
293833
1239
209544
1239
270022
1239
261508
953
265240
1246
280351
797
348906
1218
172415
1234
177280
1229
268800
749
250024
1197
254131
766
326303
809
170711
771
319501
766
173926
774
252846
791
250270
1184
321353
1217
168882
1241
324751
1226
255021
1226
243959
944
250489
1227
243703
1207
157207
1216
162176
1213
237845
1233
240399
953
234554
1234
230772
928
317584
1221
166069
1223
251202
1217
242416
898
228541
1041
237643
761
312292
944
165613
790
307839
768
165649
782
234302
934
176986
1192
300484
1222
163760
1237
311437
1219
235578
1228
234750
783
242479
1222
248941
1222
242262
1219
161799
1235
234383
1245
237649
937
242214
1223
242109
939
312760
1214
178435
1239
256681
1213
161391
748
242916
1206
249734
882
315986
920
164001
767
315880
942
165754
775
247378
789
253172
1209
311224
1210
163915
1231
313313
1216
238594
1220
246798
929
246014
1233
292054
1224
284060
1238
98555
1245
277771
1223
255065
950
285958
1243
278782
772
363838
1200
175462
1213
260391
1213
269997
895
270311
1189
285169
755
367887
782
186456
930
325069
785
176161
937
250615
783
239561
1182
248693
1221
166838
1251
316586
1220
246679
1676
252523
938
247054
1240
245667
1226
244472
1247
175585
1235
243121
1221
245938
940
259099
1251
254321
777
307248
1222
165104
1225
268995
1226
271614
903
195310
1201
276178
755
343200
922
191195
789
336574
781
179816
764
257111
781
259189
1214
377220
1221
185484
1228
352658
1281
265000
1233
263207
778
242791
1223
237907
1238
254465
1217
161232
1585
164490
1223
255932
795
258558
1221
255943
919
338558
1677
169680
1217
258356
1238
260085
882
272756
1061
264088
760
343859
935
169180
781
338159
782
164885
784
259129
723
244944
1106
327603
1143
86952
1132
355464
1134
276488
1145
236899
711
247205
1129
246566
1146
298872
1131
184747
1130
280754
1125
302151
950
269737
1223
267786
795
343365
1216
189299
1234
295526
1223
277552
880
261690
1205
171608
884
310233
936
158522
785
486873
918
233263
936
300380
785
279422
1195
365267
1230
181243
1232
349289
1218
294550
1235
302848
926
262139
1243
259044
1232
263827
1222
179280
1246
265640
1224
180879
946
285271
1236
275148
792
338431
1231
187356
1229
268969
1270
278901
894
265460
1066
250993
1105
340635
937
180693
776
325053
765
160361
782
252907
934
245124
1203
319969
1219
170539
1233
237103
1222
238827
1211
237319
951
237965
1240
249758
1227
234024
1223
169499
1245
239515
1215
242788
943
256591
1224
243498
793
322087
1217
167937
1218
246849
1240
237607
738
257237
1035
257348
900
267375
927
185647
1237
343264
929
194519
777
254527
929
262751
1193
313759
1230
156190
1222
322861
1220
237231
1227
244881
947
245406
1221
259699
1227
248109
1237
171226
1220
243461
1243
243204
950
171344
1237
268935
792
358163
1231
178445
1236
250991
1224
251141
752
267122
1032
251846
772
353827
767
177765
769
326046
925
169355
799
269136
930
280214
1173
325393
1644
175043
1235
325693
1237
164353
1231
245014
941
233413
1257
236691
1222
252984
1230
185910
1248
239318
1249
235927
794
237514
1225
237932
944
319992
1239
157202
1217
235455
1218
237935
896
239435
1194
237472
772
319251
922
80641
789
307089
783
164286
933
234566
785
228082
1182
312781
1229
165207
1222
329305
1239
274749
1230
276954
779
274220
1232
250285
1210
254669
1225
178327
1252
246038
1219
239910
939
237796
1240
155237
792
312227
1221
160513
1243
226415
1216
226260
747
232982
1202
228173
744
320452
937
159803
777
587227
783
241273
767
277454
942
265952
1182
344566
1235
177574
1232
343036
1221
259917
1224
191257
944
257279
1221
245149
1218
251642
1232
173226
1242
248919
1238
255760
961
259934
1234
258616
925
333296
1222
173095
1248
259341
1216
251071
771
251600
1218
245372
760
323972
936
168361
780
241745
784
162649
927
234905
770
248002
1211
322986
1221
164555
1218
317906
1221
250317
1246
274491
927
238940
1219
233684
1231
240602
1234
166116
1243
261820
1211
253060
971
251573
1224
266085
932
230076
1225
151451
1229
243112
1218
227670
1170
241452
605
232241
515
310210
528
169805
446
310793
777
162025
784
233693
780
235876
1190
309403
1228
156753
1242
316212
1235
227261
1248
152736
945
222464
710
249215
702
233327
715
159518
708
239055
704
233250
458
237745
708
250153
948
318966
1215
158057
1244
239706
1243
235801
900
245015
1202
234453
888
311757
948
158350
794
310367
921
85412
772
235819
936
228934
1189
314548
1235
167004
1218
306415
1211
238588
1227
238481
950
234815
1222
238392
1218
229617
1249
154114
1234
233251
1234
238729
954
238370
1225
231777
948
307369
1234
87295
1249
234408
1223
235633
893
243038
1210
240650
753
311869
925
155894
779
349642
791
188217
985
268621
781
264337
1212
351918
1217
158601
1254
306336
1258
266838
1254
255088
966
263184
1253
178740
1246
264754
1253
169980
1227
232169
1252
243928
969
236877
1262
234751
950
321270
1248
160739
1237
241720
1237
242671
778
242133
1071
235293
917
322090
935
165243
802
324300
950
164665
793
175502
939
236471
1204
322247
1241
164737
1232
310098
1233
240251
1236
228359
945
231853
1222
233603
1248
226965
1240
152783
1284
230554
1224
225750
942
229050
1231
229372
786
306897
1228
155105
1244
160205
1236
232105
891
222450
1057
227860
747
289830
784
158813
779
298310
786
164988
937
231276
789
234320
1206
311028
1234
155272
1254
339637
1218
232061
1249
237681
777
223564
1239
232664
1699
147328
1228
158997
1226
247248
1233
256046
778
276743
1224
239912
777
317403
1232
162354
1231
231486
1214
242783
902
243097
1187
234561
757
316185
923
169189
788
311871
928
193074
771
265987
941
177270
1193
352963
1225
179920
1224
343230
1235
234379
1219
235267
936
239938
1229
238573
1252
233294
1239
180001
1231
247530
1227
245726
1013
251865
1238
239540
787
326783
1216
205322
1227
247366
1614
171978
899
224811
1193
236805
766
310575
961
163431
787
303083
779
168804
938
245072
782
239866
1192
315214
1240
162266
1257
320485
1219
231359
1259
239333
943
234106
1243
237035
1254
235289
1239
80489
1241
242217
1234
243215
945
246188
1241
236490
944
326309
1263
166450
1217
236970
1131
233159
700
236181
998
243399
714
310025
879
168285
728
311452
1106
161912
731
275058
868
238727
1098
227175
1151
175643
1157
340067
1159
252484
1570
253463
869
232777
1156
252250
1134
242471
1126
186442
1162
253364
1133
252882
975
240451
1215
260722
783
343872
1214
165548
1219
245734
1234
295017
898
166593
1187
243586
751
318961
950
170905
772
320139
922
179207
782
260207
936
249262
1205
336792
1224
183797
1230
317658
1042
225221
1231
251533
938
264289
1235
270870
1222
269519
1231
171103
1248
171954
1238
262530
937
248969
1218
253295
795
325859
1239
174678
1226
239275
1223
253963
747
253163
1187
257271
763
316729
920
162884
1219
306301
787
167190
785
244982
936
243359
1205
321655
1219
93408
1267
313961
1227
236941
1230
233597
951
240241
1238
245481
1220
236595
1224
167434
1246
248563
1222
273872
932
264125
1221
260744
787
327337
1231
164353
1224
242689
1245
259909
959
254640
1202
173442
751
319941
942
164829
771
315690
925
160325
783
238125
946
247367
1201
346743
1201
187208
1225
325251
1234
247373
1238
239811
937
242858
1234
242942
1229
242978
1237
168585
1252
247992
1229
175292
942
262463
1223
254865
775
321229
1227
167841
1252
245485
1241
240470
910
237002
1189
242541
767
315481
922
165146
781
309930
922
161261
770
238716
783
244746
1202
304141
1214
161731
1249
227538
1242
233297
1253
238250
939
235574
1226
242006
1217
239437
1261
167200
1234
241467
1252
265086
799
252540
1245
237564
946
313774
1227
157392
1230
235784
1231
236726
908
242596
1209
242981
756
238888
924
166866
783
308398
938
165221
773
243969
937
239909
1182
315015
1214
167949
1235
321922
1235
234302
1240
232395
786
256163
1231
238294
1227
223041
1225
164596
1242
239776
1227
252612
935
177228
1244
268145
786
327982
1234
175933
1207
241749
1255
243350
904
237232
1040
249719
765
336667
926
162703
1656
307292
928
167739
789
288342
944
249348
1210
328532
1211
157640
1231
304224
1246
164158
1261
237252
945
233655
1245
242426
1217
234695
1240
163382
1231
248615
1225
256378
944
276401
1226
233930
783
312285
1223
165167
1225
237839
1232
250458
765
252648
1191
250423
762
369168
770
92222
772
308704
928
170284
784
251028
939
240006
1212
320250
1245
169598
1244
325942
1241
240471
1252
253525
945
246753
1220
244625
1218
255175
1227
175696
1249
253373
1219
270424
957
273329
Xput: 8233
