903
320
213
576
464
250
182
242
179
250
145
508
149
527
228
179
286
216992
177460
196504
165404
175696
164172
158804
160673
139527
141371
171683
137321
135889
133080
131632
132452
133345
133997
135082
141033
132990
139288
135272
132261
162475
148214
142416
146378
129868
139100
137783
164546
154582
146958
142726
148027
139599
145274
134891
144683
136678
141823
140598
134014
139266
139760
144130
137529
168322
165081
167134
157069
162678
153948
159023
160170
165100
151456
163650
155287
158575
161198
167308
156906
159774
155243
151534
161536
151948
162739
155099
161174
150952
158854
175407
169899
163381
165464
152107
162436
151846
165471
154990
169532
151201
167189
153035
152575
141581
147019
142617
148580
155905
146738
152454
141648
150769
144781
151800
149717
153659
155072
148899
152991
155858
140888
149968
132114
153660
135618
142181
134213
146212
142539
147443
150234
139280
142655
191827
206377
200804
213007
202060
205938
206625
199966
203524
201136
198754
205597
202893
191012
135106
163053
131205
197628
135813
140554
130808
144231
145971
154095
144419
133158
131357
140824
133527
130808
144426
135900
149185
136241
142128
140006
146000
130299
144753
131365
140356
141503
143110
141915
143322
132061
136138
138174
129910
143998
137027
149821
130770
141729
132172
136869
138089
134142
143467
137337
132450
139801
140675
145865
131721
143968
136622
138417
136658
146293
136060
148804
136022
161457
154160
138479
139439
145410
140388
136338
151050
138235
138843
135893
142535
132860
147043
151480
148811
149966
159929
151593
161342
152682
158917
144738
139171
137862
136602
138355
138120
150385
136707
165131
154297
147369
170375
153061
164089
155627
152325
174065
145541
147028
138490
162340
176116
161579
141990
141573
131680
147325
132041
143227
139942
135808
141177
141626
139070
138812
141555
133703
139382
137640
141721
132810
143083
138586
138049
132802
143334
133907
140570
140509
142096
134370
141198
141470
130886
142769
131096
145837
138221
150977
135910
136988
144629
134503
157016
143848
133134
143849
136180
139413
132801
152621
132793
140368
133922
145033
136001
152060
132760
144763
137915
131414
139034
143748
146034
131976
138300
135264
137777
135483
143386
133744
135881
133540
141070
133558
139899
137530
142835
132846
140731
133884
138530
136743
135258
142990
135777
156971
140291
206452
201844
205284
205660
198928
201856
189975
142768
145818
141882
159594
204555
198932
142337
143252
142813
148891
131932
148020
141434
147326
140367
147199
146337
156645
147963
202663
199234
194632
196734
195807
196851
190593
200116
196943
198430
196208
197173
195874
197573
195350
196736
197188
198467
196112
196361
198586
195048
198376
197155
198760
194552
198795
199317
195231
198781
196141
194300
197298
194618
197884
171647
167011
145592
176191
171096
156472
153187
165458
150327
159596
162467
154734
154569
160110
169059
161286
168586
156130
160649
155278
165715
151286
164382
152665
160353
161464
161096
151249
160334
158701
165226
152939
162242
158400
157772
162300
165941
162570
158405
161686
156917
177117
167435
154295
153861
166534
152895
158617
160001
183227
156609
158797
153904
163755
154157
154668
156416
157633
154842
155976
155888
152631
157223
156333
154859
153175
163714
155051
158564
155403
155388
155837
156580
154502
158357
155478
156811
155422
160538
169029
172590
152291
144908
148117
145080
155026
155013
172749
200570
202322
201937
160182
175915
151029
203627
197427
194334
199539
196957
201675
194668
210493
217390
219464
219094
221362
217459
219640
218234
221407
220466
199251
202815
198831
195368
194100
204090
198196
198978
197828
201549
198030
200332
197164
197653
197653
198421
197693
199785
199785
204018
199813
199620
199248
196616
202434
196759
201978
199285
200881
203339
204837
204089
196746
204923
195891
198034
197350
196487
198590
199017
199773
195857
198431
195898
197155
193700
197575
196046
197736
195940
196316
197410
196943
193987
195418
196231
194402
198922
195968
199291
196338
209633
201159
212225
194902
198901
194146
197999
197171
199736
166370
136341
167641
151715
138246
131253
136605
137595
137554
130698
134229
141579
132290
140989
145158
142079
145188
142215
147602
141863
144599
144152
144750
158684
206307
210082
186531
201630
209144
197583
195127
197844
198627
200509
196255
194929
177578
142001
131984
132510
128138
131677
129771
132215
127259
131312
128048
132805
133815
156450
133754
134152
134095
128141
135373
127740
133909
127827
134159
128806
128877
134468
127940
166831
154393
142669
155911
145691
152361
144989
153527
150337
156757
156488
159248
146960
155615
135413
139051
135569
145556
135057
141594
141832
137720
142756
135208
146874
135173
145736
134505
147166
135401
147633
167268
204198
198110
206060
199995
203499
199195
205726
200715
197729
214321
215311
201815
196459
202556
196517
200738
204608
204990
207493
201493
198130
200803
159285
146541
129981
145689
164006
154100
144742
148329
133731
138759
133194
144108
137333
144866
151220
210193
207080
201992
215242
173158
156603
145734
147329
136513
144340
139044
140755
139463
144580
132165
143124
146276
144347
133833
144068
187365
159373
162117
154757
161590
153344
160336
156599
158211
160805
156562
161545
152166
147945
163296
165049
153720
144855
153921
148014
153004
144816
154421
146328
156453
138086
173860
161753
155373
176130
156774
154765
149783
155838
151882
161998
147862
156584
148091
150101
146646
156890
147154
154233
148268
156061
149466
152895
150541
153716
153178
146921
157254
148696
154278
147576
154266
147834
150924
152489
150213
155416
153884
147570
155976
152603
154705
149714
153974
150776
153930
149974
153118
149839
152619
151274
155009
153142
150379
150823
154721
150886
149054
153035
148256
154328
148392
155263
149512
154048
150403
156590
150751
154072
147314
155318
148962
154084
147434
155608
157807
171395
174173
170121
180490
188868
169175
199935
199432
202399
197600
168315
161496
164312
164807
166154
164667
162834
165000
161821
161204
164500
164608
162397
164006
160331
167241
161798
166258
157969
170940
158984
164874
143198
139440
143460
137994
146064
136616
142765
140420
150550
142826
149170
141582
147026
143236
147316
141384
147422
144401
138173
207711
196114
204164
199973
203086
198393
198789
204364
198663
203652
201872
198805
205213
196322
204399
199481
203963
199774
204046
197996
200784
200130
194069
132431
161033
155096
167553
175034
169832
171684
165511
171271
166051
174144
172457
172050
162349
174280
165784
173134
167619
169280
164525
172482
172051
175048
166850
173776
168335
171702
177387
174725
175612
167875
170076
161639
140637
148432
138021
143713
143875
136081
144151
136953
145508
137680
146217
136985
146573
137798
145023
151135
143730
145495
145789
147889
141839
145528
145479
146768
142296
147100
143281
148712
145156
150078
138787
149104
144691
148887
145591
148225
145747
149680
145457
148676
147852
150681
146966
153447
158580
153044
155059
150166
158473
152107
152655
160240
153973
158826
153260
152619
153708
134787
145006
133779
144325
131448
139407
143490
145828
136578
141391
136188
142092
146766
136607
162359
152178
146906
137436
146313
140106
141283
140990
156373
135217
140417
147716
150638
133875
146242
136253
146182
135794
143865
140717
145888
146522
134621
146119
133563
149768
137175
151198
135032
137430
149341
136805
150709
165990
208429
202659
182615
156317
153396
177622
147948
154485
151209
152666
146756
159492
146094
155552
184337
158128
162598
165083
175027
156930
147039
136817
152233
135738
139264
135801
141064
144525
165646
154242
142603
143321
165906
156062
163784
153662
168097
164105
153344
165849
155933
165124
155179
164703
169137
179187
173487
173116
190987
207895
167610
167987
179524
172290
159477
173740
175648
174486
176169
173184
178510
175320
164806
169867
163841
154574
159242
167335
164794
154233
168826
153388
166731
153575
165653
155769
165354
154004
167361
158821
166409
155517
166310
156752
165572
154730
166612
167300
153785
165131
155012
168083
156603
165324
156361
155623
163960
153185
165940
166953
154270
165824
154406
167801
155812
163292
152224
166513
152962
163964
155281
164333
154165
166045
165930
153685
155281
168871
170820
174382
144908
137958
135054
131136
133984
131086
135843
130599
137572
132834
136835
131240
133337
128983
150866
158312
167967
166798
157854
165129
159981
156725
152572
165030
159748
156256
170421
155083
158897
154535
153474
163599
155328
168375
152818
157620
158325
159516
152365
160329
148918
155704
159077
162633
163676
161475
156652
155282
159454
180612
202289
156189
170322
177215
164339
155223
164222
172568
165250
162389
164508
159607
155614
152202
161833
153906
161019
157866
154585
162339
164407
160158
154695
170316
150889
155804
157195
157139
160574
156899
154177
161756
162813
158554
159204
158744
162029
158729
151934
160564
152535
156192
156534
156384
154162
161145
155670
156437
163513
154343
162019
155696
159461
153493
157113
154425
159327
153868
167927
154006
158681
160572
161492
155837
161778
153853
157405
163408
151852
162960
167201
163004
157582
160038
162388
153021
154424
159867
157052
159975
153559
155796
152398
164199
152864
158227
158806
161528
152864
160636
154430
157830
154075
156978
159640
148754
162225
158948
163115
161540
158523
152070
158151
153923
156410
152652
162472
157696
163514
153170
160868
153655
163808
153380
162511
153627
161463
157049
154169
168992
153117
171938
153656
165161
162908
156745
163784
159944
156513
158022
157053
161905
153053
165212
156721
162084
156339
178609
159802
157789
149283
165113
154621
164012
156839
153484
154882
137609
138437
137839
140215
130451
137569
134621
201577
198067
202224
196653
202167
197084
202783
194598
180509
131282
158565
149395
162184
157248
162281
152498
170425
139184
140469
142926
135170
136716
138177
139374
143189
139408
133830
146796
138254
139835
135654
143419
136007
137823
138913
142116
134490
147194
137900
138352
142762
136363
133674
143918
139487
137218
139328
134912
141779
145366
149401
136283
136860
143978
134886
135131
138724
135084
144943
137258
139134
134684
142417
133811
138541
141098
139525
140507
138371
142961
138983
139395
139118
135893
145903
136816
133406
138147
136078
141009
133936
142773
134906
141211
138063
134220
141793
137570
137828
143150
136252
141857
134613
140901
136715
132999
136476
137571
138833
131774
136014
135278
143685
132400
139491
135381
141871
133605
136263
137557
144442
130937
141501
155867
157072
161286
157762
160466
163442
161078
178990
197632
202551
195421
203272
198053
194728
199106
196933
201364
196599
199937
196060
201445
194788
198576
194416
199639
194382
201308
199347
193674
198636
198850
199914
195628
202946
195700
205659
195319
200578
194618
203117
197670
200660
196837
202520
194991
202599
212809
206834
198323
201339
197474
216632
178041
152380
170469
145556
142164
131620
136081
202651
197734
201162
198328
198571
200538
197881
199654
198921
201611
198638
201152
199349
200776
197453
200382
199266
200522
198568
193140
213804
199812
198333
200837
200269
195533
199418
196423
206563
196541
201440
196015
201492
196140
200764
196189
202062
196211
203052
197118
204246
197632
197409
200880
198597
200110
196986
201423
196107
199634
201821
198420
199559
197651
196817
201301
195564
200072
196153
203434
195993
207114
196058
201585
194945
199950
196911
200785
196102
194751
197154
203685
197096
196707
198417
198334
198625
185620
199182
198093
201386
196785
199066
197651
200286
196957
199415
197028
200543
196020
200857
202128
194050
200772
195860
201563
190586
182855
128520
129230
136693
132587
137657
142521
133544
135339
143312
152997
142498
150591
141995
152709
142113
151078
143706
149414
151595
152722
134869
132446
147782
133236
131821
133638
132489
131765
135520
134315
134481
133062
134844
178377
213150
226488
206918
177465
199462
203259
190303
144342
146664
145125
147906
157176
143866
155020
146164
164270
147934
146791
154479
153209
163829
167528
136312
152003
160093
153487
154994
155686
138111
146721
130269
137793
129522
134995
142306
137291
137453
144541
144758
140679
144105
148674
160020
135835
139129
137707
136402
139201
144641
149046
151243
180177
207707
199444
191431
132091
138045
134070
138221
136256
130532
201065
202283
194995
137315
200145
199860
201043
204370
199391
205133
199116
197899
203609
198062
204333
199051
201295
195628
203224
197818
201043
197976
208351
197703
204740
200995
195863
200259
200013
205209
200021
205969
204873
219030
221372
202645
198974
202345
199627
203158
200271
206413
199598
203127
202834
203851
200448
203328
203922
198584
205531
199997
202756
181291
203211
198618
202745
202511
198821
203010
202723
197630
202969
197417
196207
197577
204317
196457
204502
197782
202704
196605
205147
199058
206837
200534
201363
201098
202705
180753
144712
150377
132382
137402
129852
135604
132344
134850
128798
134982
132021
134909
133527
135429
132275
137082
131293
140277
147995
134627
135696
141546
148372
143632
137387
133124
134203
139037
142015
149608
146738
144969
147215
145888
146909
148118
149796
142507
146147
147070
149635
141993
132700
155711
148225
149509
140208
151462
147717
146796
144606
149689
144182
148936
142495
149383
144586
136588
143471
146234
135528
146729
143800
146283
136370
147770
143291
147205
148396
136772
148813
145476
150672
143505
149528
134198
142878
150222
144257
135339
144349
145761
147100
144347
147767
145840
149220
145260
147421
143331
137336
144519
148247
143112
149088
146702
143088
145237
151222
147465
149680
154649
146115
151639
144598
152322
144976
151742
144751
152699
145854
151569
146356
154402
145937
148900
143548
149782
145451
143709
150169
144942
149356
142698
135650
130387
133451
170261
208305
171599
176906
151591
169043
152978
161606
164763
168016
140092
137767
135478
165027
159954
203795
182405
138840
134590
137573
137122
204238
188412
137346
202089
174269
204319
180275
136721
134882
202857
190214
139314
135950
140542
139343
203538
180331
145314
199242
206555
203654
203314
205655
204590
206123
206564
210587
200060
201059
202650
191145
154203
149049
137517
154262
174837
162286
162428
163051
154925
164643
155334
169005
154049
163155
163432
161149
164522
156408
160474
176535
172027
153998
162301
154421
159609
157089
163716
155105
161045
155302
163091
159635
164039
157979
161218
160233
159882
163747
165125
158535
156457
163192
159002
161282
164664
161756
160763
161158
160878
156501
163335
158865
163814
160242
154347
164777
157232
161947
163170
165653
160945
162431
155110
161334
147304
147329
137029
136726
139486
148402
140721
137962
145299
139644
173589
156319
173106
157939
156489
139918
151343
136200
145413
135680
148399
139759
155550
138086
146040
141969
141738
148055
140571
145273
151390
177484
165697
162209
164407
155335
169139
167527
154070
169421
155486
177319
154614
167678
161600
172806
165974
173452
167841
162199
165583
171835
167579
168491
166551
172986
169446
167174
172307
167888
171401
165042
173116
167328
160544
166461
174693
168519
179399
166799
170554
162212
174193
169583
178064
168672
163655
175866
167019
171181
160150
170516
165042
166807
155731
197654
202074
201596
196710
202192
198411
204549
195833
206455
195371
203818
195508
203364
197476
201416
196524
206775
198394
193933
198231
199764
197890
194744
202533
197081
200529
199604
148645
144111
147845
143334
147449
144329
147750
142332
147917
144756
147531
145201
149247
150159
145517
157747
199045
210099
202453
162404
143919
146111
146367
153730
155529
159715
144966
153665
148959
156631
142542
160519
144915
159370
147195
163823
147153
178817
192601
191238
176523
134409
138829
141537
148568
152391
160123
147888
150245
134321
142357
133449
142441
158910
163009
157995
163738
157434
191009
182040
144424
139188
139526
139029
133655
145391
137312
136290
132205
147551
135118
139206
145322
139074
138017
141724
133391
150152
135258
138993
136991
148865
135600
138654
134433
147312
135359
139472
136719
151105
137832
133692
139625
138937
155956
152845
153926
153227
158874
152231
155267
152053
161411
152922
158068
155058
157029
153065
158524
154499
155669
153915
156928
158571
156510
157759
154923
165097
184511
171390
161247
161069
158974
161295
171013
175602
155635
192274
199450
187234
147253
168955
152502
167447
153439
155994
184242
215197
206256
175665
166608
158555
161340
148448
140164
137668
144093
141201
141177
147315
163840
158822
163740
160916
164057
161443
165297
165721
162814
159369
164437
160642
163247
160440
156724
165818
156839
161428
157571
164020
157775
162551
160340
159204
162453
160075
156107
166111
158135
164194
157391
163143
156541
164998
162571
166049
178029
161988
156083
164052
159686
162196
156598
164003
161530
157999
158945
159709
160669
154639
161104
159818
161706
163719
159996
158310
161682
156352
161168
163742
161214
156826
160043
162272
156986
161432
156000
164865
155676
161432
155002
160092
160065
161564
162868
161897
154988
162550
154998
164940
159570
159360
154811
157368
156295
161655
157688
160771
155774
160431
164967
157668
157334
160132
158472
158039
160594
157361
161026
160400
163197
156237
165546
154742
178113
159900
165105
158386
164189
157441
164419
157348
162114
160447
161833
166856
157869
162290
155765
165109
153787
150996
157841
153139
156826
141384
135632
147977
137374
146017
136781
144092
137174
144053
134234
151611
134263
141863
136899
146975
141904
133995
140732
146252
143386
133767
146867
139924
140854
133852
152637
140117
147471
136420
147263
134736
143463
135917
151001
135315
142452
134231
140996
142511
133045
140602
136198
144898
136765
139480
138553
134647
143914
138330
142725
140831
Xput: 6235
