1901
100691
1209
124132
1042
1166
218658
167389
890
1187
277207
130608
1061
147809
928
163608
881
1183
954
1210
362697
256735
1238
850
283595
106904
1305
279847
1373
149571
1088
186468
1202
244948
1356
198938
1369
628
240391
1061
281864
1207
197513
876
212952
1235
659
227626
184605
1070
152020
939
168596
939
184819
1241
219920
1104
622
258018
152516
1226
841
288041
165229
1198
130268
1419
172968
1351
220584
146957
1348
844
246861
183029
1235
166955
1381
216953
1094
202317
1233
237759
1399
141229
1365
623
191554
927
203127
1191
247763
885
200179
1206
1463
197923
154309
1065
170974
937
172741
935
218726
1241
259461
1098
617
183513
154499
1413
844
174837
177856
1222
190460
1356
212757
1350
199880
141948
1223
847
192388
177027
1333
200212
2333
182045
1089
198043
1219
204832
1364
209776
1266
753
207405
916
225439
1226
260400
882
193958
1350
697
274749
198152
1076
180975
933
128192
918
209272
1217
248330
1093
617
276248
172187
1263
859
255010
144022
1228
253167
1356
138378
1352
220277
154326
1347
749
238811
230398
1306
195635
1376
209842
1077
236759
1217
172756
1373
189925
1390
627
258032
924
236886
1169
235857
882
204038
1345
659
232607
246352
1089
131686
912
162521
936
190737
1230
196378
969
1813
179351
189869
1755
1220
1076
591
898
1064
982
1001
1346
1041
918
1001
90648
435955
985
39609
831089
1237
173352
990
160107
1128
183253
1254
123864
1364
641
291251
919
257613
1203
171777
890
168884
1219
658
223204
147414
772
237641
909
170318
930
145884
1231
175138
943
617
333379
211122
1236
843
222427
151106
1223
202255
1376
206950
1200
133776
174303
1343
745
229757
137988
1211
196673
1352
201606
1069
183345
1239
216587
1365
180911
1371
630
223816
921
207909
1199
163722
885
213287
1220
652
192213
168372
1088
203146
923
167094
940
187838
1210
217889
967
614
213487
172987
1237
852
273358
193040
1232
148565
1355
206311
1377
239918
118647
1226
851
244667
145670
1357
212625
1377
140116
1078
240207
1211
172150
1351
182955
1728
871
245087
933
226479
1190
148800
897
189257
1352
654
244998
190574
1087
145700
927
214816
937
214680
1219
164815
1116
1713
282312
245138
1228
845
241690
205528
1253
185196
1392
199258
1370
265518
149376
1347
845
186545
147490
1229
204451
1391
164693
1085
193848
1223
164435
1363
154884
1378
629
222211
934
226521
1188
182885
881
175575
1241
645
271364
283313
1078
259241
1026
204745
905
199358
1237
189971
1102
606
275053
205151
1226
846
282325
189026
1239
173613
1385
170681
1351
142191
203658
1222
862
198250
105122
1350
215384
1357
228488
1089
169337
1196
259881
1366
162176
2465
874
152742
926
273266
1199
172607
890
178464
1323
659
236670
194341
1074
169106
928
140189
931
164738
1223
238947
1096
619
258606
160602
1240
858
269615
218623
1224
138170
1349
161354
1382
190009
143133
1357
743
257567
121304
1239
211314
2466
160223
967
205680
1238
199134
2364
1004
1121
913
1131
1089
1306
1132
873
644
1275
908
556
370466
615066
1074
358388
761
155804
775
197645
1219
196153
1016
818
211539
127097
1246
849
187632
211695
1351
220366
1368
172751
1379
206227
179310
1221
865
298697
176740
1228
193121
1386
211566
1118
147908
1216
253983
1370
177582
1370
625
212533
771
276935
1032
193720
986
197726
1233
685
243309
168900
1072
213845
914
198086
924
263161
1221
160833
1107
623
227795
208923
1348
744
218793
148189
1242
213962
1358
215499
1355
250778
129557
1222
853
172201
197671
1232
200342
1365
172495
1078
171330
1468
184379
1225
234573
1385
628
191499
932
278375
1178
188204
887
210846
1238
646
230910
160600
1083
175334
782
184398
784
168204
1194
193145
1100
816
234355
161954
1239
852
227370
115855
1338
228616
1368
156633
1380
264349
206194
1240
860
232922
163003
1216
248441
1387
260509
1107
169600
1229
176822
1370
253948
1378
628
254745
776
261914
1058
213375
1009
187431
1222
649
259837
182369
1089
185326
927
192648
935
212490
1216
177627
1110
671
252982
195552
1357
823
182974
163859
1219
170168
1384
178668
1366
187198
178350
1223
864
198494
215923
1220
148346
1379
183118
1096
227121
1214
139538
1378
214578
1376
652
147473
919
152003
1176
229790
884
155807
1216
672
208378
231217
1078
248277
771
143321
784
198647
1196
213868
1033
800
207805
236958
1250
859
226386
185113
1329
188605
1346
176328
1354
176381
154486
1230
855
208988
203841
1224
169047
1364
212555
1091
156946
1226
140515
1350
183244
1383
631
243771
762
210309
1040
138559
974
214146
1370
642
252228
184564
1076
130261
924
159542
929
185507
1716
1449
908
789
969
593
2393
1083
1341
810
1262
590
866
188735
328139
389340
372247
1325
849
227543
146533
1236
155010
1356
151337
1074
206440
1224
210013
1370
206863
1411
639
225746
931
188906
1194
196277
865
158617
1222
653
258584
145303
1065
219600
940
165875
944
155999
1226
244779
1129
625
233633
160058
1246
850
239595
206585
1242
202416
1389
189904
1378
167479
163343
1233
859
230017
125142
1338
254326
1362
200392
1081
140779
1210
232228
1351
160228
1363
628
277652
928
204514
1188
284600
877
133347
1364
651
204821
142897
1084
173507
939
194529
947
190877
1225
178108
966
624
236024
151601
1610
845
190486
155630
1225
260298
1364
216154
1366
218806
186590
1350
827
186559
238047
1128
144794
1270
190491
938
203918
1143
196816
1153
216849
1267
592
259398
867
243789
1116
171408
824
143934
1138
600
265278
231930
993
183067
928
158966
946
182638
1207
234874
1116
614
235896
176585
1229
852
259574
154268
1222
201574
1376
141081
1371
224597
144689
1228
864
199045
198483
1244
237700
1267
179515
864
210319
1111
228336
2753
151423
1335
831
206593
911
245379
1177
225550
882
164732
1218
654
293879
107918
1065
231902
941
155262
918
140604
1218
205145
1096
616
288717
141893
1240
847
197330
205790
1222
173841
1380
218062
1359
152709
106225
1336
746
213467
151576
1203
207981
1366
169644
1096
154942
1215
177365
1250
189458
1387
640
251567
909
218074
1181
164388
980
175094
1335
715
272729
162030
1063
268806
921
181414
931
157438
1226
195846
1103
618
280411
180621
1228
853
205091
176675
1229
144194
1372
175330
1362
211397
192424
1219
858
202603
179944
1332
150800
2144
1482
1173
986
1693
863
995
700
966
581
1461
595
1175
7130
902412
858
384354
1743
675
245112
186596
1081
184032
936
202233
923
210481
1229
142735
980
615
223968
131514
1242
845
327662
227421
1246
195674
1370
148330
1378
178539
163715
1351
755
216502
127495
1245
212431
1372
177710
1090
202904
1249
159008
1357
243049
1388
629
244346
929
223582
1185
187561
871
150621
1383
660
227498
187390
1077
155818
1004
243449
934
160552
1243
181466
1102
625
238018
192583
1219
854
256916
179196
1225
171053
1368
156704
1379
193485
205613
1228
859
232970
109455
1337
175521
1366
272233
1095
212864
1256
186126
1226
120742
1205
770
175879
948
225437
1197
188975
906
148481
1215
676
222800
124033
916
257121
933
157597
923
163395
1216
167744
913
1129
195780
233994
1224
720
232549
256984
1227
187840
1211
203357
1224
203116
154512
1250
767
174515
155711
1240
194144
1191
173049
889
206847
1209
169109
1180
215037
1219
741
261106
886
154162
1146
151089
856
172492
1160
649
265764
135493
900
151358
899
184031
892
195500
1184
175927
899
604
197722
197492
1190
738
195194
177093
1210
216571
1213
211353
1191
185837
181765
1209
736
203330
140713
1210
194572
1189
243929
901
217311
1189
162327
1198
218499
1205
730
218738
890
187859
1153
223620
866
179929
1176
636
227294
196760
888
155503
908
198637
902
130999
1199
168334
906
624
258483
179771
1202
728
174149
121199
1207
182724
1212
144905
1201
206937
105927
1183
734
248705
202023
1184
194727
1213
133948
903
182729
1187
220363
1195
163159
1207
638
279416
893
189930
1139
204076
863
201259
1165
655
238755
133964
847
1504
1201
1407
1049
986
1221
910
684
578
967
692
962
583
428329
661459
61405
291228
1209
169835
1193
225963
130503
1187
740
315056
121076
1199
152809
1211
152416
912
162851
1189
320891
1195
175756
1216
734
276090
767
272515
1160
202058
868
170836
1161
659
225726
197018
888
199495
1863
145593
898
198900
1193
243301
904
614
214630
157487
1182
723
376223
170586
1217
191862
1222
230496
1219
185812
191715
2246
761
264286
145086
1192
187503
1201
175614
910
224528
1216
193606
2109
182548
1196
724
185194
899
231094
1152
254335
862
201014
1176
655
220997
163717
774
194276
766
134646
909
198531
1203
159192
894
705
250626
141591
1196
736
291738
124698
1211
161603
1211
202042
1218
232693
201609
1195
739
216803
209394
1231
122150
1179
215856
900
188024
1190
218980
1184
206662
1228
734
224958
767
257180
1040
250344
876
183059
1154
654
226449
130138
881
140163
888
224347
900
206993
1192
186548
897
606
251418
192687
1194
726
249614
256843
1194
186475
1209
217123
1202
237273
162385
1183
724
258268
165988
1201
203191
1209
154250
902
198056
1188
183011
1182
192180
1193
733
321075
885
192423
1145
211170
863
172888
1149
643
204132
137058
885
203777
774
178837
895
185273
1204
168575
778
937
192074
156453
1184
726
172959
173514
1191
150165
1195
177452
1193
237315
138209
1206
729
185784
168141
1210
219932
1221
175395
907
223051
1210
181543
1189
186214
1207
730
187045
767
239316
1142
234496
858
160751
1162
658
288661
114873
885
127782
904
198068
900
163451
1170
160267
910
602
287657
203163
1214
723
162663
125501
1192
198345
1195
208944
1212
172071
162547
1300
1219
1196
824
2149
1014
1001
978
586
663
856
676
860
491316
1220
101604
722223
906
168030
1182
132080
856
176469
1169
660
319267
194700
769
167339
911
178643
782
171286
1199
182956
779
750
217455
208026
1205
732
220435
215213
1197
179086
1216
174040
1204
235072
134128
1215
740
235795
157238
1192
178656
1230
172362
909
211041
1213
209486
1217
179850
1195
625
229864
784
222005
1164
273320
862
165069
1160
656
160490
165551
830
200464
912
189589
920
218875
1185
238004
911
618
198689
235191
1212
730
203057
112856
1233
197074
1212
216575
1200
158277
174296
1204
728
204632
181529
1217
178469
1201
169947
908
226816
1249
182659
1214
158292
1190
730
206188
829
186040
1086
211104
797
171065
1065
587
270673
177464
815
210098
708
125983
711
208799
1198
226494
810
648
268690
243143
1198
740
165513
193101
1205
178379
1220
178470
1179
179730
153749
1180
729
211281
197044
1185
167528
1093
168208
834
185217
1112
237459
1112
167321
1129
683
252974
701
235332
1051
188655
780
167048
1078
598
260000
196597
875
154704
906
171909
898
327324
1215
122940
898
622
240531
129152
1197
732
224574
258754
1186
155598
1189
229823
1611
232018
185930
1141
684
206695
181441
1110
152672
1102
188001
830
233151
1094
185327
1119
197004
1122
575
294248
896
228989
1145
184223
878
169233
1176
662
301216
143478
920
189922
783
191111
916
149704
1215
222634
793
878
247442
181123
1196
714
205721
155590
1211
209629
1199
126070
1197
224270
159596
1184
727
169306
125845
1197
179911
1193
186737
917
245915
1208
133337
1194
282215
1204
665
181366
773
187719
1198
182760
1059
1423
1425
826
921
1110
1020
972
681
965
683
1472
1092
455278
912
175273
799135
142781
1218
735
231282
202687
1190
145565
2236
183692
1221
193180
147006
1186
746
198844
168182
1211
217788
1196
204840
918
274938
1196
288229
1209
117547
1203
742
193791
907
233681
1167
210080
866
182720
1175
651
212477
177398
911
201046
907
187162
914
238763
1206
167621
913
613
228703
134154
1192
736
282562
193529
1209
203025
1206
204602
2118
197062
146903
1203
741
232330
172409
1201
224961
1626
186544
917
162898
1202
174771
1188
173588
1252
623
189088
882
201510
1175
198360
846
177641
1150
640
293219
186964
893
142614
905
160808
908
137334
1191
234779
902
616
276286
136213
1203
728
264566
150784
1200
217965
1198
189453
1218
205027
173297
1191
746
216548
181177
1183
153543
1191
156800
911
189361
1184
191499
1177
176333
1203
623
219103
882
161295
1179
175562
863
186514
1154
648
303559
168831
884
175378
895
207389
893
215947
1204
236594
899
618
213336
231285
1187
731
192150
194810
1210
242437
1189
176181
1195
225281
152232
1183
734
225413
134313
1199
185844
1183
148200
902
180520
1205
201075
1181
214862
1190
724
247973
884
262716
1147
203623
861
198933
1145
657
281087
186897
932
229784
907
181040
894
218107
1202
232382
908
620
223969
277337
1190
735
231915
174720
1205
275069
2162
186217
1201
187545
171877
1192
729
239347
136335
1195
194275
1215
255393
913
201620
1189
169143
1200
141648
1200
727
241517
906
305737
1183
199159
863
172900
1168
667
223868
229159
896
207309
922
185682
902
133653
1187
233287
912
618
270641
154961
1218
740
205018
213998
1982
790
1295
1222
1466
1273
1056
962
585
850
553
872
342902
1229
1025
66638
913253
1192
195163
1191
120363
1196
895
240564
776
274701
1166
168738
865
218687
1156
655
146910
140026
907
179884
900
291028
906
185387
1206
143512
915
614
309810
174971
1196
745
237511
197834
1203
186821
1196
126711
1218
200011
168573
1220
730
195279
173324
1207
209761
1199
199046
919
236447
1217
240587
1192
212578
1214
733
274087
908
232167
1165
153270
873
253290
1134
646
263914
107959
892
168099
764
205905
910
156578
1182
166627
771
755
272894
210673
1190
724
198380
128805
1188
175955
1196
216188
1194
156423
150719
1184
730
176837
160716
1201
176262
1198
211033
906
233011
1186
226173
1195
265854
1209
629
225205
755
223099
1170
257397
847
258262
1145
654
303650
155466
898
194263
895
167819
907
213947
1195
206762
904
618
249547
109893
1195
718
199693
152179
1179
171037
1214
144437
1211
166771
224066
1179
731
165903
149047
1189
215842
1188
173883
897
195026
1204
221273
1203
229706
1192
733
243831
908
242352
1157
163595
859
234691
1150
647
224766
214696
902
213117
778
152829
886
221752
1192
247047
903
708
190124
186663
1202
735
219078
140744
1213
196681
1198
199219
1192
184741
160680
1241
729
214620
112601
1181
253746
1198
241629
898
189868
1187
205731
1191
203084
1190
733
225655
776
223943
1176
146259
856
271492
1147
641
194656
173434
897
162525
916
174456
913
258768
1199
165188
903
622
176924
191466
1187
723
179792
144877
1208
213564
1215
134200
1241
220105
142213
1195
739
225481
138816
1209
172421
1192
237313
911
155249
1222
192676
1185
164013
1446
973
1170
611
937
889
582
653
1945
1294
603
2606
717958
899
502790
908
399890
909
143490
1208
127928
912
614
241402
238778
1199
745
168526
137753
1195
214743
1200
220490
1215
244176
131583
1193
736
300858
215290
1195
165133
1211
170991
921
188598
1212
217517
1201
188827
1217
742
220688
899
228389
1162
235363
859
216469
1180
642
225087
160901
891
170802
882
187024
907
258790
1187
151388
891
611
187216
161667
1186
726
242308
215392
1180
158404
1219
194728
1206
152691
186761
1188
720
212393
212514
2208
171592
1208
209231
905
192230
1187
202586
1205
167696
1184
725
179173
902
329016
1157
289651
845
186931
1163
640
197196
172333
890
221596
896
158644
902
217379
1208
155768
897
617
190037
200164
1208
731
316724
167775
1206
164875
1190
166573
1193
211233
136241
1191
731
227425
195457
1181
182751
1194
173597
891
142284
1197
155857
1183
215935
1221
625
219432
897
191761
1164
202654
861
154906
1169
651
243341
169278
884
179212
895
152626
892
213862
1183
139366
899
617
263753
142936
1216
720
258411
113586
1217
142418
1200
190815
1194
257822
160944
1181
731
216855
215452
1188
159673
1236
229777
909
169749
1193
193796
1188
200805
1199
739
209759
920
203733
1170
234306
860
308655
1157
645
264034
186408
901
151199
897
199973
907
154377
1209
208387
900
608
290747
227686
1190
734
186442
207385
1197
179015
1185
180499
1214
176214
142708
1195
738
232364
204082
1187
218211
1199
200245
921
207648
1182
250291
1216
161342
1192
629
239374
892
149606
1161
256144
857
169984
1161
660
269365
198074
901
203944
901
176186
910
197232
2180
188264
915
622
170183
1113
1579
1082
1144
1044
1078
587
961
598
876
974
99958
1194
568381
437399
914
4062
243108
1204
203511
910
239107
1199
168764
1191
166562
1214
739
237906
766
210502
1182
259599
864
132401
2407
914
182839
177217
907
239215
895
175672
909
179976
1299
180332
889
612
320010
141469
1179
722
219341
154327
1209
159968
1187
202342
1216
190477
152776
1199
723
219130
151010
1189
146966
1196
228875
889
180877
1185
240921
1201
224094
1191
627
258717
898
186876
1158
201748
858
167913
1161
658
214232
166780
913
192942
904
156537
893
144075
1208
226067
893
611
259449
156569
1189
720
179089
191302
1184
235979
1212
243245
1210
168673
126346
1185
724
236140
137697
1193
154008
1216
166554
905
187940
1299
229601
1210
189402
1188
736
248840
887
241380
1165
192558
848
197309
1163
639
235762
195676
903
166760
899
201931
902
224361
1194
204306
898
608
288434
128480
1186
714
282812
206062
1200
180499
1193
175078
1214
201253
190980
1202
740
156482
165948
1185
211111
1183
157998
914
208870
1185
195503
1231
177860
1193
730
219389
888
222310
1171
211700
859
190241
1153
638
167804
219815
902
206909
902
139674
900
238291
1210
198768
891
1555
215779
173213
1215
745
263407
166540
1194
161969
1206
160954
1185
216982
183164
1206
743
214940
166097
1192
186896
1220
191112
918
204941
1213
191136
1182
167670
1244
626
202289
899
213151
1174
262056
864
207489
1161
657
234549
198104
904
163111
903
161384
902
166460
1196
234753
901
622
142689
168996
1205
738
240843
161508
1193
227395
1213
156982
1218
173793
145490
1190
745
268226
161467
1195
192170
1210
149690
905
173352
1815
662
1266
930
1507
907
1152
665
1339
883
582
671
76403
1151
795222
143250
319324
888
195761
912
182104
900
156617
1223
194663
911
637
202690
142520
1216
752
220346
185087
1202
186247
1188
239791
1201
180253
139016
1218
735
195732
183686
1179
194125
1224
143108
902
174786
1187
241051
1208
165606
1212
721
282035
895
136760
1140
175942
842
194229
1152
652
196982
203552
907
159516
897
230217
905
168868
1183
231383
883
602
181282
218818
1206
720
167514
201805
1195
196863
1197
192053
1205
254213
219901
1186
743
211763
237526
1208
165765
1213
197045
915
182341
1203
165732
1184
275741
1199
736
193149
884
226394
1165
182603
852
169037
1164
654
241448
173776
890
214538
890
192290
904
176280
1189
183556
898
621
184245
170562
1208
718
233946
196975
1241
201454
1188
151875
1218
221159
162739
1185
737
243255
181091
1196
246635
1188
243734
896
134153
1183
146943
1211
209190
1189
720
201126
893
238186
1139
220398
860
197409
1156
649
244423
133241
896
122198
911
206284
909
220460
2198
190089
919
624
199390
282044
1196
719
160829
197365
1220
166765
1197
196934
1198
218190
193024
1198
737
188663
177692
1210
181620
1187
138048
915
213705
1307
155350
1195
191447
1191
734
211064
913
257295
1169
203325
856
165053
1156
647
221613
129628
891
255853
923
197513
923
148833
1204
285450
892
606
292700
158226
1188
727
224022
195939
1195
216432
1210
192086
1194
154388
159295
1192
737
227867
214267
1219
157778
1190
143032
907
235328
1214
165957
1190
236697
1222
736
205774
905
284400
1180
206406
863
196077
1173
658
243972
151279
900
205776
903
182280
951
2030
1327
1195
919
608
1263
590
1171
621
1998
1389
1381
15535
522142
435366
177382
180939
172937
2140
750
229179
221510
1217
171778
1202
146266
917
150180
1209
242976
1201
152072
1188
727
206290
761
208900
1153
174020
858
203743
1146
657
319112
181685
892
196087
906
192710
892
170100
1192
179371
907
609
216233
179248
1187
724
188223
137756
1215
224812
1303
197161
1197
174694
175746
1223
734
201876
191344
1181
155071
1193
154453
907
187198
1186
253936
1200
214745
2223
752
246622
880
202151
1158
178273
854
191024
1159
635
280267
116869
905
226897
778
150618
772
209768
1191
204418
896
610
225710
173809
1192
722
254251
146011
1214
202186
1216
172355
1216
175120
214452
1193
717
229339
108743
1198
178480
1183
172460
892
161408
1210
185572
1191
206757
1186
724
210587
764
201365
1171
189768
846
194011
1169
697
204870
151889
768
180275
901
231349
910
142905
1187
214219
907
602
174940
202042
1217
725
295471
174229
1194
167395
1199
177503
1199
150548
139447
1183
739
241510
210723
1195
180293
1199
150860
918
175286
1193
195456
1212
249143
1198
726
199216
909
226892
1169
190983
868
367798
1171
671
183545
155184
906
220819
770
200677
908
186322
1192
179409
908
706
175013
146055
1222
726
238953
168029
1197
201039
1188
152145
1189
218091
185418
1192
747
198048
160714
1194
210913
1195
180660
898
169523
1198
218486
1191
190311
1201
641
193242
774
237934
1166
177166
858
233353
1050
760
216067
129737
904
219469
899
164675
898
235484
1210
204970
921
608
200803
156582
1204
733
189628
232920
1215
211194
1219
186610
1211
218623
131391
1203
729
195325
167350
1746
1001
1230
1051
811
637
1801
611
1314
659
849
1841
351779
842
955
62813
683356
1631
141570
1368
657
294097
184652
814
191909
1175
142812
1022
207958
1204
173625
904
612
235154
188886
1216
719
218947
215472
1212
147171
1188
176214
1202
179956
154544
1200
728
197378
153079
1186
155434
1209
178030
898
142410
1191
198193
1181
236209
1201
731
260477
901
175487
1159
177268
844
213252
1164
630
272507
169386
887
141016
915
240908
906
160070
1213
192723
902
615
264802
117463
1214
735
216775
146792
1188
204399
1209
195529
1206
210178
155831
1197
732
210857
176446
1208
194322
1194
165688
909
128185
2174
181434
1211
188598
1206
731
197853
892
337696
1150
240649
842
208790
1174
655
222350
144117
884
190593
892
156684
873
175991
1198
148362
903
619
185504
244542
1218
735
239506
169481
1196
195737
1194
194172
1223
124159
156690
1186
728
197389
133944
1188
160588
1194
225907
916
182790
1188
182005
1195
222165
1189
723
192265
905
146166
1167
205645
859
248176
1187
650
232108
199276
885
167953
943
171374
909
148809
1195
201348
910
617
209892
248229
1229
729
205046
161065
1186
215471
1189
131257
1217
179022
140330
1186
724
197126
176559
1211
174846
1192
200004
922
214675
1195
171831
1203
231714
1191
623
219631
900
223866
1172
178319
862
149874
1175
657
261258
210797
904
163766
916
236408
913
229542
1195
170695
917
615
144899
155345
1189
739
260879
141264
1217
185586
1208
206002
1219
191694
168693
1218
743
188938
155029
1212
214105
1197
165638
956
160401
1210
190732
1208
204461
1189
737
245235
888
167623
1154
228219
862
148394
1169
643
275577
1316
852
1741
884
1102
638
838
1136
1273
1281
604
178677
754
1024
172745
348048
512031
1212
217073
1210
158845
1211
222185
162972
1210
1087
201806
149896
1181
189485
1211
163404
898
210108
1191
226736
1201
211139
1207
727
351536
764
185725
1173
206915
855
215837
1140
638
231668
179773
891
142368
891
160893
898
166039
1188
159177
904
616
276137
184080
1188
726
273366
187405
1202
127936
1196
241238
1183
203081
139777
1223
746
251585
155042
1189
178375
1206
201378
912
159865
1200
172993
1203
198608
1209
625
224355
893
190462
1152
264788
864
231183
1169
648
303596
121305
893
142791
774
213233
908
151524
1187
168524
898
747
211413
190548
1198
722
172221
197635
1187
281193
1220
147672
1193
201942
195536
1185
735
198440
178717
1191
259432
1225
176530
912
226998
1214
211139
1186
213893
1224
642
256315
772
206011
1167
219615
850
180759
1160
1768
258473
154787
772
220235
914
188225
914
223638
1188
166327
918
609
193656
143238
1216
721
222883
180596
1194
182571
1197
188703
1200
202060
170694
1219
740
215576
207397
1189
171792
1193
155733
918
197342
1205
174956
1204
272329
1202
746
247890
888
245353
1168
193474
867
240663
1162
654
230819
155442
900
181170
772
186449
783
254556
1219
214034
914
707
283220
153351
1210
730
186266
141031
1215
188720
1195
194433
1187
222922
157234
1190
732
187784
207548
1196
153822
1217
172114
918
221193
1188
181533
1188
206686
1221
624
226056
771
197028
1032
162083
852
236594
1162
652
262665
165053
770
209927
893
181856
904
231125
1189
173591
898
615
207474
203797
1210
744
195776
179371
1211
205050
1215
218894
1690
1139
802
1083
975
1042
626
1889
976
914
793
573
479850
1201
533966
1210
359881
1248
747
234532
895
227846
1151
153231
859
170956
1166
637
231474
139333
879
151708
772
133092
900
214281
1210
194755
892
703
225374
204477
1187
720
243519
151601
1201
227580
1188
232910
1188
175737
172377
1186
732
179619
183447
1187
208021
1206
208625
900
196541
1182
182525
1194
187909
1195
722
293910
765
156590
1149
212732
852
185320
1168
638
270671
Xput: 10238
