46687525.714286
29031014.285714
30483336.666667
29484205.714286
28892801.428571
29165074.285714
28698220.000000
30139005.714286
27726785.714286
28456952.380952
28272724.285714
27344440.000000
26587117.142857
27870565.714286
26658087.142857
27313448.571429
26830055.714286
29652403.333333
29071238.571429
28482717.619048
28927705.714286
29430030.476190
28400580.000000
29002771.428571
28534938.095238
29681227.142857
30111025.714286
28422002.857143
28640788.095238
29470242.857143
28465260.000000
27820858.095238
27963161.904762
30836886.666667
28466030.000000
28436427.142857
28624543.809524
29079163.809524
28032509.523810
28438872.380952
29478573.333333
28279285.714286
28297583.809524
28269375.238095
28680056.666667
28979290.952381
28640420.000000
28415048.571429
29553850.952381
29253401.904762
31105718.095238
28199343.809524
27908754.285714
28097050.476190
28699598.571429
27889438.095238
29633582.857143
29178882.857143
30996041.904762
28202690.952381
29378790.000000
28445491.428571
29426095.238095
28133174.285714
29074636.666667
30501171.904762
28000692.857143
29354879.047619
28454734.285714
29224842.380952
28152456.666667
29369134.285714
28396477.142857
30632390.476190
28540045.238095
29369649.047619
28679920.476190
29191565.714286
27917728.571429
28118951.904762
30745808.095238
28366013.333333
27788955.238095
29039456.190476
30775891.904762
27978059.523810
29207826.666667
28381539.047619
28427452.380952
29193191.904762
28626857.619048
29368080.000000
28508691.428571
29360859.047619
29712346.666667
29414111.904762
29191533.333333
28477367.619048
28642817.142857
27676691.904762
29252187.142857
27908074.285714
30977264.761905
29331408.571429
28803300.476190
30764878.095238
29399322.857143
28359651.428571
29426186.666667
28327330.952381
29394155.714286
28632095.238095
29143600.952381
28218753.333333
28063011.904762
33785764.285714
32207795.238095
29771572.380952
30371706.666667
30431310.000000
31206557.619048
30417619.047619
30453534.285714
32138050.476190
30285953.809524
28709158.095238
28033305.238095
29269217.142857
27800216.190476
30567834.285714
29350009.523810
29291168.571429
28647567.619048
28830484.761905
27913495.238095
27798990.476190
29386512.380952
30116257.142857
28472046.666667
29992450.476190
28266067.142857
28302238.095238
28933571.428571
27967764.285714
31024302.857143
28268072.857143
28118393.333333
30243159.523810
28039593.809524
28172457.142857
28055915.238095
29090255.238095
27916230.000000
29149033.333333
28107467.619048
29577295.714286
28020491.428571
29216708.095238
28662163.333333
29191178.095238
28433052.380952
28772016.190476
28353551.904762
29562036.190476
29325700.952381
28172194.761905
29610158.095238
28075567.619048
29627931.428571
28395930.000000
29874654.761905
28916748.571429
28723299.523810
28226992.380952
28258991.428571
29738277.142857
27969954.285714
28635553.333333
28130361.904762
28272352.857143
30635251.904762
28065851.428571
30156965.714286
29054273.333333
28963284.761905
27875317.142857
28444834.285714
28259383.809524
28635845.714286
28049425.238095
30475863.809524
28279407.619048
28894329.523810
28430829.523810
28561082.857143
27938290.476190
28435159.047619
30161849.523810
28751505.714286
27885296.666667
30515840.476190
28130700.000000
28973831.428571
28167380.000000
28247305.714286
28562673.333333
29405125.714286
29120654.285714
28145485.714286
27994547.142857
29980482.380952
27886459.047619
30015307.619048
28037232.380952
29205761.904762
29278903.809524
28417334.285714
29012821.904762
28629753.333333
30961351.904762
27839548.095238
29320700.952381
28306222.857143
28604880.000000
30357890.476190
29580232.380952
28637715.238095
30594638.095238
28318451.428571
29047720.952381
27946630.476190
28590986.666667
28478378.095238
29220221.904762
30701445.714286
28345313.333333
29990033.333333
27834168.571429
28424209.523810
29969782.857143
28633889.523810
28856272.380952
28476840.000000
28341513.333333
30787433.809524
31217700.000000
31203954.761905
28790261.904762
31666937.619048
30004950.000000
28745160.000000
29076232.380952
28360513.333333
28944401.904762
28347317.142857
28490993.809524
28351786.190476
28253639.047619
28278745.714286
30887736.666667
29877088.095238
28252589.523810
30078153.333333
27683402.857143
29537430.476190
28824747.619048
29097241.428571
30796770.952381
28235094.761905
27864613.809524
29268869.523810
28594382.857143
28644977.142857
27926818.095238
27759809.523810
27302757.619048
29882087.619048
27465384.285714
30927525.238095
27871493.809524
30458265.714286
28008500.476190
29242936.666667
28969312.857143
28495897.619048
28071607.142857
29359558.095238
26993592.857143
29100873.809524
28455620.476190
27243433.333333
27040289.523810
27159140.000000
26692541.428571
26488421.904762
26213621.428571
28010728.571429
28031192.857143
28089894.285714
27561765.714286
26916271.428571
29058167.619048
27058608.571429
30062946.666667
28179633.809524
29244139.523810
28136515.238095
28157119.523810
27946696.190476
29097867.142857
27621845.714286
30397524.761905
30960273.333333
27678137.142857
29557480.000000
28175302.857143
27823354.285714
29356073.333333
27855210.476190
28503602.857143
27820208.095238
28511022.380952
28046827.142857
29134170.952381
28758544.285714
29370263.333333
28268664.761905
28230283.333333
28582238.095238
29884379.523810
30077222.380952
28200338.571429
28430721.904762
27804635.238095
30138269.523810
30657996.666667
28766223.333333
29209924.761905
29533474.285714
28322209.523810
28883260.000000
28447558.095238
29416502.857143
28106170.476190
28042523.809524
28173888.095238
28148338.571429
29289544.761905
28423526.666667
28059245.714286
28783799.047619
27460900.952381
29075114.285714
30118111.428571
29208494.285714
28362870.000000
28118949.047619
28446274.285714
28127334.761905
28574152.857143
29277820.952381
28571859.047619
28347993.333333
28378765.714286
28879907.619048
29240269.523810
28268952.380952
28576364.761905
29044092.380952
28921824.761905
28308306.666667
28303379.047619
29323234.285714
28900600.000000
29075113.333333
29009273.333333
30003964.761905
29282064.761905
28627837.142857
29162932.380952
27838583.809524
27430460.000000
28225838.095238
29263180.000000
28562722.857143
28361205.714286
28619014.285714
29308129.523810
28420999.047619
28035582.857143
30128370.476190
27984011.428571
28359799.047619
28319429.523810
28501883.809524
29184563.809524
29372564.761905
28143935.238095
27360262.857143
30010193.333333
28278992.380952
27802565.714286
29758591.428571
29706740.952381
28171872.380952
28484565.714286
27648313.333333
29231609.523810
29241180.952381
27850754.285714
28622765.714286
29409272.380952
28433324.761905
28721382.857143
28258022.857143
28616786.666667
27441691.428571
30292487.619048
27622282.857143
31111682.857143
28219974.285714
28618422.857143
28589949.523810
28449684.761905
28440513.333333
28194774.285714
28548076.190476
28791185.714286
28309256.190476
29254554.285714
29200984.761905
29708348.571429
29196163.809524
30109286.666667
28422094.285714
28368925.714286
28512053.333333
29232942.857143
29368306.666667
28309389.523810
29243283.809524
28455957.142857
29393371.428571
28253912.380952
27977806.666667
28313848.571429
28756160.000000
30609242.857143
28190340.952381
30013072.380952
29076637.142857
28192226.666667
28034527.619048
29172777.142857
30385613.333333
28770363.809524
28198101.904762
29083894.761905
28696407.142857
29242800.952381
28222615.238095
28683426.666667
28527145.714286
29290250.476190
27740357.142857
29963607.619048
30117800.000000
28561846.666667
28149377.142857
29875650.476190
27818571.428571
30852833.333333
29891013.333333
28082944.761905
28353620.952381
28858708.571429
29331123.809524
30973192.380952
29275769.523810
28262877.142857
30287945.714286
28729528.571429
28422146.666667
28076637.142857
28871538.095238
28223608.571429
29438484.761905
27784453.333333
28108459.047619
30923660.000000
28207828.571429
28075916.190476
27712643.809524
29707340.000000
29272178.095238
28925052.380952
30358807.619048
28142688.571429
28845835.238095
29010792.380952
29293449.523810
27854309.523810
28065890.476190
45734649.523810
34369710.476190
34440384.761905
31912572.380952
34498430.476190
31642173.809524
28760366.666667
29818693.333333
30357011.428571
29393733.333333
31536709.523810
29023256.190476
29411816.666667
29091891.428571
29121143.809524
29066805.238095
29072946.190476
28237499.047619
28674269.523810
29622404.761905
28548219.047619
29158938.095238
27890114.285714
28448659.047619
28240466.666667
29193274.285714
31098260.952381
29071816.190476
30128739.047619
28857797.142857
29994846.666667
28361317.142857
27791631.428571
28339138.095238
28167206.666667
27975535.238095
27934956.190476
27562432.380952
30129183.809524
27535568.571429
28324397.142857
29801880.952381
30014280.952381
27968734.285714
28118722.857143
29860040.000000
28173275.238095
29671569.523810
27988207.619048
27776100.000000
28037118.095238
28142006.666667
28096147.619048
28664556.190476
29061561.428571
28423317.142857
28357027.619048
28270467.142857
27549185.714286
30757202.857143
28786127.619048
30356019.047619
28395113.333333
30815537.142857
31032834.285714
29190408.571429
30049760.952381
29615440.952381
28558407.619048
29071489.523810
28688575.238095
30657478.095238
29686277.142857
28869821.904762
29017663.809524
28961287.619048
31377820.000000
27849566.666667
28397114.285714
31111349.523810
29244403.809524
29350460.000000
29445445.714286
28463645.714286
29622388.571429
29549476.190476
28717926.666667
30136338.571429
28951181.904762
28644754.285714
29386490.476190
29715850.476190
28892138.095238
29755012.380952
29150755.238095
28216948.571429
28069359.047619
31017367.619048
28424882.857143
29450144.761905
31054623.809524
28633062.857143
29293168.571429
28540011.428571
29615118.095238
27855089.523810
28420420.952381
29304872.380952
32728824.761905
27640225.238095
29305027.142857
28295638.095238
29222770.952381
30461800.000000
29667154.761905
29167733.809524
28258453.809524
28322129.047619
29177444.285714
29225505.238095
28373411.904762
29489234.285714
29694998.095238
29286021.428571
29150538.571429
30871645.238095
28054225.238095
29499473.809524
27466246.190476
29885649.047619
30689103.333333
28294350.476190
29109819.047619
28912241.428571
28851360.476190
30449752.857143
27909020.476190
29430445.238095
28080976.666667
31049624.285714
28659106.190476
30313266.666667
29138232.380952
29523276.666667
29160083.333333
29303411.904762
27903832.857143
29340165.238095
28038697.619048
31106433.809524
29203698.571429
28321478.095238
31205282.857143
27975835.714286
31174980.476190
27756714.761905
29109689.047619
27949920.952381
30662268.571429
30052513.809524
30806477.619048
29041370.476190
31197626.666667
29514513.809524
31205224.285714
28039305.238095
29022173.809524
28004004.761905
29331756.190476
28081747.142857
30665366.190476
31151549.523810
28162335.714286
29088898.571429
27898661.428571
26553698.095238
26926613.809524
26901226.190476
29189475.714286
26943703.809524
28925467.142857
27697360.000000
27323211.428571
27704994.285714
27261828.571429
26742694.285714
26446387.619048
27274622.380952
28995974.761905
30671314.761905
28219994.761905
28273973.333333
28923641.904762
29139971.428571
28812735.238095
29549225.238095
27666337.619048
30539413.333333
30830602.857143
28220336.666667
30773811.904762
27942000.952381
29136303.809524
29294039.047619
29399834.285714
27835882.380952
29160296.666667
28030116.190476
28496985.714286
29485770.952381
29174762.380952
29203283.809524
28863842.857143
28764400.000000
28166095.238095
28357141.428571
28738814.761905
27743169.523810
30540770.476190
27782148.095238
29516174.761905
28762470.952381
29269716.666667
29057560.952381
28570815.238095
29141302.380952
29575548.095238
28304002.857143
28432466.666667
29261191.904762
27994990.952381
28095789.523810
29006626.666667
30023553.333333
27773633.333333
32201601.428571
31089806.190476
30566471.428571
29376100.952381
30155836.666667
29314794.761905
29617543.809524
28933850.476190
28835597.142857
31031250.476190
27921047.142857
29260971.904762
28189966.666667
29274458.095238
28128596.666667
27664327.142857
30833680.952381
32562116.190476
29500685.714286
32078221.904762
28971426.190476
29232343.333333
29297613.333333
30063271.428571
28817876.666667
29606726.190476
29460367.619048
27910062.857143
28219879.047619
28996280.476190
29519592.857143
27803314.285714
29583892.380952
28211106.190476
30802366.190476
29310918.095238
28393522.857143
28120563.809524
29118349.523810
29339351.904762
28357289.047619
28133898.095238
30300815.238095
29348597.619048
28151812.857143
28299632.380952
29767547.619048
29113989.523810
28387798.095238
30103368.571429
28264270.476190
27673676.190476
27921202.857143
29273673.333333
27909220.952381
27798158.095238
28162154.285714
30484467.619048
28484879.047619
28388793.333333
28119712.380952
29012437.142857
27955685.714286
30011450.476190
29289805.714286
27723204.761905
29376186.666667
28906870.476190
29174008.571429
30734602.857143
28300725.714286
28373315.238095
29188660.000000
27922015.238095
28725172.380952
27914385.714286
29333185.714286
30068309.523810
28382300.952381
29196030.952381
29689158.571429
30010723.809524
28300397.142857
28035671.904762
28925584.285714
28135926.666667
29267060.952381
29319560.000000
28878636.190476
27757265.238095
29073156.666667
28170363.809524
28999509.523810
28370120.476190
29759118.571429
30386427.619048
31028504.761905
29037340.952381
29110105.714286
27961256.666667
27825103.333333
29097535.238095
31125100.000000
28061711.904762
28845765.238095
28329861.904762
29381438.095238
27878669.523810
29733153.333333
29041954.761905
28996564.285714
27799543.809524
29137936.190476
29360642.380952
28051487.142857
29040660.952381
27983697.142857
28164272.380952
28060476.190476
27879769.047619
29661262.380952
29589847.619048
28299155.238095
30970688.095238
28472935.714286
28173124.761905
29145617.142857
27691888.571429
29276912.380952
28044272.857143
28064337.619048
31045000.952381
28012925.714286
27888367.142857
28062372.857143
29017226.666667
29542451.428571
27755940.000000
30835143.809524
27782050.952381
28852254.761905
28258186.666667
29222804.761905
28072729.047619
28990714.285714
29267676.666667
28016231.428571
28877427.619048
29448441.904762
29065977.619048
28343537.619048
28404447.619048
28042032.380952
28070468.095238
29358823.333333
29387572.380952
28706912.380952
27708054.285714
28492783.333333
28790057.142857
27734082.380952
29251818.095238
28307288.095238
28327680.476190
28660095.238095
30786761.904762
27850389.523810
27970020.952381
28941577.619048
30192377.142857
29230383.809524
28542457.619048
27767754.285714
27917315.238095
29097243.809524
27887320.952381
30847959.047619
28968332.380952
28204824.761905
28331140.952381
28268749.523810
27494195.238095
30808075.714286
27820663.333333
29663134.285714
28883843.809524
29050866.666667
28799963.809524
27129253.333333
29845215.238095
27925755.238095
28663700.476190
29594819.523810
27990386.666667
29825496.190476
28790675.238095
27821890.476190
29094525.714286
27794280.952381
28002558.095238
28042617.142857
29929431.428571
27680349.523810
29031764.761905
28344260.952381
28567223.809524
28687653.333333
28676788.571429
28574963.809524
27867126.666667
28340414.285714
28398058.095238
29366783.809524
28091397.142857
28433600.000000
28564030.476190
28216205.714286
28065816.190476
30502019.047619
27753067.619048
28716818.095238
29668009.523810
28376482.857143
28147915.238095
29774332.380952
