17226758.571429
19390533.809524
18449862.857143
18544984.285714
18776081.428571
18427438.571429
18323087.619048
17799934.285714
17829295.714286
17094618.571429
17690864.285714
16908450.000000
16555087.142857
16722811.428571
17977046.190476
19290742.857143
19174912.380952
19758470.476190
19500611.428571
19244624.761905
19337927.619048
19365171.428571
19214603.809524
19400000.000000
19133990.476190
19557379.047619
19857335.238095
19813765.714286
19775114.761905
19452060.952381
19381601.904762
19474001.904762
19453828.571429
19352081.904762
19397676.190476
19710849.523810
19670514.285714
19875076.190476
19455561.904762
19360676.190476
19420419.047619
19446043.809524
19417333.333333
19567826.666667
19688455.238095
19914354.285714
19774754.285714
19799468.571429
19988369.523810
19791971.428571
19933434.285714
19600487.619048
20240258.095238
19530230.476190
19684000.000000
19598453.333333
19743609.523810
19818908.571429
19921192.380952
19856733.333333
19956150.476190
19638276.190476
19816657.142857
19700678.095238
19804809.523810
19871485.238095
19739219.047619
20265280.476190
19877278.095238
19710600.000000
19678051.428571
19884806.190476
19742140.952381
19731653.333333
19805546.666667
19798756.190476
19974851.428571
19822340.952381
19753645.714286
19592670.476190
19675878.095238
24816476.190476
23479623.333333
20646788.571429
21015040.000000
20822769.523810
20939426.666667
20915596.190476
20560398.095238
20576822.857143
20407758.095238
20216994.285714
20603485.714286
20748114.285714
20323245.714286
20469840.000000
20455489.523810
20587127.619048
20568611.428571
20799236.190476
20356860.952381
20391247.619048
20246645.714286
20432879.523810
20170053.333333
20301316.190476
20311760.000000
20534624.761905
20581198.095238
20748514.285714
20539893.333333
20700142.857143
20678660.952381
20749066.666667
20565384.761905
20552150.476190
20438222.857143
20747179.047619
20676144.761905
20667975.238095
20419927.619048
20948577.619048
20394036.190476
20602653.333333
20458942.857143
20569340.952381
20568003.809524
20940313.333333
20341584.761905
20229982.857143
20213024.761905
20197474.285714
20216910.476190
20484272.380952
20601680.000000
20632763.809524
20418443.809524
20489531.428571
20395944.761905
20168798.095238
20529487.619048
20114398.095238
20504664.761905
20671447.619048
20449417.142857
20332556.190476
20381600.000000
20261664.761905
20621043.809524
20454318.095238
20419384.761905
20405655.238095
20463857.142857
20324876.190476
20191024.761905
20137080.000000
20246259.047619
20286405.714286
24070342.857143
22726493.333333
21737462.857143
21286125.714286
20985659.047619
20950302.857143
20873335.238095
20846982.857143
20663946.666667
21125608.095238
20971247.619048
20768163.809524
20518624.761905
20552754.285714
20587259.047619
20923600.000000
20906569.523810
20993775.238095
20940653.333333
20964525.714286
20663203.809524
20600628.571429
20260447.619048
20468723.809524
20471276.190476
20814422.857143
20977657.142857
21015180.952381
20656281.904762
20957657.142857
20515624.761905
20567720.000000
20803408.095238
20436636.190476
20609716.190476
21073373.333333
20837754.285714
20579984.761905
20743316.190476
20711312.380952
20931110.476190
20838314.285714
20680699.047619
20612695.238095
20671651.428571
20356024.761905
20249100.952381
20281887.619048
23405372.380952
20643112.380952
20730422.857143
21076506.666667
20761527.619048
20526695.238095
20835765.714286
20820824.761905
20950529.523810
20796474.285714
20728659.047619
20929925.714286
21153855.238095
20988495.238095
20847664.761905
20646413.333333
20842780.952381
20974626.666667
21008053.333333
20780640.000000
21059588.571429
21030992.380952
20604611.428571
20577291.428571
20297817.142857
20385659.047619
20671889.523810
20776377.142857
21028510.476190
21038535.238095
20851841.904762
21115316.190476
20895630.476190
20876982.857143
20804142.857143
20770666.666667
20882390.476190
21316822.857143
20746691.428571
20741723.809524
20654708.571429
20755396.190476
21011731.428571
21023539.047619
20644180.952381
20743939.047619
20696089.523810
20523049.523810
20423815.238095
20473609.523810
20589638.095238
20790219.047619
20910706.666667
21012434.285714
20720320.000000
22030761.904762
22490104.285714
21291794.285714
21344290.476190
20971700.476190
20588521.904762
21209709.523810
21728330.952381
21119694.761905
21889431.904762
20475398.095238
21032731.428571
20879542.857143
20676605.714286
21049136.666667
21309187.619048
20736453.333333
20500234.285714
20571617.142857
20695185.714286
20327280.000000
21093380.952381
20710489.523810
20981040.000000
20744645.714286
21182351.904762
20976348.571429
20794986.666667
20704963.809524
18746358.571429
19088710.476190
19646115.238095
19373075.714286
18971028.571429
19068773.333333
18227284.285714
18254841.428571
18781423.809524
17288990.000000
17859935.714286
18675631.428571
17284072.857143
20754985.238095
21446200.000000
20859723.809524
20653375.238095
20240173.333333
20460710.476190
20289472.380952
20202350.476190
20429365.714286
20464508.571429
21314468.571429
20804800.000000
20581554.285714
20537817.142857
20859958.095238
20526902.857143
20429053.333333
20237460.952381
20658520.000000
21064885.714286
20792647.619048
20436521.904762
20481438.095238
20713476.190476
20614432.380952
20481914.285714
20587268.571429
20625438.095238
21088405.714286
20690344.761905
20517144.761905
20668373.333333
20808668.571429
20563064.761905
20627961.904762
20692982.857143
20931422.857143
20898668.571429
21035257.142857
20855373.333333
21128068.571429
20690264.761905
20547841.904762
20311683.809524
20475628.571429
20344091.428571
20491605.714286
20560066.666667
20843502.857143
20557539.047619
20717460.952381
20352449.523810
20470832.380952
20513455.238095
20439483.809524
20438765.714286
20727207.619048
20888417.142857
20713085.714286
20535601.904762
20408342.857143
20539520.000000
20330314.285714
20462144.761905
20453626.666667
20869847.619048
21154674.285714
20807455.238095
20540011.428571
20581862.857143
20400720.000000
20509933.333333
20456773.333333
20665369.523810
20440687.619048
20611053.333333
20428182.857143
20456251.428571
20506634.285714
20456367.619048
20466746.666667
20477017.142857
20928480.000000
20925144.761905
20749451.428571
20590481.904762
20604287.619048
20415346.666667
20528965.714286
20528792.380952
20752908.571429
20579352.380952
20763316.190476
20513219.047619
20606786.666667
20468302.857143
20430794.285714
20274481.904762
20814750.476190
20661622.857143
20982201.904762
20625064.761905
20610798.095238
20853434.285714
20557830.476190
20737266.666667
20708790.476190
20953441.904762
20911630.476190
20786240.000000
20397194.285714
20631093.333333
20364931.428571
20612520.000000
20443243.809524
20785929.523810
20487394.285714
20660992.380952
20303179.047619
20636299.047619
20541640.000000
20587918.095238
20423148.571429
20721205.714286
20632280.000000
20572824.761905
20396053.333333
20418817.142857
20619491.428571
20514287.619048
20563560.000000
20522219.047619
20828773.333333
20764657.142857
20728481.904762
20307891.428571
20502150.476190
20262800.000000
23615563.809524
21359819.047619
21693312.380952
21347257.142857
21339853.333333
20846973.333333
21115748.571429
21050219.047619
20907220.952381
20994893.333333
21009664.761905
21125539.047619
21024118.095238
20850891.428571
20757325.714286
20969950.476190
20765708.571429
20810887.619048
20902777.142857
21325796.190476
21315798.095238
21231731.428571
22873817.142857
22646182.857143
21602327.619048
21253878.095238
21213493.333333
21437306.666667
21614640.000000
21566047.619048
21176188.571429
21346310.476190
21308963.809524
21143158.095238
21161520.000000
21397400.000000
21377763.809524
21256971.428571
21110481.904762
21041462.857143
21360099.047619
21099779.047619
21160841.904762
21415811.428571
21828390.476190
21611975.238095
21320752.380952
20923944.761905
21151321.904762
20891672.380952
21223209.523810
21060737.142857
21297356.190476
21402900.952381
21370586.666667
21073017.142857
20981491.428571
21093091.428571
21070453.333333
20928729.523810
21335777.142857
21336714.285714
21223594.285714
21204123.809524
20906409.523810
21238083.809524
20954923.809524
20961900.952381
21076009.523810
21412167.619048
21518217.142857
21284942.857143
20921215.238095
21143062.857143
20800209.523810
20971767.619048
21114994.285714
21205411.428571
21136078.095238
21087733.333333
21060400.000000
21077720.000000
21322904.761905
21075245.714286
21019689.523810
21261845.714286
21331708.571429
21311192.380952
21007394.285714
20887954.285714
21018704.761905
20987935.238095
20836965.714286
21171954.285714
21409742.857143
21377866.666667
21325102.857143
20757782.857143
20995712.380952
20866674.285714
20751333.333333
20944592.380952
21215396.190476
21195773.333333
21149485.714286
20785552.380952
20979184.761905
21127979.047619
21035066.666667
20895321.904762
21279030.476190
21302931.428571
21340539.047619
21039236.190476
20902483.809524
21176278.095238
21035329.523810
20895678.095238
21053413.333333
21342510.476190
21485354.285714
21307830.476190
20919000.000000
21050291.428571
21018973.333333
20891140.952381
21214963.809524
21347680.000000
21217735.238095
21189643.809524
20992380.952381
21093333.333333
21133133.333333
20993961.904762
20743577.142857
21312196.190476
21212394.285714
21135952.380952
20809697.142857
20733956.190476
20864963.809524
21017198.095238
20841843.809524
21122579.047619
21346558.095238
21474605.714286
21145805.714286
20754283.809524
20797459.047619
20724577.142857
20715245.714286
21064200.000000
21144681.904762
21182533.333333
21233392.380952
21004815.238095
20980796.190476
20779862.857143
20879779.047619
20756586.666667
21164537.142857
21073432.380952
21258001.904762
20927887.619048
20903502.857143
20998731.428571
21089060.952381
20862702.857143
21181352.380952
21382287.619048
21622344.761905
21342939.047619
20913655.238095
20955487.619048
20868744.761905
20801809.523810
21059177.142857
21325379.047619
21088800.000000
21202758.095238
20754280.000000
21105363.809524
21012177.142857
21024596.190476
20839548.571429
21389607.619048
21189659.047619
21325660.952381
20867329.523810
20880474.285714
21089897.142857
21031245.714286
20994834.285714
21142190.476190
21539066.666667
21619019.047619
21239224.761905
20901822.857143
20866961.904762
20803104.761905
20785866.666667
20988371.428571
21206133.333333
20958299.047619
21080034.285714
20824472.380952
21145613.333333
21010120.000000
21013476.190476
20829392.380952
21141664.761905
21025299.047619
21123150.476190
20817028.571429
20818923.809524
20871436.190476
20922316.190476
20976304.761905
20897845.714286
21368203.809524
21528380.952381
22376384.761905
21050125.714286
21060249.523810
20837979.047619
20868801.904762
20846731.428571
21270203.809524
20951074.285714
21107160.000000
20697268.571429
20961068.571429
20882605.714286
17983905.714286
18707928.571429
18614280.476190
18944775.714286
18700237.619048
18052985.714286
18843408.571429
18030987.619048
19176088.095238
19235321.428571
18663811.428571
17825930.000000
19306781.428571
20842190.476190
20914129.523810
20662558.095238
20512817.142857
20582963.809524
21411420.952381
21031158.095238
20809177.142857
20750651.428571
20919276.190476
20976091.428571
20894024.761905
20765803.809524
20843847.619048
21313697.142857
20952815.238095
20753053.333333
20656350.476190
20626034.285714
20679586.666667
20846051.428571
20963944.761905
20825880.000000
20913064.761905
21011352.380952
20988586.666667
20861565.714286
20866011.428571
20558335.238095
20881537.142857
21024676.190476
20860179.047619
20786417.142857
20981660.952381
21124944.761905
21252388.571429
21103584.761905
20868432.380952
21026226.666667
21040828.571429
20955247.619048
20781510.476190
20840118.095238
20792891.428571
20802977.142857
21099203.809524
21228104.761905
21330081.904762
21107811.428571
21052499.047619
21119154.285714
21196881.904762
20994634.285714
20918643.809524
21255718.095238
21348499.047619
21175476.190476
20868300.952381
20964653.333333
21145274.285714
23599763.809524
22370434.285714
22339558.095238
22306361.904762
22199034.285714
21607885.714286
21502935.238095
21389432.380952
21363746.666667
21234982.857143
21475777.142857
21667057.142857
21731963.809524
21530293.333333
21592600.000000
21470594.285714
21316782.857143
21393554.285714
21150060.952381
21564078.095238
21870192.380952
21501777.142857
21291184.761905
21544278.095238
21650586.666667
21617944.761905
21542754.285714
21406885.714286
21301710.476190
21484215.238095
21216670.476190
21161417.142857
20989620.952381
21033121.904762
21145605.714286
21445739.047619
21699160.000000
21880531.428571
21519514.285714
21508584.761905
21349569.523810
21403047.619048
21202009.523810
21216198.095238
21428295.238095
21756392.380952
21432160.000000
21081224.761905
21246998.095238
21144710.476190
21270194.285714
21298373.333333
21480116.190476
21341076.190476
21573451.428571
21018994.285714
21120131.428571
20884523.809524
20867306.666667
20824529.523810
21155384.761905
21433596.190476
21436569.523810
21112266.666667
21422624.761905
21067596.190476
21141000.000000
20932771.428571
20955899.047619
21049472.380952
21496165.714286
21195224.761905
21172234.285714
21046678.095238
21413373.333333
21420777.142857
21370933.333333
21204083.809524
21123318.095238
21355834.285714
20903040.000000
20931782.857143
20941173.333333
20719725.714286
21113026.666667
21456910.476190
21510173.333333
21317447.619048
21054268.571429
21268921.904762
21021352.380952
21077072.380952
20874432.380952
20949518.095238
21267855.238095
21406460.952381
20967657.142857
21148596.190476
21258878.095238
20994651.428571
21011222.857143
21113518.095238
21022748.571429
21256127.619048
21195702.857143
21067811.428571
20857693.333333
20863238.095238
20759007.619048
22786160.000000
22005695.238095
21952001.904762
21846049.523810
21581262.857143
21783845.714286
21533478.095238
21342003.809524
21387900.952381
21170910.476190
21602697.142857
21856106.666667
21531853.333333
21417573.333333
21313859.047619
21597885.714286
21744973.333333
21811760.000000
21476398.095238
21510965.714286
21536118.095238
21336752.380952
21086952.380952
21220074.285714
21040761.904762
21360413.333333
21721426.666667
21867902.857143
21878636.190476
21710718.095238
21602080.000000
21489011.428571
21300076.190476
21309636.190476
21132358.095238
21600154.285714
21709245.714286
21498022.857143
21182537.142857
21312560.000000
21136430.476190
21412093.333333
21304167.619048
21404348.571429
21429382.857143
21503813.333333
21278394.285714
21255384.761905
21150217.142857
21095083.809524
21123632.380952
21406388.571429
21644706.666667
21450091.428571
21332373.333333
21552000.000000
21287163.809524
21166908.571429
21119249.523810
20873272.380952
21260862.857143
21481314.285714
21344860.952381
21075596.190476
21005091.428571
21063146.666667
21445662.857143
21310529.523810
21382483.809524
21192022.857143
21370794.285714
20923485.714286
21031792.380952
20761497.142857
20895582.857143
20971558.095238
21316198.095238
21429403.809524
21628512.380952
21296394.285714
21246304.761905
21124137.142857
21231600.000000
20962912.380952
21009542.857143
21205434.285714
21419087.619048
21226329.523810
20995664.761905
21042885.714286
20945375.238095
21194483.809524
21007794.285714
21145729.523810
21201708.571429
21390607.619048
20966123.809524
20919725.714286
20830398.095238
21057226.666667
20963523.809524
21188245.714286
21357129.523810
21415043.809524
21085700.952381
21289502.857143
