1729
684
1064
631
953
1187
886
663
584
1509
604
881
545
1037
611
903671
913
991
688
952
917
936457
1242
751
933
571
913
956968
1539
1039
628
1113
1016
960584
1566
761
1003
605
974
28323
919599
1197
671
725
898
36580
8728
898944
1210
642
858
36892
907578
826
1359
1050
903
32190
10046
905846
965
1072
602
982216
1036
1091
830
1020
615
26157
901494
923
1030
608
1018
999104
1350
848
1010
986
607
956122
1681
1032
1099
715
982
30731
988058
826
1111
1022
756
32768
1007661
1392
792
863
1031
34183
1011572
794
1038
609
1424
34825
987677
1235
758
1027
631
33877
9283
992649
763
1060
607
34576
993848
1371
1208
625
957
33666
988411
803
1035
611
1427
1036810
1292
945
1159
630
1014
1150863
1298
744
991
614
882
30514
997182
1150
1064
890
679
1026405
1689
880
1030
754
997
33386
977569
1269
913
669
590
1039052
971
1276
616
1622
746
31414
1045258
1450
755
1022
907
1006749
1786
997
1112
611
869
1032733
1291
909
1006
725
998
1065460
1483
792
985
634
1035
32744
996325
1414
788
596
1044
32380
8528
990484
1254
633
888
34657
997644
1165
782
920
1007
35035
8946
1017902
782
1049
617
1010460
1223
1093
608
1040
759
34334
1020810
966
1039
946
1015
1046952
1300
770
1197
1012
600
1017440
1702
1007
1187
609
1351
32107
978037
826
1038
1198
614
34073
981059
1060
765
600
1635
33529
1016322
843
1036
966
752
31945
990248
957
750
1000
615
35600
8327
998778
805
1063
605
35406
988268
1282
1034
630
958
33451
974954
3720
1150
645
968
1024303
983
748
1000
738
1003
1065229
1405
919
1019
617
1399
33488
990105
885
1082
893
710
1011306
1487
1169
1331
718
989
32668
993502
1663
925
714
835
1072887
865
1295
608
1465
739
36431
1047339
1913
787
1012
890
1037475
1280
778
1012
781
1171
1050765
1351
1050
1146
702
988
1038454
1435
644
1007
632
998
36001
1024797
1086
792
758
1157
31571
9805
975364
1269
946
1052
36529
985844
1021
634
911
885
37945
8402
961473
948
1054
609
1021112
973
1155
607
1331
605
29777
989708
1180
1044
1747
1022
1035493
1309
1434
961
927
560
1055954
1718
950
1039
752
988
32439
992446
781
1079
911
574
32808
980473
1046
754
602
1353
34660
990649
861
1024
610
592
34809
987215
970
735
1198
637
35488
9572
983583
740
972
578
36759
983708
1317
1026
613
982
32278
1000253
918
1038
656
1037
1042226
869
1030
1087
723
1024
1034102
1315
784
1189
611
999
32545
994276
1028
1294
1185
721
1056757
1669
1087
1036
624
964
34625
988352
1293
923
728
612
1029174
1319
1105
619
1102
723
31137
970876
1285
1011
1019
898
1033154
1512
1066
1058
609
840
1036941
1451
981
1239
734
1013
1040829
1291
632
1173
741
1010
33464
1091948
1041
769
611
1250
33201
8286
1051358
1250
641
964
34563
1084981
1027
742
898
1110
34310
8818
1040416
798
1049
755
1052092
853
1318
617
1182
751
34559
1038407
931
1044
618
993
1066294
1741
1127
1079
981
597
1092641
1630
1057
1042
609
971
33517
1027014
1016
1075
881
1082
32619
991191
1054
766
608
1345
33215
1032208
844
1081
638
1299
32987
1024707
949
735
993
614
32676
8842
1005618
1282
1086
618
35960
1004969
1468
1018
699
974
32805
1009798
1001
1067
612
1468
1046564
1045
1037
1042
634
1071
1040637
1280
770
1014
821
980
33823
1003691
1131
1089
915
1145
1023053
1326
1242
1090
736
1013
31672
990949
1435
925
707
618
1058589
1262
1160
649
853
1090
33572
995761
1290
766
1017
905
1057844
1462
761
1021
621
893
1089801
1706
1356
619
675
871
1026876
1676
1034
1041
635
864
30481
1006665
1035
772
755
1023
34462
9849
978729
1236
649
973
36389
1002424
940
723
888
1119
34038
8390
1004939
959
1058
749
1037901
1112
1442
743
1010
614
29989
1003492
936
1048
735
1028
1045027
1713
1070
1244
1029
597
1025005
1703
1143
1075
623
987
30544
996203
855
1041
1233
746
33094
993815
1070
840
611
1050
32990
997262
1016
1021
954
735
34188
1003301
1198
730
1221
721
34053
8293
1002866
771
1047
601
35235
980468
1491
1039
632
1422
34224
991258
805
1069
625
1016
1063614
1265
1068
1020
963
1029
1061417
1542
768
1046
611
957
33926
1001976
910
1073
1139
620
1022180
1262
759
1023
725
990
34115
1004284
1442
909
590
1167
1040399
1370
1095
617
1021
718
32258
1037996
1686
789
1028
997
1019321
2320
839
998
618
848
1027933
1281
1030
928
611
989
1034295
1733
842
1048
736
1010
34191
1014672
1074
778
755
1613
33950
7789
992479
1218
653
877
35807
982618
829
747
912
867
35110
8564
972599
794
1068
743
1044594
1009
1058
738
1177
594
31604
994604
949
1204
617
1026
1026857
1304
766
1020
1004
596
1019805
1282
776
1029
611
1025
32673
1055995
906
1036
898
1141
34491
990687
1067
759
745
1012
35387
983663
804
1036
625
566
35651
1024468
1163
754
1017
619
33673
9105
1010990
801
1049
600
34246
1018933
1447
1045
617
963
34067
1017083
792
1019
608
1002
1029342
1037
951
1152
735
1033
1023796
1258
760
1017
713
993
35888
1001923
1147
1062
907
1253
1034602
1645
1071
1218
616
1405
33870
1014625
1258
941
717
737
1004523
859
1048
613
1024
1057
32878
981829
1240
744
1016
1221
1028832
1246
757
1133
598
956
1035126
1723
1094
732
716
991
1027124
1664
895
1587
616
1025
30547
1003387
1099
785
750
1215
35549
9564
982136
1253
647
1477
33308
1009557
915
730
901
1052
34437
9258
987124
950
1041
602
1043444
863
1061
759
1028
597
33611
993238
984
1041
607
1043
1057030
1661
806
1044
986
597
1079128
1580
799
1008
748
1029
33115
991269
802
1056
903
569
33894
999651
1435
777
737
1032
32131
1006225
801
1035
626
708
34890
996406
1200
770
1037
718
32156
8438
999432
773
1035
602
36694
987003
1514
1029
629
1307
31977
981423
917
1322
776
1012
1084474
1375
980
1059
622
1024
1040750
1729
1052
1057
722
1006
32891
1021826
1141
1078
897
1031
1060578
1651
787
1025
713
1014
31757
1005169
1492
928
708
863
1061358
819
1053
602
1644
751
31860
1121372
1507
761
1009
1012
1027472
1260
773
1197
613
988
1054836
1566
1022
734
622
1015
1026286
1291
640
1923
778
1015
32754
1005224
1268
656
684
890
32291
9187
989359
1228
630
2197
34031
1047622
881
744
901
1343
34219
9624
1014848
926
1064
617
1042729
867
1253
620
1210
729
35668
995437
959
1034
611
971
1043027
1434
1154
1051
1377
614
1033916
1724
1099
1031
665
1361
30433
1000257
807
1035
1252
758
34593
1026207
1719
863
851
1003
33053
1028117
794
1053
611
571
34929
1009717
1152
773
1242
730
33778
8763
993520
955
1266
752
35335
995693
1234
1047
615
961
34727
1001644
1003
1076
609
1355
1033626
1249
1070
1073
621
1028
1029632
1724
1018
1201
706
982
33310
1010073
1130
1062
954
705
1043426
1342
849
1008
883
998
32560
994172
1243
1036
635
678
1014672
1312
1084
739
991
735
34297
1004087
1382
767
1019
1008
1072876
1566
1008
1037
738
1009
1046715
1709
948
1026
724
983
1062886
1635
1078
1041
706
987
32585
1016531
1422
684
675
1282
34603
9678
1006971
1239
642
984
36653
1016588
809
744
1084
1378
32800
9279
999636
770
1063
609
1066007
857
1303
611
1136
592
34738
1139796
1257
1062
609
1052
1109802
1721
1059
1060
1002
605
1056013
1335
1069
1049
717
981
31929
1036270
785
1025
882
627
36466
1029947
1186
661
682
906
33498
1056537
810
1052
766
604
34696
1022220
1211
758
1030
726
32242
9280
1011671
765
1042
611
35547
1001309
1421
1043
626
1372
31873
1010513
793
1029
620
1065
1041233
959
980
1042
612
878
1039041
1314
1077
1252
715
1024
32915
1027769
885
1090
1018
721
1033675
1684
990
1028
606
957
31844
975379
1701
1052
629
1044
1040223
1214
1126
620
1078
727
32993
1001642
1485
760
1014
1022
1028107
1255
656
1024
736
1030
1037641
1622
1307
625
691
896
1071370
1734
1098
1050
607
859
31889
1005074
1271
760
618
1163
32834
9665
995807
1499
673
2798
34452
995029
942
745
903
1037
33678
8923
1002849
779
1043
614
1014126
967
1083
760
1030
725
34597
1037256
1218
1071
716
1235
1036712
1931
798
1030
991
598
1039141
1707
1004
1053
717
981
32538
1001690
916
1020
893
938
31872
999511
1116
754
604
1175
31939
1032336
1065
1046
634
1240
33408
1043718
954
632
1030
629
33207
10097
994128
794
1057
604
35117
1024271
1483
1036
621
1223
34527
1007575
999
1035
759
1000
1076347
1310
758
1143
614
1025
1034821
1387
1221
1310
716
992
32021
1017278
1085
1069
1076
614
1029360
1251
646
1463
608
1026
31993
1020231
1319
897
724
606
1023882
1200
1049
613
1000
601
34402
1003215
1667
791
1023
909
1033256
1255
754
990
599
947
1057281
1313
1032
698
682
911
1060641
1683
1656
1101
611
970
31397
1009110
1304
761
594
1174
34472
9392
1052270
1232
657
980
35288
1000085
990
626
982
1270
35012
8490
1000164
947
1250
765
1035033
942
1177
634
1300
750
33060
1007004
993
1048
715
1377
1046583
1671
821
1054
1157
602
1062982
1697
1020
1022
615
964
31498
996640
789
1067
911
585
33664
1008435
1035
760
607
1247
33953
1021091
846
1036
756
713
36135
1005953
1000
755
1214
625
38026
9110
998765
963
1060
633
34449
1022567
1274
1041
683
970
33072
998345
936
1091
943
1031
1053991
1237
1037
1014
735
994
1047548
1273
651
867
1074
1020
33476
996070
1183
1076
893
1150
1074866
1624
1001
1019
735
1441
34906
999636
1382
926
743
1002
1044953
1203
1074
610
847
720
32763
1008010
1362
769
1132
907
1028398
1711
778
1010
612
840
1089049
1371
915
976
615
1001
1044520
1443
649
996
613
997
33555
996745
1202
661
686
882
36405
9461
1049328
1686
666
1014
36281
991594
1006
742
908
1441
34526
7522
1007279
802
1050
602
1029759
803
1066
609
1041
608
33079
993871
945
1027
715
1020
1073235
1674
1049
1019
1000
613
1040063
1380
1245
1419
621
1018
31766
1047263
1208
1082
922
731
35994
1003387
1076
779
611
1150
32873
1003997
808
1031
756
605
31641
1031053
1262
751
1190
732
33126
10642
1012936
788
1498
731
31497
1041101
1257
1029
633
900
33448
1063049
1002
1033
730
996
1031896
961
730
991
746
987
1077807
1694
996
1033
610
962
33244
1018224
1275
1130
1006
624
1053804
1673
660
1507
738
998
31582
995890
1399
919
706
621
1089455
1294
1152
622
1736
744
31408
1024596
1470
768
996
1230
1084873
1263
768
988
733
993
1049057
1712
1088
635
682
901
1059102
1241
798
1008
618
1025
28625
1004811
1415
769
599
1293
33715
9512
983509
1228
654
970
33511
1005082
1076
741
894
1120
35003
9293
1002428
1114
1054
627
1052202
816
1337
610
1027
744
33180
1003057
779
1086
746
1000
1062831
1728
1221
1064
982
1146
1040851
2015
804
1028
607
976
28199
1014244
930
1025
910
738
35296
1014280
1235
671
705
1024
34290
1001032
1055
1032
614
1299
31819
1031108
930
627
1011
925
31536
10481
1009483
768
1055
770
33499
1004297
1266
1051
617
1213
36824
1000490
1027
1026
749
1002
1087913
1045
737
1018
649
980
1029949
1679
844
1046
615
978
33424
1006528
1276
1090
903
1197
1033097
1689
900
1042
741
992
32502
1004960
1424
930
733
615
1034711
931
1273
604
903
772
33359
1023528
1382
789
1014
1003
1072729
1266
757
1013
624
990
1044339
1449
1239
764
604
1012
1045476
1327
628
986
980
1033
32322
1004474
1202
653
686
894
35229
9445
1022798
1273
659
2227
32253
1011854
922
735
896
1530
33178
11300
1007073
788
1042
610
1037635
1085
1176
861
849
1016
35302
997604
914
1018
732
995
1034607
1761
1046
1041
1009
595
1032864
1371
826
1235
719
978
33317
1074429
937
1068
893
581
45991
1021206
1096
784
612
1357
46140
1025481
1030
1044
945
635
45933
1008700
957
615
1056
605
46151
13806
993435
927
1059
598
45952
1014209
1460
1017
610
1406
46726
1046726
951
1053
609
860
1052515
1217
793
1250
619
879
1097903
1264
774
1217
607
953
46103
996290
894
1072
891
700
1037037
1638
1185
1051
610
951
45298
1007129
1650
932
915
653
1095726
1115
1255
624
855
888
46583
1025425
1338
766
998
905
1059054
1641
1105
1033
624
1542
1041865
1311
1042
612
622
1030
1041854
1648
857
1057
720
987
43147
1030514
1082
772
759
1105
46331
12643
997410
1310
669
969
47191
1003409
935
730
913
1285
45642
13518
987983
811
1027
778
1040204
1043
1086
868
1015
603
44984
999041
957
1045
657
1287
1065846
1647
1062
1052
1006
603
1039719
1716
1082
1046
617
979
43954
999161
827
1068
1231
737
43849
989817
1054
762
739
1030
46020
993445
1011
1047
963
738
50039
1006967
962
750
1010
631
46014
12859
990774
1066
1065
606
48750
993685
1250
1049
745
967
45645
1005698
1242
1138
632
1076
1051680
1347
1015
1035
720
1003
1032197
1339
717
1028
900
1011
46305
992708
1168
1069
898
694
1038424
1632
1035
1062
612
963
44795
986668
1561
897
694
727
1059815
841
1048
627
1010
725
43831
1000876
1319
768
1226
1024
1085575
1650
999
1027
598
836
1046859
1384
1058
1097
615
999
1018845
1260
635
964
747
992
29832
1023503
1363
785
612
1066
32251
8776
998818
1249
647
1025
34745
1021609
Xput: 5756
