1947
880
1085
713
703
1045
1339
644
712
883
562
1612
661
845
561
882
567
757295
256411
1123
1010
15547
1380
607
1075
984944
1126
168914
1282
1093
630
13420
1233
883193
1229
161478
1240
787
197399
945
1045
515012
232565
892
1135
1265
117553
30239
1237
698898
150129
927
1070
654
285144
1244
939
563017
891
338640
816
1567
812
1038
614
764296
121619
1267
658
1036
343132
929
1043
630445
71355
214133
1440
780
1238
1084
735
988759
1223
137142
1438
683
1122
1195
2091
781314
17779
41188
1137
806
277439
1190
670
913049
1238
778
1029
670
161490
913
609
673696
74035
79952
896
1112
228557
1240
1236
941352
948
1265
653
1244
98261
1223
1051
1088435
1584
824
1039
625
857
20974
1223
984427
934
195801
1559
818
1024
625
1011
669064
44572
141025
1227
1068
123652
886
1086
710785
935
399000
1311
818
1024
750
1010
720919
31934
111739
1241
681
1578
36567
1198
838731
1156
372955
975
1077
759
1039
625
725610
1648
422382
1515
815
1039
617
854
964513
1226
118295
789
614
1256
798
1041
997416
1532
686
1639
616
35454
1231
679
976378
70810
86454
922
170181
11149
911
1140
928336
101528
158480
757
1120
23243
934
614
1028309
931
11388
781
159163
797
1109
773
673875
179616
98979
1192
173868
1241
810
1033
872839
1244
302512
1543
1123
750
601
1045
653571
1237
479658
1401
791
1070
633
981
514726
195562
202036
1259
967
742
51384
1216
574851
198022
204061
1499
789
608
998
909
710730
61378
440037
839
1046
631
1166
624
571080
229462
24447
933
135347
1209
77572
1237
583763
307547
290559
1248
53078
1246
1079
762
581450
1244
411196
1230
52640
1254
784
1055
481417
364693
16048
914
69183
51566
1051
791
718466
172899
64374
1213
28842
5319
939
661
513666
380928
75152
885
202991
783
990
1002
588674
191067
28420
930
63844
800
1124
1058
760159
1201
246955
1279
227768
1245
792
1021
602549
796
486103
1396
718
1403
756
1040
371542
446449
24838
1239
14003
7715
900
1098
606764
128466
447486
1507
736
1096
828
1045
542594
349646
6691
1202
129987
874
80772
916
486494
175741
480178
952
1066
8804
1237
646
402290
557934
118724
1374
811
6122
1578
1070
642743
37185
412320
1368
100994
1469
672
983
598772
55995
122583
1233
117602
147440
1196
685
419132
501631
1237
700
247341
1209
653
1055
351154
523185
814
782
923
112068
927
629
583461
405861
1223
793
77641
19473
1235
791
437148
580367
1235
1067
74924
1249
790
1022
764871
98072
184228
1234
75001
1057
766
1065
733245
107373
171257
1219
790
93870
923
1060
472961
539116
920
1438
955
707
618
853
495214
569489
797
1007
565
30892
1220
937
505136
337811
218629
846
930
894
1066
774
629745
525955
1264
983
1324
1199
628
1055
526010
545074
929
1072
109455
1242
1916
814
569964
158397
110337
1213
169878
1229
789
1035
430468
584297
1329
835
732
1072
903
735
688707
402298
795
914
822
1916
818
605
510019
576907
936
625
86802
959
1051
643
622900
325062
1280
950
1148
819
1004
1051
718860
170380
933
1404
328967
1258
672
1518
578957
236036
113914
1221
189228
1263
786
1049
304316
764560
952
1087
894
829
793
895
512146
443227
96966
1219
673
21887
950
1039
465852
692610
1680
1272
797
1089
1126
1717
435558
469711
133209
936
1070
54333
1237
661
450863
655051
966
1190
644
1063
616
1072
568430
350620
67503
919
176361
1241
811
1039
489962
293305
930
1088
35012
108208
1216
675
410774
732082
1368
690
1013
1543
844
1058
356379
762991
895
772
1082
1125
637
1008
625562
449683
1408
922
1061
633
876
703
369991
772714
1270
1087
1820
1478
5339
2175
565485
337800
26380
1254
117773
935
742
1063
721803
265818
931
1075
651
11101
933
1074
567685
690649
1060
1198
1229
642
687
885
334112
740474
1375
1595
714
739
1354
1666
282316
592864
1876
828
1045
632
1264
1040
522591
717341
1219
1004
1442
1096
631
4862
486782
854654
1179
1123
667
1275
1088
642
686589
152198
927
1065
121186
1241
788
1033
621441
557512
2052
815
1206
1077
1068
626
711360
316287
792
1372
608
1036
763
597
490392
517140
1289
1044
1148
774
1024
615
745328
288546
1478
1069
1111
636
870
972
716136
65545
940
1108
183736
1240
779
1042
830633
70865
3614
1177
167876
1258
769
1036
645031
459985
1053
1398
1153
854
1371
1888
575624
287278
5090
1270
2567
98922
937
1049
666989
469113
1335
1526
785
734
1012
623
614876
254920
44319
938
77213
102115
1220
786
625226
380141
947
1075
639
46077
963
1055
828945
1235
32125
950
274547
1221
675
1147
790513
1263
804
1261
103612
76152
1216
666
681865
381191
1196
682
87127
1222
784
1047
632962
373226
808
741
1277
31196
923
631
975493
215588
1400
1419
177521
10179
1252
659
548412
333649
1216
1093
153134
1230
782
1040
772519
1347
1191
1049
239336
962
747
1086
918153
1339
805
1029
740
318674
919
1041
570479
361371
922
1267
1242
995
650
1569
797857
289240
817
1080
632
234206
1228
948
541075
78810
1245
666
13527
229788
1233
774
847917
235412
1224
777
1069
255697
943
1254
623565
253241
931
1057
62963
1260
1066
766
989414
1237
801
1062
143456
1230
766
1044
753417
275165
1244
688
636
198591
1211
1043
901450
4982
957
1052
4959
166730
919
615
692393
186501
945
659
135310
36296
1218
781
967650
813
1047
630
1048
139071
1216
1067
928826
1265
890
1054
43816
1231
6433
1339
993727
785
721
1238
17490
1205
51607
1242
782221
204554
964
1349
936
149092
903
1108
787319
953
774
1099
109537
194590
941
1065
832907
122203
1210
979
37597
887
75232
910
880148
782
917
712
92756
169975
1219
772
808836
117132
938
1089
22258
145029
923
1051
1129243
1623
1101
634
158226
1264
774
1033
974150
1238
793
1059
641
71533
1211
665
763289
48214
1194
668
393054
1231
786
1040
762830
1244
811
725
131161
171651
932
630
1075357
1028
1088
706
159957
802
1046
1002
623349
3344
1123
945
467392
1234
778
1023
919411
1253
803
1227
248394
926
76145
1246
770913
1226
826
1220
36873
18663
27282
1225
719282
87025
893
1127
127788
940
252111
1237
587356
68696
952
1056
181838
892
14365
1184
833891
1074
1194
763
235720
914
144376
933
724200
18797
1231
786
234467
1226
107075
1242
654543
30912
926
1072
462980
1224
1071
762
757612
1241
684
1054
280191
1252
661
1058
571998
11964
1216
671
258060
1304
955
724
1069551
1219
810
1041
39038
1261
674
584
764965
73655
950
644
441749
819
1069
645
775474
930
1102
648
89761
800
1255
1184
1027074
1241
800
1257
294180
1215
799
1029
768936
976
760
1069
371812
1228
657
1049
500929
61876
921
1086
237316
803
1078
1098
798363
953
635
1054
294539
1248
804
1025
736206
75988
1222
952
306207
929
1109
640
726711
795
1074
632
326812
1121
1212
647
778395
46569
796
1106
288799
1226
648
1050
957411
1521
1313
2019
448725
1219
788
1038
629609
1235
793
1042
244051
1247
1061
626
709696
34247
1205
680
554377
1209
768
1031
518209
33943
940
645
343281
1228
679
4526
924147
934
1290
773
328103
787
1071
1040
528248
778
1082
1242
519058
1234
805
1030
688576
1256
659
1052
387682
960
764
1055
668099
1621
817
1219
295579
1280
779
1027
538726
103567
882
1100
443876
970
750
1069
530330
80219
917
1071
445505
922
1076
930
604184
886
8503
1370
516921
815
1103
798
516248
107968
1235
800
459596
1205
662
1045
510300
71819
934
1075
701561
1250
1076
640
521303
1217
800
1030
506058
1243
678
1053
359954
80252
1214
687
472232
1307
1099
644
911917
1249
790
1031
295595
1678
817
723
556011
34637
920
642
708096
940
1055
637
497745
788
1065
624
308904
796
1074
920
753535
1229
796
1044
534360
1262
784
1056
502536
786
621
1241
575401
1250
675
1042
267752
69683
930
1052
496714
801
1273
1074
536960
938
20171
1218
538550
1250
797
1028
549046
126573
1244
963
335655
901
1123
772
523465
938
16932
936
508469
794
1237
774
534503
171132
940
1053
429268
1248
784
1016
728180
1237
940
592
591956
1217
667
1043
429461
1528
840
1056
413880
1280
1078
748
478492
158251
1222
677
670911
1233
780
1030
215476
126178
920
627
509789
1091
856
769
635197
822
1063
626
665945
765
1043
632
174277
109344
1246
1045
768987
1271
795
1017
438167
1222
780
1047
640393
947
753
1056
449461
1232
787
1032
419604
1251
670
1658
382084
130666
908
1088
493797
932
643
1038
392132
60810
939
1078
594155
759
1082
1063
351096
895
208827
942
441405
796
1540
758
375933
120160
1372
787
619059
1229
681
1752
371629
153005
78102
1385
654683
1250
1067
746
397567
1268
816
1023
693644
1270
828
1046
163991
137321
2119
756
513600
1231
931
1227
554384
1253
773
1511
412054
1251
781
713
420304
149647
772
769
711109
936
1187
640
418601
788
1682
821
450980
807
1998
1061
628019
1242
787
1171
670400
2211
829
1055
396897
1127
26816
1420
679961
1240
793
1039
202655
166607
943
1054
505080
813
1062
1255
396860
938
237134
1225
446217
1509
664
1045
380213
179631
1221
936
601595
912
1295
784
334427
929
222842
920
515526
791
1112
803
355371
162597
54301
1222
460910
1246
673
1052
679944
1230
11954
789
716545
1241
666
1059
380011
1606
797
1056
596711
1237
1080
748
256765
192211
1189
666
855931
1606
677
1021
75113
89629
867
617
726349
1108
1114
754
546659
791
1042
1166
749857
799
1078
633
30104
97565
84743
1198
970228
1246
796
1049
85478
1222
160162
1240
788334
805
617
1055
131387
1252
79952
1245
568313
1224
656
1045
146675
154194
886
1104
806093
794
669
1093
95866
193847
927
1061
858856
765
1489
1060
100373
889
328404
930
745867
787
1088
765
28932
137220
1223
788
959944
1241
690
1090
22515
121476
132379
1213
964800
1254
1093
747
28582
1217
80253
1227
985406
2015
972
1129
756
1011
923
1211
924512
1252
948
864
227832
1209
656
1318
794930
1231
987
634
60902
120942
912
633
1089137
785
1078
643
69650
831
924
601
776106
788
1349
1062
288471
1223
793
1070
962753
1252
846
1062
115735
916
29976
1238
899699
1321
810
1059
634
9982
979
1052
867283
741
720
1164
91155
871
333226
1215
650357
1706
827
1045
186384
161342
1219
931
750424
1268
1301
645
147711
912
235849
934
674451
787
930
580
121808
111549
128685
1236
804564
1228
659
1044
228749
1222
56012
932
1110407
1243
811
1033
46491
1349
980
1068
859762
1252
1083
647
46212
70061
8616
2809
1121993
1413
973
1162
815
1332
742
608
815111
1092
808
763
376985
818
1068
631
869649
967
1473
859
1107
995
1050
926
1013581
1247
800
1060
149412
1220
40707
1246
850197
808
1389
1088
159295
1228
52697
1244
587519
1268
990
1054
208524
42105
889
1088
873789
949
631
1056
125419
123954
20852
1219
772927
912
1104
1076
152724
912
367338
941
633788
792
1073
813
147677
86410
28593
926
897218
1219
700
1215
98293
84621
188913
1223
884042
1283
1085
776
64232
1235
85944
1215
907230
2363
760
1234
636
1042
910
563
845886
1230
951
918
304849
1221
662
868
768068
1495
667
725
128507
134664
941
623
1025729
956
1062
621
147435
799
1858
797
745540
784
1043
1118
399419
1228
934
1064
910303
1244
955
1077
159401
937
114607
1242
790739
1254
809
1022
621
110399
775
1054
830014
801
1217
1160
262479
939
286210
1196
538278
1227
666
1010
298710
900
24357
1195
744879
822
1020
803
288073
914
220359
947
569153
775
1061
966
236723
1209
292258
1210
579117
1290
795
1025
485490
1227
57313
917
751113
1231
790
1049
228002
1240
789
1013
649601
1219
943
1193
269544
1217
104376
937
1099914
1227
673
1071
7829
1214
64740
893
719528
1201
675
700
443282
796
1079
622
784788
934
1085
653
23269
925
124192
1198
893282
1213
962
1039
228563
1223
129503
1228
728131
794
663
1262
217733
1252
105678
1236
468694
1262
686
1077
262883
24052
133191
1243
691933
969
762
1071
159054
77866
95837
1240
818231
949
1116
1050
83799
914
331036
931
557917
796
1542
946
183251
120841
1309
775
750250
1208
664
1057
252571
110543
142488
1213
880892
1268
1098
635
183144
1227
58169
1225
832929
1251
790
1040
623
184476
1213
665
661218
1277
1290
627
417336
1236
666
1061
674644
1257
672
603
193767
116239
932
632
952957
805
1084
622
239740
799
1242
659
571796
780
1053
1049
439506
1306
1520
1100
830810
1257
679
1078
248749
950
89964
1247
794667
2142
799
1040
23719
105937
929
1058
632962
803
795
1118
243025
953
361862
1213
602523
1215
685
1066
240101
234074
1245
957
632810
935
1113
761
312391
937
215874
931
554893
785
1043
787
339885
115867
69397
1215
609653
1250
654
1041
494578
1262
1270
784
757169
1227
782
1040
296940
1241
790
1034
706525
1242
1071
752
230663
79489
1207
669
1056982
1250
801
1046
748
47318
918
618
721604
1217
667
682
409003
963
1367
641
840285
1183
1076
762
1049
142236
1244
1063
944596
1231
1000
1087
129651
1220
985
1066
979242
805
4961
2824
130949
1262
764
1062
715128
1231
977
1056
180236
91141
882
1081
781063
815
5213
1352
129907
150548
942
1043
755600
743
1097
1083
200038
893
183212
933
699788
958
1061
776
165169
56598
1254
779
822927
1040
824
1058
235194
7974
34670
1220
986645
1236
1082
636
259940
1252
680
1051
754215
1421
772
1271
39979
137158
1058
761
729633
1239
1088
766
381786
1231
681
1057
647768
1226
674
562
187662
68390
933
632
1011362
787
1071
934
141278
792
1037
632
688186
936
1061
916
361147
1256
801
1031
880759
1671
836
1266
168175
953
1279
1113
856926
1271
807
1038
634
94400
932
1065
761848
796
765
1062
189876
932
166238
1269
752621
1472
1023
1076
249884
57917
1218
950
825379
915
1113
617
205996
934
92359
936
798068
1341
1108
623
318841
43646
774
1077
806759
1273
794
1045
469888
1242
1099
647
781002
1244
823
1054
233095
1260
783
1040
656189
1282
945
609
231716
91591
1208
680
905605
1260
804
1063
50400
170892
941
629
734062
1194
979
746
361389
20528
1225
792
829496
806
1738
802
1044
164364
1220
1167
846037
1224
777
1060
183965
1208
4810
1224
809108
994
783
1076
191467
1238
57212
1151
669189
1173
723
1013
192139
327366
901
1099
529956
788
831
1090
165088
367389
937
1063
536171
748
1094
1064
191507
139142
108702
922
730345
801
1136
784
220263
335307
1232
785
624051
1179
670
1411
146730
310092
37306
1219
771571
1242
1086
967
209038
1233
89611
1229
808251
1259
788
1040
766
307734
1197
675
547201
1235
1104
767
337636
159531
771
1046
516682
1274
817
751
212443
298111
930
616
815944
775
1063
632
116999
81366
1270
792
590574
1004
1068
928
370118
1211
779
1029
956203
1275
813
1057
278088
791
1276
1072
748897
1213
664
1041
126711
247605
914
1047
497493
789
733
918
310369
164269
8127
1228
604589
1255
667
1049
343349
320672
1249
963
471516
760
1143
631
232828
170117
205003
934
553048
773
1094
887
191019
328033
931
1051
525056
1249
671
1044
352400
1222
130769
949
765254
1224
796
1061
163173
1244
788
1049
675756
1318
1104
967
179816
449692
1192
686
778191
1242
777
1031
623
275851
789
732
603333
1064
948
784
313245
292097
1213
791
758524
787
1053
768
1045
329968
1229
1052
745857
1248
787
1023
68710
70299
205409
1229
813932
798
763
1157
40040
35475
227831
1257
527137
1270
795
1024
43117
425724
900
1105
582367
939
761
1044
62230
451556
958
1068
522801
988
1088
938
167472
213173
341797
944
346805
927
1086
648
166131
390765
1231
775
477367
1098
795
1054
184678
413552
130472
1215
588802
1257
1075
752
241034
1216
266710
2213
532284
1221
661
1036
21083
362877
1191
656
473218
1240
1089
773
380126
211577
913
1038
451026
1231
801
610
233042
478001
919
629
642251
807
1074
672
194427
258043
1247
777
400670
795
1231
1275
378617
23878
66807
1255
700363
1231
669
1484
263397
6340
259523
1212
546659
1235
676
1055
69007
422725
942
1052
351905
954
767
938
309281
189728
225470
1238
289330
1277
788
1023
345761
396236
1222
943
378836
1004
1139
752
357081
118057
297793
921
357873
792
1051
623
312263
351899
66426
1211
405729
1241
677
1057
532524
1217
165736
949
622204
1216
795
1990
213206
1251
787
1047
608866
1231
1092
759
233805
296627
1054
764
742338
1242
801
1038
12249
301975
919
632
596622
1071
818
780
507640
68402
1296
789
737356
787
1413
782
64598
250611
1215
1076
770696
1259
794
1038
290063
1234
70542
1240
651222
937
769
1243
290151
1241
78164
1234
494563
1298
787
1236
293739
266149
897
1103
482974
788
627
1077
398529
286224
941
1296
419423
765
1337
1051
361775
89130
169275
940
473859
784
1273
783
425098
301734
1218
664
396393
1498
683
1026
439704
260891
930
1078
694023
1242
933
580
318738
9194
82478
1276
611306
1292
793
1040
156550
431592
1203
680
270623
1220
1080
749
581279
220316
931
1059
277467
1651
669
698
423705
419684
932
627
479839
942
1081
800
457106
217791
1215
807
292745
751
1049
908
607795
1231
796
1017
727264
1208
795
1034
387720
958
764
1074
789952
1252
784
1036
82722
439130
916
1368
351298
800
751
1150
348702
127467
Xput: 7366
