24131238.571429
23278587.619048
22440362.857143
22151581.428571
21894577.142857
21977342.857143
22247822.857143
21557835.714286
22081459.523810
19507960.952381
21008480.000000
19838964.285714
19737507.142857
19086694.285714
20611713.333333
20104760.476190
19021460.000000
22048969.523810
21961224.761905
22106295.238095
21998040.000000
21916177.142857
22241724.285714
21772011.428571
22232928.571429
22066268.571429
22391399.523810
22028327.619048
22499990.952381
22135114.761905
22382341.428571
22124805.714286
22448120.476190
21865544.761905
21961070.476190
22023321.904762
21987260.952381
22081110.476190
22015765.714286
22582544.285714
21858470.476190
22114133.333333
22129205.714286
22023628.571429
22042495.238095
21975548.571429
21744984.761905
21930641.904762
22299821.904762
22549857.142857
22026960.000000
22042822.857143
22247325.714286
21897099.047619
22371680.476190
21966466.666667
22366554.761905
21801251.428571
24707442.380952
22135091.428571
22034436.190476
21820504.761905
21956104.761905
21899712.380952
22065005.714286
22235601.904762
22603874.761905
22538358.095238
22200704.761905
22504264.285714
21773826.666667
21704426.666667
21837921.904762
21862927.619048
21913062.857143
22286982.857143
22181278.095238
22102377.142857
22035874.285714
22117779.047619
22096447.619048
22021497.142857
22069314.285714
22109763.809524
22561225.714286
22231453.333333
22313150.476190
22281611.428571
22116419.047619
22101278.095238
21850550.476190
22144977.142857
22217043.809524
22129260.952381
21863935.238095
22092784.761905
22071097.142857
22062573.333333
21976899.047619
22018840.000000
22023409.523810
22057093.333333
22000874.285714
22227480.000000
22005742.857143
22128245.714286
22065798.095238
22055609.523810
22050135.238095
22130830.476190
22019125.714286
21999272.380952
22077754.285714
21999015.238095
21901771.428571
22056129.523810
22025095.238095
22092657.142857
22214097.142857
22011186.666667
22114076.190476
22214074.285714
22171266.666667
21949064.761905
22056123.809524
22184914.285714
22262283.809524
22221853.333333
22162979.047619
22299820.952381
22360929.523810
22060670.476190
22018881.904762
24463923.809524
22360586.666667
22168790.476190
22384485.714286
22176512.380952
21974704.761905
22110649.523810
21818097.142857
22105916.190476
22114249.523810
22059828.571429
21979099.047619
21994072.380952
21896512.380952
21878148.571429
21978780.952381
21922887.619048
22157678.095238
22159350.476190
22263588.571429
22165480.000000
21952280.000000
22015491.428571
21970173.333333
21992649.523810
22102710.476190
22035695.238095
21857262.857143
21872220.952381
21986923.809524
22064600.000000
22039403.809524
22161401.904762
22261076.190476
22396361.904762
22553961.904762
22436352.380952
22230238.095238
22298702.857143
22657095.238095
22170537.142857
22485546.666667
22422480.000000
22387059.047619
22192674.285714
22309240.000000
22117194.285714
22112630.476190
22180485.714286
22326817.142857
22509403.809524
22361089.523810
22836780.952381
22498563.809524
22469043.809524
22214878.095238
22132994.285714
22730254.285714
22717472.380952
22425834.285714
22184203.809524
22254409.523810
22318864.761905
22253411.428571
22450601.904762
22236720.000000
22273379.047619
22190000.000000
22435678.095238
22262274.285714
22252561.904762
22303626.666667
22256649.523810
22092380.952381
22271487.619048
22209003.809524
22120447.619048
22101140.952381
21994358.095238
21973782.857143
22059752.380952
21888251.428571
21904780.952381
22101971.428571
22166531.428571
22198529.523810
22124268.571429
22081824.761905
22189127.619048
22285537.142857
22174045.714286
22343051.428571
22459360.000000
22333554.285714
22270500.952381
22300824.761905
22098060.952381
21981847.619048
22184476.190476
22171885.714286
22127139.047619
22063815.238095
21925280.000000
22175205.714286
22165167.619048
22029209.523810
22055725.714286
21883337.142857
22089240.000000
22284952.380952
22270579.047619
22111615.238095
22075796.190476
22055653.333333
22010026.666667
22020641.904762
22269184.761905
22272449.523810
22315041.904762
22336392.380952
22492946.666667
22422929.523810
22469817.142857
22172670.476190
22235769.523810
22254304.761905
22185792.380952
22060161.904762
22259344.761905
22412537.142857
22191264.761905
22230207.619048
22275575.238095
22363034.285714
22245996.190476
22218664.761905
22151859.047619
22211575.238095
22033398.095238
22116853.333333
22185843.809524
22277535.238095
22311996.190476
22350657.142857
22462411.428571
22291693.333333
22294525.714286
22148108.571429
22243876.190476
22118523.809524
20658892.857143
20786401.428571
20734354.285714
20814914.761905
20819468.095238
19989722.857143
20770640.476190
20761403.333333
19618675.714286
19942222.857143
20573594.285714
19871358.571429
19956157.142857
19988904.285714
20248218.571429
23076603.809524
23747607.619048
23440270.476190
23573687.619048
23424125.714286
23569739.047619
23650918.095238
24040049.523810
23819740.952381
23501737.142857
23585540.952381
23624864.761905
23377017.142857
23266868.571429
23165320.000000
23013110.476190
22863605.714286
23064013.333333
22943539.047619
22866116.190476
22859577.142857
22902620.952381
22823958.095238
22792380.952381
22990081.904762
22841445.714286
22931611.428571
22844950.476190
22934382.857143
22898316.190476
22825777.142857
22737398.095238
22672102.857143
22737737.142857
22811925.714286
22719171.428571
22999984.761905
22632161.904762
23313278.571429
22904520.000000
22871573.333333
22829283.809524
22657011.428571
22615472.380952
22705293.333333
22613487.619048
22640693.333333
22525733.333333
22577681.904762
22595158.095238
22820965.714286
22886921.904762
22607323.809524
22688611.428571
22628034.285714
22812520.000000
22698053.333333
22810091.428571
22587009.523810
22581733.333333
22812857.142857
22872567.619048
22920680.000000
23001622.857143
22833609.523810
23040110.476190
22716594.285714
23268428.095238
22721278.095238
22772009.523810
22654032.380952
22669986.666667
22628836.190476
22581980.952381
22724634.285714
22619584.761905
22726200.000000
22721228.571429
22768015.238095
24956013.333333
23792558.095238
23708491.428571
23498500.952381
23173550.476190
23156805.714286
23328973.333333
23330373.333333
23119342.857143
23227120.000000
23277097.142857
23152262.857143
22984049.523810
22804828.571429
23083485.714286
23508777.142857
23067443.809524
23016897.142857
23137310.476190
22878474.285714
23009040.000000
22966104.761905
22859325.714286
22896327.619048
22817169.523810
25692519.047619
23007580.952381
22928388.571429
22742910.476190
22786624.761905
22865720.000000
23049965.714286
23152226.666667
24465848.571429
24102192.380952
24558628.571429
23907598.095238
23784993.333333
23862469.523810
23428151.904762
22976047.619048
23260788.571429
22973106.666667
22870413.333333
23235995.714286
23694764.761905
23006321.904762
23225697.142857
23138348.571429
23205489.047619
23480221.428571
22980830.476190
22809445.714286
23354696.190476
22734600.000000
24013280.952381
22959765.714286
24082811.428571
23059721.904762
23064779.047619
22958542.857143
23045878.095238
22835123.809524
22790729.523810
22915733.333333
22937880.000000
22927840.000000
22955613.333333
22912081.904762
22767864.761905
22793634.285714
22826737.142857
22797811.428571
22777059.047619
22866234.285714
22788504.761905
22801582.857143
22962009.523810
23030171.428571
22923312.380952
23013904.761905
23201249.523810
23142093.333333
23024070.476190
23174135.238095
23287426.666667
23346131.428571
23353747.619048
22992420.952381
23335631.904762
23232706.666667
23437029.523810
23409668.095238
22985809.523810
22856040.000000
23032645.714286
22926721.904762
23039072.380952
23062569.523810
22900104.761905
22990228.571429
22922139.047619
22747133.333333
22832367.619048
22975862.857143
23693791.904762
22981681.904762
23027236.190476
23030022.857143
22936887.619048
23030954.285714
22973382.857143
22793076.190476
22691405.714286
22747382.857143
22892375.238095
22813748.571429
22892140.952381
22765068.571429
22761453.333333
22629217.142857
22909447.619048
22974920.000000
22763320.000000
22730923.809524
22709801.904762
22696287.619048
22531000.000000
22706403.809524
22606544.761905
22862445.714286
22846965.714286
22891468.571429
22757447.619048
22868929.523810
22952499.047619
22780872.380952
22772714.285714
22866712.380952
22918283.809524
22827215.238095
22726093.333333
22875801.904762
22564434.285714
22677880.000000
23078428.571429
22651508.571429
22737582.857143
22805737.142857
22571238.095238
22536672.380952
22660921.904762
22568310.476190
22527171.428571
22625561.904762
22672982.857143
23182112.857143
22777331.428571
22804630.476190
23069622.857143
23018803.809524
22807725.714286
22777232.380952
22807638.095238
22843074.285714
22884782.857143
22742038.095238
22686352.380952
22686916.190476
22744175.238095
22745796.190476
22696274.285714
22751150.476190
22642466.666667
22866929.523810
22850960.000000
22899121.904762
22949626.666667
23406821.904762
22926779.047619
23003057.142857
23225986.666667
23232247.619048
22955352.380952
23048165.714286
23041411.428571
22940942.857143
22673580.952381
22647371.428571
22836137.142857
22710186.666667
22490965.714286
22707998.095238
22663099.047619
22631975.238095
22795518.095238
22703078.095238
22752205.714286
22897975.238095
26027238.095238
24882070.476190
24035870.476190
23773209.523810
23605714.285714
23529201.904762
23592990.476190
23727034.285714
23666630.476190
23683773.333333
23783049.523810
23490099.047619
23595596.190476
23459026.666667
23315017.142857
23231182.857143
23869135.714286
23339112.380952
23236440.000000
23275165.714286
23292422.857143
23134331.428571
23199281.904762
23206059.047619
23043198.095238
23066440.000000
23116668.571429
23056306.666667
23086220.952381
23110535.238095
22944358.095238
23154880.000000
23174721.904762
23306045.714286
23264733.333333
23422771.428571
23370628.571429
23373809.523810
23372601.904762
23247081.904762
23199120.000000
23250539.047619
23169205.714286
23140742.857143
23104699.047619
23058299.047619
23218072.380952
23170885.714286
22894432.380952
23036434.285714
23048150.476190
22906386.666667
22933900.952381
23069089.523810
22736552.380952
22792367.619048
23000251.428571
23046624.761905
23001516.190476
23091015.238095
23225872.380952
23144710.476190
23047499.047619
23011289.523810
23059788.571429
22857967.619048
22988680.000000
22886969.523810
22807577.142857
22806805.714286
22783003.809524
22884051.428571
22897072.380952
23200436.190476
23164708.571429
19242888.571429
19565178.571429
20699071.428571
19210058.571429
20521192.380952
21583174.761905
21043594.285714
20307567.142857
19643021.428571
20763768.571429
20810508.571429
20935147.142857
21532552.857143
20500207.142857
21958425.714286
21500785.238095
20608287.142857
20799890.000000
20878782.857143
23356596.190476
23432773.333333
23406091.428571
23196299.047619
23261438.095238
23122822.857143
23564411.428571
23633194.285714
23429792.380952
23532017.142857
23458038.095238
23283748.571429
23232651.428571
23297672.380952
23115506.666667
23262980.952381
23091853.333333
23161647.619048
23163508.571429
23091885.714286
22874552.380952
23068527.619048
22906834.285714
23101752.380952
23358409.523810
23176598.095238
23200097.142857
23121504.761905
22960177.142857
22964984.761905
22901323.809524
23272011.428571
23083019.047619
23018426.666667
23166024.761905
23025133.333333
23097011.428571
23047449.523810
22969860.952381
23095127.619048
22998264.761905
22819167.619048
22945213.333333
23027592.380952
23037657.142857
23034270.476190
22962838.095238
23090603.809524
23093125.714286
22988403.809524
22929521.904762
23121449.523810
22969167.619048
23017620.952381
23126194.285714
23452672.380952
23447005.714286
23308121.904762
23281276.190476
23315758.095238
23277735.238095
23360316.190476
23157318.095238
23050758.095238
23286931.428571
26827606.666667
23163011.428571
22935472.380952
22998173.333333
22856398.095238
22681491.428571
22841478.095238
23010973.333333
23105700.952381
23152200.000000
23189969.523810
23018523.809524
22961076.190476
23005523.809524
22727394.285714
22792794.285714
22977542.857143
22994260.952381
22817695.238095
23054761.904762
23014782.857143
22961451.428571
22918099.047619
22881832.380952
22853076.190476
23105748.571429
22821948.571429
24107822.857143
22930634.285714
22968396.190476
22990386.666667
23045826.666667
22935245.714286
22916373.333333
22995699.047619
22869659.047619
22952196.190476
22883725.714286
22727742.857143
22884093.333333
22898921.904762
23072998.095238
23171866.666667
23208388.571429
23041007.619048
22981285.714286
23051462.857143
23040367.619048
23027780.952381
23201740.952381
23090323.809524
22829596.190476
22949710.476190
22612438.095238
22678400.000000
22697881.904762
22821083.809524
22875481.904762
22776470.476190
22867531.428571
23000274.285714
22891550.476190
22769630.476190
22782697.142857
22847878.095238
22747725.714286
22883796.190476
22855386.666667
22754228.571429
22979089.523810
22901165.714286
22823219.047619
22796560.000000
22745049.523810
22828809.523810
22789977.142857
22708127.619048
22658281.904762
22694099.047619
22655699.047619
22750533.333333
22720862.857143
22554007.619048
22638417.142857
22882009.523810
22909710.476190
23040560.000000
22889740.952381
22825171.428571
22862163.809524
22917864.761905
23013030.476190
22899460.952381
22991563.809524
22976946.666667
22843676.190476
22947329.523810
22954628.571429
23072596.190476
23134240.000000
23146794.285714
23249843.809524
23225676.190476
23159333.333333
22961708.571429
22955224.761905
23124859.047619
23031171.428571
23121862.857143
23226066.666667
23110933.333333
23124093.333333
22903043.809524
22902249.523810
22904660.952381
22937314.285714
23053950.476190
23174973.333333
23025520.000000
23076714.285714
23063872.380952
23038828.571429
23127979.047619
23035038.095238
23014274.285714
23079400.000000
22946213.333333
23153019.047619
23183523.809524
22986533.333333
22922809.523810
23131144.761905
23008306.666667
22777285.714286
22951213.333333
22929535.238095
22984420.952381
22873232.380952
22781104.761905
22708626.666667
22723638.095238
23059689.523810
22942765.714286
22865855.238095
22876262.857143
22734432.380952
22806542.857143
22710245.714286
22857876.190476
25325036.190476
25074287.619048
24388411.428571
24474704.761905
24073398.095238
23972040.000000
23896636.190476
23786472.380952
23722946.666667
23690466.666667
23767198.095238
23746283.809524
23806419.047619
23536925.714286
23462733.333333
23551384.761905
23380944.761905
23522881.904762
23612853.333333
23694590.476190
23665708.571429
23515685.714286
23545927.619048
23442116.190476
23475186.666667
23520969.523810
23457257.142857
23454453.333333
23627011.428571
23357449.523810
23428603.809524
23500148.571429
23375034.285714
23399723.809524
23313540.952381
27724461.428571
23504674.285714
23445718.095238
23384857.142857
23407180.952381
23337929.523810
23278603.809524
23565521.904762
23273683.809524
23566403.809524
23440278.095238
23476068.571429
