928235.714286
1245990.000000
2077640.000000
1980482.857143
1726954.285714
1495428.571429
1645392.857143
1793762.857143
2144208.571429
1855191.428571
1847331.904762
2072394.285714
1769824.285714
2012430.000000
2456123.333333
2363010.000000
2869507.142857
2992258.571429
1630990.000000
2987732.857143
3495925.238095
3905818.571429
4073443.333333
4108676.666667
1092161.904762
1300632.380952
2008986.190476
2438066.666667
1774155.714286
1732476.190476
1681296.190476
2438611.428571
2697436.190476
2510168.571429
2962680.476190
998192.380952
857516.190476
1303598.095238
1771432.380952
2175876.190476
2551165.714286
1658687.619048
1194650.000000
1714796.666667
2138022.857143
1595110.476190
694310.476190
1644256.666667
1881969.523810
2731942.857143
2211535.238095
2503207.619048
1084379.047619
1564062.857143
1547283.809524
2519375.238095
2310689.523810
2904241.904762
1645485.714286
1374641.904762
1721742.857143
2073593.809524
2321359.047619
2524735.238095
2598687.619048
1707345.714286
2181913.333333
2130912.380952
1036243.809524
1603946.666667
1688247.619048
1300743.333333
1117803.809524
1975167.619048
2241127.619048
1911096.190476
2120452.380952
1923789.523810
1139937.142857
1980962.857143
2182232.380952
2686970.952381
2632550.000000
2335693.809524
940214.285714
766234.285714
938666.666667
1118716.190476
1113742.380952
1944596.190476
1317720.000000
1147716.190476
1554942.857143
2286794.285714
1925850.000000
1626916.190476
1061750.000000
898744.761905
1093632.380952
1488525.238095
1908621.428571
1680011.428571
1515078.095238
661689.523810
812615.238095
1224784.761905
1464481.904762
1502418.095238
2083885.714286
1953845.714286
1647864.761905
896733.333333
1101521.904762
1972668.571429
1968718.095238
2422885.714286
1709845.238095
1456939.523810
801851.904762
816186.190476
1498583.809524
1529753.809524
2031130.000000
1880311.904762
1336165.714286
623580.000000
1796953.809524
1976910.476190
2470962.380952
1415865.714286
2027376.666667
828177.142857
926561.904762
1672620.000000
1855633.809524
2505701.904762
2172694.285714
1769770.000000
2424699.047619
2598634.285714
2559691.428571
2432827.619048
2620061.904762
2230526.190476
655272.380952
1240935.238095
2141062.857143
2135969.523810
2512723.809524
2475130.000000
724689.523810
1049363.809524
1805893.333333
1657667.619048
1708820.000000
1794209.523810
898228.571429
1205801.904762
1583500.952381
1188876.190476
1469276.190476
1075080.000000
1324756.190476
1461525.714286
1681925.714286
1797664.761905
1577504.761905
1061188.571429
1610721.904762
1783817.142857
2060041.904762
2090302.857143
2240186.666667
891790.476190
1416657.142857
2031127.619048
2806342.857143
2431742.857143
2417481.904762
1091417.142857
1248590.476190
1843942.857143
1706828.571429
2275356.190476
2546472.380952
1386395.238095
921089.523810
1364960.476190
1916516.190476
1843238.095238
1396832.380952
1018874.285714
1061380.952381
1637291.428571
1373921.904762
1507708.571429
1370939.047619
1113897.142857
1257703.333333
770937.142857
1492249.523810
2379555.714286
2516439.047619
2044416.190476
917528.095238
671430.000000
1137841.904762
672533.809524
2073024.285714
2105186.190476
2408421.428571
2401134.285714
1360368.095238
1626395.714286
1601000.000000
1293257.142857
1692163.809524
1411241.904762
1564388.571429
1899447.619048
1846540.952381
2060630.476190
1343062.857143
873224.761905
1544451.904762
2177063.809524
2259548.095238
1638011.904762
2378838.095238
665256.190476
794465.714286
890268.095238
1515403.809524
1721571.904762
1922168.095238
1553550.000000
980130.000000
1532875.238095
1693388.571429
2352525.714286
1663207.619048
2000259.047619
1097283.809524
1410335.238095
1676899.047619
1314304.761905
2158778.095238
925734.285714
787321.904762
1257323.809524
1373601.904762
1064262.857143
1017620.000000
1542951.428571
1801617.142857
1798228.571429
1526405.714286
1111746.666667
939840.000000
1126300.952381
1261568.571429
870811.428571
1015377.142857
1320520.000000
1943612.380952
1139342.857143
1377706.666667
1609116.190476
950512.380952
725630.476190
1601819.047619
1189640.000000
1548420.000000
1532121.904762
1121912.380952
627636.190476
1153306.666667
1938651.428571
2274190.000000
2177222.857143
2177071.428571
1383150.000000
872606.190476
1397415.714286
1575303.809524
2267996.190476
2046211.904762
1599472.380952
1765651.904762
2243188.095238
2115283.809524
2578147.619048
2263803.809524
1459693.333333
1542218.095238
1903741.904762
2584843.809524
2604664.285714
2429096.666667
3054205.714286
937020.952381
1421440.476190
1890520.000000
1688335.238095
1708681.904762
1458706.666667
908297.142857
1273030.476190
1357731.428571
1679778.095238
1685401.428571
1505510.476190
639300.952381
1574783.809524
1733611.428571
1996332.380952
1932219.047619
1784243.809524
785631.904762
1211681.904762
1881901.904762
1922776.190476
1959198.095238
1885176.190476
694204.285714
1327388.571429
1279708.095238
1245734.285714
1164088.095238
1315620.952381
1080551.904762
1345939.047619
2046451.904762
2110974.285714
2312006.190476
2469740.000000
1463923.809524
968518.095238
1628178.095238
1747920.000000
1512788.095238
2171626.190476
2371672.380952
974128.571429
1922623.809524
2000938.095238
2173082.380952
2063457.142857
1848674.285714
678401.904762
1522702.380952
1795344.285714
2327000.476190
1937165.714286
1855156.666667
659167.619048
1658514.285714
2082447.619048
2139334.285714
2588930.476190
2219216.190476
1891827.619048
1653371.428571
2215224.761905
2174675.714286
1689228.095238
2146655.714286
2076657.142857
1860989.523810
2273790.476190
2358535.238095
2168836.666667
2552552.380952
2505931.428571
1143051.428571
2986904.285714
2450619.523810
2713544.285714
3342049.047619
2787199.523810
806092.380952
1235337.142857
1449583.809524
1696436.190476
1717205.714286
1868571.428571
650420.000000
2091653.809524
2150670.000000
2184046.666667
2411870.476190
2607149.047619
1740320.000000
851798.095238
1917659.523810
1846280.000000
2143712.380952
2349534.285714
2329428.571429
913051.904762
781984.761905
925853.333333
897893.809524
1587573.333333
1868121.904762
1738661.904762
988645.714286
1145660.952381
795021.904762
1133561.904762
2059018.095238
1995430.476190
2159198.095238
1964415.238095
930554.285714
1290273.809524
1910507.619048
1710101.428571
1510356.190476
1631071.904762
1053073.809524
895779.047619
1143140.952381
1187333.333333
1903481.904762
1279197.619048
1633828.095238
2277548.571429
2528982.857143
2679903.809524
2195708.095238
2662527.619048
831888.095238
1925100.952381
2106317.619048
2233921.904762
2224998.095238
1769247.619048
622280.000000
693628.571429
872426.666667
1518604.285714
1656020.952381
1976371.428571
1040448.095238
807361.904762
1860605.714286
1857542.380952
1442314.285714
1615443.809524
1632028.095238
1069904.761905
1513146.666667
1705086.190476
1378260.952381
1133368.095238
1447394.285714
1679557.142857
1642317.142857
2048943.333333
2109544.285714
2503988.095238
1647463.333333
684177.142857
1434401.904762
1757771.904762
1817961.904762
2383790.476190
1666893.333333
541318.095238
916632.380952
1551933.809524
1536897.619048
1515478.095238
1601718.095238
649289.523810
894002.380952
1011050.000000
1198914.285714
1396161.904762
1489211.904762
1253387.619048
652854.285714
717371.904762
1385821.904762
1527050.000000
1623212.380952
1458353.809524
675831.904762
1373843.809524
1645091.904762
2006174.285714
1714701.904762
1762850.000000
647018.095238
741280.000000
1363393.809524
1599996.190476
1839078.095238
1998262.380952
1749862.380952
713405.714286
930253.809524
1585805.714286
1696023.333333
1702409.523810
1734048.095238
665302.380952
502606.190476
798361.904762
1267400.000000
1437700.000000
1808125.714286
1822932.380952
1042836.190476
640381.904762
1260576.190476
1915888.095238
1888360.000000
1937090.000000
1831356.190476
811841.904762
756070.952381
1152003.809524
1331178.095238
1752701.904762
1569883.333333
1255158.095238
1428596.190476
1309008.095238
1402178.095238
1006249.047619
1386727.619048
1349060.000000
1477235.714286
755708.095238
882570.000000
1626165.714286
1619166.190476
1212537.619048
1358761.904762
698961.904762
575188.095238
758180.000000
757838.095238
962463.809524
1794877.619048
2237412.380952
2089058.095238
1976990.000000
1234690.000000
798532.857143
1685073.809524
1659760.000000
2150797.142857
1693000.000000
2014320.000000
1207868.571429
1794984.761905
2316613.333333
2092584.761905
1317350.000000
2601521.904762
674714.285714
1310924.285714
1563898.095238
1534779.047619
1399758.095238
1478131.904762
799725.714286
1041424.285714
1235859.047619
1665632.380952
2081976.666667
1480177.142857
1989085.714286
799736.190476
916860.000000
1614600.000000
1553381.904762
1225567.619048
1326523.809524
937564.285714
1245528.095238
1178511.904762
1406631.904762
719040.000000
780480.000000
1070311.904762
1666181.904762
1390131.904762
1688780.000000
1360598.095238
848216.190476
504895.714286
659685.714286
1233466.190476
1661941.904762
1773888.095238
1325303.809524
847876.190476
635851.904762
718636.190476
1117697.619048
1331468.095238
1427268.571429
1675295.238095
1133463.809524
662567.619048
747367.619048
1000394.285714
1593813.333333
1527891.428571
1397810.000000
1192721.904762
607529.523810
811988.571429
726070.476190
1000179.047619
1785991.904762
1742505.714286
1440805.714286
1115268.571429
887129.523810
867466.190476
1894566.190476
2034548.095238
1923990.000000
1856113.809524
1337848.095238
1184941.904762
1901062.857143
1750820.000000
2412238.095238
1839920.000000
2538415.238095
1710641.904762
1850004.285714
2048963.809524
2244430.000000
1872708.571429
2230795.714286
1809017.142857
2207347.142857
2250592.380952
2486780.952381
2283788.571429
2292605.714286
1790727.619048
2040657.619048
1999360.952381
2148836.190476
2301144.761905
2273920.000000
2152872.857143
2370605.238095
2776699.047619
2742789.047619
3032085.238095
2757034.285714
981058.095238
1824663.809524
2349832.380952
2378059.047619
1709653.333333
1900438.095238
702631.904762
1428305.714286
1612622.857143
1865929.523810
1656654.285714
1847172.380952
1171534.285714
2409480.000000
2548083.809524
2667958.095238
2664340.952381
2599784.761905
2766841.904762
1058600.000000
2340724.285714
2027655.238095
2515617.142857
2176043.809524
2444764.761905
1212969.523810
1821802.857143
2105014.285714
2188789.523810
2288005.238095
2272908.571429
1144438.095238
1595987.619048
1945720.000000
2305303.809524
2331147.619048
1655271.904762
1233010.000000
1749592.380952
1927550.000000
2212766.190476
2046737.619048
1852295.238095
1332590.000000
1354220.952381
1661571.428571
1248290.000000
1386300.000000
1156443.809524
841370.000000
1430523.809524
1570512.380952
1931071.904762
1817952.380952
2227386.190476
1408570.000000
2186152.380952
2264085.714286
2356088.095238
2308158.095238
2121626.190476
755019.047619
1406830.476190
1818285.714286
2119110.000000
2254381.428571
1885466.666667
841394.285714
1146777.142857
1442811.428571
1789630.476190
1926200.952381
675685.714286
803415.238095
1091948.571429
1028003.809524
1676046.190476
1932403.809524
1928024.761905
2119956.190476
1994152.380952
858872.380952
1168674.761905
2025264.761905
2101836.190476
2275536.190476
1932424.761905
2309249.523810
1388382.857143
1526040.000000
1951173.333333
1983890.476190
1816950.476190
2096380.000000
913546.666667
1752354.285714
1611338.095238
1730672.380952
1723900.952381
1208025.238095
735339.047619
799962.380952
1096280.000000
1770070.000000
1484291.904762
1413133.809524
1118000.000000
1155748.095238
1749044.285714
1231744.761905
912710.000000
1048869.523810
1261760.000000
1254120.000000
1715844.285714
1766285.714286
1644561.904762
824173.333333
868761.904762
1584586.190476
2001600.000000
2302238.095238
2303723.809524
1648144.761905
650624.761905
667441.904762
1397982.380952
1826561.904762
1849412.857143
1541942.857143
1028761.904762
1541413.333333
2005498.095238
1835280.000000
1791438.095238
1288222.857143
1220196.190476
1878105.714286
1933840.000000
2185208.095238
1783786.190476
2149678.095238
703520.000000
1660230.000000
1570810.000000
1589612.380952
1404941.904762
1343763.809524
605250.952381
789555.714286
1258730.000000
2147195.238095
2261957.619048
2363193.809524
1923671.904762
834426.666667
1351464.285714
1458872.380952
1538149.523810
1859731.428571
1970410.476190
1414426.666667
821360.000000
1094020.952381
1046584.761905
1617457.142857
1522921.904762
1424123.809524
797380.952381
1365314.285714
1440114.285714
1445145.714286
1982956.190476
2299970.952381
828034.285714
1059336.190476
1272211.904762
1349006.190476
1387866.190476
1686867.619048
941021.904762
829831.904762
1291628.095238
1444222.380952
1241338.095238
1263728.095238
727191.904762
1573961.904762
1876007.619048
2031331.428571
1809963.809524
2186957.619048
570143.809524
813138.095238
1332110.476190
1503940.952381
1733395.714286
1609186.190476
707111.904762
1324403.809524
1732060.000000
2121864.285714
1541913.809524
1798176.190476
609356.190476
1177626.190476
1337786.190476
1785150.000000
1703908.095238
1682281.904762
734625.714286
1550420.476190
2172403.809524
2392858.571429
2784461.904762
2810484.285714
2383299.523810
1691615.238095
1826206.666667
1995854.761905
1783142.380952
1922796.190476
2083366.190476
2490611.904762
2698363.809524
2964996.190476
2763685.714286
3189382.380952
2760366.666667
1053540.476190
2109120.000000
1881198.095238
1942171.428571
2226623.809524
2063592.380952
646904.761905
1501243.809524
1832927.619048
1879499.047619
1496405.714286
1833030.476190
642956.190476
1368369.523810
1814409.523810
2340246.666667
2233760.000000
1697777.142857
2194184.761905
2028258.095238
2401357.619048
2494664.761905
2451234.285714
2848542.380952
2331050.000000
1720520.000000
1566643.809524
2034230.000000
2071794.285714
2107704.285714
2164906.190476
731503.809524
1305638.095238
1794040.000000
1888323.333333
1838138.095238
1410864.285714
574738.095238
767674.285714
1726360.000000
1984020.000000
2181798.095238
1648345.714286
1745413.809524
840942.857143
877174.285714
1284563.809524
1669302.857143
1671784.761905
1817981.904762
1030533.333333
1165906.666667
1355045.714286
1787241.904762
1399491.428571
2070577.142857
810238.095238
1220193.809524
1861043.809524
2452166.666667
2788328.571429
2860191.428571
2523270.476190
1305377.142857
1615173.333333
1930198.095238
1863523.809524
2187272.380952
1959899.047619
1664163.809524
2124975.238095
2563700.952381
2784923.809524
2553413.333333
2539376.190476
1039819.047619
1855763.809524
1922644.285714
2062901.904762
2037780.476190
2057989.523810
835933.333333
1491653.809524
1963240.000000
1982413.809524
1536891.904762
1775396.190476
820855.238095
1195198.095238
2038303.809524
2096060.000000
2057047.619048
1866311.904762
872883.809524
978628.095238
1438788.095238
2208314.285714
2028358.095238
2401798.095238
1711131.428571
980616.190476
1545348.095238
1745395.238095
1642690.952381
1422954.285714
1688414.285714
1571812.380952
1682856.190476
1704337.619048
2168694.285714
1129020.000000
2033958.095238
1607926.190476
2487900.000000
2522790.000000
2577734.761905
2778548.095238
2636240.000000
1622004.285714
1577601.904762
2196203.809524
2017800.000000
1999474.761905
1772460.000000
1405805.714286
2440954.285714
2684100.952381
2718461.904762
2457320.000000
1752318.095238
1095544.761905
1252780.952381
1887721.904762
1717510.476190
1971860.000000
1871960.000000
1958420.952381
2222127.619048
2199381.904762
2415787.619048
2134187.619048
1742179.047619
1642405.238095
2541778.571429
2724337.142857
2619338.571429
2842576.190476
2838844.761905
758302.857143
1897655.238095
2110299.047619
2129626.666667
2169559.047619
2172285.714286
787407.619048
1287251.428571
1382426.666667
1921179.047619
1367306.666667
1395721.904762
717561.904762
1292531.428571
1786708.571429
2071410.952381
2014927.619048
2306430.476190
1600179.047619
2315497.142857
2378480.000000
2578775.238095
2700187.142857
2302238.095238
2392668.571429
916840.000000
1764820.952381
1958537.142857
1959775.238095
2343080.000000
2428528.095238
605653.333333
757973.333333
1191511.904762
1886998.095238
2024805.714286
2059459.047619
2236376.190476
1111935.238095
633974.285714
1361122.380952
1711950.000000
1972712.857143
1858761.904762
1817480.000000
577601.904762
1913393.333333
2198140.000000
2673872.380952
2124973.333333
2844643.809524
2415633.809524
1703773.333333
2231807.619048
2493490.000000
2413129.523810
2847807.619048
2520073.333333
1739794.285714
1840666.666667
2437065.238095
2491523.809524
2717284.761905
2531369.047619
956014.285714
1568080.000000
2151356.190476
2026541.904762
2387832.380952
1843693.809524
861476.666667
1099524.285714
1590791.904762
1439623.809524
1818057.619048
1892946.190476
840502.857143
1685916.190476
2066513.809524
2481935.714286
2442074.285714
1285571.904762
735382.857143
1061238.095238
1163295.238095
1638397.619048
1273276.190476
1586718.095238
1124567.619048
505899.047619
817638.095238
1939478.095238
2006483.809524
2558752.380952
1435868.571429
1650401.904762
753584.761905
860967.619048
1658236.190476
1604817.142857
2382609.523810
2502540.000000
2856411.428571
1270906.666667
796731.904762
1625720.000000
1846934.285714
2338475.714286
1770845.714286
1638661.428571
584337.142857
906980.952381
1257361.904762
1328045.714286
1738714.285714
1620033.809524
1818787.619048
833485.714286
768568.095238
1460575.714286
1852110.476190
910378.095238
1273145.238095
1068787.619048
1048502.857143
1241952.380952
1281046.666667
1615668.095238
1581859.047619
1090841.904762
1277720.000000
1219868.571429
1585390.476190
1821737.619048
1509289.523810
1484551.428571
1370610.952381
1467476.666667
1332850.952381
863499.047619
682822.857143
1548024.761905
2027899.047619
2254502.857143
2383649.523810
2526306.666667
2683335.238095
1822040.476190
2280192.380952
2479875.238095
2463702.857143
2665771.904762
2482282.380952
1709143.809524
2196095.238095
2308952.380952
2198371.904762
2567268.095238
2267095.714286
1574452.380952
1871489.523810
2345912.380952
2442585.714286
2392571.904762
2220234.285714
2448285.714286
2555807.142857
2519540.000000
2491718.095238
2890485.238095
2555640.000000
674451.904762
1681572.380952
1815980.000000
1940794.285714
2182222.380952
2252767.619048
783865.238095
1270800.000000
1640334.761905
1683996.190476
1723074.285714
1831401.904762
700502.857143
586321.904762
802902.857143
1276711.904762
1565476.190476
1286005.714286
1327539.047619
923300.000000
691937.142857
1413045.714286
1610308.571429
1948089.523810
1577546.190476
2274761.428571
649407.619048
1337765.714286
1266291.904762
1040133.809524
1591121.904762
1435928.095238
839885.714286
1731314.285714
2021726.190476
2204660.000000
1845816.190476
2119861.904762
750560.000000
810347.619048
1000588.095238
1942083.809524
2159419.523810
2234060.000000
2194180.000000
669655.714286
805020.952381
1044161.904762
956777.142857
1447988.571429
1476620.000000
1142478.095238
1024133.333333
1363998.095238
1271942.857143
1488680.000000
1402814.285714
1103955.714286
987375.714286
994870.000000
1852837.619048
1764524.285714
2043053.809524
1575276.190476
819892.380952
1035372.380952
1856870.000000
2076531.904762
1775748.095238
2189935.714286
2434250.000000
631051.904762
1279711.904762
1516898.095238
1664261.904762
1697304.285714
1796680.000000
953985.714286
1226648.095238
2209745.714286
2231731.904762
2341978.095238
2230972.380952
2393609.047619
791238.095238
1444840.000000
1384118.095238
1646021.904762
1716156.190476
1634812.380952
579108.095238
832745.714286
1789108.095238
1929786.190476
1852860.000000
1700518.095238
651912.380952
735544.285714
1186342.380952
1657880.000000
1931928.095238
1876820.000000
2305058.095238
1315903.809524
1404566.190476
1660428.571429
1571866.190476
1558810.000000
796779.047619
2187536.190476
2433234.285714
2667080.000000
2388634.285714
2965700.952381
2872780.000000
973666.190476
1558078.571429
1571014.761905
2032768.095238
1461344.285714
2174992.380952
728918.095238
1219099.047619
1744960.000000
2124191.904762
2333967.619048
2205222.857143
714601.904762
917888.095238
1485431.904762
1000026.190476
1350461.904762
1647045.714286
1919223.809524
1418802.857143
1122106.666667
1842210.000000
1592706.190476
1897630.000000
1246038.095238
1535838.095238
782982.857143
1987650.000000
2066235.714286
1815407.619048
2236506.190476
1854771.904762
1246085.714286
1676334.285714
1808676.190476
1797121.904762
1799310.000000
2654942.857143
1815006.190476
2424834.285714
2407046.190476
2719210.000000
2340695.714286
1920569.523810
1227677.619048
2549655.238095
2472908.095238
2450139.047619
2758343.809524
2886658.095238
1011920.000000
1067297.142857
1731836.190476
1624064.761905
1696394.285714
1320255.238095
1292118.095238
1326380.952381
1787998.571429
2037507.142857
2048539.047619
1394920.000000
1017465.714286
1422915.714286
1734991.904762
1672351.904762
1452400.000000
2313633.809524
640966.190476
955218.095238
1406740.000000
1382110.000000
677863.809524
1480496.190476
1886953.809524
2061070.000000
1974293.809524
1792690.000000
1023426.190476
1696720.000000
1912597.619048
2213284.285714
2033567.619048
1364180.952381
1233442.380952
1815674.285714
2291028.095238
2465602.380952
1944596.190476
2494525.714286
846921.904762
1764636.666667
2018755.238095
2257084.761905
2119550.476190
2103767.142857
711063.333333
1673841.904762
2070548.095238
2279958.095238
1846958.095238
1907872.380952
598677.619048
1039758.095238
1409271.904762
1641986.190476
1635460.000000
1593821.904762
1989101.904762
897803.809524
2062970.000000
1791527.619048
1853261.904762
2055281.904762
1169522.857143
810301.904762
1262650.000000
1961271.904762
2208014.285714
2305303.809524
2017505.238095
822456.190476
1757175.238095
2166954.285714
2289456.190476
2042225.238095
1001269.047619
1442832.380952
1934141.904762
2134144.761905
2463651.428571
2136860.952381
1997406.190476
1125147.619048
1826850.000000
1868641.904762
2236961.904762
1751169.047619
2188013.333333
1372361.904762
2136029.047619
2257626.666667
2311532.380952
1792725.714286
2262603.333333
802440.000000
1722472.380952
1823264.761905
2002563.809524
2456150.476190
1935478.571429
745200.000000
1397356.190476
1233746.666667
1412969.523810
1088876.190476
1318329.523810
951978.571429
649824.761905
1591114.285714
1907705.714286
1822365.714286
2256100.000000
1960478.095238
581368.095238
668946.666667
1160742.857143
1334003.809524
1174043.809524
1396942.380952
1680903.809524
1225215.238095
1697834.285714
2258107.142857
2477266.190476
2612982.380952
2290202.857143
2561041.904762
736622.857143
1209765.714286
1452071.428571
1736255.714286
1736825.238095
1802718.095238
610929.523810
1364224.761905
1626403.809524
1718542.857143
2265102.857143
1443548.571429
1155083.809524
1252295.238095
2093003.809524
2463683.809524
2585742.857143
2438556.190476
2903405.714286
969300.952381
1375676.190476
1328000.000000
1930697.142857
1580156.190476
1383358.095238
723543.809524
1564527.619048
1769007.619048
1686731.428571
1775683.809524
1387710.476190
885281.904762
1437272.380952
1815600.000000
1806371.428571
2253133.333333
1377521.428571
1469169.523810
2315484.285714
2521737.142857
2607171.428571
2242586.190476
2479815.238095
710582.857143
1336528.095238
1710918.095238
1528392.380952
1120540.952381
1339496.666667
797918.095238
971609.523810
1702662.857143
2012556.190476
2258017.142857
2111260.952381
1692761.904762
1156348.571429
2034530.000000
2022651.904762
2213361.904762
2071472.380952
1790443.809524
871215.238095
853464.761905
1401430.476190
2214097.142857
2327874.285714
2473824.761905
1061264.761905
1316845.238095
1220226.666667
926700.000000
1325973.809524
1492261.904762
1109569.523810
2171870.476190
1827835.714286
607974.285714
1327596.190476
1302617.619048
634674.285714
1568450.000000
1582755.714286
1477790.000000
1253930.476190
1936140.476190
2085302.380952
2604774.285714
2244922.380952
1300719.047619
1450849.523810
1522761.904762
1749685.714286
1991571.428571
1658504.285714
1784041.904762
1113734.285714
1509561.904762
2078828.571429
2209055.714286
2206491.428571
2262769.523810
1045714.285714
1444761.428571
2093876.190476
1795020.952381
2159624.285714
1365533.333333
1322327.619048
1399411.428571
1698419.047619
1856746.666667
2035300.952381
2036000.000000
642935.238095
749481.904762
1079761.904762
1017746.190476
918458.095238
1483883.809524
2159025.238095
2037391.904762
469582.857143
837232.380952
1412438.095238
1890614.285714
1501739.047619
1709251.428571
875649.523810
749950.476190
885272.380952
1382590.476190
1204589.047619
1395156.190476
1730530.000000
1333118.095238
628288.095238
769930.000000
883462.857143
1217053.809524
800908.095238
1254167.619048
1456685.714286
1917760.000000
1448958.095238
999584.285714
1338241.428571
1188907.142857
802752.380952
720276.190476
1118976.190476
1368619.047619
1751365.714286
1226530.000000
600470.476190
935498.095238
1521341.428571
1346767.619048
1357967.619048
1137413.809524
1060320.000000
592663.809524
864965.714286
1927455.238095
1544642.380952
1919185.238095
1140182.857143
698578.095238
739085.714286
909590.476190
1676550.000000
1973441.904762
2042513.809524
2114390.476190
1544870.476190
970449.523810
1480830.476190
1611311.428571
1760773.333333
1903612.380952
1902719.047619
1880187.142857
2270932.380952
2420970.476190
2539101.428571
2346820.476190
2406965.238095
837944.761905
1898853.333333
2394099.047619
2234373.809524
2154077.142857
2126122.380952
654403.809524
877280.952381
950302.857143
1529580.952381
1396236.190476
2180891.904762
2143418.095238
672530.000000
879295.238095
919824.761905
791891.428571
1213286.190476
1297729.523810
1292633.809524
1663461.904762
1304796.190476
1359560.000000
1083416.190476
1351295.238095
1512632.380952
1442514.285714
974753.809524
1084064.285714
1218096.190476
1117889.523810
668252.380952
943095.238095
1240958.095238
1307293.809524
612305.714286
1833873.333333
1755903.809524
2607193.809524
2196224.285714
1937667.619048
553476.190476
928554.285714
988018.095238
1390303.809524
1561480.000000
1638480.000000
1394835.714286
832515.714286
1464620.000000
1588812.380952
1578096.190476
1552453.809524
1287063.809524
953651.428571
1614840.000000
1921365.714286
1915008.095238
1934241.904762
1386123.809524
1218400.000000
1330654.285714
1965548.095238
1858133.333333
2023030.000000
1402410.000000
1312425.714286
2047350.476190
2224660.000000
2436053.333333
2225645.714286
2319693.809524
1443752.380952
2448278.095238
2553154.285714
2345426.190476
2561330.476190
2665925.714286
1089516.190476
1614380.952381
1866906.666667
1912495.238095
2347890.000000
1923279.523810
1319980.000000
2007464.761905
2426953.809524
2030723.809524
2132403.809524
1813850.000000
763763.809524
2168172.380952
2112467.619048
2163916.190476
1823754.285714
1967129.523810
635259.047619
851192.380952
1001177.142857
1866690.952381
1971779.523810
2165222.380952
1706060.952381
1225408.095238
1300948.571429
1527133.809524
1013213.809524
761438.095238
1237538.095238
864651.904762
1351451.904762
1832291.904762
2099980.952381
1303038.095238
1241560.000000
1523750.000000
2059853.809524
2525755.714286
1719232.380952
1610662.857143
810918.095238
1874130.000000
1921874.285714
2127600.000000
1893222.857143
1454489.523810
1742921.904762
2195906.190476
2546094.285714
2687404.285714
2766348.571429
2661256.666667
761066.190476
1365228.095238
1750660.000000
1290545.714286
2396913.809524
1946849.523810
576158.095238
739498.095238
1337893.333333
1665261.428571
1564274.285714
1239293.809524
1416289.523810
1082173.809524
975714.285714
1715426.190476
1985048.095238
1714075.714286
1493688.095238
1764424.761905
751346.666667
766428.095238
1776700.000000
2061634.285714
2077188.571429
2138269.523810
1182114.761905
1108235.238095
1312028.571429
1189140.952381
985813.333333
983960.000000
791184.761905
880318.095238
1199533.333333
1211910.952381
777996.190476
1353822.380952
1558097.142857
1338451.904762
657248.095238
2064166.190476
2039540.000000
2488186.666667
2210783.809524
2423715.714286
1559968.095238
1463417.142857
1779575.238095
1954580.000000
1878446.666667
1995388.095238
2017006.190476
1261628.571429
1853543.333333
2032727.142857
2117639.523810
2288886.190476
2590230.000000
2026910.476190
2298856.190476
2314060.000000
2236939.047619
2163524.285714
2088980.000000
1017184.761905
1451097.619048
2112753.333333
1892101.904762
2611428.095238
2295456.190476
1511437.142857
1854750.476190
2281515.238095
2594719.523810
2442337.142857
1977270.476190
1227495.238095
2127960.476190
2170097.142857
2130692.380952
2397249.523810
2102716.190476
1109230.476190
1646471.428571
2360176.190476
2658166.190476
2443219.047619
2328140.952381
1400033.809524
1609016.190476
1864190.000000
1736300.000000
2072581.904762
538251.904762
846443.809524
1228667.619048
1089436.190476
1288314.285714
1381291.904762
1513983.809524
1164050.000000
880954.285714
776256.190476
1384556.190476
1526702.380952
1500594.285714
1534640.000000
876733.809524
1249490.476190
1395840.000000
1786387.619048
1630053.333333
1563268.571429
701062.857143
821337.142857
2098005.238095
2618104.761905
2362434.285714
2304281.904762
2674737.142857
625038.095238
1172771.428571
1864205.714286
1882409.523810
1992760.000000
1974560.000000
739842.380952
1288718.095238
1415805.714286
1191085.714286
1423567.619048
932523.809524
1117740.952381
1471363.809524
1441754.285714
1765420.000000
1848843.809524
1074628.571429
1357826.666667
1494231.428571
1056508.571429
1204470.000000
1377217.142857
941289.523810
1651553.333333
1705626.666667
2061751.904762
2301781.904762
2082575.238095
724468.095238
1604793.809524
2118727.142857
2374590.000000
2593517.619048
2413432.380952
2824880.476190
1114681.904762
1983166.190476
2290553.809524
2621615.238095
2591159.047619
2282455.238095
1014291.428571
1262815.238095
1552948.571429
1441800.000000
1718403.809524
1990695.238095
1143150.000000
1916263.809524
2432485.714286
2326611.904762
2780566.190476
2413254.285714
971824.285714
1787210.000000
1727450.000000
1791252.380952
2036200.000000
1626307.619048
691192.380952
1119664.761905
1466336.190476
1257161.904762
1597160.000000
1345182.857143
1555372.857143
974346.666667
1320886.190476
1322426.190476
1545214.285714
1208459.047619
683324.285714
784110.952381
1315973.809524
1408064.285714
1182901.904762
1229451.904762
1061467.142857
693050.000000
624466.666667
1120327.619048
978407.619048
1109550.000000
867108.571429
656518.095238
931308.571429
1660320.000000
1692278.095238
2264910.476190
1598822.857143
670203.809524
1266782.380952
1289910.476190
1682834.285714
2010855.714286
1515291.904762
1536978.095238
1515314.285714
2342721.904762
2268365.714286
2487311.904762
2245136.190476
2476710.000000
1927884.285714
2255848.095238
2466081.428571
2301618.095238
2497979.047619
2665155.238095
2004235.714286
2094929.523810
2299215.238095
2365765.714286
2344841.904762
2207320.000000
1163012.380952
1485167.619048
1962796.190476
1803960.000000
2013792.380952
1962676.190476
1034480.952381
1858156.190476
1851217.142857
2387483.809524
1977346.666667
1279348.571429
1685382.857143
2244739.047619
2195988.571429
1943773.333333
2388163.809524
2534970.000000
895659.047619
1423670.476190
1646093.809524
1766555.714286
2095607.619048
2080110.476190
780953.809524
1430551.904762
1823461.904762
2002374.285714
1795871.904762
1996561.904762
622988.095238
677923.809524
1320988.571429
1480146.666667
1571790.000000
1591485.238095
1043593.809524
1133831.904762
1259469.523810
1317082.380952
804348.095238
1307391.904762
1382521.904762
1512358.571429
1562110.000000
1065342.380952
870368.571429
1234085.714286
1061793.809524
1351805.714286
1443760.952381
1255997.142857
951327.619048
1054306.666667
1375904.761905
1301120.000000
1773850.000000
1231062.857143
971220.000000
1585525.714286
1673607.142857
1810318.095238
1858340.952381
1672742.857143
1313162.380952
2205058.095238
2658788.571429
2800118.571429
2825076.190476
2715341.428571
2757070.476190
659307.619048
1380596.190476
1654949.047619
1969936.190476
2048835.238095
2180950.952381
610426.666667
669238.095238
1553164.761905
2171667.142857
2288615.714286
2021930.952381
2540786.190476
625557.619048
685005.714286
2291643.333333
2559501.904762
2813896.190476
3240781.428571
3240155.714286
3209408.095238
1276707.619048
1672458.095238
1998925.714286
2165178.095238
2136910.476190
1427950.952381
1489427.619048
1513788.571429
1640360.000000
1715216.190476
1522344.761905
1155424.761905
1027093.333333
1521062.857143
1372580.952381
2026266.666667
1188700.952381
764887.619048
1595036.190476
1571521.904762
2354454.285714
1928786.666667
793156.190476
670727.619048
1554742.857143
1948023.333333
1836497.142857
2154683.809524
1692430.476190
590767.619048
1448622.380952
1750911.904762
1905916.190476
1773887.619048
1963259.047619
552340.952381
663001.904762
626807.619048
1392836.190476
1702946.666667
1929194.285714
1558814.285714
633751.904762
944796.190476
1298464.761905
1531035.714286
1160998.095238
1166112.380952
651540.000000
1452657.142857
1476321.904762
1561705.714286
1577852.857143
1433356.190476
590380.952381
719453.333333
1385859.047619
1636978.571429
1829628.095238
1982100.952381
709030.476190
610120.000000
816130.000000
921814.285714
691002.380952
1333611.428571
1438504.761905
1138490.000000
2006038.095238
2053281.904762
2288580.000000
2250307.142857
2269229.523810
1958348.095238
746741.904762
1870128.095238
2167190.000000
2413929.523810
1998640.000000
2350349.047619
1086990.476190
1074700.952381
1878761.904762
1847472.857143
2267401.428571
2043929.523810
1598255.238095
1884906.666667
1360082.857143
1658051.428571
867377.142857
1403940.952381
639177.142857
1492507.619048
2038729.523810
2505163.809524
2117940.952381
874617.142857
1460318.095238
1281942.857143
785626.666667
1147716.190476
2305341.428571
2315640.000000
1874979.047619
3035670.000000
2987767.619048
2217554.761905
2318825.238095
2526034.761905
2402660.952381
2433683.809524
2540048.095238
1753833.809524
1979040.476190
2462888.095238
2235238.095238
2205589.523810
2200231.904762
1872721.428571
1903535.238095
2137287.142857
2352681.904762
2480462.857143
1650927.619048
2300112.380952
2350400.000000
2834034.285714
2834621.428571
2433980.952381
2385693.809524
2046042.857143
2171092.380952
2909904.761905
2721087.619048
2573005.714286
3033129.523810
1151070.476190
1547576.190476
2375988.571429
2457510.476190
2722813.333333
2351213.333333
958801.904762
1278956.190476
1140845.714286
1362463.809524
1766635.238095
1516737.142857
1747565.714286
1762885.714286
1881596.190476
2073310.476190
1403424.761905
1999801.904762
915154.285714
1721872.380952
2213673.809524
2431851.428571
2591439.047619
2398830.000000
894080.000000
1695636.190476
2026318.095238
2331505.714286
1937468.571429
2189390.000000
933754.285714
1238441.904762
1570310.476190
1622182.380952
1301254.761905
1617485.714286
1421824.285714
912868.095238
885914.285714
1334600.000000
1881630.476190
1890785.714286
1948053.333333
2600481.904762
1539880.000000
1762653.333333
2170436.190476
2420412.380952
2309813.333333
2294573.333333
2909971.428571
1662774.285714
1881781.904762
2187800.000000
2080811.428571
2282050.000000
2212228.095238
893364.761905
1490245.714286
1794927.619048
1740766.666667
1828613.333333
1640489.523810
754234.285714
1689198.095238
1671146.190476
2217656.190476
2217302.380952
1667413.809524
755168.095238
1107120.000000
1355607.142857
1785663.809524
1403740.000000
1520340.952381
1063770.000000
1307458.095238
1494631.904762
1340477.142857
807927.619048
1023903.809524
748621.904762
1436280.000000
1476833.333333
1694458.095238
1910440.000000
1649710.000000
598351.904762
997066.190476
1318500.000000
1817688.095238
1936994.285714
2148512.380952
1176349.523810
1102937.619048
1343140.952381
1778367.142857
1837680.000000
1897025.714286
1399687.619048
1926433.809524
2162316.190476
2257801.904762
2253489.047619
1880482.380952
2266434.761905
1552767.619048
2042506.666667
2227511.904762
2201729.523810
2174688.095238
2797101.904762
1132637.619048
1939390.000000
2528072.380952
2222712.857143
2539487.142857
2266254.761905
870765.714286
961857.142857
1392712.380952
1298811.428571
981851.428571
1328262.857143
1173529.523810
1263586.666667
1160518.095238
1591867.619048
1495171.428571
879598.095238
1216007.619048
1372281.904762
842360.000000
964777.142857
998253.333333
603203.809524
794220.952381
1221830.476190
1221478.095238
761803.809524
1153372.380952
1744644.761905
2128524.761905
1874857.142857
1359679.047619
568075.714286
1539735.238095
1648928.095238
1829044.285714
2178371.904762
2318253.333333
1383873.809524
1845186.190476
1918026.666667
2072909.047619
2393731.428571
1909019.047619
2288664.285714
1371173.333333
1929712.380952
2211384.761905
2142329.523810
2296998.095238
2654588.571429
1293742.857143
1696409.523810
1808424.761905
2074449.523810
1736824.761905
2039491.428571
1877937.142857
2283657.142857
2634349.047619
2687360.476190
2683233.809524
2532167.619048
955594.285714
1037160.000000
1813644.761905
1951563.809524
2409097.142857
2007815.238095
762140.952381
1490365.714286
1729203.809524
1424458.095238
1874489.523810
1992273.809524
654130.000000
1416028.571429
1587302.857143
1807520.000000
1536280.000000
2114130.000000
572976.190476
1756352.380952
1794765.714286
1889173.809524
1788263.809524
1891873.809524
1035030.000000
807641.904762
990674.285714
1722146.190476
1897385.714286
2093001.904762
828731.904762
1291503.809524
1428486.666667
1531613.333333
1240721.904762
1184563.809524
981678.095238
706572.380952
1150443.809524
1865563.809524
1973180.952381
2087116.190476
1723337.142857
756061.428571
561200.000000
788828.095238
1157923.809524
1329219.047619
1971648.095238
2255691.904762
577682.380952
949151.904762
1956713.809524
1712793.809524
1879033.809524
1937106.190476
1432983.809524
622955.714286
1389551.904762
1607730.000000
1698990.000000
1592303.809524
1685196.190476
769311.904762
1662450.000000
1534373.809524
1786687.619048
863153.809524
911466.666667
625930.000000
1955191.904762
2187343.333333
2585006.190476
2691260.000000
2467906.666667
3066292.380952
1605657.142857
1779238.095238
2345731.428571
2203973.333333
2116491.428571
1960180.952381
1545935.238095
2211822.857143
2245205.714286
2279059.047619
2321748.571429
2182417.142857
1884518.095238
2232060.476190
2293447.619048
2474349.523810
2269205.714286
2263487.619048
1657220.952381
2001563.809524
2093475.238095
2194857.619048
2136598.095238
2546365.238095
1375370.476190
2511060.476190
2600732.380952
2475720.000000
2325952.380952
2386213.333333
741858.095238
1741030.476190
2634676.190476
2925783.809524
3084205.714286
2567671.428571
3332870.000000
903940.952381
1658796.190476
1892245.714286
1852182.857143
2018972.857143
2032883.809524
837203.809524
1861149.047619
2047591.428571
2507372.857143
2485321.428571
1883793.809524
704863.809524
1518888.095238
1438190.000000
1754424.285714
1777048.095238
2005736.190476
891390.000000
1017586.666667
1637570.000000
1914148.095238
1511940.952381
962975.714286
596131.904762
1024906.666667
1120937.142857
1442902.857143
1638422.857143
1560900.952381
876304.761905
1113485.714286
1650076.190476
1837591.428571
1805731.428571
2414512.380952
1365026.666667
1741090.000000
2174933.333333
2250340.952381
2622560.476190
2473154.285714
2703817.142857
971380.000000
1600533.333333
2041150.476190
1818380.000000
1846952.380952
1776566.190476
888276.190476
1278405.714286
1542012.857143
1896530.000000
1952773.809524
1057354.285714
678958.095238
647542.857143
792011.428571
856048.095238
1763395.714286
1596524.285714
1883230.000000
1418504.285714
1089982.857143
828866.190476
1443028.095238
1408600.000000
1838726.190476
2044450.000000
2060981.904762
996313.809524
1606368.095238
1773990.000000
2298233.809524
2348086.190476
1897235.714286
2351351.904762
1081310.952381
1763367.619048
2288922.380952
1951250.952381
2447496.190476
1819100.000000
963220.952381
1972843.809524
1927822.857143
2103308.571429
2058456.190476
1520807.619048
681983.809524
977130.000000
1994550.000000
2033041.904762
1667861.904762
2486688.095238
1165360.000000
1544091.904762
1401928.095238
1465950.476190
1115280.000000
1173496.190476
713090.000000
1654715.714286
1774483.809524
1701683.809524
1907779.047619
1376486.190476
636810.000000
581246.190476
1575171.428571
1822530.000000
1946667.619048
2160081.904762
1827777.619048
547661.904762
1181956.190476
1468437.619048
1331885.714286
1241694.285714
2122315.714286
1051963.809524
948613.333333
2014123.809524
2048204.285714
2138368.095238
1957938.095238
2228174.285714
904476.190476
1561038.095238
2214841.904762
2344038.095238
2078992.380952
1655153.809524
775662.857143
870910.476190
1186173.809524
1549878.095238
1492361.904762
1503655.714286
872668.095238
774641.428571
1411648.095238
1715838.095238
1891448.095238
1251575.238095
1282735.714286
747190.000000
1472644.285714
1515647.142857
1705220.000000
1956015.238095
1203080.000000
734882.380952
1137373.809524
1373786.190476
1813666.190476
1730783.809524
1616443.809524
764483.809524
2015993.809524
2027523.809524
2020193.333333
2105452.380952
1569750.476190
2260712.380952
1578730.952381
2232909.047619
2492801.904762
2324295.238095
3047875.714286
2646889.047619
899245.714286
880929.523810
1539165.714286
1412131.428571
1576000.000000
1499022.857143
1166205.714286
1583399.047619
1202005.238095
1353697.142857
837866.190476
823290.000000
1458760.000000
1628114.285714
1431977.142857
1733927.619048
1221132.857143
674147.619048
1302443.809524
1292018.095238
1763468.095238
1847198.095238
1986055.714286
821054.285714
854517.619048
1939834.285714
1891261.904762
1852828.095238
1885923.809524
1445822.380952
557908.095238
603601.904762
1562123.809524
1961715.238095
2025583.809524
1890791.904762
1543962.857143
607410.000000
1084913.809524
1113087.619048
1809179.523810
1997032.380952
2260857.619048
1975271.428571
578245.714286
1048543.333333
1089038.095238
708760.000000
1512253.333333
1696047.619048
1583232.380952
970973.333333
759958.095238
668544.761905
857595.714286
1553427.142857
1541231.904762
1609496.190476
1299567.142857
844044.285714
630614.285714
1314304.285714
1552202.857143
1617100.000000
1756748.095238
1946991.904762
781649.523810
1550098.095238
1746156.190476
2262894.285714
2221743.809524
2176806.190476
1500396.190476
985280.000000
1826626.190476
2066917.619048
2170001.428571
2098703.809524
1928862.380952
906220.952381
1470160.476190
2172110.952381
1950962.380952
1851445.714286
1988480.000000
687742.857143
832015.238095
1615430.476190
1675114.285714
2254430.476190
2134889.523810
2186182.857143
2481260.952381
1260626.666667
1856777.142857
2132068.571429
1989253.333333
2062624.761905
1643956.190476
1031575.238095
1904095.238095
2354055.238095
2230791.428571
1841264.761905
2344198.095238
756339.047619
1471066.666667
1903087.619048
1850819.047619
1813771.428571
1701209.523810
1090900.952381
1859742.380952
2175684.285714
2033411.428571
2410906.666667
1777363.809524
1862191.904762
2055851.904762
2470246.190476
2055068.571429
2354942.857143
2235088.095238
828280.000000
1954690.952381
2146447.619048
2433081.904762
2117782.857143
2319769.523810
983740.952381
1819529.523810
1867369.047619
2286203.809524
1975911.904762
1752449.523810
626709.047619
1120198.095238
1878920.000000
2020011.904762
2252461.904762
2402715.714286
1757672.380952
927178.095238
1822835.714286
1852998.095238
2020447.619048
1743498.095238
1760534.285714
767350.000000
1182050.000000
1597571.904762
1490500.000000
1455490.000000
1668773.809524
1050484.285714
990970.000000
1389793.809524
2023047.619048
1728460.000000
1520725.714286
951800.000000
686625.714286
750175.714286
1381871.428571
1511426.190476
1715271.904762
2136283.809524
1019944.285714
1127984.285714
1140236.190476
1092412.380952
862370.000000
642978.095238
942755.714286
991469.523810
1057209.523810
1347631.904762
1360820.000000
1135710.000000
740721.904762
1041905.238095
827926.666667
863649.523810
1113228.095238
1245102.857143
1353040.000000
846921.904762
836722.380952
917080.000000
1641440.000000
2022653.333333
1253596.190476
2125047.619048
1377188.095238
581954.285714
1738999.523810
1920855.238095
2151628.095238
2049350.476190
2087510.000000
1669344.285714
915212.380952
2143973.333333
2341015.714286
2220811.904762
2222716.190476
2790446.190476
1000258.095238
1840606.190476
1660267.619048
1633849.523810
1532520.000000
1722723.809524
643944.761905
846819.047619
1182274.285714
2018156.190476
1518893.333333
1687091.428571
612436.190476
613129.523810
1287991.428571
1780773.333333
1697567.142857
1957059.523810
1677638.095238
718256.190476
1329948.095238
1517910.000000
1725870.000000
1749458.095238
1884131.904762
487598.095238
646626.190476
1855631.904762
1808244.285714
1898186.190476
1723380.000000
2054918.095238
612145.714286
922674.285714
1302333.809524
1565570.000000
1920232.380952
2074957.619048
730568.095238
1706509.047619
1961806.190476
2221774.285714
2371426.666667
1875360.000000
1824032.380952
1155158.095238
1738175.238095
1999348.571429
1923017.142857
2623622.857143
2240937.142857
1098929.047619
2342474.285714
2342175.238095
2289275.714286
2354202.380952
1188811.904762
686583.809524
1185000.000000
1868105.714286
1872596.190476
1731178.095238
1519130.476190
972630.476190
1429063.809524
1933871.904762
2169127.142857
1904040.000000
1403571.904762
864410.000000
1221285.238095
1421616.190476
1560001.904762
1867313.809524
1712675.714286
1324391.904762
1252638.095238
1809039.047619
2082321.428571
2552742.380952
2489864.285714
1660226.190476
740207.619048
805910.476190
666848.095238
652094.285714
1085406.190476
1447945.714286
1994581.904762
1921210.000000
1843933.809524
603798.095238
821731.904762
2098003.809524
2079128.095238
2159867.619048
1975360.000000
1573220.000000
654343.809524
879768.095238
1604033.809524
1667158.095238
1302936.190476
1769206.190476
725478.095238
1808678.095238
1875165.714286
1847300.000000
1914704.285714
1534026.666667
656047.619048
1230710.476190
2009624.761905
2100948.571429
1838462.380952
2043714.285714
838230.476190
742460.952381
1584601.904762
1671659.047619
1702173.333333
1969961.904762
1837940.952381
705548.571429
1534223.809524
1686692.380952
1814664.285714
2086115.714286
1758826.190476
789198.095238
824673.809524
1113791.904762
1526203.809524
1228468.095238
1396737.619048
922667.619048
1461568.095238
1927210.000000
1969822.380952
1508278.571429
2207451.904762
743449.523810
967306.666667
1650468.095238
1306638.095238
1633373.333333
1145081.904762
818418.095238
771449.523810
1663379.047619
1720224.761905
2219600.000000
2487960.000000
1319494.285714
608582.857143
1424375.238095
1716908.571429
1784516.190476
1988230.476190
2443234.285714
1500920.000000
2182144.761905
2358861.428571
2283081.904762
2765009.523810
2454796.190476
2349365.714286
1949074.285714
2047441.904762
2514447.619048
2597834.285714
2519445.714286
2305380.952381
1241569.523810
1816390.476190
2109655.238095
1984820.952381
2037083.809524
2148068.571429
630386.666667
1449500.952381
1590201.904762
2027973.333333
1845333.333333
1770537.142857
705424.761905
896969.523810
1279840.000000
1453727.619048
1610868.571429
1667129.523810
1276780.952381
1292387.142857
1620511.904762
1710126.190476
2039842.857143
1266100.476190
2742438.095238
2759686.190476
3096171.904762
3253931.904762
3045003.809524
1446640.952381
1773148.095238
2827916.666667
3096641.428571
3261961.428571
3398851.904762
3303047.142857
1276580.000000
2451973.333333
2251540.952381
2439880.000000
2911297.619048
2907102.857143
938872.380952
2114344.761905
2566660.476190
2918994.285714
2627472.380952
2508523.809524
1112640.000000
1863733.333333
2316710.476190
1993274.285714
2126401.904762
1496531.428571
746348.571429
880969.523810
2168277.142857
2388154.285714
2340232.380952
1696630.476190
2020302.380952
888822.857143
1094718.095238
1567773.333333
1980984.761905
1671247.619048
1919586.666667
1376366.666667
1568433.333333
1743110.000000
2595774.285714
1206900.000000
1242916.190476
899811.904762
1676350.000000
2563021.904762
2991640.000000
2699786.666667
2628888.571429
2747564.285714
1230133.333333
1489612.380952
2346020.476190
2065876.666667
1940577.142857
2123565.714286
1538081.904762
2020845.714286
2237590.476190
2953534.285714
2591005.714286
3164151.904762
1120809.523810
1563051.428571
1767687.619048
1754847.619048
1970916.190476
1829655.238095
1388605.714286
1501716.190476
2057844.761905
2820821.428571
2250510.476190
1447460.952381
1462090.476190
1950478.095238
2084478.095238
2564858.095238
2160183.809524
1336546.190476
1211300.000000
2243112.380952
2197300.000000
2170744.761905
2161188.095238
1792770.000000
1198336.190476
1353191.904762
1435558.095238
2047871.904762
2010417.619048
2222788.571429
1229071.904762
1605861.428571
1994066.190476
2673737.142857
2803406.666667
2633345.238095
1360278.095238
1416366.666667
2381008.095238
2296398.095238
2383521.904762
2504422.380952
2251563.809524
1041468.095238
1737994.285714
1954771.904762
2711770.952381
2077421.904762
926538.571429
845752.380952
1114538.095238
1333470.000000
1526121.904762
2082483.809524
2052092.380952
1189464.761905
988584.761905
1792557.142857
2128590.000000
2185316.190476
2714722.380952
2068691.904762
660274.285714
1096481.904762
1756885.714286
1696520.000000
1856850.000000
2540947.619048
564493.333333
1853158.095238
2237400.000000
2153694.285714
2457398.095238
2668034.285714
2164951.904762
2186537.142857
3039896.190476
2870287.619048
2864190.476190
2548121.904762
3349298.095238
756059.047619
865570.000000
2214902.857143
2428038.095238
2687601.904762
2922127.619048
1424746.666667
1242236.190476
2070584.761905
1933413.809524
2505203.809524
2140445.714286
1355085.714286
1374899.523810
1734043.809524
2422470.000000
2867858.571429
2421720.000000
3106455.238095
1762948.571429
2177214.285714
2756721.904762
2625016.190476
3050564.285714
2965570.000000
1116496.190476
1869304.761905
1906361.904762
2759873.809524
2263851.428571
2740813.333333
624512.380952
1744480.000000
1960058.095238
2122028.571429
3112324.285714
1972535.238095
1118503.809524
1602760.000000
2145820.000000
2793568.095238
3408263.809524
3276759.047619
3120777.142857
2079681.904762
2232671.904762
2913270.000000
2433721.904762
3264344.285714
2234367.619048
1631230.000000
2385821.904762
2406511.904762
2459241.904762
2384272.857143
2558592.380952
1627448.095238
2862290.000000
2245181.904762
2748720.952381
2966967.619048
2624249.523810
947367.619048
897483.809524
2247393.809524
2154261.904762
1794173.333333
2274584.761905
1551343.809524
2112110.000000
2029624.285714
2374578.095238
1529661.904762
787880.000000
1114586.190476
1590045.714286
1529548.571429
1756900.952381
1330272.380952
776171.904762
1396400.000000
2029376.190476
1400356.190476
1693984.761905
1270448.095238
1255960.000000
1189886.190476
713849.523810
1574014.761905
1419746.190476
826449.523810
770440.000000
1114271.904762
1210121.904762
1687158.571429
1575333.809524
1297331.904762
1506638.095238
1824863.809524
2050861.904762
2134011.904762
2403257.619048
2388401.904762
925876.190476
691357.619048
1246551.428571
1715996.190476
2188841.904762
2255414.285714
1524786.190476
747085.714286
1059260.000000
1626973.333333
1673350.000000
2175795.714286
1609353.809524
1383095.238095
1601809.523810
1696660.000000
1828401.904762
1988895.238095
1225521.904762
1444543.809524
2333420.000000
2435823.809524
2483894.285714
2838274.761905
2406078.095238
2086641.904762
2535729.523810
2646075.238095
2739476.666667
2502819.523810
2640641.428571
1906205.714286
2440736.190476
2522114.285714
2712502.857143
2526344.761905
2507333.333333
1663094.285714
2385772.380952
2483590.476190
2600262.857143
2261518.095238
2682988.571429
1484597.619048
1682520.000000
1841137.142857
2169752.857143
2078428.571429
2107596.190476
1496060.000000
2110254.285714
2491055.714286
2947061.904762
2567017.619048
2694271.428571
812161.904762
1981040.000000
1978754.285714
1881230.476190
1321748.571429
915750.476190
680796.190476
826390.952381
1395998.095238
1459504.761905
2011941.904762
1725358.095238
1819893.333333
1193490.000000
1297299.047619
1576902.857143
1629413.809524
1899334.285714
1125970.476190
731082.380952
899382.857143
850524.285714
1408851.904762
1625504.285714
1553198.095238
880836.190476
686208.095238
1072771.904762
1835058.095238
2166748.095238
1946261.904762
1656405.714286
1283542.380952
1405281.904762
1460913.809524
2382342.857143
2269906.190476
2218428.095238
2005818.095238
852329.047619
1635377.619048
1491924.761905
1545295.714286
1513670.000000
1946584.285714
766103.809524
774436.666667
1445773.809524
1603928.095238
2060755.238095
2183906.190476
1463221.904762
617208.095238
901736.190476
1527956.190476
2022961.904762
2115390.000000
1933741.904762
571750.000000
644431.904762
773304.761905
1647203.809524
1749758.095238
1929720.000000
2199863.809524
1994983.809524
613413.333333
778608.095238
1707008.095238
1758787.619048
1796729.523810
2044049.523810
1447711.904762
794501.904762
1094470.000000
1827956.190476
2037224.285714
2200890.000000
2089250.000000
593593.809524
801575.714286
1735022.380952
2241540.952381
2371535.238095
2351750.000000
1472106.190476
766570.000000
876100.000000
958699.523810
1354534.761905
1794784.285714
2197211.904762
1359683.333333
834170.476190
888798.095238
816380.000000
923830.476190
880154.285714
1286053.333333
1463325.714286
1339281.904762
764782.857143
683692.857143
1047724.285714
1107730.000000
2152466.190476
1610571.904762
1171282.380952
1020183.809524
775504.285714
709461.904762
1655451.904762
1751936.190476
1713128.095238
1786980.000000
1766935.714286
904755.238095
1521400.000000
1731362.380952
1996066.190476
1466857.142857
1899293.333333
1643095.714286
1698744.285714
1761675.714286
2156765.714286
2048578.095238
2005400.000000
2006656.190476
2143445.714286
2627640.000000
2747853.809524
2509881.904762
2739061.904762
1714956.190476
1744904.761905
2194201.904762
2095272.380952
2345114.285714
2508184.761905
1009520.000000
1865723.809524
2134302.857143
2437609.523810
2367676.190476
1407609.523810
821451.428571
1053363.809524
1744386.666667
1626666.666667
1794603.809524
1600862.380952
1034981.904762
1190220.000000
2040846.190476
1955625.714286
2321642.380952
1444258.095238
953765.714286
1046936.190476
684775.714286
747145.714286
1010935.714286
2121194.285714
1752933.809524
1235333.809524
998272.380952
991591.904762
907726.190476
1723468.095238
1939994.285714
2194824.285714
2541983.809524
2516541.904762
1960660.000000
1640400.000000
2172203.333333
2504170.000000
2217819.047619
2134430.000000
2511613.333333
1133749.523810
2507068.571429
3056586.190476
2809101.904762
2894040.000000
3124193.809524
855056.190476
1140216.190476
1304099.047619
1254022.857143
1317279.047619
1915316.190476
592120.000000
864484.761905
1403721.904762
1588960.000000
1263198.571429
988441.904762
1435596.666667
1102455.238095
696594.285714
827093.333333
1530612.857143
1568518.095238
2066266.666667
1322418.095238
730600.000000
699354.285714
791423.333333
1191731.904762
1384860.000000
1472854.285714
1996016.190476
814870.000000
886330.000000
769006.190476
1178735.714286
922500.000000
929610.000000
1569811.904762
1379110.000000
1534340.000000
772210.000000
913064.285714
638231.904762
872864.285714
1275240.000000
1761582.380952
1915880.000000
1558700.000000
1083228.095238
898037.619048
1966863.809524
2416656.190476
1975390.000000
2307102.380952
1376788.095238
1100870.000000
1095346.190476
1385323.809524
1642262.857143
1490756.190476
2072536.190476
1436173.809524
2007923.809524
1832145.714286
2327368.095238
1516712.380952
1402710.476190
2183081.904762
2579654.285714
2950030.000000
3170861.428571
3373426.666667
3304635.714286
685114.285714
1274660.000000
1915213.809524
1900200.000000
1807426.666667
1911828.571429
663594.285714
934670.476190
1729414.285714
1524883.809524
1642648.095238
1599880.000000
707567.619048
1233994.285714
1605870.476190
1669836.190476
1331045.714286
1298779.047619
883420.952381
788255.714286
1768950.000000
1529603.809524
2096463.809524
1303736.190476
666331.904762
1087106.190476
1153408.095238
1379138.095238
2139538.095238
2150985.714286
2115554.285714
1090954.285714
689273.809524
823053.809524
1142200.000000
1765871.904762
1686398.095238
1927665.714286
2236398.095238
1282058.095238
674150.000000
1156225.714286
1631660.952381
2177260.000000
2012503.333333
2382031.904762
1312023.809524
703010.000000
914906.666667
1111968.095238
900097.619048
596490.000000
637864.761905
809228.095238
740155.714286
1322769.047619
794680.000000
1265022.857143
1494001.904762
1217855.238095
1786318.095238
1395443.809524
1251531.428571
2012550.000000
1345476.190476
2166140.952381
968569.523810
2056165.714286
2164017.142857
2417910.476190
2010346.666667
2191241.904762
2272320.000000
2413340.952381
2682103.333333
2509672.380952
2814745.238095
2979254.761905
1103939.047619
2028961.904762
2466868.095238
2457050.000000
3034614.761905
2528306.190476
581245.714286
1140148.095238
1107203.809524
711032.380952
729015.714286
768078.095238
815022.857143
1533078.095238
1700863.333333
1721695.238095
920632.380952
785866.666667
771769.523810
829074.285714
991238.095238
1474645.714286
1824710.476190
1440222.857143
1299662.857143
935611.428571
760462.857143
1581038.095238
2484070.476190
2605380.952381
2243463.333333
2896361.904762
2525413.333333
1415300.952381
1844307.142857
1942036.190476
2281056.190476
2278618.095238
2228147.619048
976348.571429
1653257.142857
2080257.142857
2546196.666667
1947590.000000
1996927.619048
885007.619048
1407390.476190
1768318.095238
1534258.095238
1879825.714286
1787140.952381
702023.809524
958032.380952
1550729.523810
1942976.190476
2198783.809524
1729707.619048
960126.666667
1006028.095238
1446964.285714
2027100.000000
2173963.809524
2478798.095238
1342826.190476
1344241.904762
1924200.000000
1674297.142857
2047111.904762
2049988.571429
1044474.285714
676857.619048
713089.523810
964650.000000
2106684.285714
1958085.714286
2149782.857143
1287956.190476
602312.380952
804948.095238
828674.285714
1931843.809524
1716826.190476
1657151.428571
1901418.095238
899257.619048
588805.714286
846648.095238
1264882.380952
1687383.809524
1896217.619048
2012323.809524
1123678.095238
644488.095238
1175855.714286
1756121.904762
1734257.619048
1550828.095238
1671560.000000
672706.666667
820940.000000
1356034.761905
2288334.761905
1981828.095238
1727021.904762
2125646.190476
683720.000000
591640.000000
1929410.000000
2060685.714286
2249676.190476
2537533.809524
2278210.476190
685051.904762
1054769.047619
2185323.809524
2112680.000000
2120915.714286
2314760.000000
1452431.904762
686127.619048
1872900.000000
2366044.285714
2471588.095238
2461875.714286
2268477.619048
717620.000000
627241.904762
1391403.809524
2123710.476190
2292150.476190
2210481.904762
2436104.761905
869228.571429
653838.095238
785800.000000
946219.047619
1427116.190476
1916786.666667
2078360.000000
728187.142857
1007768.571429
1027016.666667
643453.809524
1555037.619048
1997005.714286
1840579.523810
2092736.190476
2267148.095238
1005951.904762
1380418.095238
2176710.000000
2622481.904762
2615315.238095
2283187.142857
2328025.714286
917694.285714
1794230.000000
1596455.714286
1413290.000000
1511418.095238
1706264.761905
1146284.285714
1172088.095238
1985528.571429
2172261.904762
2268603.809524
2114637.619048
1595249.523810
653272.857143
832264.285714
1124864.285714
1249201.904762
1497455.714286
1016211.428571
1922801.904762
607438.095238
886570.952381
864331.428571
921710.476190
1377116.190476
1074813.333333
1573647.142857
2154000.000000
1331559.047619
901291.428571
1236514.285714
977295.238095
813020.952381
679560.000000
883083.809524
1632232.380952
1740763.809524
2028228.571429
1684600.000000
903444.285714
866786.666667
1156920.476190
1337836.190476
1658443.809524
2022283.809524
2192011.428571
1908194.285714
1054017.142857
1202335.238095
842083.809524
1289462.857143
2310114.761905
2655296.666667
2686777.142857
3166899.047619
3065454.761905
729777.142857
1159342.857143
1504944.761905
1647975.238095
1761670.476190
903300.000000
998277.619048
998653.333333
873194.761905
2063288.095238
1987895.238095
1679043.809524
1333243.809524
971006.190476
720104.285714
1071309.523810
1349776.190476
1855414.285714
1991767.619048
1930720.000000
789217.619048
814830.476190
743940.000000
1445080.000000
1982642.380952
1993416.190476
2049541.428571
2230269.047619
1025890.000000
1416018.095238
1858644.285714
2085921.904762
2125224.761905
2440908.571429
2135176.190476
702407.619048
1094474.285714
1209594.285714
775118.095238
1896369.047619
1991931.904762
2550913.333333
2478116.190476
2429658.095238
1608888.095238
1507174.761905
1870856.190476
2388959.047619
2123761.904762
2584940.952381
2078098.095238
804998.095238
1535493.809524
1399613.809524
1873118.095238
1754076.190476
1364218.095238
709139.047619
1967350.476190
2345926.666667
2525611.904762
1892742.857143
1536411.428571
727881.904762
808019.047619
1665574.285714
1592251.428571
1771015.238095
1072851.904762
1056936.666667
1464615.238095
1520838.095238
1589189.523810
1255593.809524
2531455.238095
541428.095238
742495.238095
1282883.809524
1489003.809524
1436396.190476
1526348.095238
1669609.523810
493076.190476
1408104.761905
1743059.047619
1668140.000000
2069515.714286
1773630.476190
1440690.952381
1801847.619048
1799066.190476
1970377.142857
1957657.619048
2149735.238095
2296070.476190
867889.523810
1191207.619048
1498003.333333
1584321.904762
1252848.571429
609529.523810
873758.095238
1369786.190476
1461007.619048
1867596.190476
1453375.238095
1800221.428571
1120303.809524
2012733.809524
1591578.095238
1609168.095238
940773.333333
1105744.761905
1258501.904762
671272.380952
1163403.809524
1072325.714286
849573.333333
1564575.238095
1571638.095238
2127512.380952
1386280.000000
1836924.285714
861680.000000
976638.095238
1263686.666667
1311536.190476
1484427.619048
1534700.000000
536170.000000
531753.809524
738418.095238
1205161.904762
1849594.285714
1593818.095238
2119081.904762
1552405.714286
652653.809524
751950.000000
570580.952381
735983.809524
1088748.571429
1336767.619048
1441788.571429
1378767.619048
1023718.095238
1800438.095238
515946.666667
870230.476190
955967.619048
1137653.333333
1187716.190476
1211539.047619
1411214.285714
1536339.047619
926219.047619
976460.476190
1016538.571429
1046641.904762
1192207.619048
1424672.380952
1439910.000000
1339001.428571
756232.380952
991268.095238
1059693.333333
983767.619048
850201.904762
1313071.904762
1272668.571429
1028990.000000
779805.714286
1101649.047619
1164841.428571
1189153.809524
1154074.285714
1075741.904762
912640.000000
1016419.047619
1541758.095238
1842511.904762
1487085.714286
2085876.190476
1292982.857143
603689.523810
1242113.809524
1567292.380952
1600816.190476
1548355.714286
1806510.000000
1142427.142857
835773.333333
1921896.190476
1851001.904762
2014827.619048
1813120.000000
927057.142857
1724579.523810
2013591.904762
1857913.809524
1379533.809524
2061618.095238
2274478.095238
2468371.904762
2546547.619048
2641120.952381
2581815.238095
2808049.523810
1292460.952381
1397262.857143
2501078.095238
2135379.047619
2428853.333333
2380064.761905
909639.047619
1190146.190476
1283261.904762
1594064.761905
1584604.761905
1721588.095238
1449403.809524
1786995.238095
1903328.571429
2014479.523810
2171371.428571
2546558.095238
1106719.047619
1794963.809524
2034798.571429
2541125.714286
2151420.476190
2076799.523810
840124.285714
1342406.666667
1935761.904762
1757455.238095
1664897.142857
2250668.571429
624810.000000
1080379.047619
1882640.000000
1958028.571429
1690390.476190
2513403.809524
748478.095238
880912.380952
1190695.238095
1254594.285714
1138927.619048
1163367.619048
1021089.523810
992440.000000
1473297.142857
1389186.190476
2028615.714286
1679852.380952
1609083.809524
1345875.714286
1691887.619048
1761566.190476
1737343.809524
1478272.380952
1630243.809524
1039410.000000
1309537.619048
1488677.619048
2143066.190476
2193754.285714
2288130.000000
1295023.809524
1494684.285714
2023918.095238
1926505.714286
2370914.285714
2256763.809524
2030937.619048
923758.095238
1492748.095238
1595369.523810
1504402.380952
679007.619048
983651.428571
1560891.428571
1421520.000000
1536518.095238
2287594.285714
776847.619048
719664.761905
1290276.190476
1534024.761905
2145266.666667
2084544.761905
1693548.571429
1450579.047619
1698658.571429
1807590.000000
2093043.809524
1536662.857143
1824912.380952
894828.095238
2300678.095238
2334346.666667
2146687.619048
2306503.809524
1947696.666667
724352.380952
975026.666667
1583140.952381
1783826.666667
1541403.809524
1847345.714286
684790.476190
851655.238095
1582320.000000
1744064.761905
1854942.857143
2080543.809524
1498074.285714
958870.000000
1820240.000000
2397414.761905
2739125.714286
2442681.904762
2657161.904762
2766028.095238
1378478.095238
1608685.714286
2117963.809524
2386253.333333
2530677.142857
2196136.190476
1379761.904762
2208693.333333
2443834.285714
3165942.857143
3231259.047619
3339763.809524
752596.190476
1762948.571429
2422750.476190
2452692.380952
2371171.428571
1482468.095238
1959971.428571
947405.714286
1949815.238095
2043552.857143
2107900.952381
2229054.285714
1889133.333333
840387.619048
988221.904762
1330360.000000
1644265.714286
1791841.904762
2029846.190476
723820.000000
723518.095238
685185.238095
603234.285714
835446.190476
1639193.809524
1615838.571429
1874698.095238
1600800.952381
567073.809524
739993.809524
806038.095238
1476470.000000
1485851.904762
1532660.000000
1260578.095238
787024.285714
779500.000000
1332300.000000
1623953.809524
1569555.714286
1454011.904762
1046308.095238
1117770.000000
1191351.904762
1680446.190476
1645518.095238
1694143.809524
1026138.095238
1002135.714286
782040.000000
1154480.000000
1317456.190476
1551631.904762
1046812.380952
1209702.380952
1199490.000000
1260974.285714
1004472.380952
1016078.095238
1224667.142857
1325125.714286
928840.000000
1722889.523810
2068685.714286
2122274.285714
1789561.904762
1855441.904762
1092951.904762
768539.047619
1853855.238095
2152773.333333
2583053.333333
2296075.714286
2670629.047619
710620.952381
949489.523810
1425977.142857
1642213.333333
1467887.619048
1845840.000000
1576173.333333
914057.142857
914855.238095
1180578.095238
2024584.761905
1864788.571429
1977615.238095
963603.809524
984727.619048
975650.952381
1422235.238095
1514828.095238
1835697.619048
1399823.809524
1441113.809524
1786743.809524
2784830.000000
2769821.904762
2768185.714286
2839384.285714
824353.809524
1482716.190476
1843447.619048
1931948.095238
1651306.666667
2048752.380952
736134.285714
1051906.666667
1880848.095238
2255293.333333
1609801.904762
2140422.857143
648840.000000
673253.333333
1050588.571429
1524665.714286
1546918.095238
1934450.000000
1984186.666667
835991.904762
677466.666667
1055470.000000
1556414.285714
1627698.095238
1794868.571429
1367950.000000
731464.761905
979726.190476
1530121.904762
1559118.095238
2001568.571429
2256606.666667
1495178.571429
591824.761905
1126023.809524
1665846.190476
2037443.809524
2187726.190476
2150953.809524
1168853.809524
602991.904762
1184304.761905
2038523.809524
2069112.857143
2081255.714286
1733414.285714
881200.000000
944480.000000
691283.809524
1231984.761905
1427361.904762
1510968.095238
985419.047619
771160.000000
980480.000000
1124522.857143
1306690.000000
1200677.619048
1393898.571429
1235128.571429
910001.904762
852377.142857
711590.476190
1142022.857143
1421144.761905
1392096.666667
1054482.857143
851680.952381
1107680.000000
1119539.523810
1322440.476190
1444832.857143
1007900.000000
853099.047619
1255920.000000
1391043.809524
1823385.238095
1516009.523810
1092013.333333
812664.761905
1037632.380952
2123833.809524
2421890.000000
2798105.714286
2924316.190476
2579192.380952
715388.571429
1339893.809524
1729520.000000
2392967.142857
1898620.952381
2234390.000000
649161.904762
898688.095238
1455666.190476
1827156.190476
1577596.190476
2564379.047619
2827708.571429
602843.809524
2214530.000000
2190900.476190
2284172.857143
2130139.047619
1695051.904762
653251.904762
2129093.333333
2549121.904762
2701601.904762
2945634.285714
2510898.095238
2570891.904762
1935860.000000
2273792.380952
2638878.095238
2531413.333333
2500621.428571
2245413.809524
1342648.571429
1641865.714286
2628993.333333
2405395.238095
2648626.666667
2596963.809524
1006993.333333
1728142.380952
2142065.238095
1868997.619048
2102030.000000
1648196.190476
884222.857143
1614530.000000
2195626.666667
2302923.809524
2360782.857143
1857623.809524
648236.190476
956194.285714
1430878.095238
1636940.952381
1851075.714286
1894674.285714
962531.428571
651506.666667
861830.000000
1106435.714286
1504270.476190
1968958.095238
1907234.285714
2083468.095238
660596.190476
1331228.095238
1660163.809524
1918690.952381
2336877.619048
2000803.333333
1812164.285714
1117683.809524
1759583.809524
1995570.000000
2353215.714286
2329468.571429
1990087.619048
1967241.904762
2211864.761905
2718376.666667
2497772.380952
2616413.809524
2472142.857143
1025303.809524
1932367.619048
1896147.619048
1998862.857143
1965029.523810
1070360.000000
929181.904762
1943730.000000
2079506.190476
2345693.333333
1495217.142857
2039229.047619
736259.047619
1267819.047619
1888710.476190
2266820.952381
1930259.047619
2320495.238095
546712.380952
1357310.476190
2275150.000000
2296076.190476
2089375.714286
2448318.095238
1609068.571429
1169340.952381
2461526.666667
2579090.000000
2460420.000000
2492380.952381
2449622.857143
750801.904762
961521.904762
1236963.809524
1502979.047619
1671755.714286
2274396.190476
1305334.285714
1926491.904762
771058.095238
711184.761905
1085929.523810
1780135.714286
1634789.047619
1485831.904762
2140435.714286
806279.047619
2081929.523810
2146836.666667
1997190.000000
2036637.619048
1648720.952381
634426.666667
1090167.619048
1717110.952381
2171793.333333
1766583.809524
1770885.714286
750453.333333
934078.095238
1152765.714286
1908645.714286
1922198.095238
1971081.428571
1747795.714286
1261394.285714
1676716.190476
2056015.238095
1910541.904762
2267179.047619
1728858.095238
1290340.000000
1932062.857143
2322790.952381
2113472.380952
2681855.238095
2301752.857143
787923.809524
1105036.190476
1326935.238095
1692769.523810
1890516.190476
2077961.904762
1150887.619048
1599845.714286
1912076.190476
1677561.904762
1557849.523810
1553058.571429
2016198.095238
2504440.000000
2669502.857143
2564705.238095
2959497.142857
2508680.952381
711674.285714
1145887.619048
1747527.619048
1925466.666667
2285763.809524
2487363.809524
859408.571429
796775.238095
1074032.380952
982304.761905
1046434.761905
1281235.714286
1498558.095238
1077211.428571
1403453.809524
1785905.714286
1943148.095238
1664485.714286
1639570.000000
1029050.000000
597474.285714
1487950.000000
1689703.809524
2084451.904762
1637241.904762
1905220.000000
617803.809524
1426440.476190
1785183.809524
1923355.714286
1971441.428571
2096768.095238
1214668.571429
1142747.619048
1522510.476190
2366147.142857
1563489.523810
2631947.619048
2478738.095238
1280640.000000
1331384.761905
1933723.809524
1906582.857143
2205120.476190
1161245.714286
1184782.857143
1568988.095238
1988161.904762
2343215.238095
2173980.952381
1746118.571429
950994.285714
1110660.952381
1159369.523810
1242245.714286
1607459.047619
1968504.761905
818487.619048
2161973.333333
2378426.666667
2472411.428571
2382049.523810
2501504.285714
2303175.238095
1138714.285714
1838204.285714
1912396.190476
2232285.714286
2507881.904762
2572268.571429
1792673.809524
2124710.476190
2260501.904762
2324040.000000
2095511.904762
2668545.238095
1622486.190476
2313562.380952
2348036.190476
2475717.142857
2575987.619048
2648758.095238
1194946.666667
2430805.238095
2545316.666667
2467503.809524
3150151.904762
2210744.761905
1030649.523810
1782801.428571
2274880.000000
2014019.047619
2317252.380952
2250614.285714
734643.809524
958322.380952
1701754.285714
1698211.428571
1600666.190476
2203314.285714
931335.714286
740328.095238
924047.619048
946217.142857
942916.190476
1418203.809524
1297744.285714
1487100.952381
786545.238095
902988.571429
1134264.761905
1464230.476190
1419472.380952
1687604.761905
1257098.095238
889985.714286
1122780.000000
1018050.000000
566782.380952
711210.952381
787140.952381
821792.380952
1387885.714286
1527243.809524
1481376.190476
1287346.666667
881561.904762
995683.809524
1304476.190476
1194554.285714
1048470.476190
1361000.000000
1305432.380952
1150171.428571
1136024.761905
1575702.857143
1379807.619048
1328541.428571
926725.714286
1122179.047619
747847.619048
664636.190476
1019676.190476
1387878.095238
1182988.095238
1275243.809524
1283643.809524
1012270.000000
983975.714286
1725380.000000
1462983.809524
1278414.285714
915360.000000
829608.095238
884728.095238
947220.000000
1319846.190476
1328047.619048
1591311.904762
1454753.809524
1070268.095238
1419198.095238
1622084.285714
2233596.190476
2260388.095238
1430658.095238
1005213.809524
1288444.285714
1772778.095238
1889825.714286
1831208.095238
2193255.714286
1296314.285714
878264.285714
839243.809524
1454358.095238
1893032.380952
1782661.904762
575796.190476
1260731.904762
1386749.523810
1900300.000000
1664730.000000
1560988.095238
1015856.190476
1315420.000000
1742702.857143
2124215.714286
2127783.809524
2303592.857143
1799001.904762
1617508.095238
2041045.238095
2627736.190476
2506397.142857
2543873.333333
2246504.761905
1644247.619048
1817828.095238
2495982.380952
2826002.857143
2337280.000000
2344098.095238
1290527.619048
1963980.000000
2040893.333333
1960887.619048
2287142.857143
2177533.333333
753700.952381
1188241.904762
1550653.333333
1426607.619048
1696533.333333
1810176.190476
736935.238095
1708693.333333
2019165.714286
2176091.428571
2001778.095238
1794400.000000
755129.523810
1363080.000000
1671240.000000
1830539.047619
2401685.714286
1930360.000000
864394.285714
1504672.380952
1869009.523810
2264042.380952
2503415.238095
2317165.714286
1278636.190476
1608838.095238
2153708.571429
2131752.380952
2237550.476190
2137066.666667
2650184.761905
1245152.380952
1890906.666667
2638209.523810
2341815.238095
2046357.142857
2234784.761905
975125.714286
1369421.904762
2243161.904762
2417615.238095
1998899.047619
2492363.809524
1157205.714286
1915163.809524
2069135.238095
2239896.190476
1529607.619048
1722007.619048
607990.476190
1983512.380952
2418943.809524
2624885.714286
2731021.904762
2093428.571429
737163.809524
603824.761905
1403727.619048
1872085.714286
2235977.142857
1838633.333333
2400995.238095
833797.619048
1292240.000000
1921664.285714
1786627.619048
2098025.714286
2597120.000000
1970145.714286
960080.000000
1604028.571429
1683628.095238
2277341.904762
1999912.380952
1521786.190476
724891.428571
844982.380952
1304247.619048
1530172.380952
1588596.190476
2280463.809524
1882508.571429
1263633.809524
1373984.761905
1395277.619048
1736398.095238
1826923.809524
2326211.904762
1963840.000000
2413959.047619
1103483.809524
1097932.857143
1118220.952381
1820544.761905
1895086.666667
1873024.761905
871304.761905
771434.285714
755057.142857
1952028.571429
2535455.714286
2910484.761905
3165136.190476
2542329.523810
2571317.619048
1227908.571429
1303824.761905
2174022.380952
2028603.809524
1819972.857143
2989111.428571
903594.285714
1496904.761905
1731885.714286
2336621.904762
2092981.904762
1556300.000000
697834.285714
727240.000000
1574089.523810
1389828.095238
2116675.714286
1632850.000000
809424.285714
645440.000000
928607.619048
1921059.047619
2096586.666667
1860381.428571
2208356.190476
1756371.428571
2072457.619048
2675998.095238
2647523.809524
2807050.000000
2435005.714286
1930727.142857
1302751.904762
1875061.904762
2174129.523810
2195585.714286
2134776.190476
2556353.809524
2006023.333333
2195280.000000
2441232.380952
2378640.000000
2342646.190476
1983070.000000
782942.380952
1894541.904762
2140154.761905
2225236.190476
2313230.000000
2436615.238095
777289.523810
1511594.285714
2012266.666667
1569417.142857
2336880.476190
1561849.523810
598232.380952
1254443.809524
1111847.619048
1173928.571429
1452382.857143
1438095.238095
2161521.904762
759630.476190
1293158.095238
1678257.142857
1400992.380952
1225276.190476
1252800.000000
1413015.238095
1014076.190476
1210140.476190
1078599.523810
1065696.190476
921762.380952
1339283.809524
1292897.142857
1209477.619048
1277176.190476
1628417.142857
1543095.238095
908987.619048
1050601.904762
1650022.857143
1671521.904762
1646548.571429
1537512.380952
827196.190476
854776.190476
1277570.476190
1676715.714286
1124724.285714
1245735.714286
1012001.904762
1244815.238095
1142465.714286
1646386.190476
1514680.000000
1058226.190476
1199200.000000
1097716.190476
737313.809524
1586573.809524
1841726.190476
2203248.095238
2047305.714286
1929926.190476
829400.000000
1156250.000000
1575237.619048
1356691.904762
1928630.000000
2047126.190476
864838.095238
892120.000000
955221.904762
1576504.761905
1976082.380952
2118810.952381
1466221.904762
679851.904762
1226763.809524
1837605.714286
1702045.238095
1528897.142857
1010620.000000
703775.714286
691918.095238
1053689.523810
1752629.047619
2051216.190476
1492323.809524
2029797.619048
1055821.904762
590337.619048
915882.380952
1568840.000000
1670756.190476
1642366.190476
1497328.095238
1230021.904762
1461986.190476
1800180.000000
2087410.000000
2011978.095238
1531204.285714
1910990.000000
2376410.000000
2499184.285714
3249946.190476
3336498.095238
3206284.285714
896286.190476
1472275.714286
2118111.904762
2808982.857143
2345456.190476
1960407.619048
950949.523810
820310.476190
730057.142857
940503.809524
1378191.904762
1566497.619048
1545516.190476
1663036.190476
1065382.380952
638150.476190
774983.809524
1141483.809524
1473903.809524
1840546.190476
1899840.000000
1482085.714286
766900.000000
1725900.000000
1819978.095238
1561376.190476
2656946.190476
2108911.904762
2029373.333333
2037650.000000
2420320.476190
2718720.000000
2351771.904762
2674384.285714
1932840.000000
1965184.761905
2265412.380952
2512720.476190
2580277.619048
2886350.000000
2718348.095238
2875823.809524
3015000.000000
2701970.000000
2848365.714286
3035447.619048
834965.714286
1988226.190476
1851831.904762
2226947.619048
2009716.190476
2141586.666667
843999.047619
1091165.714286
2001260.952381
1984757.619048
1944968.095238
1953419.523810
969132.857143
1237560.476190
1948540.000000
2376161.904762
2080572.380952
1490330.476190
1238810.000000
1871487.619048
1538035.714286
2007677.619048
1843186.190476
1654713.809524
810776.190476
809081.904762
1572405.714286
1720910.476190
2367478.095238
1816897.142857
816198.095238
732553.809524
1163769.523810
1695891.904762
1515123.809524
1815817.142857
1301303.809524
767454.285714
1091081.904762
2295276.190476
2157676.190476
2188782.857143
2100111.904762
950490.000000
633704.761905
1811335.714286
2094021.904762
2698620.000000
2574670.000000
1579057.142857
2540630.000000
1896120.000000
1987004.285714
2086425.714286
2668465.238095
2786280.476190
2356573.333333
2093537.142857
2712859.523810
3087342.857143
3148257.142857
2897625.714286
3023860.476190
1700970.476190
2568375.238095
2636647.619048
2484390.476190
2967062.857143
2392171.428571
747984.761905
1930889.523810
1857820.952381
2317281.904762
2124295.238095
2521527.619048
1034346.666667
1913819.047619
2405908.095238
2486450.000000
2220386.666667
2106240.476190
708887.619048
1005023.809524
1896187.619048
2342631.428571
2571132.380952
2224071.428571
1499621.904762
643536.190476
2501853.809524
2599054.761905
2939220.476190
2852651.904762
2667994.285714
1133145.714286
2216759.523810
2599225.238095
2188298.571429
3322271.904762
2830978.095238
663706.190476
834613.809524
724824.761905
1075418.095238
1608810.000000
1457636.190476
1313670.000000
759112.380952
914212.380952
1282840.000000
1607736.190476
2279222.380952
1210868.095238
2366331.904762
1118224.761905
1558857.142857
1417550.952381
919052.857143
1475534.285714
1775801.904762
1173432.380952
641104.761905
970416.190476
1369990.000000
1243790.000000
1716443.809524
1236061.428571
836878.095238
784248.095238
1174891.904762
1154660.000000
1127135.238095
1533111.428571
845820.952381
1074792.380952
896007.619048
1447696.190476
894030.476190
1575123.809524
1830738.095238
1634085.714286
1940104.285714
650526.190476
822061.904762
1264181.904762
1414415.714286
807845.714286
928185.714286
818346.190476
721348.095238
1726580.000000
2106832.857143
2259074.285714
2163640.952381
1713897.142857
1176203.809524
899502.857143
1519087.619048
1961051.428571
1968580.952381
2337560.000000
2569284.761905
611632.380952
1328952.380952
1425417.142857
2080895.714286
1804963.333333
2511600.000000
1303752.380952
1236624.761905
2090293.333333
2609100.000000
2520955.714286
3052390.000000
1759238.095238
1351065.714286
2045322.380952
2077642.380952
2066944.285714
2369752.380952
1473591.428571
1592894.285714
2113813.809524
1987747.619048
2536626.190476
2067887.619048
2199850.000000
1925168.095238
2081214.285714
2361336.190476
2294285.714286
2189811.904762
2361778.095238
1343855.714286
1511887.619048
2322250.000000
1933803.809524
2336592.380952
2399838.095238
1036099.047619
1588908.095238
1837421.428571
2685380.000000
2098393.333333
1937870.000000
1256081.904762
1899378.571429
2022191.904762
2048546.190476
1555374.285714
784313.809524
992530.000000
1600767.619048
2236207.619048
2067958.095238
2300051.904762
1302466.190476
1469849.523810
1568292.380952
2188634.285714
2267731.428571
2368191.904762
1704330.000000
1094361.904762
2406654.761905
2685178.095238
2725792.380952
2549621.904762
2270119.047619
663651.428571
752680.000000
1741010.000000
1930180.952381
2113986.190476
2059661.904762
1480497.142857
1495289.047619
2356487.619048
2607624.761905
2818139.523810
2339110.476190
2433539.047619
943487.619048
1638274.285714
1977520.000000
2339495.238095
2382708.571429
1873380.952381
1325909.523810
1696400.952381
1814097.142857
1892315.714286
1757810.000000
1289131.428571
625071.428571
1134872.380952
1674924.761905
1830908.571429
1906753.333333
981060.952381
1583600.000000
1392837.142857
1527001.904762
1057354.285714
1257018.095238
1668330.000000
2420153.809524
2511761.904762
2505226.666667
1580004.761905
2194708.095238
2571981.904762
2705735.714286
2695083.809524
2492155.714286
3196438.095238
1620360.000000
2419961.904762
2561935.714286
2656340.476190
2601740.476190
2210420.000000
1294175.238095
2106179.047619
2509733.333333
2350750.000000
2526891.904762
2325066.666667
789723.809524
1726024.761905
2155464.761905
2058091.904762
1966617.619048
2230986.666667
654300.952381
1261377.142857
1296198.095238
1422563.333333
1433794.285714
1077571.904762
1206158.095238
1405750.000000
1274060.000000
1012117.619048
1261954.285714
1328476.666667
1580845.238095
704598.095238
1595135.238095
1897059.047619
1954240.000000
2006047.619048
2035212.857143
1120076.190476
679447.619048
1030883.809524
2018859.047619
2031174.285714
2131404.285714
1649639.523810
677408.095238
1040271.904762
1391783.809524
1552068.095238
1486320.000000
1742298.095238
884692.380952
1215256.190476
1309656.190476
1045347.619048
1165986.666667
1928848.571429
1658168.095238
1140508.571429
1840606.666667
2244823.809524
2688028.571429
2342514.285714
2363228.571429
1308293.333333
1415380.952381
1551076.190476
1450731.428571
1131781.904762
1328160.000000
1873894.285714
2635110.000000
2746289.523810
2691228.095238
2719582.380952
2675800.000000
1162753.809524
1125782.857143
1701268.571429
2080555.714286
1816568.095238
2198396.190476
917961.904762
610340.000000
1485101.904762
1921016.190476
1724143.809524
1829290.000000
1596781.904762
926543.809524
1096273.809524
1612690.000000
1944108.571429
1890346.666667
1935759.047619
1005897.142857
1408699.047619
1564596.190476
999601.904762
1148542.857143
1742097.142857
1118314.285714
753520.476190
1404500.952381
1399041.904762
1600729.523810
754265.714286
1049841.904762
994061.904762
737728.095238
918701.904762
1055837.142857
1091531.904762
573760.000000
645121.904762
1042312.380952
1286403.809524
1416782.857143
1164610.000000
571257.142857
1739341.904762
1761887.619048
1678377.142857
1644739.047619
1498548.571429
603232.380952
1095466.666667
1763053.333333
2353051.428571
2100034.285714
2244969.523810
2679648.095238
1500497.142857
2076751.904762
2077082.857143
2142400.476190
2308415.238095
1251504.761905
842249.523810
1475226.666667
2221967.619048
2417285.714286
2260923.809524
2079379.523810
660936.190476
1118393.809524
1295009.523810
1935135.714286
1652640.000000
1452478.095238
822055.238095
909859.047619
1497582.857143
1469725.714286
1735297.619048
2065952.380952
1527561.904762
935312.380952
1660097.142857
2006453.333333
2340593.809524
1307596.190476
2098013.333333
802605.238095
1430868.571429
2552043.809524
2747650.952381
2772338.095238
2866702.857143
2993005.238095
1569541.904762
1985953.809524
2472381.428571
2385356.190476
2565271.904762
2545663.333333
1717600.000000
2194521.904762
2559595.238095
3348057.619048
2529525.714286
2919023.809524
853991.428571
1869317.142857
2016441.428571
2543336.190476
2299942.857143
1730125.714286
787321.904762
790219.047619
1982921.904762
2227154.285714
2874059.047619
2879575.238095
1728413.809524
2026032.380952
2225268.571429
2583135.238095
2364537.142857
2416277.619048
2744491.428571
976986.666667
2470506.666667
2640131.428571
2712976.190476
2846493.333333
2851893.333333
1570225.714286
2124590.476190
2139821.904762
2804292.380952
1993665.714286
2392240.000000
1940930.476190
2358656.190476
2701946.190476
2771282.857143
2672714.285714
2488190.476190
1073768.095238
2245220.952381
2389680.000000
2407080.000000
2546571.904762
3066398.571429
1415194.285714
2066906.666667
2613836.190476
2456207.619048
2364994.285714
2612624.761905
2145609.523810
2377287.619048
2718317.142857
2591792.857143
2581123.809524
2319906.666667
1476291.428571
1682162.857143
2268960.000000
2861603.809524
2424743.809524
2547176.190476
872820.952381
1337360.000000
1574750.476190
1489133.333333
2187340.952381
2155487.619048
804189.047619
1095245.714286
1550907.142857
950034.285714
2307168.095238
2468120.000000
2652297.142857
2985672.380952
2760602.857143
2091491.428571
1823114.285714
2746841.428571
2808120.000000
3003764.761905
2951523.333333
2986772.857143
1155826.666667
1399100.000000
1501440.000000
1750648.571429
1772123.809524
1776352.380952
774292.857143
1223678.095238
1780858.095238
1787147.619048
1440960.000000
1758151.904762
638580.000000
1129883.809524
1203393.809524
1398113.809524
1971790.000000
1070671.904762
779223.333333
1389040.000000
1623376.190476
2099260.000000
2172672.857143
1500888.095238
1291725.238095
879010.000000
989058.095238
1542805.238095
1890943.809524
2021025.714286
1954098.095238
812520.000000
1809480.000000
2270891.428571
2040758.095238
1730179.047619
1644407.619048
1573373.333333
1403866.190476
2003342.857143
1682875.714286
2457653.333333
1852074.285714
1524390.476190
1798697.142857
2539484.761905
2551991.428571
1938032.380952
2277263.809524
1112020.952381
1430893.809524
2183923.809524
2159338.095238
2569929.047619
1761606.190476
1615633.809524
2555248.095238
3030659.047619
3007740.000000
2805670.000000
2947116.190476
757480.000000
1339188.095238
2147151.904762
2066570.000000
2146860.000000
2387383.333333
654904.285714
1080939.047619
2319173.333333
2067048.571429
2682512.380952
2857766.666667
2846817.142857
1311074.285714
2001657.142857
2586430.476190
2430529.523810
2727782.857143
2487800.000000
1367148.571429
2208426.190476
2593990.476190
3143906.666667
2821112.380952
1638952.380952
946388.571429
1089070.476190
1774369.047619
2467435.714286
2109740.952381
1722066.666667
1619866.666667
1920022.380952
2313718.095238
1870422.857143
2482471.904762
1999061.904762
892760.000000
2392541.904762
2577477.619048
2610063.809524
2799220.000000
2942066.190476
739918.095238
1673407.619048
1505575.238095
1818462.380952
2683962.857143
2259368.571429
1183255.238095
1103115.238095
1343662.857143
1720239.047619
2473871.428571
1489217.142857
2106552.380952
2217612.380952
2349633.809524
2501658.095238
2081450.000000
2346264.761905
1334791.904762
1570864.285714
2484230.000000
2948612.380952
2760470.000000
2807870.000000
3480173.809524
1367472.380952
2081798.571429
2443261.904762
2540186.190476
2345326.666667
2388125.714286
1169531.428571
2128056.190476
2322210.952381
2579334.285714
2231143.809524
1858868.095238
1276888.095238
1114861.904762
1005220.000000
955750.000000
1433106.190476
1800151.904762
1347061.904762
1050264.285714
1229867.619048
858563.809524
726733.333333
712186.666667
1184160.000000
1447672.380952
1361085.714286
1705254.761905
1802680.000000
1925264.761905
2000923.809524
1376761.904762
722165.714286
1207984.285714
1684204.761905
2045843.809524
1795554.285714
1677689.523810
550001.904762
624022.857143
706977.142857
1406314.285714
1512413.333333
1651759.523810
1422913.333333
694243.809524
1149063.809524
1870738.095238
1968078.095238
2381426.190476
1913200.000000
553939.047619
1234230.000000
1973756.666667
2126280.476190
1864634.285714
2560525.714286
1791558.095238
1285402.857143
1888358.095238
1804540.952381
1724373.333333
1250761.904762
1623723.333333
757226.190476
1670850.000000
1857683.809524
1873971.428571
1742973.333333
1473971.904762
1204691.904762
2050998.095238
1931756.190476
2338340.952381
2263982.857143
1521661.904762
813700.000000
1112070.000000
1634526.190476
1128270.476190
1605575.238095
1339151.904762
900520.000000
656640.000000
1103291.904762
996297.142857
1466626.666667
1319113.809524
1081330.000000
942781.904762
815305.714286
1212270.952381
1459476.666667
1828560.000000
1792616.190476
1143406.190476
1062871.904762
1533884.285714
1878674.285714
1893806.190476
1477805.714286
1820920.000000
2092351.904762
1969790.476190
2006474.761905
2445376.190476
2324625.714286
1965694.285714
1596034.285714
2205870.000000
2314535.238095
2443968.095238
2541287.619048
2541724.285714
802815.238095
1630980.952381
2190135.714286
2640244.285714
1995336.666667
2673474.285714
968668.571429
2064969.523810
2436990.000000
2417990.476190
2760565.714286
2486391.428571
2386817.142857
2113451.428571
2708331.904762
2668850.000000
2866318.095238
2562998.095238
2807176.190476
2328870.476190
2418085.714286
2711075.714286
2725792.380952
2742834.285714
2366419.047619
2422449.523810
2596494.761905
2770647.142857
2646556.190476
2594440.000000
2419750.000000
924179.047619
1283843.809524
2022087.619048
2076800.000000
2407348.571429
1847683.809524
815826.666667
1114179.047619
1507700.952381
1426167.619048
2094836.190476
1772110.476190
955674.285714
850786.666667
928824.761905
1233499.047619
1226097.142857
1171070.476190
1528013.809524
1337255.238095
673500.000000
1315008.095238
1408814.285714
1622055.714286
1712853.809524
750682.380952
904582.857143
1219546.190476
928721.904762
1482581.904762
1703990.000000
1427974.285714
1560980.952381
1260111.904762
1401969.523810
1558723.809524
1431131.428571
680327.619048
948211.428571
769375.238095
1124868.571429
826704.761905
1433422.857143
1354691.428571
1212455.238095
1119321.904762
1038967.619048
1495788.571429
1850834.285714
2006727.619048
1365689.523810
1530628.571429
1984464.761905
2140099.047619
2266672.380952
2800851.428571
2366074.285714
2369859.047619
1593281.904762
1854815.238095
2159737.142857
2105438.095238
1829278.095238
2298179.047619
2048165.714286
2286988.571429
2554834.285714
2770474.285714
2576638.095238
2975447.619048
1000394.285714
1642512.380952
2290129.523810
2388826.666667
2033422.857143
2262154.285714
1130874.285714
2083118.095238
2305516.190476
2022944.761905
2013651.428571
1905860.952381
846055.238095
1409401.904762
1626754.285714
1700836.190476
1724613.333333
933780.952381
906108.571429
1615546.666667
1667678.095238
1843260.000000
1527210.476190
1224285.714286
1798640.000000
2205415.238095
2357154.285714
2660485.714286
2580165.714286
2556758.095238
1375268.571429
2419758.571429
2649049.523810
2586584.761905
2658754.761905
2595805.714286
1296693.333333
1789497.142857
2029131.428571
1885691.428571
2190891.428571
1584733.333333
785714.285714
1104228.571429
1702026.666667
2049753.809524
1494167.142857
1627662.380952
880650.000000
762710.000000
828951.904762
1715460.000000
1701186.190476
1808401.904762
1823156.190476
1007644.285714
944228.095238
1306068.095238
1713221.904762
2594961.904762
2290733.809524
1920715.714286
880407.619048
1187516.190476
1368228.095238
1503983.809524
1872568.095238
1633091.904762
666042.857143
655948.571429
1054556.190476
896683.809524
907396.190476
1877576.190476
2090127.619048
1907797.142857
1115436.190476
994723.809524
2441567.619048
2035527.619048
1810557.619048
2287110.952381
1794280.000000
864804.285714
813460.000000
1338183.809524
1808500.000000
1374036.190476
1726628.095238
1307616.190476
1781055.238095
1852273.333333
2145121.904762
1977864.761905
1083904.761905
1508434.285714
2162239.523810
2413525.714286
1947693.333333
2352635.714286
1835499.523810
1413744.761905
1954380.952381
1950125.714286
2381960.000000
2080742.857143
2532561.904762
1250047.619048
1857619.523810
2454731.428571
2711964.761905
2991899.047619
2567793.333333
1158770.476190
1875685.714286
2047736.190476
2424628.095238
2137196.190476
1680986.190476
1358510.000000
2611782.380952
2715529.047619
2464963.333333
2250464.761905
2864321.904762
1029170.952381
1496912.380952
1536819.047619
1810062.857143
1681753.809524
1860712.380952
874278.095238
1732260.952381
1520180.952381
1845994.285714
1551073.809524
1222036.190476
803320.476190
1301603.809524
1425030.952381
1667714.285714
1808100.952381
2209023.809524
1211217.142857
776301.904762
1760151.904762
1797013.333333
2170602.380952
2045699.047619
2563625.714286
664606.190476
708940.476190
1622704.761905
1582416.190476
2476410.000000
2572635.714286
2560874.285714
669731.904762
1193664.285714
1245013.809524
1832170.000000
1920830.476190
1856548.095238
1228706.190476
1602523.809524
1842178.095238
1997016.190476
2559459.523810
2193541.904762
1728330.476190
1198060.000000
2279823.809524
2337860.000000
2216177.142857
1962788.095238
2059692.380952
906035.238095
1066495.238095
2137935.238095
2284827.619048
2154866.666667
2374969.047619
723516.190476
741346.666667
741990.476190
1483740.952381
1810860.000000
1781179.047619
1015150.476190
1609264.285714
1703855.238095
2651826.190476
2479693.809524
2498232.380952
1366201.904762
1740213.333333
2059274.285714
2364020.000000
2084969.523810
2171600.000000
2272330.000000
4016638.095238
2073243.809524
2582603.809524
2957288.095238
4142875.714286
2303208.095238
1127893.333333
2357797.619048
2703691.904762
2434590.000000
3394337.619048
3115366.190476
2654658.571429
1254221.904762
2678437.142857
3809116.190476
3374085.714286
3344879.047619
1808790.476190
2575529.523810
2330180.952381
2470640.000000
2806912.380952
2484438.095238
3606403.809524
3040611.428571
1988331.428571
2857032.380952
3085274.285714
3240674.285714
2921520.000000
2948148.571429
2394662.857143
2745696.190476
3621069.523810
3483066.190476
3622941.904762
3380977.619048
1775876.190476
2144209.523810
2388784.761905
2744809.523810
2844052.380952
1457838.571429
3028567.619048
3118949.523810
3081620.476190
3629675.714286
3613666.190476
3159974.285714
2973761.904762
3141665.714286
3211864.761905
3360180.952381
2979865.714286
3612851.428571
2863789.523810
3014928.571429
3019965.714286
2867626.666667
3214276.666667
3081219.523810
1421074.285714
2638702.380952
3041343.809524
3183397.142857
3095660.000000
3200983.333333
1429757.619048
2038449.523810
2605630.476190
2721327.142857
1645708.095238
2452664.285714
1024963.809524
847170.000000
1367785.714286
1604690.000000
1543554.285714
854783.809524
2014940.000000
2671646.190476
2105618.095238
2864254.285714
2242057.619048
662701.904762
937168.095238
1430702.380952
2434476.190476
2325127.619048
2670453.333333
2701748.095238
1674513.809524
2586295.714286
2827967.619048
2976603.809524
3215432.380952
3007743.809524
3373582.857143
1284158.095238
1555608.571429
2499017.619048
2457285.714286
2550893.809524
2579213.333333
1413179.047619
2077320.476190
2405911.904762
2587358.095238
2570517.619048
2576742.380952
3090540.000000
3264115.238095
3394940.476190
3255086.666667
2620898.095238
3236121.904762
2035906.666667
2267401.904762
2522790.000000
2574208.571429
2723887.619048
3385110.476190
2008487.619048
3162857.142857
3053326.666667
3015478.095238
2460820.952381
2603544.761905
833601.904762
1281883.809524
2041849.523810
2377826.666667
2529285.714286
2633740.952381
716740.952381
1561590.476190
1834664.761905
1828658.095238
1247002.857143
1837921.904762
1435725.238095
2304584.761905
2454121.904762
2557870.000000
2578553.809524
2873810.000000
1615307.619048
2778043.333333
3275878.095238
3441100.476190
3526484.285714
4013429.047619
3603971.428571
2480755.238095
2535589.523810
2654712.380952
2820796.190476
3371700.952381
2993169.047619
1182710.952381
2822690.000000
2927967.142857
3152711.904762
2771883.809524
2783557.619048
1024971.428571
2426895.238095
2644159.047619
2596916.190476
2698250.952381
1647174.285714
2068474.285714
2405319.523810
2530019.523810
2797167.619048
2755748.095238
2715771.428571
3079202.380952
3455544.761905
3150634.761905
3655020.952381
3682231.428571
3543056.666667
1608867.142857
2262634.285714
2651483.809524
2559259.047619
2983746.666667
2984507.619048
2003143.333333
2725135.238095
2865761.904762
2706592.380952
2855984.761905
2436672.380952
1566577.619048
1784672.380952
2426921.904762
2179537.142857
2189498.095238
2793609.523810
893883.333333
2343998.095238
2850460.000000
2886061.904762
2878160.000000
2605238.095238
1170586.190476
1488718.095238
1877441.904762
2619855.714286
2080373.809524
1544325.714286
1191868.571429
2079017.619048
2111876.666667
2952823.333333
2748611.428571
2345133.809524
1008645.714286
2446676.190476
2819270.476190
3140628.571429
2603427.142857
3205207.619048
1932640.952381
1995069.523810
2172176.190476
2742726.666667
3220640.000000
1725288.571429
2151027.619048
2368575.238095
2573703.809524
2839024.761905
2782019.523810
2912592.380952
2668765.714286
2788784.761905
2947499.047619
2825234.285714
2795466.666667
2595422.857143
755449.523810
2135009.523810
2118615.238095
2486076.190476
2634868.095238
2659687.619048
906056.190476
2630875.714286
2888724.285714
3024145.714286
3277302.857143
3120449.523810
2937331.428571
1052177.142857
1885658.095238
2359749.523810
2419354.285714
2325392.380952
2356205.714286
1615349.523810
2465567.619048
2720730.476190
2801074.285714
2832863.809524
2890949.523810
887421.904762
1760929.523810
2274871.428571
2579398.095238
2375090.476190
1832543.809524
867278.095238
1789354.285714
2009286.190476
2014403.809524
2404071.428571
2001070.476190
689112.380952
1780582.857143
2316140.952381
2423076.190476
2195620.952381
1838753.333333
996653.333333
1723670.476190
1853575.238095
1826060.952381
2081224.761905
1260626.666667
1401876.190476
993278.095238
2114592.380952
2473615.238095
2633169.523810
2881819.047619
1914165.714286
867575.238095
1214931.428571
1702598.095238
2299664.761905
2233443.809524
2555396.190476
963200.000000
1680228.571429
2005706.666667
2103316.190476
2270600.000000
1200076.190476
889316.190476
1712121.904762
1810533.333333
2192104.761905
2171841.904762
2261693.333333
653038.095238
612104.285714
912578.095238
1280070.476190
1536902.857143
2496568.095238
1695507.619048
1937010.000000
1368446.190476
651257.142857
