1923
868
1066
635
1381
924
861
737
816
855
588
875
954
880
549
816
669
4894
6349
10549
904099
858
988
19997
8571
938721
1255
779
1027
18031
9110
945401
1249
648
991
16232
9780
9699
908695
1014
1076
22176
8995
7870
965308
1228
668
950802
1457
987
1507
634
967
34327
909679
1274
909
915
605
958295
857
1544
842
1080
722
31083
933010
1563
780
1009
996
947613
1541
1119
1064
720
1002
971711
1753
1243
638
1021
989
977936
2647
812
1039
718
1015
31888
990002
1220
651
698
1041
35079
9626
994284
1241
650
1001
35350
1035684
1048
805
1040
1002
33332
7930
986741
966
1046
618
1023065
1041
1077
723
1004
746
33435
1020904
990
1070
728
1002
1032019
1776
1099
1058
1023
732
1043984
1357
785
1241
618
1019
31874
992038
806
1060
1029
734
31661
989792
1605
674
597
1009
33946
985334
1276
1052
610
576
36737
989458
983
753
1207
756
35733
9244
1007374
950
1058
610
35730
1011528
1731
1050
623
997
36044
976776
793
1052
624
1069
1016068
1059
1047
1032
616
1006
1018367
1333
634
1199
746
1033
32786
987623
987
1086
999
623
1064994
1687
985
1067
738
1037
33358
1021387
1779
944
816
596
1083464
1391
1312
635
1031
602
39116
1035933
1534
742
1015
913
1057408
1792
1100
1055
740
1008
1052915
1458
921
1185
869
989
1022575
1717
949
1318
726
1001
29814
1044208
1461
808
594
1131
35860
10065
1007234
1252
658
1513
35125
1028639
1026
738
916
1644
39847
14839
976444
818
1469
749
1082788
840
1378
630
1020
739
34566
1054669
954
1042
738
1025
1024118
1712
1070
1074
1001
599
1077929
1662
788
1015
729
993
38779
1000201
1020
1081
1020
736
33640
1027994
1777
685
718
1078
35357
985000
799
1034
762
616
38365
1017585
1199
771
1021
614
39267
12002
1003357
956
1080
626
41828
1017110
1774
1276
729
1048
35310
1005116
1197
1105
969
1035
1025907
1089
1250
1085
744
1030
1030856
1305
631
1055
721
997
36682
1030845
942
1104
899
920
1042624
1792
831
1216
769
1011
34412
1008789
1328
910
696
606
1049646
1406
1081
610
1425
601
33670
1014032
1490
780
1010
1011
1062769
1536
1161
1044
717
992
1038005
1450
925
741
951
1005
1047585
1259
636
1035
739
1036
31918
991830
1203
645
680
1047
33780
9065
1027374
1228
667
1013
37437
993334
1032
623
1197
1063
43669
9569
1006232
807
1074
780
1052911
1174
1112
626
1033
768
34252
1020867
1245
1046
791
990
1019510
1626
1089
1051
1007
606
1044005
1495
1146
1072
724
1011
39455
1017794
898
1057
1221
753
33616
999369
1058
773
809
1033
32802
1065509
953
1054
622
555
36086
1002922
1286
738
1211
608
40348
10873
969874
985
1056
618
41061
1038375
1740
1065
635
1122
33385
1050944
1128
1079
614
1029
1023874
1283
1097
1033
635
1356
1023478
1766
1037
1116
719
1015
36998
1010336
1233
1108
893
725
1047951
1262
640
1266
738
1005
33516
991769
1636
1069
757
915
1073639
1067
1068
814
1096
607
39315
1033080
1286
770
996
895
1045566
1273
774
999
617
978
1030812
1779
1061
767
614
1009
1029653
1434
674
1013
748
1007
32940
1014972
1224
664
681
885
37389
10076
984676
1236
655
1157
40378
992655
812
754
1069
1051
40570
12797
1038707
804
1043
614
1015427
820
1103
629
1265
776
34137
1028531
1407
1083
628
1015
1027701
1763
1038
1047
1023
627
1041544
1452
650
1471
734
1251
36342
1055669
802
1086
1243
623
36892
1020154
1437
766
590
1238
33149
1032677
931
1051
615
1222
36284
984856
943
622
1045
634
39714
13526
1005938
800
1060
944
38088
1055435
1334
1045
641
970
34521
994600
862
1052
947
1046
1055969
982
750
1012
775
1108
1020168
1410
812
1209
744
988
37972
1044510
1180
1075
913
1029
1079093
1551
875
1028
724
1001
35946
996902
1634
935
694
748
1049066
1299
1062
609
1434
602
35069
1014777
1702
652
1038
916
1066943
1622
1055
1255
634
1233
1033929
1357
1045
752
749
1018
1050994
1725
899
1216
608
1005
35957
1010101
1223
665
701
884
35149
10243
991449
1211
679
985
37638
1027067
996
632
1021
1873
40662
11168
1021942
806
1038
615
1021556
840
1392
765
1013
730
35848
1009951
1274
1085
615
896
1052287
1272
773
1031
900
588
1074091
1424
709
1320
748
1000
41408
1145875
825
1112
1021
621
32982
1050497
1101
812
984
1021
35992
1062296
848
1060
612
611
38780
1092989
954
623
1060
618
38617
12670
1047561
807
1050
631
41343
1022183
1770
1072
638
982
33521
1063810
1002
1069
611
1044
1058844
878
1198
1070
752
1235
1035490
1788
1197
1064
730
1004
36030
1045075
936
1108
925
713
1055068
1436
663
1010
794
988
35834
1022072
1320
926
707
607
1090484
1373
1163
613
1206
611
36480
1012372
1244
770
1001
1023
1098530
1258
796
1020
624
967
1106821
1538
1062
745
643
1194
1039365
1696
888
1324
738
982
34899
1027446
1205
669
696
910
38198
10157
1010139
1238
649
875
36717
1017250
1352
871
1420
1062
46251
9966
1024749
799
1033
1015
1071195
968
1092
623
1276
753
37802
1010588
988
1048
623
1431
1097172
1270
758
1026
887
566
1053543
1261
758
1024
723
998
36325
1045625
866
1037
883
1508
33946
1003500
1204
671
714
900
34950
1009615
981
1047
819
579
38507
990559
938
616
1047
614
38231
14244
1035979
819
1067
616
42883
1021835
1758
1087
630
1232
36639
1000775
804
1039
750
1030
1039047
822
1058
1129
635
1037
1041723
1439
665
1036
870
984
36298
1051250
886
1072
909
696
1032612
1320
1061
948
674
909
32831
1060505
1624
863
669
555
1026356
938
1224
629
1044
744
35716
1041039
1266
747
1028
1027
1042719
1749
1066
1041
612
846
1058639
1450
940
577
752
1028
1034505
1713
1100
1053
720
1004
28525
1041985
1475
1009
815
1060
35018
12380
989905
1250
932
1045
34845
1022923
950
642
1005
890
36997
11701
1027506
796
1057
765
1046236
901
1073
770
1197
673
32152
1017512
1754
1315
632
1020
1103520
2119
1095
1159
1010
611
1141461
1774
1139
1057
610
1196
32269
995575
812
1406
1031
728
31186
1020689
1083
789
803
1019
33281
997633
1082
1048
762
616
33969
1001126
1397
792
1029
647
34510
9788
1004118
812
1084
617
34926
1034300
1266
1037
969
1094
30400
999815
1554
1137
850
1013
1075771
1062
1000
1037
850
1027
1057334
1329
665
1007
738
1008
35051
1028648
901
1073
914
702
1034353
1324
901
1152
736
987
34588
1051322
1311
1292
723
988
1019919
897
1229
620
1032
609
34067
998919
1598
756
1019
1011
1081701
1717
1206
1044
618
862
1075472
1738
1123
754
613
963
1029264
1695
874
1040
724
1022
34212
1023814
1209
663
695
898
33772
15070
1079514
1229
1071
1111
33981
1011091
895
750
891
1095
33732
12540
984421
1229
1066
742
1036240
955
1716
789
1023
716
33724
1034990
1349
1087
617
995
1023762
1297
762
999
1026
619
1066797
2116
799
1011
625
988
33032
1000687
847
1025
890
927
34214
1025551
1448
1244
770
1029
32238
989691
904
1068
764
617
40046
1000128
1287
774
1013
612
35428
8735
1011569
801
1096
630
37082
1005097
1279
1052
634
970
31591
1015477
1336
1068
612
1218
1025761
1010
751
1012
743
990
1063263
1393
1027
1052
804
1038
36631
1039317
979
1090
1255
620
1042874
1296
759
1025
748
1009
31793
1001796
1299
923
708
609
1038614
1032
1315
627
1126
732
31402
1040556
1667
770
1013
890
1087227
1421
784
1052
602
949
1025425
1582
1055
772
606
1001
1059282
1743
898
1203
765
1000
33092
1007134
1680
679
973
846
32393
14399
1017155
1648
636
1215
37063
1009059
1079
641
983
915
36948
8649
993754
819
1045
610
1031974
1037
1086
616
1214
624
36446
1000241
1182
1080
661
979
1038082
1525
869
1157
1025
611
1070717
1450
920
1459
749
1002
34319
1057090
860
1051
1234
761
33447
981605
1087
793
600
1481
34946
998638
793
1042
624
1319
34938
1037275
938
614
1049
612
35904
8970
1034886
798
1037
610
37304
980345
1236
1074
634
912
35224
1027038
804
1062
621
1186
1037760
1280
1028
1352
747
989
1052801
1278
763
1021
664
1022
34252
1132181
1164
1099
1085
726
1070340
1427
868
1032
630
1018
34895
1053972
1273
929
708
617
1076250
987
1051
788
1048
716
34508
1040066
1580
719
980
949
1119530
1408
790
1194
616
969
1060389
1283
1036
622
783
904
1054348
1774
1092
1275
752
995
30198
1036961
1088
998
742
1046
33840
8929
998390
1249
642
871
33979
1008453
967
707
996
890
33676
10280
1000303
958
1053
614
1048461
805
1062
998
1423
626
30199
1064872
1164
1098
755
1024
1038169
1790
680
1287
1138
623
1041600
1722
671
1757
1022
1014
30880
1017330
845
1046
893
1227
32966
1026977
1271
653
604
1073
32149
1051341
1158
1091
629
1030
32394
1122550
986
745
1059
612
34628
10123
1062240
779
1310
807
34319
1040710
1609
1063
621
1291
34008
1068330
1023
1079
562
781
1046530
770
714
945
589
1116
1049069
1294
655
1040
739
1000
32835
1007321
974
1098
1023
620
1026786
1514
829
1047
739
1003
33798
1022429
1260
1046
630
670
1048129
977
1153
757
1021
618
31441
1009915
1278
769
1044
1018
1182039
1686
1026
1040
615
843
1065956
1367
926
1148
719
993
1046113
1465
666
996
975
1053
31409
1014620
1389
765
602
1445
35600
9135
1006980
1277
695
1010
34323
1044433
809
753
931
854
36058
9531
1029461
782
1077
624
1042373
825
1076
627
1017
729
34687
1031633
925
1043
727
1069
1039807
1415
1109
1185
1021
598
1052451
1352
862
1052
723
1051
32705
1001442
855
1046
891
1023
33928
1031754
1247
761
746
1472
33082
1000967
997
1069
606
748
35697
1020030
1376
775
1014
615
34184
9296
983353
791
1089
610
36382
994657
1899
1082
641
977
38323
1021769
825
1093
630
1043
1052500
945
934
1009
615
1017
1032205
1285
633
1048
637
1021
36265
1067454
1029
1092
1073
684
1083948
1318
1135
1634
768
985
36318
1014840
1678
952
726
615
1039321
812
1064
634
1026
612
32895
1013001
1376
750
1024
1043
1052346
1694
660
1021
601
986
1055822
1426
917
1344
757
988
1062822
1491
1112
1031
607
1202
31863
1009983
1407
670
699
912
34451
9622
1014528
1254
650
991
35332
1061773
943
627
1014
917
37611
11368
1060802
801
1038
626
1020392
816
1062
768
1030
599
32987
1022280
937
1059
616
882
1033672
1759
1096
1058
908
574
1086818
1435
1099
1048
1134
1009
33298
1012914
829
1079
1231
766
36512
1029915
1075
899
607
1067
32206
1000266
954
1057
619
562
34078
1035486
962
744
1044
634
33225
10505
1022491
791
1092
766
36904
1015074
1358
1066
625
980
35027
1032277
811
1086
781
1036
1022696
1097
763
1007
733
1008
1037018
2113
681
1014
603
1020
36495
1019601
927
1501
914
965
1034084
2377
1190
1050
619
1143
32336
1025679
1296
950
1412
754
1051279
1102
1403
955
1018
716
31357
1004778
1246
795
1008
1029
1082565
1517
772
998
852
846
1037049
2542
1303
767
595
944
1063361
2379
677
1008
620
1008
32722
1114810
1227
665
683
916
34152
10717
1047310
1236
751
993
47984
1142184
1086
739
899
1291
34772
8593
1041449
800
1069
614
1072462
1083
1052
767
1230
633
33516
1104627
1329
1083
632
1306
1088454
1502
770
1023
1008
610
1098652
1783
705
1463
733
1015
32818
1060036
813
1043
913
1353
33126
1046516
1473
783
623
997
34772
1031333
1169
1064
616
1421
34224
1001391
972
767
1247
634
34853
9108
1044950
778
1031
794
34089
1031126
1292
1032
631
901
35550
1049065
1344
1097
754
1045
1033487
1671
760
1146
675
1039
1065821
2264
1290
1035
611
850
33680
1029854
933
1074
892
690
1029549
1260
639
1024
754
990
33631
1046953
1370
946
595
596
1043947
1032
1088
621
1017
593
34891
1016545
1371
781
1039
1028
1054016
1791
1058
1117
634
1212
1098481
1438
956
600
1073
1024
1029447
1747
1111
1045
607
843
33532
1035761
1446
779
612
1132
36082
9814
1022606
1246
691
1090
35051
1019320
813
747
901
1040
35046
8991
1029132
956
1079
628
1021550
1195
1082
764
1035
609
32210
1035223
988
1079
637
1020
1051774
1765
793
1034
1034
607
1054640
2223
893
1051
643
986
31152
1013280
962
1047
895
761
33726
993829
1457
770
743
1033
33478
1043960
798
1111
635
561
39058
1043869
1224
776
1020
623
33287
8253
1052486
807
1056
630
32071
1017812
1268
1049
621
996
32250
1014743
1230
1068
626
1301
1061382
1073
949
2305
752
1014
1047517
1736
1092
1038
608
842
29396
1025599
928
1071
896
705
1030697
1719
778
1273
756
992
31748
1001049
1242
940
593
1134
1046143
864
1369
627
1027
600
29624
1004024
1422
754
1025
1242
1081393
1720
1081
1052
613
959
1049908
1566
1198
617
598
1024
1039845
1359
642
1282
909
1025
29564
993763
1897
693
683
909
29677
11779
978191
1245
631
1395
31041
1027493
823
749
1061
1020
30376
14922
1022662
955
1055
621
1090427
978
1059
619
1532
730
30669
1008781
1374
1080
737
1024
1040756
1305
749
1003
1007
600
1067109
1471
649
1015
729
1032
35771
1005379
978
1072
1025
754
32098
1019996
1117
770
612
1418
31856
1038692
951
1052
622
574
33460
997676
1326
790
1197
624
30909
12442
1010587
1230
1065
645
36943
1017683
2288
1354
765
1023
33243
1010046
1225
1041
639
1043
1035556
Xput: 5697
