5022302.857143
4275650.000000
4168955.714286
4167665.714286
2030144.761905
2059817.142857
2272664.285714
2246651.428571
1868081.904762
2302661.904762
2295514.761905
2306057.619048
16449505.714286
15554396.190476
17615774.761905
15829256.190476
1868115.238095
2124618.095238
2660444.761905
3061972.857143
3132273.333333
2348253.333333
1554318.095238
2454108.095238
2959228.571429
2162803.809524
1908994.285714
1740774.761905
2322794.761905
1664098.095238
1753006.190476
1816731.428571
1800786.190476
1966363.809524
1666040.000000
1552822.857143
2135100.000000
1573891.904762
1659859.523810
1715531.904762
2739023.809524
1718277.142857
2186451.428571
2184090.476190
2669417.142857
1721321.904762
2933528.095238
3082743.809524
2772219.047619
2590871.904762
1374777.142857
1590560.000000
1337291.428571
1928141.904762
2084228.571429
2046351.428571
2614704.761905
1494970.000000
2737636.190476
3074894.285714
3208243.809524
3193140.000000
1788527.619048
3781616.190476
1557005.714286
2107060.000000
2216442.380952
3220543.809524
2699583.809524
1347492.380952
1957870.476190
1699904.761905
1458083.809524
1949818.095238
2172864.761905
2172840.000000
1299883.809524
1219910.000000
2775940.952381
1966817.619048
1509250.000000
1562693.809524
3114869.523810
2762426.666667
1904221.904762
1680096.190476
1959843.809524
1667940.952381
2055630.476190
2310582.857143
2177651.428571
3240561.904762
2015516.190476
2359944.761905
2273761.904762
3119177.142857
1557448.095238
1990424.761905
2110057.142857
2502764.285714
1352394.761905
1650857.142857
3212064.761905
1899761.428571
1446432.380952
1542700.000000
1423912.380952
2284311.904762
2000662.857143
2314908.571429
2197156.190476
1637586.666667
1934830.476190
1889940.952381
1975699.047619
2546502.857143
1689797.142857
1618573.333333
1937690.000000
2234992.380952
1661216.190476
1811601.428571
1760789.523810
1905635.714286
1408356.190476
1834210.000000
1970514.285714
1901584.761905
1753291.904762
1599704.761905
2680893.333333
2031986.666667
1962363.809524
1495487.619048
1358192.380952
1365819.047619
1790430.476190
1725548.571429
1916864.761905
2801086.190476
2766564.761905
2694818.095238
2888236.666667
1657067.619048
2019571.428571
2156651.428571
2123398.095238
2101447.619048
2569308.095238
1886114.285714
2058032.380952
2481101.904762
2662630.476190
1820483.809524
1469460.000000
1706401.904762
1706575.238095
1374160.000000
1766651.904762
1864504.285714
1813383.809524
2014064.285714
1619608.095238
1641755.714286
1665885.714286
1420935.238095
1453788.095238
1645642.380952
1775266.666667
1952304.761905
1750981.904762
2017984.285714
2694728.571429
1656538.095238
2172127.619048
2510648.571429
2799285.714286
1998577.142857
1666892.380952
1531514.285714
1871264.761905
1820020.952381
1418710.476190
1663967.619048
2047192.380952
1562888.095238
1660478.095238
1916544.285714
2508847.619048
1345091.904762
1666640.000000
2686581.904762
1970169.523810
1623785.714286
1561045.714286
2250053.809524
1527760.000000
2452539.047619
1394554.285714
1163473.809524
1426121.904762
1555648.095238
1617900.952381
1834590.476190
1604647.619048
1282032.380952
1451830.476190
1528000.000000
1860161.904762
1609708.095238
1826017.142857
1878933.333333
1584230.000000
1392521.904762
1422718.571429
2901264.761905
1343002.380952
1419040.000000
1903914.285714
2680521.904762
1498150.000000
2406848.095238
2567118.095238
2313988.571429
1860681.904762
1362151.904762
3283758.095238
2280398.095238
2501318.095238
2159220.000000
1633483.809524
1364105.714286
1670422.857143
2027628.095238
1878408.095238
2873260.000000
1217574.285714
1838133.333333
1964493.333333
1536605.714286
1459164.285714
3139220.000000
1684823.809524
1735706.666667
1636462.857143
1436981.904762
1359653.333333
1578950.000000
1394017.142857
1463816.190476
1485624.761905
1554602.380952
1686752.380952
2627489.523810
2488792.380952
2616342.857143
1456662.857143
1565441.904762
1927664.761905
2147579.047619
2054203.809524
2550801.904762
1507803.809524
1527834.285714
1561227.619048
1933841.904762
1606864.761905
1837447.619048
1857920.000000
1422960.000000
2438223.809524
1533528.095238
1568593.809524
1507068.095238
1588851.904762
1815751.904762
1433440.000000
1488910.000000
1548070.000000
1529541.904762
1564131.904762
1692173.809524
1328292.380952
1783444.285714
1522031.904762
1455930.000000
1553331.904762
1740748.095238
1511495.714286
1659305.714286
1459558.095238
1396748.095238
1495066.190476
1558158.095238
1449541.904762
1308273.809524
1406070.000000
1422935.714286
1513252.380952
1429227.619048
1453188.571429
1542881.904762
1781028.571429
1558744.285714
1495259.047619
1411670.000000
1631162.380952
1380604.285714
1384996.190476
1309293.809524
1463470.000000
1583993.809524
1410723.809524
1471798.095238
1506218.095238
1549598.095238
1338480.000000
1382803.809524
1670912.380952
1196256.190476
1361716.190476
1328546.190476
1556503.809524
1553620.000000
1277553.809524
1322810.000000
1660250.000000
1529361.904762
1568164.285714
1830803.809524
1516181.904762
1784434.285714
1886246.190476
1799665.714286
1531328.095238
1523856.190476
1550924.285714
1658354.285714
1841572.380952
1470451.904762
1547684.285714
1594390.000000
1452300.000000
1304504.285714
1494533.809524
1616243.809524
1549833.809524
1564663.809524
1547134.285714
1633321.904762
1488348.095238
1701908.095238
1295236.190476
1410545.714286
1607568.095238
1616765.714286
1513610.000000
1607890.000000
1748938.095238
1482978.095238
1418884.285714
1496710.000000
1896631.904762
1497300.952381
1358291.428571
1694530.000000
1994924.285714
1757015.238095
1430910.476190
1996421.904762
1491570.000000
1194291.428571
1399811.428571
1470931.904762
1581164.285714
1465078.095238
1471007.142857
1581781.904762
1990178.095238
1588027.619048
1466991.904762
1525016.190476
1505741.904762
1356484.285714
1591430.000000
1674645.238095
1652384.761905
1503910.000000
1514385.714286
1885663.809524
1474380.000000
1540034.285714
1236974.285714
1382443.809524
1532960.000000
1649198.095238
1930310.000000
1665481.904762
2112413.809524
1567244.285714
1637744.285714
1644530.000000
2157131.904762
1389958.095238
1458203.333333
1739076.666667
2027411.904762
1419963.809524
1200660.952381
1380434.285714
1232521.904762
1500252.857143
1276803.809524
1321723.809524
1687161.904762
1361410.000000
1461198.095238
1421048.095238
1862503.809524
1641638.095238
1585750.000000
1693152.380952
1863950.000000
1472930.000000
1514280.000000
1566113.809524
1543183.333333
1528053.809524
1440460.000000
1551175.238095
1801161.904762
1510645.714286
1427728.095238
1407563.809524
1300306.666667
1402581.904762
1202808.095238
1329139.047619
1470803.333333
1223580.000000
1311941.904762
1447618.095238
1645254.285714
1442586.190476
1290705.714286
1396661.904762
1675393.809524
1273198.095238
1388504.285714
1443030.000000
1479311.904762
1798695.714286
1293087.619048
1464778.095238
1511535.714286
1584632.380952
1411657.619048
1636165.714286
1686388.095238
1196766.190476
1399841.904762
1400977.619048
1745627.619048
1335271.904762
1494394.285714
1552040.000000
1545491.904762
1471341.904762
1532650.000000
1603850.000000
1472579.047619
1788080.000000
1502788.095238
1640146.666667
1450504.761905
1485000.000000
1313294.285714
1404765.714286
1526847.619048
1325095.714286
1338871.904762
1559869.047619
1436228.095238
1659951.904762
1631087.619048
1620501.904762
1714112.380952
1578791.904762
1519792.380952
1500630.476190
1557186.666667
1477232.380952
1423307.619048
1569900.952381
1790385.714286
1591000.000000
1413107.142857
1524430.476190
1451667.619048
1626925.714286
1615233.809524
1729779.047619
2003512.380952
1611990.000000
1569990.000000
1591448.095238
1750274.285714
1247473.809524
1180650.000000
1883857.619048
1689186.190476
1294788.095238
1535968.095238
2166083.809524
1404548.095238
1696568.095238
1474440.000000
1496088.095238
2192193.809524
1168805.714286
1230714.285714
1564768.095238
1722155.714286
1621480.000000
1511125.714286
1476577.619048
1811488.095238
1168081.904762
1221344.761905
1821389.047619
1422177.142857
1485335.238095
1609891.428571
1302640.000000
1665624.761905
1442775.238095
1555335.238095
1354393.809524
1313020.952381
1712556.190476
1777206.666667
1680820.952381
1723329.047619
1805655.238095
1519589.047619
1542241.428571
1810102.380952
2238885.714286
1528297.142857
1959400.476190
2002560.000000
1718582.857143
1770783.809524
2026560.000000
1704032.857143
1319051.428571
1323103.809524
1504595.714286
2005851.904762
1945468.095238
1893011.904762
2096181.904762
1653363.809524
1602582.380952
1680961.904762
2052153.809524
1595022.857143
1532338.571429
1586233.809524
2314464.285714
1190982.857143
1448120.952381
1560070.000000
1544176.190476
1536530.000000
1445440.000000
1577500.000000
1702615.714286
1599800.000000
1451528.095238
1508978.095238
1818230.000000
1341673.809524
1308206.190476
1527360.000000
1403861.904762
1349474.285714
1480931.904762
1466285.714286
1590882.380952
1539328.095238
1252400.000000
1286551.904762
1412411.904762
1435090.000000
1634616.190476
1708553.809524
1923728.095238
1556862.380952
1837805.714286
1859860.000000
1647046.190476
1614120.000000
1462046.190476
1537578.095238
1579810.000000
1765914.285714
1605161.904762
1690660.000000
1469086.190476
1606115.714286
1628581.904762
1646064.285714
1639982.380952
1591957.619048
1444107.619048
1715766.190476
1544974.285714
1534496.190476
1492174.285714
1565230.000000
1800960.000000
1567471.904762
1502588.095238
1471395.714286
1641504.285714
1305030.000000
1522442.380952
1578003.809524
1556294.285714
1759624.285714
1548876.190476
1620271.904762
1613286.190476
1552083.809524
1479034.285714
1576442.380952
1595563.809524
1530418.095238
1557001.904762
1555561.904762
1465950.000000
1523606.190476
1588043.809524
1641520.000000
1725023.809524
1525390.000000
1502464.285714
1654234.285714
1618934.285714
1428495.714286
1289264.285714
1465560.000000
1406805.714286
1487038.095238
1575408.095238
1637843.809524
2312231.428571
1484084.285714
1401920.000000
1991467.619048
1908275.714286
1707975.714286
1289330.000000
1380136.190476
1272316.190476
1236574.285714
1384918.095238
1510404.285714
1914862.380952
1360823.809524
1277458.095238
1373520.000000
1627582.380952
1536826.190476
1400860.000000
1370380.000000
2095470.000000
1429500.000000
1734613.809524
2021527.619048
1945108.095238
1845638.095238
1621827.619048
1581090.000000
1807193.809524
1658590.000000
1598640.000000
1742216.190476
1865518.095238
1814267.619048
1323921.904762
1505986.190476
1371455.714286
1330006.190476
1264660.000000
1466135.714286
1451390.000000
1526588.095238
1238461.904762
1293077.619048
1738678.095238
1572131.904762
1588622.380952
1618463.809524
2052411.904762
1376400.000000
1441670.000000
1470543.809524
1514758.095238
1420570.000000
1468021.904762
1683070.000000
1489853.809524
1609973.809524
1259053.809524
1366846.190476
1518194.285714
1633363.809524
1412738.095238
1445235.714286
1774004.285714
1469275.714286
1486948.095238
1468664.285714
1964430.000000
1239241.904762
1469455.714286
1492148.095238
1688803.809524
1497200.000000
1110290.000000
1825073.809524
1439365.714286
1506071.904762
1478800.000000
1677054.285714
1823940.000000
1335328.095238
1338148.095238
1538062.380952
2063190.000000
1600346.190476
1478335.238095
1469120.952381
2174010.476190
1602333.333333
1800308.571429
1838851.428571
1513770.952381
1712147.142857
1383643.809524
1128927.619048
1552051.428571
1745452.380952
1436794.285714
1227605.714286
1872689.523810
1564931.428571
1339114.285714
1405967.619048
1639114.285714
2071985.714286
1405361.904762
1390326.666667
1587884.285714
1864247.619048
1537904.761905
1761274.285714
1507854.285714
2008803.809524
1496213.333333
1574663.809524
1634080.000000
1677703.809524
1451178.095238
1378730.000000
1375761.904762
1558323.809524
1685286.190476
1654798.095238
1615780.000000
1517695.714286
1687142.380952
1398486.190476
1716513.809524
1564613.809524
1461133.809524
1753462.380952
1958963.809524
2048181.904762
1470460.952381
1580818.095238
1615393.333333
1474088.571429
1552621.904762
1305303.809524
1677794.285714
1478906.190476
1402316.190476
1453048.095238
1430004.285714
1440001.904762
1708725.714286
1381371.904762
1475386.190476
1460948.095238
1440455.238095
1346241.904762
1606611.904762
1532841.904762
1480094.285714
1340238.095238
1481008.095238
1468628.095238
1427721.904762
1341244.285714
1420680.000000
1796908.095238
1310150.000000
1193995.714286
1369638.095238
1348323.809524
1268256.190476
1334208.095238
1425661.904762
1525320.000000
1488273.809524
1480215.714286
1482358.095238
1528810.000000
1666096.190476
1484295.714286
1596806.190476
1727770.000000
1650391.904762
1488386.190476
1584650.000000
1474488.095238
1443623.809524
1447633.809524
1531603.809524
1503836.190476
1482175.714286
1251214.285714
1368263.809524
1357295.714286
1879880.000000
1650356.190476
1793151.904762
1528634.285714
1492352.380952
1367471.904762
1439290.000000
1425661.904762
1753290.000000
1437587.619048
1559886.190476
1458607.619048
1706291.904762
1227640.000000
1289050.000000
1231656.190476
1211532.380952
1242371.904762
1312777.142857
1438518.095238
1685454.285714
1360888.095238
1285426.666667
1622516.190476
1564251.904762
1549034.285714
1571310.476190
2252769.047619
1501672.380952
2014826.190476
2095174.285714
1574360.000000
1845563.809524
1525780.000000
1495294.285714
1663110.476190
1749339.047619
1389046.666667
1717851.904762
1475449.523810
1484125.714286
1632256.190476
1315181.904762
1364687.619048
1679158.095238
1455086.666667
1716530.000000
1351615.238095
1357188.571429
1658485.714286
1594371.428571
1480518.095238
1394040.000000
1366572.380952
1487617.142857
1519847.619048
1708782.857143
1681594.285714
1861800.000000
1277078.095238
1267247.619048
1747358.095238
2033839.047619
1305640.952381
1151784.761905
1441948.571429
1183454.761905
1224970.000000
1292731.904762
1400251.904762
1892023.809524
1385841.904762
1549242.380952
1559857.619048
1564744.285714
1441635.714286
1534293.809524
1537959.047619
1763950.000000
1612021.904762
1439808.095238
1494793.809524
2035700.000000
1772425.714286
1771978.095238
1774357.619048
1536800.000000
1661113.809524
1537628.095238
1474564.285714
1401096.190476
1423820.000000
1397996.190476
1389773.809524
1546234.285714
1674753.809524
1400181.904762
1378670.000000
1567121.904762
1560988.095238
1430830.000000
1582842.380952
1500232.380952
1945594.285714
1332474.285714
1525003.809524
1598386.190476
1556472.380952
1404940.000000
1484278.095238
1627741.904762
1433036.190476
1114763.809524
1597821.904762
1523931.904762
1429644.285714
1540254.285714
1656890.000000
1570521.904762
1270266.190476
1403750.000000
1594422.380952
2230768.095238
1799810.000000
1190370.476190
1453647.619048
1356805.238095
1180040.000000
1208223.809524
1437690.000000
1883446.190476
1480083.809524
1325458.095238
1397433.809524
1748386.190476
1385782.380952
1544940.000000
1535505.714286
1544676.190476
2091764.285714
1505428.095238
1529044.285714
1545660.000000
1480156.190476
1226272.380952
1316433.809524
1582950.000000
1474350.000000
1323336.666667
1388396.190476
1429234.761905
1474508.095238
1590555.714286
1673321.904762
1813908.095238
1685143.809524
1341857.619048
1582328.095238
1446841.904762
1510380.000000
1359701.904762
1435240.000000
1642738.095238
1579013.809524
1577640.000000
1753958.095238
2381758.095238
1635948.095238
1806017.619048
1892908.095238
1554208.095238
1754276.190476
1353152.380952
1398519.523810
1572930.476190
1973620.000000
1369991.904762
1867674.285714
1682716.190476
1478578.095238
1809682.380952
1310485.714286
1375683.809524
1661880.000000
1691082.857143
1224287.619048
1555428.571429
1670965.714286
1820459.047619
1446946.666667
1156716.190476
1694074.285714
1557782.857143
1278011.428571
1195485.714286
1362840.000000
1470632.380952
1219746.190476
1234863.809524
1425975.238095
1656241.904762
1220746.190476
1412433.809524
1446796.190476
1478811.904762
1497815.238095
1326908.095238
1404281.904762
1446992.380952
1590240.000000
1233473.809524
1585210.000000
1247598.095238
1298381.904762
1306798.095238
1381577.619048
1462941.904762
1406978.095238
1305464.285714
1581221.904762
1640942.857143
1511526.190476
1291061.904762
1452360.000000
1307977.142857
1345614.285714
1478430.000000
1435706.666667
2353440.000000
1858030.000000
2188993.809524
2288589.523810
1889763.809524
1804312.380952
1459688.095238
1462838.095238
1546460.000000
1276361.904762
1542771.904762
1563861.904762
1501410.000000
1552421.904762
1353208.095238
1419660.000000
1418418.095238
1527353.809524
1423578.095238
1567817.619048
1398752.380952
1360908.095238
1261431.904762
1350467.619048
1925885.714286
1458964.285714
1670100.000000
1626425.714286
2054785.714286
1570322.380952
1436913.809524
1367141.904762
1661356.190476
1421458.095238
1255060.000000
1318460.000000
1522324.285714
1407086.190476
1609678.095238
1691866.190476
1693523.809524
1480351.904762
1552203.809524
1612110.000000
1571988.571429
1626930.000000
1246456.190476
1367392.380952
1925003.809524
1300950.000000
1579651.904762
1747130.000000
1451713.809524
1300180.000000
1291551.904762
1394460.000000
1410682.380952
1790075.714286
1450021.904762
1497211.904762
1412981.904762
1564436.190476
1397681.904762
1466318.095238
1486624.761905
1288310.000000
1188902.857143
1385574.285714
1459281.904762
1440876.190476
1580965.714286
1694548.095238
1708058.095238
1531531.428571
1499278.095238
1580671.904762
1505161.904762
1712160.000000
1556944.285714
1719265.714286
1366088.095238
1405606.190476
1447061.904762
1715280.000000
1703188.095238
1699875.714286
1484364.285714
1607666.190476
1841509.523810
1441557.619048
1601143.809524
1671632.380952
1616371.428571
1573260.000000
1405438.095238
1674051.428571
1652222.857143
1629136.190476
1566000.000000
1497876.190476
2062564.285714
1440341.904762
1309211.904762
1386841.904762
1438440.000000
1269710.000000
1390518.095238
1461207.619048
1363976.190476
1864710.000000
1477938.095238
1555970.000000
1476561.904762
1670622.857143
1445758.095238
1735402.380952
1546270.476190
1419430.000000
1404424.761905
1493198.095238
1592569.523810
1461335.714286
1326683.809524
1398811.904762
1402772.380952
1545578.095238
1480674.285714
1599370.000000
1740188.095238
1669676.190476
1618351.904762
1495781.904762
1767428.095238
1679088.095238
1440553.809524
1502211.904762
1495601.904762
1683751.904762
1516677.619048
1852376.190476
1447798.095238
1841954.285714
1328855.714286
2114034.285714
2078114.285714
1355121.904762
1816161.904762
1701706.190476
1519563.809524
1241128.095238
1280894.285714
1267643.809524
1465190.000000
1510430.000000
1652846.190476
2404050.000000
1423176.190476
1399676.190476
1422030.000000
1714410.000000
1414465.714286
1351703.809524
1454310.000000
1599931.904762
1300897.619048
1469391.904762
1542668.095238
1492592.380952
1244822.857143
1494951.904762
1509653.809524
1608297.142857
1749308.571429
1739750.000000
1746776.190476
1487164.285714
1513436.190476
1364316.190476
1378083.809524
1519426.190476
1382520.000000
1619473.809524
1604870.000000
1742708.095238
1655615.714286
1295278.095238
1414428.095238
1351176.190476
1457196.190476
1624316.190476
1629948.095238
1962044.285714
1422596.190476
1420271.904762
1614843.809524
1624436.190476
1467180.000000
1360032.857143
1560347.142857
1797621.904762
1382682.380952
1449299.047619
1685845.714286
1717243.809524
1274384.761905
1291900.952381
1512076.190476
1937485.714286
1377451.428571
1547645.714286
1619224.761905
2006521.904762
1270198.095238
1305500.952381
1539595.238095
1418788.571429
1481100.000000
1188363.809524
1276413.809524
1450872.380952
1583853.333333
1845452.380952
1688766.190476
1822474.285714
1346380.952381
1695972.380952
1848796.190476
1973412.857143
1677595.238095
1326628.095238
1626323.809524
1560093.333333
1265611.904762
1324798.095238
1450558.095238
1542833.333333
1345183.809524
1259393.809524
1627225.238095
1453106.190476
1488900.952381
1377259.047619
1320782.857143
1788664.761905
1542344.761905
1607497.142857
1473807.619048
1496569.523810
1379794.285714
1177371.428571
1245245.714286
1435059.047619
1864579.047619
1475544.761905
1587735.238095
1609188.571429
1963956.190476
1681024.761905
1579662.857143
1867253.333333
1754935.238095
1726055.238095
1278645.714286
1640434.285714
1556527.142857
1385584.285714
1168914.285714
1724638.095238
1548954.285714
1301078.095238
1375463.809524
1549158.095238
1688979.523810
1397071.904762
1312600.000000
1468108.095238
1915043.333333
1444792.857143
1369783.809524
1783901.904762
1537468.095238
1431586.666667
1467591.904762
1658350.476190
1873457.142857
1359295.238095
1288072.380952
1483352.380952
1932992.380952
1081672.380952
1195034.285714
1570601.904762
1581182.857143
1268868.571429
1375880.000000
1269874.285714
1761090.476190
1387253.333333
1208514.285714
1381650.000000
1630544.285714
1466876.190476
1373638.095238
1468988.095238
1381350.000000
1596251.904762
1329693.333333
1339078.095238
1385656.190476
1344291.904762
1484664.761905
1489125.714286
1423498.095238
1622345.714286
1702400.952381
1630724.285714
1921996.190476
1608321.904762
1615550.000000
1590980.000000
1392626.190476
1449128.095238
1683379.523810
1704771.428571
1355070.000000
1582988.095238
1674390.000000
1885233.809524
1578203.809524
1586728.095238
1617345.714286
1530698.095238
1712203.809524
1504121.904762
1412004.285714
1431455.714286
1421203.809524
1327271.904762
1330570.000000
1420906.190476
1648073.809524
1402186.190476
1210368.095238
1373638.095238
1640084.285714
1423430.000000
1396130.000000
1434170.000000
1826918.095238
1389001.904762
1308068.095238
1586510.000000
1329600.000000
1245100.000000
1328780.000000
1354890.000000
1456743.809524
1752860.000000
1473210.000000
1565690.000000
1743150.000000
1697913.809524
1458010.000000
1450034.285714
1388097.619048
1165112.857143
1342103.809524
1389190.000000
1512238.095238
1243428.571429
1270543.809524
1371572.380952
1666285.714286
1261607.619048
1511230.000000
1995043.809524
1406460.952381
1393780.952381
1339661.904762
2073395.714286
1397003.809524
1400144.761905
1489973.809524
2393831.904762
1295516.190476
2078997.142857
1385010.000000
1345421.904762
1649601.904762
1854853.809524
1759512.380952
1932313.809524
1207433.809524
1777991.904762
1809721.904762
1325218.095238
2184676.190476
1582070.000000
1225033.809524
1383756.190476
1877234.285714
1465426.190476
1425120.000000
1875586.666667
1598062.380952
2177979.523810
1725350.476190
1261314.285714
1522643.809524
1396400.000000
1371003.809524
1418310.476190
1523080.952381
1433816.190476
1443697.142857
1473460.952381
1545003.809524
1932251.904762
1444533.333333
1330186.190476
1499880.000000
1435268.095238
1665171.904762
1776720.000000
1985235.714286
1838020.000000
1725361.904762
1335211.904762
1330440.000000
1375465.714286
1378300.000000
1308954.285714
1576733.809524
1512678.095238
1600243.809524
1484575.714286
1556130.000000
1556271.904762
1429227.619048
1491291.904762
1616318.095238
1500474.285714
1371179.047619
1235570.952381
1404830.000000
1365628.095238
1403028.571429
1605803.809524
1706363.809524
1778437.619048
1534003.809524
1595961.904762
1627433.809524
1616024.285714
1672603.809524
1498586.666667
1625244.285714
1821243.809524
1450579.047619
1305085.714286
1417620.000000
1264143.809524
1601491.904762
1512741.904762
1564885.714286
1487680.000000
1810306.190476
1569562.380952
1568460.000000
1625691.904762
1544818.095238
1313042.380952
1376866.190476
1469873.809524
1507250.000000
1514340.000000
1673498.095238
1324173.809524
1904711.904762
1148868.095238
1390796.190476
1574710.000000
1371404.285714
1396822.380952
1418562.380952
1850838.095238
1271780.000000
1358901.904762
1395972.380952
1348740.000000
1409737.619048
1423561.904762
1442696.190476
1606594.285714
1501436.190476
1412361.904762
1536360.000000
1478170.000000
1513696.190476
1395218.095238
1571642.380952
1561418.095238
1600362.380952
1458097.619048
1437338.095238
1293012.380952
1633016.190476
1489883.809524
1521520.000000
1559068.095238
1951571.904762
1453081.904762
1524200.000000
1380860.000000
1461988.095238
1277551.904762
1496148.095238
1308591.904762
1140836.190476
1211394.285714
1460218.095238
1576551.904762
1492720.000000
1424750.000000
1556081.904762
2037355.238095
1396411.904762
1255141.904762
1466240.000000
1540568.095238
1121620.000000
1306888.095238
1374998.095238
1597862.857143
1303853.333333
1399259.047619
1377268.095238
1558415.238095
1413653.333333
1378396.190476
1497146.666667
1507708.571429
1511561.904762
1513447.142857
1586758.095238
1495338.095238
1488640.000000
1272798.095238
1363047.619048
1343085.714286
1664111.904762
1651068.571429
1675914.285714
1544132.380952
1619680.952381
2106627.619048
2119224.285714
2185381.904762
2058718.095238
1327900.000000
2390481.904762
1312008.095238
1767056.190476
1742763.809524
2110809.523810
1885488.095238
1342891.904762
2013160.000000
1282270.000000
1361466.666667
1272770.000000
1249554.285714
1786710.000000
1521207.619048
1641783.809524
1583045.714286
2053848.095238
1352099.047619
1481990.000000
1463139.047619
1856090.000000
1473102.857143
1447120.000000
1608998.095238
1465993.809524
1454575.238095
1253956.190476
1352223.809524
1466381.904762
1256141.904762
1459533.809524
1528050.000000
1812547.619048
1272396.190476
1467430.000000
1525408.095238
1712115.714286
1467233.809524
1446886.190476
1545768.095238
1420198.095238
1569154.285714
1345986.666667
1345488.095238
1439530.000000
1683923.809524
1553506.666667
1577630.000000
2056266.190476
1302490.952381
1868368.095238
1971694.285714
1461673.809524
1772608.095238
1527314.285714
1545844.285714
1319455.714286
1632090.000000
1826439.523810
1334411.428571
1440563.809524
1464164.285714
1725400.000000
1318895.238095
1531413.809524
1713945.714286
1467651.428571
1497375.238095
1225504.761905
1545440.000000
1527904.761905
1335262.857143
1144640.000000
1595024.761905
1531881.904762
1077190.476190
1275476.190476
1602518.095238
1839139.047619
1499047.619048
1304342.857143
1585961.904762
1246041.904762
1289807.619048
1266173.333333
1316672.380952
1743697.142857
1321700.952381
1349878.095238
1494546.666667
1664664.761905
1549316.190476
1287891.428571
1174939.047619
1545241.904762
1292468.571429
1515910.476190
1504548.571429
1368758.095238
1724215.238095
1728282.380952
1798662.380952
1681290.000000
1521093.809524
1501961.904762
1503144.285714
1491270.000000
1709370.000000
1537498.095238
1565114.285714
1465563.809524
1536994.285714
1603783.809524
1619653.809524
1837083.809524
1721920.000000
1300182.380952
1364788.095238
1567670.000000
1824456.190476
1790105.714286
1816508.095238
1892957.619048
1179966.190476
1360041.904762
1692136.190476
1937953.809524
1543758.095238
1372786.190476
1351568.095238
1599396.190476
1387012.380952
1488218.095238
1572383.809524
1435296.666667
1565359.523810
1218733.809524
1341103.809524
1342161.904762
1621728.095238
1887390.000000
2138473.809524
1656697.619048
2319601.904762
1564704.761905
1581071.904762
1903710.000000
1521683.809524
1528504.285714
1721343.809524
1452318.095238
1440391.904762
1521884.285714
1626908.095238
1824046.190476
1556643.809524
1400570.000000
1517200.000000
1612711.904762
1351158.095238
1443076.190476
1508311.904762
1998690.000000
1503156.190476
1356830.000000
1983498.095238
1521361.904762
1446935.714286
1326823.809524
1287880.000000
1171690.000000
1212363.809524
1589898.095238
1483241.904762
1575445.714286
1553297.619048
1504451.904762
1555076.190476
1492982.380952
1474158.095238
1255764.285714
1413578.095238
1710910.000000
1768640.000000
1486600.000000
1511243.809524
1839561.904762
1511850.000000
1617346.190476
1706275.714286
1664611.904762
1367020.000000
1835376.190476
2047932.380952
1269895.714286
1536954.285714
1455050.000000
1405424.285714
1204810.000000
1238860.000000
1361914.285714
1292980.000000
1322976.190476
1349950.000000
1706400.000000
1251173.809524
1288588.095238
1379580.000000
1816483.809524
1237661.904762
1255250.000000
1423600.000000
1579533.809524
1296098.095238
1217010.000000
1375616.190476
1374630.000000
1228428.095238
1425941.904762
1425815.714286
1806951.904762
1441024.285714
1548721.904762
1648764.285714
2150310.000000
1362242.380952
1549150.000000
1732988.095238
1470370.000000
1490238.095238
1469180.000000
1472028.095238
1612724.285714
1883745.714286
1656583.809524
1582366.666667
1539838.095238
1595070.476190
1737422.380952
1770259.047619
1736881.428571
1922310.000000
1477644.285714
1631813.333333
1388383.809524
1389061.904762
1339954.761905
1404523.809524
1269841.904762
1219761.904762
1168436.190476
1400716.190476
1701540.000000
1934213.809524
1973884.285714
2094354.285714
2081776.190476
1656605.714286
1490267.619048
1656225.714286
1599079.047619
1969683.809524
1569885.714286
1315640.000000
1595801.904762
1456263.809524
1632232.380952
1569579.047619
1296737.142857
1895707.619048
1383920.000000
1606615.238095
1578161.904762
1751523.809524
1493384.761905
1459297.142857
1381552.380952
1544906.666667
1956287.619048
1121502.857143
1270192.380952
1732342.857143
1775548.571429
1598005.714286
1314293.333333
1391357.142857
1554352.380952
1685243.809524
1557293.333333
1592279.523810
2043600.000000
1443946.666667
1554813.333333
1578378.095238
1195260.952381
1724723.809524
1728348.571429
1651751.904762
1646906.666667
2339381.428571
1406130.000000
1270763.333333
1651540.000000
2103420.000000
1804265.714286
1769115.714286
1706610.000000
2192190.000000
1536488.095238
1606416.190476
1729680.000000
2131321.904762
1591428.095238
1423573.809524
1488630.000000
1741236.190476
1558689.047619
1290927.619048
1362683.809524
1622164.285714
1414540.952381
1410744.761905
1408081.904762
1619578.095238
1287912.380952
1325832.380952
1430948.095238
1491329.523810
1687188.095238
1504723.809524
1538406.190476
1464984.285714
1512031.904762
1414906.190476
1475226.666667
1647793.809524
1429116.190476
1361840.000000
1341320.000000
1741330.000000
1607320.000000
1309870.000000
1463513.809524
1440200.000000
1555880.000000
1486908.095238
1404058.095238
1881371.904762
1403513.809524
1286204.285714
1423473.809524
1449538.095238
1343648.095238
1191541.904762
1410090.000000
1876670.000000
1301871.904762
1218334.285714
1492041.904762
1672560.000000
1548164.285714
1538021.904762
2007011.904762
1304804.285714
1296303.809524
1192771.904762
1385241.904762
1713862.380952
1278690.000000
1286717.619048
1458150.000000
1804620.000000
1286706.190476
1766935.714286
1790586.190476
1469693.809524
1766494.285714
1333254.285714
1482806.190476
1746968.571429
1816157.619048
1508854.761905
1505529.047619
1559323.333333
1663721.904762
1449377.142857
1768487.619048
1646169.523810
1377617.142857
1886028.571429
1624306.666667
1499982.857143
1815190.476190
1163689.523810
1649288.095238
1378066.190476
1410151.428571
1437093.809524
1461140.000000
2218341.904762
1271252.380952
1490152.380952
1646763.809524
1618275.714286
1394096.190476
1384888.095238
1756158.095238
1559938.095238
1513659.047619
1721783.809524
1888009.523810
1451613.809524
1809731.904762
1955967.619048
1371384.761905
1721518.095238
1559235.714286
1295247.619048
1251253.333333
1306433.809524
1451580.000000
1478023.809524
1573818.095238
1690393.809524
2097914.285714
1504988.095238
1557654.285714
1640040.000000
1913948.095238
1467150.000000
1478771.904762
1537505.714286
1842640.000000
1385904.285714
1284693.809524
1897891.904762
2039023.809524
1677530.000000
1960006.190476
1863410.000000
1775080.000000
1940248.095238
1220023.809524
1973180.952381
1924511.904762
1758788.095238
2073047.619048
1393101.904762
1634440.000000
1473752.380952
1837231.904762
1311216.190476
1576756.190476
1424641.904762
1377987.619048
1451496.190476
1633657.142857
1666876.190476
1302163.809524
1142250.000000
1464994.285714
1762748.571429
1494363.809524
1403810.000000
1505377.142857
2155283.333333
1197933.809524
1452831.904762
1529906.666667
1595481.904762
1889333.333333
1536620.000000
1555544.761905
1324116.190476
1741544.285714
1328895.238095
1382138.095238
1669988.095238
1496098.095238
1448840.000000
1671176.190476
1695992.380952
1565944.285714
1462138.095238
1586883.809524
1303763.809524
1741028.095238
1387413.809524
1479091.904762
1418240.000000
1761917.619048
1279510.000000
1494225.714286
1725936.190476
1364777.619048
1360222.380952
1466978.095238
1656606.190476
1463770.000000
1414164.285714
1595031.904762
1665083.809524
1975046.190476
1202893.809524
1517530.000000
1395611.904762
1448850.000000
1625723.809524
1598981.904762
1490661.904762
1687287.619048
1451087.619048
1485906.190476
1719220.000000
1483200.000000
1419191.904762
1618139.047619
1694748.571429
1531793.809524
1506755.714286
1522758.095238
1635425.238095
1656395.714286
1513370.000000
1589102.857143
1388835.714286
1746013.809524
1311204.285714
1398214.285714
1505876.190476
1631425.714286
1454801.904762
1558676.190476
1456176.666667
1482653.809524
1521354.285714
2171040.000000
1643721.904762
1575904.285714
1335866.190476
1410255.238095
1370455.238095
1334410.000000
1415896.190476
1663430.476190
1913121.904762
1475298.095238
1343634.285714
1786220.952381
1564960.000000
1498023.809524
1266064.285714
1437546.666667
1602066.666667
1384291.428571
1277350.476190
1319293.333333
2099441.904762
1240331.428571
1402224.761905
1658369.523810
1644906.666667
1655986.666667
1262342.857143
1346325.714286
1721613.809524
1579025.714286
1541694.285714
1661200.000000
1774673.809524
1619403.809524
1514771.904762
1621061.904762
1590471.904762
1678110.000000
1413221.904762
1506808.095238
1722500.000000
1522808.095238
1397438.095238
1426801.904762
1703857.619048
1478450.000000
1448505.714286
1605584.285714
1682082.857143
1642031.904762
1404286.190476
1372627.142857
1529210.952381
1860396.666667
1866904.285714
2288934.285714
2066870.476190
1560831.904762
1581591.904762
1659457.619048
1854940.952381
1313146.190476
1400694.285714
1756965.714286
2279567.619048
1758738.095238
1229990.000000
1202876.190476
1563474.285714
1638520.000000
1522741.904762
1563741.428571
1888133.333333
1162763.809524
1275026.666667
1386458.095238
1735733.333333
1171691.904762
1252586.666667
1323650.000000
1428851.428571
1339880.000000
1248573.333333
1285830.000000
1503509.047619
1571775.714286
1416444.285714
1401040.000000
1402401.904762
1467032.380952
1494327.619048
1652855.714286
1514030.000000
1430160.476190
1348151.904762
1491839.047619
1800910.000000
1210415.238095
1560596.190476
1621630.476190
1583176.190476
1639265.238095
1605885.714286
1690815.714286
1696264.285714
1508110.476190
1475053.809524
1529760.000000
1401288.095238
1385936.190476
1508731.428571
1596047.619048
1765093.333333
1367161.904762
1241608.095238
1734657.142857
1300247.619048
1306308.095238
1482216.190476
1522160.000000
1743546.190476
1484038.095238
1370760.000000
1473941.904762
1397906.190476
1262533.333333
1448062.857143
1699928.095238
1366801.904762
1553350.000000
1417742.857143
1740340.000000
1502974.285714
1428304.761905
1465929.523810
1517253.809524
1325354.285714
1390131.904762
1462403.809524
1517609.523810
1795655.238095
1550020.000000
1549990.476190
1565081.904762
1407480.000000
1422057.142857
1376110.000000
1559769.523810
1559848.095238
1560868.571429
1457791.904762
1563325.238095
1408086.190476
1377889.047619
1306190.000000
1604342.380952
1742841.904762
1569064.761905
1421371.904762
1500406.666667
1387619.047619
1644898.095238
1506447.619048
1519006.190476
1635357.619048
1540100.000000
1532600.000000
1613751.904762
1750688.095238
1550277.619048
1611430.000000
1622344.285714
1646790.000000
1442071.904762
1546591.904762
1514251.904762
1556606.190476
1497590.000000
1517750.000000
1619976.190476
1686114.285714
1597575.714286
1533724.285714
1652003.809524
1363491.904762
1760024.285714
1507954.285714
1674131.904762
1772494.285714
1452881.904762
1205448.095238
1523085.714286
1305008.095238
1386684.285714
1238831.904762
1499661.904762
1630681.904762
1215513.809524
1383881.904762
1321016.190476
1731068.095238
1223141.904762
1312694.285714
1427566.190476
1837077.619048
1334038.095238
1519850.000000
1524208.095238
1604260.000000
1512326.190476
1501701.904762
1554750.000000
1841164.285714
1455055.238095
1322020.000000
1452803.809524
1675793.809524
1552480.000000
1487032.380952
1510461.904762
1617938.095238
1501462.857143
1197228.571429
1321818.095238
1807130.000000
1393268.095238
1282381.904762
1673478.095238
1888771.904762
1499144.285714
1461801.904762
1502583.809524
1645501.904762
1444431.904762
1419331.904762
1511031.904762
1613538.095238
1710135.714286
1342562.380952
1445990.000000
1376727.619048
1270924.285714
1445050.000000
1468492.380952
1492788.095238
1655758.095238
1627724.285714
1653463.809524
1352274.285714
1400408.095238
1280722.380952
1478490.000000
1584330.000000
1364164.285714
1499950.000000
1560308.095238
1603674.285714
1548565.714286
1319464.285714
1467358.095238
1608210.000000
1554706.190476
1561860.000000
1717060.000000
1799721.904762
1435915.714286
2241720.000000
2219851.904762
1343281.904762
1785120.000000
1447091.904762
1562333.809524
1442857.619048
1465783.809524
1467373.809524
1561193.809524
1351130.000000
1661531.904762
1670567.619048
1497876.190476
1372611.904762
1399752.380952
1529078.095238
1619407.619048
1645155.714286
1683878.095238
1788968.095238
1391385.714286
1207258.095238
1399411.904762
1714616.190476
1395058.095238
1381135.714286
1586801.904762
1804823.809524
1539907.619048
1543973.809524
1684858.095238
1417891.904762
1963745.714286
1443661.904762
1672403.809524
1665886.190476
1458070.000000
1558603.809524
1599372.380952
1499171.904762
1665577.619048
1578320.000000
1697741.904762
1599551.904762
1469902.380952
1465764.285714
1506734.285714
1545913.809524
1671121.904762
1433490.000000
1551915.714286
1662948.095238
1614540.000000
1366261.904762
1420956.190476
1385268.571429
1283587.142857
1494895.238095
1513173.333333
1876249.523810
1576306.190476
1729126.190476
1786974.761905
1807135.714286
2204055.714286
1411080.000000
1548841.904762
1898615.714286
1404186.190476
1582680.000000
2096680.000000
1771560.000000
1553363.809524
1554788.095238
1482257.142857
2524043.809524
1475583.809524
1869382.857143
2298234.285714
1386503.809524
1671730.000000
1787208.095238
1660185.238095
1845118.095238
1622738.095238
2245453.333333
1996750.476190
1433060.000000
1337657.619048
1826270.476190
2153447.619048
1842540.952381
2157354.285714
2078080.000000
1951035.714286
1963241.904762
2058142.857143
1589763.809524
2259146.666667
2849801.904762
2635318.095238
2733464.285714
1765108.571429
1953321.904762
1910263.809524
2079106.190476
2174495.238095
1502658.571429
1639675.714286
2232131.904762
1693655.238095
1529426.666667
1716873.333333
1964527.619048
1818769.523810
1514584.761905
1624950.476190
1997765.714286
1562634.285714
1254824.761905
2074725.714286
1446039.047619
2028478.095238
1497847.619048
2387933.333333
1292371.428571
1702462.857143
1999503.333333
1400274.285714
1679184.761905
1322680.000000
1416925.714286
1723310.952381
1710407.619048
1476640.000000
1771540.952381
1637620.952381
1517330.000000
1366553.809524
1422548.571429
1682045.714286
1559333.809524
1581842.380952
1581125.714286
2225891.428571
1299143.809524
1941398.095238
2182811.428571
1270571.428571
1550641.904762
1310970.000000
1363236.190476
1103653.333333
1386356.190476
1569543.809524
1884368.095238
2305270.000000
2378248.095238
2939542.380952
1366705.714286
2029598.095238
2141415.238095
2099327.619048
2060271.904762
2349685.714286
2248184.761905
1217388.095238
1496581.904762
1776735.238095
1755205.714286
1728347.619048
1784964.285714
1702800.000000
1723141.904762
2027441.904762
1893950.000000
2403571.904762
1386064.285714
1462401.428571
1626483.809524
2090432.380952
1437238.095238
1492539.047619
1672100.952381
1666674.285714
1465569.523810
1386230.952381
1638344.761905
1891548.571429
1257223.809524
1427034.285714
1521512.380952
1849953.809524
1793688.095238
1837392.380952
2261739.047619
1823271.904762
1412573.333333
1559520.000000
1699590.476190
1789097.142857
1558506.666667
1486617.142857
1901428.571429
1655967.619048
1560022.857143
1605765.238095
1910604.761905
1460718.095238
1386335.238095
1409203.809524
1549460.952381
1507500.952381
1419717.619048
1287820.952381
1811918.095238
1515529.523810
1237203.809524
1377407.619048
1509213.333333
1657440.000000
1236900.952381
1389533.333333
1865552.857143
1238053.333333
1909958.095238
1582744.761905
1431782.857143
2070826.666667
1402769.523810
1316954.285714
1471994.285714
1960737.142857
1403562.380952
1590026.666667
1901641.904762
1465060.952381
1620872.380952
1534089.523810
1470354.285714
1483581.904762
1738393.809524
1531872.380952
1312516.190476
1537290.000000
1682868.095238
1283375.238095
1285672.380952
1662092.380952
1693213.809524
1365043.809524
1281400.000000
1886631.904762
1546371.428571
1330617.142857
1376860.952381
1234548.571429
1932466.666667
1361779.047619
1539731.428571
1565645.714286
1892794.285714
1570401.904762
1464569.523810
1605587.142857
1498550.476190
1468430.000000
1099409.523810
1433983.809524
1621004.285714
1750201.904762
1610119.523810
1549180.000000
1233771.904762
1485596.190476
1700060.952381
1769196.190476
1765430.000000
1517874.285714
1111980.952381
1213920.000000
1611023.809524
1562236.190476
1624003.333333
1548945.714286
1507407.619048
2260178.095238
1592045.714286
1679660.000000
1488487.619048
1586556.190476
1384150.476190
1504716.190476
1450120.000000
1599284.285714
