0.987500
0.990000
0.987500
0.990000
0.990000
0.990000
0.990000
0.988750
0.993750
0.987500
0.993750
0.988750
0.992500
0.988750
0.988750
0.987500
0.163750
0.311250
0.473750
0.478750
0.477500
0.546250
0.553750
0.545000
0.610000
0.656250
0.998750
0.996250
0.997500
0.996250
0.998750
0.996250
0.996250
0.997500
0.670000
0.830000
0.460000
0.170000
0.202500
0.493750
0.477500
0.532500
0.578750
0.520000
0.612500
0.613750
0.601250
0.855000
0.847500
0.831250
0.910000
0.952500
1.000000
0.291250
0.123750
0.100000
0.293750
0.232500
0.092500
0.080000
0.251250
0.370000
0.538750
0.760000
0.785000
0.778750
0.786250
0.838750
0.917500
0.737500
0.607500
0.255000
0.565000
0.375000
0.638750
0.613750
0.365000
0.353750
0.156250
0.456250
0.568750
0.743750
0.517500
0.780000
0.640000
0.785000
0.652500
0.357500
0.416250
0.523750
0.455000
0.360000
0.386250
0.517500
0.360000
0.372500
0.582500
0.360000
0.543750
0.517500
0.438750
0.903750
0.715000
0.815000
0.662500
0.823750
0.611250
0.925000
0.927500
0.691250
0.928750
0.930000
0.708750
0.792500
0.936250
0.927500
0.653750
0.936250
0.763750
0.012500
0.117500
0.305000
0.226250
0.388750
0.496250
0.577500
0.541250
0.470000
0.698750
0.647500
0.697500
0.995000
0.985000
0.995000
0.996250
0.985000
0.051250
0.327500
0.008750
0.246250
0.175000
0.043750
0.175000
0.220000
0.285000
0.328750
0.481250
0.786250
0.980000
0.998750
0.997500
0.966250
0.692500
0.387500
0.647500
0.393750
0.502500
0.343750
0.582500
0.692500
0.466250
0.276250
0.228750
0.502500
0.387500
0.447500
0.788750
0.558750
0.316250
0.447500
0.687500
0.728750
0.420000
0.758750
0.691250
0.757500
0.641250
0.747500
0.768750
0.551250
0.845000
0.826250
0.751250
0.747500
0.627500
0.141250
0.273750
0.483750
0.326250
0.327500
0.676250
0.667500
1.000000
0.993750
0.927500
0.990000
0.981250
0.960000
0.978750
0.980000
0.993750
0.691250
0.651250
0.606250
0.717500
0.810000
0.878750
0.071250
0.115000
0.693750
0.845000
0.907500
0.882500
0.871250
0.895000
0.906250
0.877500
0.922500
0.950000
0.985000
0.886250
0.888750
0.885000
0.571250
0.885000
0.786250
0.792500
0.817500
0.956250
0.965000
0.978750
0.976250
0.985000
0.990000
0.983750
0.995000
0.995000
0.993750
0.988750
0.992500
0.995000
0.993750
0.640000
0.291250
0.832500
0.038750
0.818750
0.860000
0.953750
0.943750
0.987500
0.991250
0.955000
0.988750
0.996250
0.995000
0.976250
0.955000
0.996250
0.987500
0.982500
0.995000
0.612500
0.553750
0.000000
0.263750
0.386250
0.401250
0.526250
0.542500
0.557500
0.611250
0.835000
0.831250
0.967500
0.998750
0.998750
1.000000
0.991250
0.993750
0.813750
0.907500
0.818750
0.498750
0.497500
0.535000
0.546250
0.636250
0.710000
0.776250
0.806250
0.992500
1.000000
1.000000
1.000000
1.000000
1.000000
1.000000
1.000000
0.810000
0.605000
0.571250
0.613750
0.162500
0.217500
0.471250
0.740000
1.000000
0.880000
1.000000
0.930000
1.000000
0.880000
0.880000
1.000000
0.865000
0.888750
0.838750
0.831250
0.000000
0.081250
0.542500
0.895000
1.000000
0.968750
0.982500
0.961250
1.000000
1.000000
1.000000
0.982500
0.615000
0.713750
0.641250
0.528750
0.455000
0.012500
0.023750
0.848750
0.965000
0.935000
0.993750
0.973750
0.973750
0.935000
0.935000
0.966250
0.986250
0.976250
0.961250
0.793750
0.337500
0.208750
0.321250
0.382500
0.820000
0.026250
0.585000
0.847500
0.782500
0.906250
0.948750
0.940000
0.972500
1.000000
1.000000
1.000000
0.993750
1.000000
0.993750
0.975000
1.000000
0.860000
0.682500
0.902500
0.002500
0.673750
0.788750
0.805000
0.837500
0.857500
0.882500
0.936250
0.915000
0.906250
0.978750
0.960000
0.985000
0.995000
0.991250
0.996250
1.000000
0.455000
0.807500
0.437500
0.512500
0.317500
0.008750
0.857500
0.798750
0.897500
0.932500
0.973750
0.963750
0.952500
0.973750
0.973750
0.955000
0.953750
0.985000
0.996250
0.993750
0.953750
0.996250
0.990000
0.012500
0.817500
0.953750
0.923750
0.987500
0.978750
0.985000
0.923750
0.992500
0.992500
0.972500
0.923750
0.987500
0.943750
0.982500
0.980000
0.997500
1.000000
0.792500
0.360000
0.557500
0.790000
0.945000
0.963750
0.982500
0.972500
0.996250
0.996250
0.996250
1.000000
1.000000
0.592500
0.692500
0.998750
1.000000
0.992500
