1748
707
1063
622
1540
1081
883
698
1022
1037
619
848
685
1038
594
948
871119
1160
603
23391
1097
895772
1231
35833
3647
5010
15592
947802
4749
5298
11262
1937263
1235
641
858
25580
5929
8695
936146
38151
1226
11080
973193
40195
1374
12229
7565
1891517
1284
657
968
32274
967516
940
627
33380
948836
925
622
953890
1098
1051
600
964365
976
1101
942
21870
1064654
1216
1060
1018416
1269
774
1015
1048294
1264
790
1029
1029795
794
771
1046
1013791
1239
640
964
25909
1012773
926
1049
20131
1039728
1115
1139
21013
8197
1018388
1227
27504
1025160
923
1041
27016
3295
9978
4903
1046989
5589
5186
7262
1019886
5130
1036741
919
30163
3370
7891
7788
1042722
1651
1003898
1224
32681
4231
2959
12711
2079282
1265
1051
775
1031143
1571
676
1457
27073
6778
8879
4487
1054661
2201
9838
1011407
31908
2639
11040
15299
2162400
1692
685
987
33438
1048163
1323
686
22376
1067016
923
627
1047992
804
1042
610
1028555
806
1490
780
18854
1067403
1249
1066
1085875
1215
780
1122
1054869
1320
820
1016
1066569
789
734
1119
1028293
1280
768
1023
25930
1019291
933
1063
21280
1056631
1319
1102
21919
3744
1036546
1240
26148
1030219
936
1055
23147
1447
9904
6509
1014825
5596
2289
8237
1085959
4227
9043
8246
1050242
1211
8765
5539
1051514
1204
1050916
1222
23656
3166
3438
11672
1060617
5831
3955
13528
2072092
1278
659
856
31108
5808
8697
4409
1056023
1671
10245
1057601
33600
3658
8719
11756
2047699
1242
634
860
29407
1072559
920
634
26255
1050049
982
755
1043332
1287
1082
625
1050167
816
1045
606
25048
1013404
1254
1051
1016429
1561
706
1039
1056848
1663
679
1047
1045110
798
723
912
1031111
1232
768
1044
27900
1022067
946
1064
27021
1006371
930
1105
27749
5288
1028606
1228
27859
1025784
938
1038
24506
4038
10949
13081
1095923
4898
4935
6728
1091376
5358
4318
4598
1042639
1376
10019
6869
1030647
1651
1015149
1212
27269
3155
6626
8908
1020466
6421
6391
7642
2021208
1277
777
1004
35000
5652
8130
1036543
31239
1674
11017
1026540
35094
1247
11623
8022
2080581
1268
653
876
28733
1038062
935
630
22618
1015055
926
646
1056086
801
1052
608
1025389
979
1089
625
27113
1011765
1229
1068
1042872
1270
787
1025
1047313
1656
825
1067
1063924
960
751
1168
1049025
1258
639
1204
23528
1016761
936
1263
23503
1038076
891
1091
28139
5883
1003245
1242
25949
1002438
984
1060
20143
3163
11870
3286
1051236
5313
5348
4488
1077427
5007
1008205
916
37028
999
9201
3588
1010842
1329
1012670
1211
31509
3064
5787
12440
2141414
1250
1041
1238
1015839
1247
641
853
26209
6151
10757
10416
1091790
4197
13035
1002502
33570
3648
8781
8162
2038704
1722
659
990
27084
1021986
795
737
28430
1046020
938
636
1052636
1151
1053
623
1030523
814
1066
604
22851
1016720
1231
1033
1088236
1245
780
1028
1052822
1258
767
1055
1041001
946
630
1250
1030030
1233
961
1041
24389
1008780
921
1051
23842
991122
893
1104
23321
5605
1054970
1207
25408
1038749
980
1082
22703
4758
7879
6080
1054638
5386
6167
4098
1051186
5751
8020
8996
1062478
798
8561
6081
1024082
1185
1037631
1233
29543
3125
5521
9370
1083934
5718
5114
9714
2161229
1252
648
968
27884
6236
9437
3611
1049400
1996
10001
1018221
27289
1681
10937
7902
2167623
1264
650
977
23130
1014295
780
728
24106
1023833
928
640
1047576
964
1084
610
1055849
1150
1036
608
22634
1028680
1254
1054
1149728
1556
786
1045
1049538
1270
783
1229
1029932
951
632
1232
1053414
1234
641
1171
27799
1041902
922
1058
22997
1060398
930
1093
22576
5697
1015660
1295
21767
1040087
950
1045
29496
910
9877
7949
1078664
5498
5904
1959
1087960
5193
5017
4610
1085241
1393
9314
4628
1054798
1186
1053410
1216
31138
1845
6739
7889
1029594
5228
4368
12146
2071952
1226
652
974
30656
5664
9679
999000
36616
3172
4559
1031132
35623
2143
9348
7615
2088517
1424
682
1355
34088
1017340
800
741
25486
1008195
984
772
1060308
981
1998
815
1047371
960
1061
609
31219
1078051
1241
1047
1105242
1271
786
1027
1035443
1251
661
1055
1027944
969
743
1021
1041815
1231
654
1161
24498
997899
936
1063
28567
1036029
879
1445
25846
7015
1020254
1211
28427
1025410
930
1043
28908
4866
11548
2560
1041031
8822
1238
5705
1071318
4769
1034833
931
28630
4397
10279
1370
1036733
1630
1052807
1213
27828
4707
10799
1509
2046496
1291
1044
739
1032777
1646
808
1015
22849
4190
12626
6149
1018680
3118
12091
1029497
29162
1809
12290
4649
2059356
1502
913
2359
26380
1037075
923
634
24011
1010948
919
635
1091310
983
1042
609
1015338
963
1072
809
19489
1065519
1225
1039
1032880
1273
790
1084
1080812
1246
960
1057
1139410
978
755
1058
1088452
1606
855
1045
22329
1017160
944
1054
19059
1020242
934
1102
28212
9228
997740
1227
28483
1069025
945
1076
22380
1460
11955
3516
1027888
5563
10326
795
1025166
5006
8188
790
1031417
1511
12827
796
1028024
1221
1072707
1218
28617
1722
12538
1355
1011219
6511
10242
4059
2051764
1235
661
841
24533
7762
7923
3865
1074715
1697
14064
1040743
34942
1673
13077
7882
2072590
1249
647
973
26105
1010866
790
632
21395
1013608
945
774
1064309
1195
1051
722
1004491
803
1043
604
22292
1066252
1230
1046
1087769
1232
778
1018
1019303
1220
762
1017
1085849
943
749
1052
1049997
1270
768
1034
20277
1009054
790
1040
21736
1017479
928
1091
22076
7761
1006923
1220
23253
1055499
778
1092
20472
7767
8672
8071
1081609
3811
10171
779
1018771
5330
8334
912
1053283
4403
11090
4660
1023765
3110
1027812
1226
32723
1800
11386
1227
1047321
6032
10055
938
2123746
1262
651
5946
24069
10061
9533
1057658
27740
1696
12127
993609
33025
1670
11984
7383
2049215
1433
632
1009
32204
1042927
952
638
22324
1043482
928
631
1019568
960
1058
805
1038579
964
1069
615
19818
1029168
1216
1052
1068154
1594
783
1006
1036003
1641
803
1011
1039887
931
624
1053
1038594
1236
651
1034
24787
1049234
807
1062
22840
1036349
932
1102
24416
12333
1006461
1232
23171
1060284
792
1051
23129
5686
8676
6637
1025685
5637
7232
6314
1049162
5720
993098
935
28656
929
13475
920
1031633
1654
1012944
1216
27972
3284
11217
1236
2104062
1480
1044
646
1064386
1279
669
891
25913
13944
789
6484
1027492
9164
1096
1051463
35049
10854
1221
5741
2108149
1254
669
971
30473
1004310
940
630
27900
1031694
931
644
1051862
1225
1083
621
1049791
977
1067
620
24026
1042070
1217
1055
1013677
1318
780
1015
1053628
1702
804
1041
1029239
970
772
1178
1088125
1429
853
1024
25698
1027425
779
1026
26224
1014547
944
1103
26589
10645
998001
1231
28720
1020887
929
1072
24918
8857
1212
5593
1006604
2954
11449
1429
1085537
10627
1225
2961
1019158
4744
10731
802
1037878
1661
1027131
1224
30917
1688
13463
1233
1015469
5923
11202
920
2034789
1237
800
989
29370
6434
8658
3048
1039788
11037
1187
1000408
36839
10220
1063
10771
2074948
1257
655
876
35887
1008455
960
626
27078
1016407
924
638
1083543
1010
1069
617
1010561
967
1060
610
20533
1015685
1257
1045
1041710
1500
765
1147
1030981
1714
815
1051
1039964
972
757
1016
1042070
1269
1178
1055
26086
996083
936
1049
21243
1062296
934
1085
25271
10212
1014867
1218
27444
1043698
928
1049
22240
2323
11756
8393
1043636
4919
9733
769
1035078
8946
1208
5309
1080261
9517
1206
5537
1042102
10016
1005094
1223
25867
11131
915
4473
1033453
5605
11367
791
2035671
1655
673
1033
30847
13991
924
979823
39505
11462
1234
1024693
35278
9540
1045
9581
2033473
1280
654
1689
34347
1015107
931
628
24853
1067063
930
638
1015681
804
1060
734
1060524
959
1094
607
24669
1001685
1231
1069
1053869
1445
783
1128
1063044
1245
792
1156
1033050
1346
854
1211
1060281
1660
678
1046
26724
1025990
771
1093
25775
1036293
939
1102
24432
9702
999377
1225
26242
1068942
779
1081
27139
8933
1252
5522
1019795
3893
11155
779
1025201
3534
1024230
931
25301
1524
13194
954
1026791
1636
1039230
1218
26393
3149
11808
1241
2071517
1668
1083
632
1041240
1230
790
1014
25862
8078
7780
3632
1083567
2069
12791
1005327
26180
1333
15175
1676
2097276
1246
761
1195
24734
1040230
950
632
26631
1060637
936
628
1037558
958
1055
933
1058846
964
1066
989
21463
1016891
1220
1054
1042403
1239
767
1023
1023368
1246
772
1031
1070102
969
633
989
1026551
1235
762
1023
26159
1010807
784
1047
21829
1012217
917
1117
21814
12614
1030030
1204
24606
1033447
924
1047
23833
3327
8279
7129
1046226
5595
9735
4590
1167911
4744
9266
784
1034177
1795
8580
4641
1159850
14145
1081839
1211
31240
1796
12601
1209
1020090
5512
6818
5896
2041498
1266
650
871
26376
8144
7996
2055
1051218
2044
14038
988088
38536
11106
1042
8751
2073012
1373
661
1204
23877
1023325
925
640
21736
1016128
775
613
1041979
1307
1289
650
1059294
801
1301
750
19326
1021651
1225
1035
1040630
1309
782
1028
1106309
2061
839
1049
1056315
960
629
989
1063583
1254
663
1015
21904
1040076
932
1069
22558
1010734
908
1086
20722
7437
1013958
1216
22773
1105205
781
1030
23610
5743
13685
11115
1123058
3046
11740
1341
1081262
3130
11369
1732
1035636
9942
1245
5222
1028733
1252
1009035
1229
34540
10618
926
5591
1022999
5173
11732
962
2063718
Xput: 3809
