1636
839
746
914
864
879
595
947
1095
638
551
540
1466
599
580
547
577
3247
15220
930324
906
621
721
987007
952
630
566
730
940
21286
2947
11302
1354
8494
3622
942378
2132
956833
753
768
738
933788
841
1002
602
549
540
954268
977
829
573
707
771
1009633
975
826
967
734
696
925336
852
755
607
558
722
948418
791
753
607
786
711
1023700
2858
966
863
793
553
934214
988
825
714
594
1298
963822
886
1046
614
596
580
954689
984
838
565
578
870
944116
1086
683
565
700
783
1021075
1006
796
1074
619
702
26831
1029920
1050
583
516
978
17792
1002806
928
620
6315
779
1050862
1644
985
916
732
702
1032097
1501
1124
628
657
1486
1040815
924
637
559
672
776
1026365
1408
809
605
750
720
1005449
1103
635
957
747
730
1068967
1004
659
573
712
743
1016361
844
762
604
856
742
1024230
1396
791
747
723
615
1038608
1798
1430
743
712
714
1070926
1076
637
734
594
736
1025012
988
1239
590
913
606
1054227
955
867
756
598
948
25828
6437
1035357
914
615
575
1022573
934
649
573
769
730
1027173
933
657
566
673
746
1038453
916
6362
803
769
751
22680
1023235
1345
790
753
730
1030999
819
762
601
721
724
1037818
973
1059
976
714
709
1024087
1090
644
741
754
726
1020556
1085
1192
585
808
735
1048867
1004
1267
737
725
712
1040791
928
645
563
714
737
1025927
1665
676
589
615
728
1075182
1638
1389
756
737
698
1044378
989
1243
590
897
713
1034610
994
3238
1468
824
746
1062329
948
1297
615
676
730
1068480
1319
783
741
614
759
1191140
2571
1219
1285
843
703
26251
3506
1084997
1478
769
733
1089102
917
614
563
714
750
21344
1048942
942
2564
1350
751
1140597
1103
1256
769
622
721
1070583
1625
1400
786
707
691
1062309
1723
1430
762
717
724
1070673
980
1041
602
1198
728
1056033
1269
1976
789
711
922
1068341
1728
835
748
598
717
1066151
997
1260
588
843
994
1059009
987
1270
686
768
720
1065504
895
775
600
554
810
1049472
1591
660
744
726
716
1058428
1078
1060
1301
757
1126
1055910
1249
1257
1569
1459
621
27447
2462
10794
3360
5218
1026757
29812
3037
1034589
828
567
674
1066608
841
886
521
1074
664
1080536
1003
811
568
712
957
31145
1032774
779
773
611
719
1081609
991
1116
603
762
726
1098446
993
948
601
725
718
1036293
1111
634
714
596
835
1051995
809
925
604
551
994
1041909
1140
922
960
782
558
1048908
1103
644
723
638
566
1040330
1085
662
707
596
769
1041592
1120
739
599
559
989
1050247
919
637
1214
731
753
1092078
883
5567
761
749
611
1098730
969
809
562
702
724
1056618
916
879
713
601
820
25224
5488
9473
1048251
1361
781
1088447
924
899
567
595
737
53693
9879
1091652
904
628
586
1057097
787
908
602
785
732
26882
1063148
10248
752
781
621
1055960
1086
776
884
597
599
1045364
938
877
559
703
728
1081276
820
976
751
595
582
1047639
1101
674
561
718
743
1041327
1007
792
579
714
882
1040173
906
881
567
575
793
1005010
1849
642
749
747
753
1027335
1036
704
568
596
742
1041149
884
7619
966
623
975
1049739
742
1044
4522
881
729
1074177
1012
726
558
704
736
1113621
866
1093
606
554
884
1059987
6112
774
787
605
553
20433
1035461
998
754
611
722
1070341
959
907
561
701
718
28224
1036631
1279
745
626
554
1064285
1250
811
806
649
757
1036470
977
818
557
704
725
1028978
972
823
599
568
680
1041343
925
703
560
715
799
1032067
788
891
608
553
709
1044476
997
814
710
593
728
1063146
944
755
738
607
722
1036763
995
821
728
607
764
1071857
875
1049
603
665
715
1092759
1068
1246
1077
611
602
1077117
2124
931
886
810
575
1060457
769
812
606
554
880
30853
5192
9649
1012178
920
730
29995
1957
1018376
899
650
567
31118
1073017
1122
730
605
576
19479
1024600
1215
625
767
606
1063408
939
894
562
700
730
1052319
1471
1127
781
612
721
1046892
1182
1077
611
982
747
1017666
1201
814
625
746
719
1051995
1183
1215
619
758
720
1034133
891
1315
592
1068
765
1072418
958
825
563
698
746
1034402
1014
737
571
693
588
1028112
827
970
604
557
1158
1041058
1385
835
812
715
759
1058904
1146
636
754
720
715
1108508
971
828
567
862
733
1102027
928
887
568
735
736
1081829
973
1132
648
552
908
1060492
1119
779
1412
776
695
1059027
938
747
719
612
725
1092826
904
1030
775
702
708
28782
1010236
9116
769
742
738
1076177
855
1126
751
660
585
1167856
1074
684
562
703
732
1119611
825
1031
613
593
971
1077507
913
874
566
729
608
1072864
944
615
559
1012
731
1106597
996
803
574
751
603
1061761
947
847
763
601
586
1059514
1159
1126
789
555
683
1067486
889
4064
1134
804
758
1128157
815
935
603
555
1185
1069253
1017
781
746
592
757
1071398
811
971
604
553
1042
29452
1056015
9661
765
790
768
1059306
1118
1737
882
1193
736
24151
1039830
1141
1657
874
1383
28161
1036644
1145
867
566
724
1083488
924
961
564
1201
729
1031200
1321
620
1135
854
709
1011338
983
810
564
727
748
1086525
928
875
568
591
737
1035698
840
1169
758
723
721
1049445
921
619
563
1065
758
1034037
973
835
559
711
743
1037740
842
1069
610
556
841
1067873
809
1001
610
725
719
1049170
827
1020
602
552
1107
1091775
1229
805
621
736
730
1102116
1080
950
1018
734
707
25885
2468
6942
5887
7937
1047336
30990
1033810
5849
931
615
578
1053107
1394
845
712
598
695
27688
1026891
1243
632
573
715
29002
1043309
907
616
725
605
1048259
941
865
562
594
722
1046558
834
1071
604
584
794
1096846
982
839
562
707
737
1056758
1323
1096
619
842
921
1038724
960
854
568
727
941
1034135
946
615
577
1182
738
1027565
943
877
570
717
734
1045535
1004
1196
635
1064
854
1057010
1094
658
557
579
717
1064068
976
805
560
714
720
1071540
938
616
555
790
603
1049218
961
830
564
581
731
23400
1067072
1174
1187
599
1008
1047158
973
824
558
707
734
1043131
845
1316
830
625
883
1056175
940
1133
623
758
723
19533
1960
1030890
894
620
730
1035617
775
1228
762
591
580
1050653
992
802
750
594
717
1053051
995
1110
784
596
680
1044163
988
843
717
761
701
1082666
1377
664
714
734
728
1034292
1203
850
561
741
735
1021321
1088
671
773
599
593
1050008
994
832
711
756
701
1069594
951
846
776
597
726
1043043
901
745
3905
1524
762
1125730
974
1098
748
825
716
1083314
902
1069
1133
610
958
1058481
1319
661
560
790
752
26932
1023950
1286
751
718
711
26477
1094337
1026
751
601
590
1086431
783
891
613
591
587
1062912
909
893
572
746
744
1042275
906
875
569
697
728
1064398
934
877
564
733
950
1036681
1002
809
570
714
971
1088399
921
864
776
611
557
1047254
986
825
759
598
713
1076184
941
615
736
722
703
1034033
850
998
602
726
708
1045588
878
1039
607
557
876
1090439
5963
782
848
613
551
1072689
947
879
565
714
719
1078365
1166
4713
887
613
560
28790
1041785
1139
624
725
597
20766
5635
1037912
1234
649
743
1088750
992
817
791
573
579
30692
1053758
4631
884
818
612
1045678
904
1235
847
566
697
1053238
977
980
718
603
965
1054425
795
907
609
556
1136
1101829
993
855
738
751
696
1035218
936
855
713
599
745
1053264
976
863
565
708
1133
1044054
1027
735
953
718
751
1022318
976
840
571
699
726
1043147
1422
1249
776
594
802
1101751
1069
694
744
615
730
1082524
965
831
574
695
732
1046203
792
744
615
986
955
1053782
931
622
555
935
744
29786
7462
4406
1023881
902
726
1053858
911
901
561
708
598
1084082
913
8752
1127
632
572
1046237
1065
885
989
754
716
1074669
879
9082
916
620
736
1079488
3782
786
964
822
563
1048124
1004
801
1124
726
906
1035364
840
1090
619
566
825
1032498
985
629
562
1097
955
1042098
899
894
568
596
892
1078804
1195
803
639
705
726
1034469
951
856
568
704
726
1056934
1155
786
790
750
718
1042165
1019
4739
907
617
626
1074674
1365
940
623
557
728
1054202
987
833
565
705
722
1044195
868
660
1034
614
558
1054119
969
826
951
710
707
21428
1052857
796
1317
579
582
1055758
999
813
564
580
577
21856
1046031
1267
756
617
558
1050293
977
848
563
707
728
1046470
973
638
1192
760
692
1040899
991
887
590
554
582
1035618
921
758
595
592
904
1034340
1269
652
716
607
707
1041264
951
865
574
698
731
1041477
1085
693
708
553
577
1025687
767
886
614
721
614
1062853
782
772
598
770
715
1051495
957
840
899
719
710
1058423
943
853
569
705
723
1005249
746
4098
916
788
710
24083
5350
8264
1360
7231
1051669
34963
3123
1014899
926
621
718
20580
1046644
1133
730
651
557
29351
1012328
929
624
717
5426
1038592
918
666
841
1001
730
1050213
956
854
579
697
725
1038915
825
766
606
551
543
1047050
962
844
576
721
719
1046966
793
746
610
900
751
1020589
948
867
578
580
791
1087981
1477
672
573
738
716
1022716
974
835
760
596
589
1029455
777
888
607
555
1183
1052998
5980
784
881
602
567
1039807
976
849
773
598
730
1064631
959
844
561
707
735
1030231
968
846
578
699
742
25054
1040444
1041
738
597
741
1049813
968
812
566
708
737
1038018
1014
760
600
725
1175
1042281
827
958
740
704
707
1038372
935
624
9187
755
766
1041933
1007
842
555
733
594
1061479
936
759
719
611
740
1023961
894
1056
622
557
896
1063894
980
836
564
587
829
1040649
943
891
770
601
722
1038213
1702
1089
764
620
557
1040243
1001
815
560
756
1306
1089426
924
857
571
700
736
1054051
993
851
716
606
734
1042014
868
1035
617
553
550
1051108
917
646
828
787
563
1049599
804
945
605
714
597
1095607
914
890
806
717
716
1044983
876
5474
912
608
567
1093891
1203
877
1003
1416
620
27537
1024628
1159
730
595
569
1090399
999
787
741
597
724
1049481
925
629
560
930
708
1035943
1181
859
1210
742
944
1036976
988
838
744
597
718
1026707
880
1066
602
546
823
1035877
1094
656
557
698
770
1035459
935
885
566
700
607
1042339
1153
846
963
754
704
1066381
777
935
620
553
952
1072814
1013
817
617
554
553
1084004
972
834
580
702
732
1104802
764
756
657
1268
590
27594
5529
3965
1058381
880
717
23058
1019044
1075
986
609
557
1042590
6008
802
850
607
558
24506
1043165
6045
771
748
767
21272
1026341
1437
1130
997
718
1073012
1359
650
594
597
759
1043175
850
1093
607
554
820
1036560
1077
807
727
602
724
1064549
839
1011
601
550
821
1044630
902
888
568
698
598
1094463
936
874
712
599
920
1030474
990
807
561
731
757
1021361
790
948
606
551
867
1038131
6463
1227
1021
636
559
1048288
1013
766
574
733
719
1065153
1162
780
763
744
718
1048063
921
885
562
769
734
26662
4957
1030610
890
617
585
1077909
1261
827
1061
727
713
24423
4553
1015118
2361
804
745
1074586
936
1453
765
731
858
25743
3316
1029234
901
620
1042
1045742
1237
766
715
612
708
1083659
1263
825
1033
741
938
1035067
873
1056
603
553
1016
1129635
1044
734
570
703
731
1133224
1252
846
1263
821
708
1043431
1125
824
1177
781
744
1037428
1263
751
755
593
591
1047744
1203
866
827
582
803
1067907
897
2074
2292
1720
1451
1067251
1116
1033
779
737
719
1047015
1380
829
924
596
771
1060753
1601
1377
833
752
602
34061
1055683
926
621
561
697
1071895
933
864
730
764
725
29284
1065303
758
785
3041
742
40123
1049097
1241
762
942
733
1066309
1002
999
593
583
749
1084738
1020
1062
774
605
726
1046879
1015
1242
593
769
757
1038607
959
885
690
597
744
1041185
1364
1037
1030
735
730
1049854
896
854
565
712
626
1040559
1254
1076
602
583
756
1058981
777
924
812
1817
1773
1053068
918
828
739
742
557
1114928
1024
617
604
560
593
1080848
1102
872
1128
762
774
1127948
785
785
611
587
593
1060569
1164
647
788
592
765
1055825
2967
879
1799
637
2987
31220
1100593
1325
767
621
558
28549
1066034
1210
871
718
596
37670
1067938
758
612
5130
885
1164425
4999
791
764
770
702
1094769
1018
950
1011
619
681
1050181
970
825
574
717
763
1042164
857
1055
616
565
903
1030851
1110
869
751
603
1078
1030956
967
621
558
584
832
1036955
1100
639
558
703
731
1054333
1071
977
803
1247
758
1095493
1210
1228
945
825
594
1044230
1132
844
1044
772
696
1053053
Xput: 5688
