1626
808
727
708
703
586
564
682
603
561
1238
611
558
852
591
549
538
975334
823
1464
913
661
649
998177
977
1006
603
690
581
968609
1264
1012
720
603
564
972184
1101
987
623
703
587
928278
1017
942
732
705
589
966919
887
5565
887
621
729
953679
1292
980
989
605
697
984020
1158
1060
611
712
586
964257
966
742
691
634
559
968464
1296
992
1043
600
588
961807
954
612
715
591
1367
970619
1176
1080
716
598
550
1006089
1023
721
599
704
613
1056898
1299
989
702
585
551
1090949
1063
812
690
602
564
1081577
954
736
705
610
688
1037062
1154
755
694
584
688
1055609
911
611
773
2308
733
1090310
1241
1062
710
591
552
1044538
1044
1181
627
707
605
1090971
940
750
699
603
689
1057103
1227
1059
747
586
689
1047656
1167
1049
707
594
551
1051510
1232
1053
710
584
551
1058815
1335
1074
716
588
556
1064998
882
896
941
864
715
1066163
1294
862
606
737
706
1043670
1303
987
719
602
566
1065192
1031
941
727
701
686
1053107
1223
1065
710
597
549
1086983
1189
1061
722
594
564
1054410
1242
1061
720
587
548
1049426
1074
1001
607
710
599
1079973
1319
972
714
605
698
1054897
1296
754
702
603
591
1047962
1289
1072
727
590
553
1029970
1058
817
713
587
680
1035746
937
729
594
693
598
1034142
986
1081
728
591
556
1023615
1299
981
710
587
572
1072132
1164
1040
608
692
581
1098102
1189
1085
732
602
699
1019344
993
896
956
1019
577
1069509
1293
750
707
609
688
1039441
1245
1052
599
691
594
1048007
1178
1139
737
584
593
1043948
1353
1041
966
722
693
1151322
1172
765
711
599
690
1143110
1152
1025
702
584
548
1088513
1155
740
687
604
698
1124339
1097
981
703
591
553
1121054
1200
1077
597
688
588
1088976
1127
751
700
592
692
1066893
1664
955
797
670
731
1080003
6572
3157
961
1023
803
1065573
947
732
716
590
720
1062589
1482
1071
1050
1022
712
1048911
967
996
607
692
604
1045513
1190
1086
716
587
552
1050291
1326
1035
707
594
554
1062360
1166
1048
698
1276
481
1044413
1051
1042
745
602
685
1065353
1309
1048
624
697
583
1041455
872
1426
1876
811
725
1072431
948
727
697
615
558
1060329
949
735
729
596
704
1037758
1287
1043
597
694
588
1048550
1570
1077
997
718
706
1045546
1159
1422
731
586
553
1096378
1086
797
590
702
585
1040089
1115
1448
1417
639
561
1055671
1637
751
702
603
557
1055883
951
905
735
642
699
1053701
1039
761
708
602
552
1034397
952
1475
1414
611
557
1065177
1646
1087
984
709
658
1052636
957
722
600
709
595
1097926
1041
893
924
607
697
1089148
1091
1200
619
687
596
1050645
1087
987
720
589
550
1058766
924
944
702
584
690
1053468
917
751
718
1391
813
1050308
901
1027
1094
757
593
1049710
914
612
701
598
557
1055367
955
1010
702
585
566
1105982
1819
943
973
964
733
1160144
939
877
731
602
553
1096866
1201
1103
621
704
612
1097583
905
1048
702
598
553
1121945
1664
853
988
848
690
1109162
960
1047
597
686
594
1127824
990
995
620
693
586
1077896
1042
940
710
583
690
1071223
1068
993
720
594
682
1068956
962
1088
623
708
597
1069541
1062
915
723
592
693
1062127
902
1303
1035
588
714
1063357
946
734
694
615
566
1045339
964
976
695
599
568
1054003
945
738
686
601
550
1096381
927
620
716
597
557
1071150
993
971
1050
702
598
1060241
1560
1050
984
703
587
1052912
896
723
689
616
695
1072832
1205
724
694
698
617
1091933
917
620
704
597
548
1051371
993
1074
729
587
686
1054740
1344
996
716
700
589
1068705
940
718
692
598
564
1067836
921
948
917
585
684
1062546
937
610
702
600
554
1056697
1733
790
938
965
604
1055330
947
747
703
612
696
1096256
922
734
715
593
980
1054923
973
687
738
704
683
1100361
997
1069
622
713
717
1053932
912
954
592
690
587
1106446
999
975
726
586
689
1094904
941
727
694
597
704
1046121
1475
1065
956
602
700
1055240
978
1002
723
591
553
1056293
934
727
703
617
692
1077271
925
741
702
595
550
1049568
1492
1026
1111
717
597
1107864
1203
1042
694
585
553
1064126
1038
963
723
712
682
1067179
924
890
927
657
652
1048398
1079
904
635
645
534
1097757
912
949
711
604
689
1057315
896
952
702
593
554
1094398
990
951
698
585
548
1067639
921
612
711
608
551
1090155
1297
1021
619
689
582
1045330
1184
968
694
586
563
1113504
914
972
710
601
597
1041442
1261
717
697
605
691
1082211
949
729
685
637
552
1042014
927
727
699
613
706
1052823
1086
804
720
581
682
1045603
950
1014
709
605
838
1080240
1312
769
591
700
607
1086059
933
1057
709
595
693
1080730
894
1134
1088
608
718
1050363
927
738
717
609
690
1100514
1134
1119
632
693
587
1045155
991
1011
706
601
551
1071516
928
1084
974
597
702
1062937
935
724
700
597
692
1049779
1318
1066
716
587
555
1046479
1356
966
715
584
551
1096689
1025
952
724
598
688
1058644
1181
1052
609
701
592
1048586
1171
1078
717
588
571
1066610
1171
1051
1029
589
687
1050511
963
1022
716
598
552
1050488
896
949
698
598
563
1037384
929
607
711
598
571
1045666
935
1030
597
688
591
1088946
974
736
709
613
710
1051481
1519
1061
950
859
558
1097561
1155
1194
722
591
555
1048611
965
1002
697
585
548
1094533
925
731
705
605
703
1049294
1152
755
698
588
698
1040690
971
1037
1009
598
688
1062912
930
733
708
600
691
1095180
943
610
589
724
596
1110344
1071
794
702
583
693
1048024
961
1023
713
587
704
1051504
1301
1000
609
696
605
1097452
998
965
700
589
556
1050525
917
1070
706
601
555
1104216
919
609
703
593
564
1106783
1177
1066
723
590
557
1101458
1139
763
680
597
565
1051018
946
735
721
598
548
1066315
1209
1036
613
710
718
1060870
1004
1036
722
600
568
1040550
3028
1181
882
583
735
1068960
1122
789
704
594
552
1064402
926
1078
707
594
553
1064048
1173
808
704
588
709
1056546
985
1003
708
696
588
1053501
1075
904
715
595
797
1096199
1022
962
697
584
555
1085289
919
605
721
610
550
1067855
984
1018
695
600
567
1069404
1372
964
855
693
581
1058038
941
735
694
597
557
1100516
990
1087
722
587
553
1060389
986
1000
726
591
692
1089696
1199
1094
915
600
870
1053602
1150
731
696
597
877
1054816
748
5459
913
716
705
1049001
926
629
595
720
611
1053360
922
746
739
590
689
1051000
1051
939
718
689
683
1047413
879
1267
1046
804
694
1074454
1652
982
981
817
565
1025366
1289
998
708
595
556
1045997
986
1068
721
740
695
1056126
967
1007
1000
703
593
1145187
991
729
699
595
575
1102951
1000
1080
619
695
579
1052924
951
768
712
723
589
1060378
983
1071
725
586
687
1062284
982
1081
721
591
557
1036095
934
730
589
708
610
1080264
1341
772
712
591
701
1070155
1034
1002
730
587
684
1051155
1062
994
721
595
703
1078948
945
1037
690
582
561
1061192
1176
1100
741
586
696
1061320
1245
1199
725
598
555
1053531
1000
1000
710
587
683
1064146
1258
736
699
609
706
1048860
916
969
598
685
587
1087470
1250
1637
701
589
551
1079782
929
1015
716
604
729
1107212
928
736
15974
896
711
1032210
989
989
718
590
689
1084997
931
731
704
599
687
1046573
964
728
692
593
557
1038403
917
888
1011
606
566
1096936
976
1116
698
617
558
1049147
913
878
711
602
566
1095330
1367
964
624
708
608
1044875
1298
732
705
598
554
1051763
902
1094
1036
608
684
1067051
1166
1017
703
602
558
1063408
938
923
704
593
551
1047387
1036
848
699
590
4268
1051542
1562
760
612
8135
872
1049504
909
739
872
782
570
1076084
1111
1210
729
596
558
1049429
957
743
732
605
703
1050779
1039
1041
728
595
576
1097635
1158
896
953
619
696
1041328
928
964
799
851
693
1070591
1123
1057
705
600
904
1068120
1113
1019
606
686
585
1045491
925
1076
718
595
708
1067549
1040
1006
701
588
552
1102295
923
914
712
7675
875
1050685
2160
928
613
696
594
1059898
1119
1005
716
594
574
1034517
1160
855
735
610
691
1073368
1123
760
703
585
682
1050576
1123
1059
705
939
570
1059918
951
864
1035
608
706
1042326
1027
980
704
586
552
1078556
1384
990
609
710
598
1104764
1788
948
1017
1010
616
1067899
1102
733
591
687
593
1041950
1166
746
730
721
598
1057462
1094
1012
738
591
551
1061005
954
1046
722
590
548
1052094
1018
723
1095
728
603
1064429
930
724
714
588
692
1047080
1042
1037
709
589
555
1054660
1008
946
973
610
698
1086130
921
771
726
985
2969
1063501
1016
1010
616
695
615
1108021
1197
858
732
596
687
1057307
1277
752
770
1570
6292
1042816
915
1082
733
615
4116
1048843
1406
1108
959
742
601
1055475
1186
771
1016
597
569
1108990
1082
1077
747
596
1466
1056452
912
1262
2508
903
696
1062151
1357
1057
707
586
556
1053212
1180
765
697
582
680
1052930
1192
735
689
618
569
1072599
1165
786
711
686
590
1053041
923
743
726
601
557
1052221
940
613
821
599
556
1090319
1033
979
709
690
594
1048198
1303
2126
883
800
558
1113454
1106
800
706
597
690
1047196
1204
1073
705
583
562
1047981
1014
1036
719
591
569
1061661
945
1414
746
610
553
1055971
973
995
598
685
588
1043520
1200
733
701
596
703
1045210
1201
753
696
589
552
1045982
1342
1044
723
591
558
1093887
1137
769
706
588
692
1032142
892
1596
1023
599
717
1053306
1347
1018
1068
589
691
1037762
1063
1185
711
583
559
1104376
928
729
595
693
597
1041828
756
4920
885
720
916
1072495
1263
769
723
703
685
1051153
1043
1175
730
602
701
1046947
1194
1091
617
704
580
1084575
1800
820
798
3321
749
1049325
989
1093
748
608
555
1050757
1036
980
716
596
552
1040922
926
637
720
607
554
1084591
1242
1059
717
595
548
1058294
935
623
719
619
564
1075406
1228
1036
596
694
591
1051577
1428
1098
704
582
552
1058845
1214
767
702
603
699
1042679
1479
1334
1039
848
695
1087529
1196
814
706
588
698
1048423
1278
1100
717
605
551
1072482
1366
790
707
720
698
1053400
927
626
708
602
556
1057557
1213
744
711
592
913
1049431
1033
1006
718
601
569
1046455
893
1072
703
593
553
1049455
997
1019
624
709
589
1085841
921
1011
666
554
838
1046632
952
633
706
597
554
1065109
919
940
711
595
688
1043405
1063
961
717
591
692
1043353
1682
1122
707
585
553
1042203
1270
723
708
610
960
1044036
1354
1057
608
697
589
1049873
968
1021
701
594
557
1027387
1370
1010
707
600
554
1071690
1036
1011
728
591
702
1055693
973
1486
755
600
558
1062302
1262
735
715
620
713
1048888
1355
1031
731
596
571
1045055
1136
788
704
686
582
1079942
1008
1177
1072
602
714
1051426
945
738
599
748
610
1038686
930
1139
1089
731
690
1072971
1350
1036
708
593
554
1051357
983
1119
745
607
689
1061489
1273
1010
620
692
587
1034128
775
4203
1143
614
701
1044703
1315
1145
726
605
560
1048293
1235
997
1077
587
709
1039286
946
1096
731
599
690
1084312
873
1117
1095
943
708
1034504
943
1053
691
636
569
1054356
1166
795
714
591
686
1050263
946
749
712
603
704
1033760
939
634
585
722
616
1046403
887
1483
1067
714
690
1040852
1157
1479
1036
594
560
1040386
941
1089
598
689
590
1064335
1233
1106
718
595
572
1030696
993
1027
720
608
554
1038846
900
1319
1072
615
711
1038902
1168
758
708
679
586
1032787
1062
1224
717
589
566
1044165
1219
725
708
615
688
1069220
945
718
720
687
692
1047766
851
771
1279
1197
725
1215651
991
788
675
707
591
1193369
739
1218
2379
766
593
1174340
1177
626
722
588
552
1132025
947
717
701
605
698
1118145
887
1116
2724
1062
611
1162696
1203
1118
722
601
549
1107462
1822
952
1019
1034
604
1115532
1263
959
665
544
510
1079421
1211
793
734
596
695
1121844
1154
768
717
599
701
1125361
972
1176
724
602
567
1210729
884
1156
1031
615
698
1102049
1172
778
695
583
688
1110458
1251
1064
620
762
717
1121984
1011
1023
719
597
550
1101157
1341
992
724
597
552
1138590
1235
1101
613
692
590
1101031
922
613
699
618
555
1111425
929
758
702
607
569
1105556
1468
1069
1024
609
698
1056711
926
1030
700
686
589
1060765
Xput: 5642
