59095615.714286
50334272.857143
35068208.571429
30925787.142857
31534438.571429
31379031.428571
30400688.095238
30936812.857143
30933298.571429
28697470.000000
29036687.142857
29986118.571429
27632477.142857
26268110.000000
26583332.857143
26433391.904762
29234776.666667
28054431.428571
29498385.714286
29012101.904762
27573588.571429
28208771.428571
27884911.904762
30371146.666667
29029276.666667
28600216.666667
27265481.428571
26869819.047619
28158110.476190
27766439.047619
27408565.714286
26875390.476190
27861552.380952
26855607.619048
27607122.380952
27485391.428571
27934460.952381
27491426.666667
27712140.952381
26116899.047619
28682800.000000
28673771.904762
27899942.857143
27138908.571429
28707771.428571
30052689.523810
27879981.904762
29629300.952381
29781073.333333
30503801.904762
30492070.000000
30427196.666667
29624420.952381
28405391.904762
28476192.857143
27598669.523810
28052157.619048
28171323.809524
28908626.190476
27907880.000000
29457283.809524
28956454.285714
29436920.000000
28446756.666667
29664210.952381
28829129.523810
29396025.714286
28454444.285714
29207495.714286
27626397.619048
28573158.095238
28779540.000000
28867297.619048
28463209.047619
29266123.333333
28087658.095238
29060298.571429
27500384.761905
29005861.904762
27377403.809524
28988734.285714
28492488.571429
28544793.333333
27200186.666667
28889692.380952
27751795.238095
27888211.428571
27851074.285714
29017962.380952
29057594.761905
28276253.809524
27379037.619048
29186865.238095
28794690.000000
28470595.714286
29449438.095238
29087476.190476
29109028.571429
30239897.142857
29725194.285714
29660304.761905
28200166.666667
29178487.619048
29960620.000000
27939800.952381
27902591.428571
28675116.190476
28078005.714286
28286734.761905
26819660.952381
28611572.857143
28133775.238095
27034676.190476
29192331.428571
29343607.619048
28895881.904762
28492827.619048
31190015.238095
29391640.476190
29297227.142857
27965790.000000
26965238.095238
28458516.190476
28245550.952381
28038891.428571
28535712.380952
29221128.095238
29479711.904762
27857687.142857
28810451.428571
29276476.666667
28554643.809524
28962658.571429
27556578.095238
29313914.285714
28647980.000000
27761531.904762
28866746.666667
28778821.428571
27840984.761905
28540614.761905
27477369.523810
28695177.142857
27517826.666667
29915907.142857
29743528.095238
28639549.523810
27654205.714286
29140380.952381
29218361.904762
28818722.380952
29266806.666667
29881120.000000
29674805.714286
28785811.428571
27231191.428571
29061001.904762
29859935.238095
29279504.761905
29626920.000000
29066570.952381
28577525.238095
27965090.476190
29892526.666667
30227693.333333
29493122.380952
29439537.142857
28904077.619048
30124091.428571
29313305.714286
27966119.047619
28333850.476190
29229104.761905
28200494.285714
28402283.809524
30203629.047619
29096419.047619
27383917.619048
29926807.619048
29442952.380952
29677941.428571
27915786.666667
29582333.333333
29504426.666667
29351467.619048
28991476.190476
28763873.333333
27099628.571429
28537167.142857
28898413.333333
28712679.047619
27885072.380952
28910889.523810
28763982.857143
29063376.666667
27822308.571429
28184752.857143
27789587.619048
28926759.047619
27491251.428571
28288023.809524
27774407.619048
29114381.904762
27196150.476190
28455370.476190
30002239.047619
30386568.571429
31267415.714286
30617809.523810
29507449.047619
30351573.809524
30111333.333333
29524148.571429
29483455.238095
30415945.238095
29735846.666667
29252387.142857
28923838.095238
30728666.666667
29825924.761905
28720756.190476
28991472.857143
28996985.714286
27606053.809524
28343838.095238
28634470.476190
28216193.809524
27499268.571429
28350329.047619
26485019.047619
29554693.333333
29798660.000000
28985872.380952
28213981.904762
28982924.285714
31703688.095238
29067201.904762
26932243.809524
27170799.523810
27906688.571429
29338036.190476
28455493.333333
28719036.666667
27048429.523810
28609036.190476
28691300.952381
28454830.476190
27172971.428571
28722948.095238
28321948.571429
28427685.238095
27323857.619048
28653176.190476
28563070.476190
28598682.857143
26396788.571429
28837127.619048
29518179.047619
29317319.047619
29524316.666667
29615735.238095
29380026.666667
28648580.952381
27140730.000000
27878166.666667
28424654.285714
29248609.523810
28153855.714286
29016399.523810
30076138.095238
29195050.952381
27025544.761905
27983507.619048
28664133.809524
29159910.476190
28275476.190476
30164701.904762
30178507.619048
29502826.190476
29869125.714286
28717604.761905
27234631.428571
28176862.857143
29103925.714286
29528500.952381
27479834.285714
28266879.523810
28923259.047619
28600562.380952
27105289.523810
29178842.857143
28463266.666667
29138403.333333
26934006.666667
28990539.047619
29296936.190476
29066157.142857
27945900.952381
29834985.714286
28902782.380952
28971145.714286
27881840.476190
30882048.095238
30975493.333333
29663792.380952
29456359.047619
28780744.285714
26757083.809524
30601749.523810
29625507.619048
29222852.380952
27616752.380952
29020819.047619
28850676.190476
28806426.666667
28200379.523810
28587694.761905
28531952.380952
29446517.142857
28210636.666667
28931400.952381
29722693.333333
30682326.666667
34109057.142857
29466174.285714
27829460.952381
29171133.333333
28132864.761905
29133921.904762
32142676.666667
27698024.761905
29576032.380952
28754121.428571
27728172.380952
28758569.523810
29340419.047619
29015391.904762
28115488.571429
29078227.619048
28782146.666667
29450682.857143
28575998.095238
29891017.142857
28891655.238095
28747417.142857
29365918.095238
29065770.000000
28660217.142857
29221474.285714
28330161.904762
29288444.761905
29846993.333333
30011888.095238
28351720.952381
29187237.142857
29476913.809524
29730229.047619
30045075.714286
29410002.857143
28279511.428571
28554546.190476
28168493.333333
28930716.190476
27140412.380952
29820000.000000
30081862.380952
29572015.714286
28626311.428571
29728713.809524
30441846.190476
28966079.523810
28609410.000000
29448828.571429
28995500.952381
29138438.095238
29015165.714286
29150169.523810
27650742.857143
28068200.952381
27966552.380952
29562573.333333
28113328.571429
28549730.476190
29368291.428571
28864596.666667
27109177.142857
29270782.380952
28538768.095238
29521438.095238
28246817.619048
29724268.571429
29529435.238095
28681253.333333
28920634.285714
26652902.380952
28316722.380952
27598318.571429
25632327.142857
26747911.428571
25461914.285714
26384994.285714
25905328.571429
27601921.428571
28023318.571429
26571652.857143
26716730.000000
25579154.285714
25914224.285714
26011244.285714
24864038.571429
27887094.285714
27383988.571429
26773618.571429
26315622.857143
25925181.428571
25157557.142857
26211518.571429
25569735.714286
26494504.285714
25547268.571429
25363844.285714
26107824.285714
27109565.238095
28618658.095238
27591160.000000
26074902.857143
26454527.142857
27164967.142857
26590638.571429
25840694.285714
25431837.142857
24875091.428571
26309754.285714
26387865.714286
27869460.952381
28499910.952381
27230662.857143
26324091.428571
27440727.142857
26578787.142857
26707752.380952
26343504.285714
29507368.571429
28851619.047619
29993234.285714
29687902.857143
29324097.142857
27447297.142857
29242697.142857
29707483.809524
29107331.428571
27057463.809524
28525234.761905
29049002.380952
29033992.380952
26987249.523810
28366828.571429
28575790.476190
29371605.714286
27693709.523810
29459404.285714
30033315.238095
29325721.428571
27096142.857143
29690038.571429
29131889.047619
30172507.142857
28464892.857143
28686213.333333
26944047.619048
28222987.619048
30382238.095238
30735273.333333
30106843.809524
27985057.142857
28365081.904762
29813819.047619
29508584.285714
28889520.000000
30121012.857143
29298725.714286
27054502.857143
28674991.904762
27946262.857143
28576163.333333
28104779.523810
29623223.809524
29685974.761905
29521042.857143
28355348.571429
29072911.428571
29228935.238095
28927466.666667
29281501.904762
29651919.523810
28595786.666667
29085843.809524
28891819.523810
29417052.380952
28656093.333333
28547253.333333
27152426.666667
28505552.380952
26315968.095238
28173382.857143
29091483.333333
28112338.095238
29697380.952381
27510129.523810
26580462.857143
29018970.476190
28483836.190476
28094107.142857
27888206.666667
28057657.619048
27960323.809524
27928593.809524
28310110.476190
29698773.333333
29621920.000000
29059542.857143
29183114.761905
28214411.428571
28861501.428571
28344311.428571
28566846.666667
29619942.380952
28621868.571429
29163229.047619
28957443.809524
28906170.476190
27970338.095238
28862266.190476
28708656.190476
27871365.238095
27872441.904762
28838170.952381
27700842.857143
28292731.428571
28930598.571429
28820540.952381
27125442.857143
28903405.238095
28302179.047619
27917681.904762
28250595.238095
28254314.285714
26563740.952381
27818988.571429
26870887.619048
30298157.142857
28988459.047619
30301630.000000
30141465.714286
27934766.190476
26949141.428571
28917975.238095
27193664.285714
29559993.333333
28910394.285714
28924196.666667
27997090.476190
29040252.380952
27672979.047619
28177269.523810
26955721.904762
29053588.095238
28093026.666667
28981652.857143
28332929.047619
28069929.523810
26802156.190476
27803677.619048
26396516.666667
28940280.000000
28235446.666667
28351664.761905
28151940.952381
29322572.857143
29126711.904762
27844870.952381
27547557.142857
28514920.000000
28893137.142857
28934402.857143
27980071.904762
28994880.952381
27954436.666667
28140775.714286
27662074.285714
28564925.714286
27840720.000000
30122229.523810
28802358.571429
28921649.523810
29111214.285714
30426044.761905
27995266.190476
29606411.428571
27971829.523810
29596889.523810
29667705.714286
28898790.952381
29640149.047619
29622019.047619
28267222.380952
29410573.333333
28642723.809524
29277887.619048
29310843.333333
27782813.333333
29766097.142857
30408020.952381
29304178.571429
28555360.952381
28731626.190476
29983027.142857
29376377.619048
29514083.333333
29641321.904762
30523123.333333
30270673.809524
28447081.904762
28888861.428571
28200699.523810
26536916.666667
29152611.904762
27323450.952381
29518776.190476
29758162.380952
27812024.285714
28502653.809524
29710226.666667
29056200.952381
28734533.333333
28528683.809524
28613119.523810
28593790.476190
28308628.571429
28112540.952381
29181168.571429
28614223.809524
29530571.428571
29070959.047619
29647002.857143
27795920.476190
28824829.523810
29351386.190476
28975831.428571
29104058.095238
29591418.095238
27674784.761905
28102705.714286
28550744.761905
28732375.238095
29465135.238095
28633509.523810
27316696.190476
28811376.190476
30163474.285714
28847185.714286
29143017.619048
29173682.857143
28190564.285714
28570098.095238
27762198.571429
28464691.428571
26538186.190476
28810398.095238
28850215.238095
29218440.000000
27467361.904762
27906378.095238
28947124.761905
29204729.523810
28477979.047619
28991489.047619
28616931.428571
29207425.238095
30497231.428571
27908100.952381
27690848.571429
28938239.047619
29505940.476190
28116083.333333
28039356.190476
28604049.523810
27694305.238095
28710578.095238
27636432.380952
28988061.904762
28527245.714286
29937200.952381
28309180.952381
29041169.047619
27705720.000000
28354818.095238
28296850.952381
28251556.190476
27716293.333333
28193862.857143
28452834.285714
28544478.095238
28146405.714286
29462198.095238
29083801.904762
27237281.428571
28588364.761905
27217038.571429
29421438.571429
28656242.380952
27426197.142857
28937606.666667
28427662.857143
28819645.238095
27663575.238095
29109442.380952
28089989.523810
29284516.666667
28047295.238095
28433076.190476
28426009.523810
28354685.714286
28182567.619048
28546411.428571
28426553.333333
29645772.857143
27147782.857143
29605110.476190
28319769.523810
29110960.000000
28251856.190476
28640681.904762
28034116.190476
29812411.428571
31286897.142857
29027550.476190
28705021.904762
28964569.523810
26949911.428571
29189020.952381
27004291.428571
29682257.619048
29033515.238095
28441212.380952
27369181.904762
28115979.523810
28215818.095238
28553447.142857
27249050.476190
27199201.904762
29263930.000000
28209148.571429
28895658.095238
28801986.666667
26226728.571429
29492009.523810
28331590.476190
28276670.000000
27379156.190476
28476449.523810
27216967.619048
28920793.333333
27213528.095238
28253251.428571
28326977.619048
30156335.238095
29456288.571429
28414106.666667
30219599.047619
31279223.333333
30072217.619048
28617496.190476
29277034.285714
28631686.666667
28426260.952381
29186810.476190
27963153.333333
28592560.000000
25920571.428571
28656658.571429
28049972.380952
27457279.047619
27613277.619048
28925974.285714
27412266.666667
29390186.190476
26907111.428571
29303127.619048
27636829.523810
29712422.857143
28189397.142857
29581753.809524
28771300.476190
29715289.523810
28236473.809524
28862916.190476
27702524.285714
28392211.428571
29291169.047619
28707967.619048
28059171.904762
28465060.000000
29436647.619048
29522520.952381
27550520.952381
29063736.666667
29515182.857143
29072123.809524
28897851.428571
28414167.619048
29193683.809524
30939143.809524
28675808.571429
28485363.809524
29815577.619048
29039209.523810
26590191.428571
28435815.238095
29660967.142857
29483201.904762
28543120.000000
27901292.380952
29621591.428571
29150348.571429
29138493.333333
28594880.000000
27553878.095238
28524091.428571
28700688.095238
27743097.142857
28014482.380952
28402369.523810
27340678.095238
28249073.333333
29254555.714286
28756842.857143
26837681.904762
28153797.142857
28773497.619048
27558985.238095
27665033.333333
28852224.761905
26353391.428571
28316763.809524
28699557.142857
28014617.142857
26968952.380952
28213832.380952
27798649.523810
29566036.190476
28059474.285714
29298727.619048
27778529.523810
27817851.428571
28279536.666667
28032137.142857
28023151.428571
28349161.904762
26966207.142857
27760726.190476
28915685.238095
28292537.619048
29834115.238095
29005692.380952
28581553.809524
28222352.380952
28049815.238095
28842580.952381
28285609.047619
28903043.333333
29322701.428571
29641288.571429
29600483.809524
29201354.761905
27509815.238095
29191298.571429
28915623.809524
29186199.523810
27759914.285714
27883069.523810
28620696.190476
31357112.380952
56897007.142857
48359275.714286
49031693.333333
48346726.190476
37929894.285714
40023879.047619
41791413.809524
36405433.333333
36036543.333333
35993815.714286
34156668.571429
35830564.285714
35873570.476190
35078365.714286
35227242.857143
34295652.857143
33060683.809524
33876028.571429
27517365.714286
30255804.761905
26918692.380952
28862364.761905
27250837.142857
29315242.380952
29183730.000000
28456111.904762
29910708.571429
29066640.476190
51574269.047619
40740884.285714
38342633.333333
38058368.571429
37815517.142857
40744011.428571
35697725.714286
37713539.047619
36362709.523810
37242782.857143
38452540.952381
33745329.523810
28997249.523810
29909854.761905
29072258.571429
29767703.333333
28214007.619048
29180407.142857
28059925.714286
28096681.904762
27706398.095238
28781775.238095
28547502.857143
28708735.238095
27435020.952381
28393969.523810
28361333.333333
28103885.238095
27367388.571429
28639609.523810
29106274.285714
30981708.571429
33010435.714286
29971339.047619
28784398.095238
29051241.904762
29657885.714286
28684280.476190
28422960.476190
29649377.142857
27099722.380952
29294905.238095
28512843.809524
27274590.000000
25902092.857143
26812898.571429
26391794.285714
27376877.142857
25137755.714286
25346281.428571
27661158.571429
25799367.619048
26448762.857143
27294513.809524
25148862.857143
25999577.142857
25493550.000000
26654311.428571
25948538.571429
27702381.428571
25846017.142857
25979654.285714
24505677.142857
26266969.523810
25979598.571429
26979714.285714
25847758.571429
27187649.523810
28577523.333333
28343245.714286
27429413.333333
28577933.333333
28198775.238095
29201820.952381
28413925.714286
29240560.000000
29402919.523810
29169731.428571
27024981.904762
29271849.523810
29757104.761905
28595964.285714
28075790.476190
28936053.809524
27959316.190476
29218057.142857
28644900.952381
28895002.857143
28370952.380952
29068074.285714
28461124.285714
29212170.000000
28049060.000000
29266610.476190
30820214.285714
29004470.476190
27143497.142857
29850636.666667
29490938.095238
29766463.333333
28564580.952381
30033169.523810
29150927.619048
29385065.714286
28079421.428571
28596773.809524
27833256.190476
28845782.857143
28304880.000000
29336473.333333
28290813.809524
28866905.238095
28395583.809524
