26507414.285714
25816411.428571
24355695.714286
24671032.857143
23225020.000000
21972818.095238
23492475.714286
21814088.571429
22599074.285714
22768162.857143
23194628.571429
21296740.476190
20192068.571429
20965022.857143
18954961.904762
18958270.000000
20364923.333333
21580188.571429
22073025.714286
22719880.476190
22624917.142857
26148727.142857
25188346.666667
26096483.809524
25545065.714286
24679510.476190
23253210.952381
23353659.523810
22652807.619048
24964335.714286
26671983.809524
25897130.000000
26726575.238095
25532163.333333
27136446.190476
26364958.571429
25879717.142857
24581502.380952
23968023.333333
23020705.238095
23309840.476190
23807253.333333
26003019.047619
26183716.190476
26425837.619048
26647931.904762
32033923.809524
29629014.285714
28640584.761905
28985898.571429
25812732.857143
25086098.571429
24562040.000000
24182285.714286
26324293.333333
27626934.285714
27846189.047619
28136550.000000
28231949.047619
27919256.666667
27682630.952381
27243428.571429
25949397.619048
24289771.428571
23964072.380952
24147753.809524
24792680.000000
27257347.142857
26787394.761905
27392914.761905
28005673.809524
26832942.857143
27072251.428571
29314920.476190
26461933.333333
24898430.476190
24583162.857143
23931720.000000
23508382.857143
25732613.333333
26516076.190476
26655339.047619
26531897.142857
26849487.619048
26398948.571429
26626542.857143
27628424.761905
26354259.047619
24700364.761905
24257120.000000
24240571.904762
25068007.619048
27462632.380952
27487190.476190
26623038.095238
27458196.666667
27454519.047619
27489520.000000
27882464.761905
26827624.761905
24544653.333333
24251295.238095
24777580.952381
24436282.857143
26585772.857143
27948368.095238
27656414.761905
26665527.619048
26900125.714286
26712118.095238
26800594.285714
26323007.619048
25297805.714286
24407918.095238
23868316.190476
23927798.095238
24821791.428571
26773921.428571
26694952.380952
26989022.857143
27237641.904762
26560245.714286
26853414.761905
26618502.857143
27245268.571429
24636312.380952
24818380.952381
24450726.666667
24561470.952381
25989761.904762
27143574.285714
26391192.380952
26283982.857143
27063019.523810
27320610.952381
27441838.095238
27050539.047619
26039106.666667
24465043.809524
24250925.714286
24685785.238095
25047809.523810
27376819.047619
26796687.619048
26748224.761905
26638354.285714
26859704.761905
27279224.285714
27143830.952381
26809586.666667
24860893.333333
24568859.047619
24435093.333333
24225615.238095
26133790.476190
26729809.523810
26766605.714286
27000635.714286
27151331.428571
27200640.000000
27150430.476190
27209786.666667
25886116.666667
24739916.190476
24726574.285714
24326758.095238
25332920.000000
27584424.761905
27250630.476190
27418770.476190
27757300.000000
27146685.238095
27470605.714286
27048807.619048
27134217.142857
24941855.238095
24654624.761905
24311156.190476
24022963.809524
26142192.380952
27242045.714286
26689706.666667
26751815.238095
26553866.666667
26431815.238095
26468958.095238
26746150.476190
25592182.857143
24598979.047619
24486360.000000
24225822.857143
24932952.380952
26810565.714286
26613706.666667
26780348.571429
26856560.000000
26878453.333333
26920904.761905
26787087.619048
26266880.000000
25178289.523810
24630140.952381
24622312.380952
24208969.523810
26220102.857143
27096680.000000
27032809.523810
26862152.380952
27183095.238095
27010198.095238
27451186.666667
26671011.428571
26026508.571429
24928443.809524
24362072.380952
24554857.142857
24991083.809524
27268687.619048
27149790.476190
27122720.000000
27448681.904762
27580043.809524
27384510.476190
27193550.476190
27143460.952381
25343169.523810
24884752.380952
24629110.476190
24758209.523810
26621030.476190
27672563.809524
27416651.428571
27210613.333333
27283620.952381
27137560.000000
21961341.428571
21396605.714286
22640150.476190
21260722.857143
20932815.714286
21686905.714286
21175370.952381
21810098.571429
21944075.714286
22844668.571429
23086815.714286
22882764.761905
23245906.666667
22363451.428571
23067805.714286
23175741.428571
22171797.142857
22068602.857143
21874664.285714
22567365.714286
22507437.142857
21946532.857143
23237147.142857
23271084.285714
22909842.857143
23119828.571429
21588527.142857
22830607.142857
21488676.190476
21964105.714286
21518033.333333
22183442.857143
21209265.714286
22399378.571429
22656814.285714
22692161.904762
27063125.714286
26903689.523810
25866470.476190
25681470.476190
25930120.000000
25868350.476190
25835106.666667
25593167.619048
25610615.238095
25889329.523810
26187361.904762
27010213.333333
27468415.714286
27679049.047619
27161470.952381
26639990.000000
26191680.000000
26072451.428571
25581236.190476
26400168.571429
25891003.809524
29280215.238095
28791019.523810
29494660.476190
29343563.809524
29510424.761905
28860190.476190
28001752.380952
27724977.142857
28025800.952381
27210649.523810
26977952.380952
27004190.476190
27264424.285714
26882497.142857
28000573.333333
29051910.476190
28800596.190476
28639920.000000
28689337.142857
27080836.190476
27111398.095238
27076369.523810
26267626.666667
27099403.333333
27117971.428571
26701969.523810
27290177.142857
28331135.238095
28207422.857143
28337394.285714
27529622.857143
26779697.142857
26600683.809524
26461173.333333
27077350.952381
26672750.476190
27160785.714286
26610040.000000
26432750.476190
27987217.619048
28585013.333333
28190276.190476
28114828.571429
27819746.666667
26756005.714286
26548047.619048
26406777.142857
25654977.142857
26462377.142857
26273316.190476
26226674.285714
26437156.190476
27543596.190476
27669573.333333
27581653.333333
28213965.714286
27020424.761905
26537177.142857
26666034.285714
26516043.809524
26524190.476190
26792262.857143
26792820.952381
26703436.190476
27277601.904762
27822900.952381
28122091.428571
27638961.904762
27629758.095238
26720627.142857
26793137.142857
26980839.047619
25532876.190476
26204659.047619
26313676.190476
26029301.904762
26655320.000000
27571886.190476
28092145.238095
27603001.904762
27098666.666667
26701659.523810
26416539.047619
26187887.619048
26269758.095238
26127887.619048
26096594.285714
26147790.476190
25941992.380952
26804371.428571
27344106.666667
28514733.333333
27946353.809524
26957131.428571
26769356.190476
26724659.047619
26482550.476190
25771026.666667
26567175.238095
26701060.952381
26413093.333333
26835640.000000
32276946.666667
30121436.190476
29327451.428571
29457967.619048
28237885.714286
27713750.476190
27766690.952381
27446300.000000
30294426.666667
27612168.095238
26974994.285714
26668895.238095
27886567.619048
28466811.428571
28986539.047619
28874440.000000
28071476.190476
26956773.333333
26875190.476190
26924500.952381
25828908.571429
27113594.285714
26946099.047619
26714931.428571
27806898.095238
28727887.619048
28323121.904762
28177720.000000
28241718.571429
27289829.047619
27342007.619048
26722276.190476
26651464.761905
26621118.095238
26347192.380952
26329908.571429
26607767.619048
27180241.904762
27730916.190476
27696158.095238
27467805.714286
28356110.952381
26682450.952381
26743740.952381
26708811.428571
25739516.190476
26446076.190476
26500973.333333
26322729.523810
30460011.428571
28051460.952381
28552618.095238
28658613.333333
28523836.190476
27056893.333333
27104255.714286
26874083.809524
26754304.761905
26429060.000000
26620449.523810
26741041.904762
26703222.857143
27293289.523810
28419908.571429
28561662.857143
28493365.714286
28538390.476190
27201356.190476
26712236.190476
26700093.333333
26179657.142857
26441076.190476
26390756.190476
26237575.238095
27145645.238095
27844114.285714
27921719.047619
28260987.619048
28874609.047619
27073868.571429
27306251.904762
26928041.904762
26547451.428571
26547718.095238
26494078.095238
26450241.904762
26334630.476190
26965451.428571
27716472.380952
27745161.904762
27127792.380952
27554826.666667
26704895.238095
26581699.047619
26670121.904762
25685302.857143
26157342.857143
26412807.619048
26078363.809524
26897833.809524
27869042.380952
27307028.571429
28232087.619048
28007523.809524
26538636.190476
26046613.333333
26494266.190476
26150238.095238
26330914.285714
26285645.714286
26760261.904762
26057540.952381
27075445.714286
28078138.095238
27880820.952381
27813110.476190
28158805.714286
26549161.904762
26276881.904762
26601714.285714
26304183.809524
26487049.523810
26446980.952381
26025691.428571
26374780.952381
27680923.809524
28393791.904762
27559620.952381
27510311.428571
26649600.000000
26495120.000000
26679784.761905
26935791.904762
26685489.523810
26113786.666667
25993782.857143
26236533.809524
26815040.000000
28299937.142857
28040520.000000
28308237.142857
28281424.761905
27102307.619048
26697470.476190
26808900.952381
25537287.619048
26056914.285714
26198251.428571
25780167.619048
26434683.809524
28228242.857143
27565499.047619
27845047.619048
28520202.380952
26670380.476190
21855677.142857
25033312.380952
22355967.142857
22152635.238095
21652984.761905
22299258.571429
22182280.000000
22624578.571429
22122188.571429
23948867.142857
26190585.714286
24235087.142857
24838925.714286
22653630.000000
22206922.857143
22136251.428571
22558897.142857
21854607.142857
23636028.095238
23492951.904762
22308080.000000
22956351.428571
22861210.476190
24809311.428571
23830321.428571
24875078.571429
23826672.857143
23175901.428571
22380180.000000
21844344.285714
23453065.714286
22726081.428571
22433200.000000
22003761.904762
23109935.714286
23247325.714286
23084297.142857
23215864.285714
24428874.285714
22285010.000000
22389307.142857
22503652.857143
23753052.857143
22271467.142857
22485386.666667
22315630.000000
22829661.428571
22898760.000000
24391298.571429
23878055.714286
23546097.142857
22855424.285714
22226897.142857
23433617.142857
21732938.571429
22393070.000000
23490927.142857
22148404.285714
22918985.714286
23675177.619048
24063227.619048
23918871.428571
23122025.714286
26845853.333333
26822773.333333
26690954.285714
26661916.190476
26466367.619048
26829927.619048
26607316.190476
26909375.714286
27208371.428571
27503081.904762
28046196.190476
28212561.904762
28162422.857143
27260112.380952
26844883.809524
26645026.666667
26292838.095238
26398358.095238
26770540.952381
26743796.190476
26830441.904762
29393507.619048
28622902.857143
28888982.857143
28873456.190476
27339868.571429
26716750.476190
26706306.666667
26567508.571429
26758094.285714
26849800.000000
26656415.238095
26452929.523810
27291712.380952
27441836.190476
28770859.523810
28178659.047619
28651914.285714
27286978.571429
26699510.476190
27166855.238095
26318327.619048
26631333.333333
26296702.857143
26935403.333333
26494062.857143
28569289.047619
28347489.523810
28445897.142857
28108603.809524
27384840.000000
27046215.238095
26802699.047619
26528815.238095
26178304.761905
26607866.666667
26840954.285714
26861408.095238
27047504.761905
27257830.476190
28558365.714286
28723367.619048
28232742.857143
27209815.238095
26796144.761905
27219931.904762
26618384.285714
26444335.238095
26471862.857143
26594562.380952
26582598.095238
28339197.619048
27870950.476190
27926285.714286
28013207.619048
27418740.952381
26883862.857143
27424630.476190
26927104.761905
26514600.000000
26735032.380952
26549897.142857
26442342.857143
26972855.238095
27096527.619048
27977859.523810
27413485.714286
27476118.095238
26707495.238095
26992015.238095
26857963.809524
26167792.380952
26527321.904762
26298040.000000
26475017.142857
26527784.761905
27936245.238095
27736527.619048
28049813.809524
28472013.809524
26977992.380952
26648099.047619
26617249.523810
26541640.000000
26379561.904762
26792502.857143
26827055.238095
26815253.333333
27444822.857143
27720777.142857
28404967.619048
28977546.666667
28612451.428571
27155752.380952
26985830.476190
26767563.809524
26542971.428571
27444707.619048
26748626.666667
27359573.333333
26632828.571429
27788820.952381
28038400.000000
28176575.238095
28335038.571429
27491711.428571
27184426.666667
27012834.285714
27393866.190476
26533158.095238
26832081.904762
26895744.761905
26734794.285714
27885773.333333
27774533.333333
28451720.000000
28523983.333333
28176316.190476
27197399.523810
27387543.809524
27100001.904762
26158672.380952
26985522.380952
26621889.523810
26883043.809524
27365558.571429
28310432.380952
28416711.904762
28782043.809524
28224729.523810
27538203.809524
27054721.904762
26750070.476190
26476548.571429
26228173.333333
26490156.190476
26470963.809524
26467047.619048
27510902.857143
27451727.619048
27664980.952381
28118544.761905
28773991.904762
26963940.952381
27352428.571429
27176641.428571
26231910.476190
26557531.428571
26724220.952381
26515236.190476
27155980.952381
28678872.380952
28245864.761905
28353881.904762
28057026.666667
27142554.285714
