22770295.714286
22086043.809524
22113610.000000
21118376.190476
21767163.809524
21259349.047619
21103555.714286
22610542.857143
19700747.142857
19535379.047619
19442851.904762
22135363.809524
22055801.428571
21673163.809524
22556244.761905
21674628.571429
21757314.285714
21858266.666667
21944441.428571
21480015.238095
22114594.761905
21337982.857143
22391824.285714
21330700.952381
21278518.095238
21721374.285714
21514672.380952
22204174.285714
21349500.952381
21359982.857143
21570476.190476
22330393.333333
21801460.952381
20900098.571429
20199185.714286
19632081.904762
19415053.333333
20080744.285714
19505211.428571
19212571.428571
19075925.714286
19662188.571429
21219887.619048
21390480.000000
21230148.571429
21163794.285714
21087510.476190
20989230.476190
20971843.809524
20955550.476190
21271520.000000
21570156.190476
21722280.000000
23122366.190476
20914333.333333
21912644.285714
21153428.571429
21409638.095238
21066280.000000
21619247.619048
21337414.285714
21783223.333333
21558472.380952
21625076.190476
22023181.904762
21776518.095238
20920350.476190
20165893.333333
19758253.333333
20189222.857143
19740257.142857
19582965.714286
19841647.619048
19965538.095238
20161248.095238
21159478.095238
21832645.238095
20995398.095238
21392622.857143
21454864.761905
21003984.761905
20895201.904762
21252586.190476
20916809.523810
21343060.952381
21333323.809524
21884017.619048
21058142.857143
20971737.142857
20920234.285714
20943177.142857
21405068.571429
21423026.666667
21590870.476190
21622198.095238
21478383.809524
21598082.857143
21500588.571429
21178942.857143
21187813.333333
20303723.809524
20527131.904762
19996586.666667
19997611.428571
19912512.380952
20439028.571429
19949609.523810
19963440.000000
21317337.619048
21170560.000000
21415662.857143
21566596.190476
21142438.095238
21598483.809524
21647005.714286
21573954.285714
21251674.285714
21381297.142857
21427276.190476
21458422.857143
22124839.523810
21617420.952381
21300868.571429
21661293.333333
21671666.666667
21597946.666667
21758217.142857
21856748.571429
21788200.000000
21965748.571429
22746169.047619
21990971.428571
21922971.428571
20647026.666667
20464714.285714
20280409.523810
20117674.285714
20184045.714286
20078504.761905
19993314.285714
20049270.476190
20462340.952381
21388619.047619
21698382.857143
22066379.047619
22000348.571429
22043287.619048
22444948.095238
21911689.523810
22024369.523810
21946257.142857
21890699.047619
21954826.666667
22208979.047619
22142794.285714
21814539.047619
21922847.619048
21808030.476190
21955043.809524
22005796.190476
22159753.809524
21775619.047619
21846283.809524
21669375.238095
21694881.904762
21600584.761905
20907838.095238
20284243.809524
20266807.619048
20188620.952381
20070076.190476
20063874.285714
20104628.571429
20168662.857143
20236081.904762
21891569.523810
21790860.952381
21766843.809524
21694135.238095
24986957.619048
21452868.571429
21837476.190476
21550558.095238
21707131.428571
21714927.619048
21640510.476190
21703255.238095
21777080.000000
21848699.047619
21815299.047619
21721834.285714
22071761.904762
21716620.952381
21643325.714286
21968575.238095
22546537.142857
22079327.619048
21916502.857143
21602413.333333
21563819.047619
20553066.666667
20462106.666667
20416723.809524
20628992.380952
20321874.285714
24421284.285714
20113468.571429
20188725.714286
21038026.666667
21657908.571429
21274584.761905
21677255.238095
21606520.000000
21420441.904762
21667251.428571
21711502.857143
21405520.000000
21750700.952381
21477760.000000
21650120.000000
21796127.619048
21579243.809524
23441093.333333
22713960.000000
23160883.809524
22967245.714286
23037552.380952
22945068.571429
23033243.809524
23100862.857143
22637447.619048
22728285.714286
22745196.190476
22435834.285714
21699036.190476
21088784.761905
20760758.095238
21062112.380952
20741219.047619
20887897.142857
20819394.285714
21487415.238095
22631977.142857
22985161.904762
22738415.238095
22497996.190476
22428678.095238
22364744.761905
22410609.523810
22194548.571429
22257792.380952
22305577.142857
22245645.714286
22398914.285714
22324763.809524
22270794.285714
22320565.714286
22188287.619048
22270786.666667
22112333.333333
21943333.333333
22077916.190476
22123005.714286
22090685.714286
22049657.142857
22045003.809524
21437142.857143
20845563.809524
20639417.142857
20717062.857143
20546931.428571
20500062.857143
20501786.666667
20539868.571429
20805910.476190
22026729.523810
21700432.380952
21907360.000000
21949862.857143
22065384.761905
21787887.619048
21767710.476190
21902870.476190
21974580.952381
18257175.714286
18762118.571429
19585736.666667
18806358.571429
19612960.000000
19173911.904762
18822405.714286
19615709.047619
19727331.428571
19492572.380952
18596348.571429
20059987.142857
22198575.714286
21873318.095238
21918904.761905
21870803.809524
21730087.619048
21183144.761905
20779228.571429
20620150.476190
20731268.571429
20746358.095238
20817680.000000
20730620.952381
20654266.666667
21291552.380952
22118072.380952
22064329.523810
21978491.428571
21881205.714286
21883241.904762
22042651.428571
21950466.666667
21867394.285714
22081361.904762
21872331.428571
22023209.523810
22044361.904762
24638791.904762
22218449.523810
24639742.857143
23442742.857143
23093784.761905
23041697.142857
23060220.952381
23101293.333333
22879826.666667
22875457.142857
22854019.047619
23175987.619048
22368106.666667
21521537.142857
21117525.714286
21023236.190476
21049508.571429
20983565.714286
20973419.047619
20844516.190476
21192460.952381
22609194.285714
22297000.000000
22426520.000000
22322161.904762
22763497.142857
22515287.619048
22265325.714286
22251083.809524
22434544.761905
25317808.571429
22328304.761905
22340779.047619
22449329.523810
22285653.333333
22340855.238095
22133620.952381
22423868.571429
22502354.285714
22351697.142857
22445297.142857
22601228.571429
22457390.476190
22397695.238095
22202177.142857
22024281.904762
21219754.285714
21020554.285714
20821491.428571
20752041.904762
20993140.952381
20824323.809524
20853733.333333
20766118.095238
22259262.857143
22708640.000000
22487708.571429
22451161.904762
22415030.476190
22377878.095238
22330794.285714
22555102.857143
22542748.571429
22485019.047619
22335817.142857
22363828.571429
22447272.380952
22382464.761905
22248897.142857
22125167.619048
22163116.190476
22281278.095238
22471990.476190
22185638.095238
22105573.333333
22207070.476190
22157649.523810
22354990.476190
22297192.380952
21220786.666667
21449246.666667
20876603.809524
20814561.904762
20616706.666667
20669828.571429
20667140.952381
20684956.190476
21215078.095238
22479613.333333
22401211.428571
22536478.095238
22386512.380952
22645577.142857
22492900.952381
22444040.000000
22549017.142857
22637024.761905
22568451.428571
22609933.333333
22680649.523810
22643382.857143
22517015.238095
22641331.428571
22564388.571429
22520373.333333
22663735.238095
22208285.714286
22324190.476190
22351493.333333
22348238.095238
22357927.619048
22409872.380952
21737649.523810
21051093.333333
20848824.761905
20788104.761905
22449609.523810
20578405.714286
20587676.190476
20564220.952381
20879965.714286
21888822.857143
22224295.238095
22118666.666667
22019948.571429
21982137.142857
22258506.666667
22025499.047619
21952407.619048
22288316.190476
23450613.333333
26602511.904762
24559068.571429
22792419.047619
22758940.952381
22771880.000000
22693114.285714
22799916.190476
22617215.238095
22599104.761905
22737036.190476
24681700.476190
22613266.666667
22607192.380952
22467758.095238
21528304.761905
21247133.333333
21184169.523810
21080283.809524
20871659.047619
20987605.714286
20991586.666667
20909760.000000
20940430.476190
21776965.714286
22653407.619048
22744777.142857
22807112.380952
22672142.857143
22695060.952381
22701041.904762
24558974.285714
22860843.809524
22561611.428571
22557979.047619
22544000.000000
24289433.333333
22556030.476190
22376373.333333
24285396.190476
24848665.714286
22474441.904762
22622196.190476
22416712.380952
24477533.333333
22452718.095238
22539451.428571
22526931.428571
22292828.571429
21309527.619048
21122245.714286
20973289.523810
21043975.238095
20931537.142857
21130072.380952
20877022.857143
21008487.619048
21482849.523810
22866488.571429
22513034.285714
22698895.238095
22755843.809524
22842142.857143
22932514.285714
22886304.761905
22873868.571429
22646316.190476
22735144.761905
22648546.666667
24566381.904762
22639462.857143
22638710.476190
22659310.476190
22667102.857143
24401000.952381
22735640.000000
22634946.666667
24319021.904762
22682702.857143
22566502.857143
22245072.380952
22270344.761905
21752339.047619
21249809.523810
21015832.380952
21168034.285714
21121360.000000
21182782.857143
21169883.809524
20907516.190476
21224720.000000
22425723.809524
22136247.619048
22155285.714286
22325215.238095
22307680.000000
22160146.666667
22407068.571429
22215756.190476
22287316.190476
22450289.523810
22152331.428571
22290927.619048
22279247.619048
22519809.523810
22754817.142857
22280691.428571
22547196.190476
22505967.619048
22331891.428571
25731640.952381
22734238.095238
22691205.714286
22453849.523810
22446727.619048
21875731.428571
21420596.190476
21441436.190476
21132297.142857
20854470.476190
21100053.333333
20808998.095238
21072438.095238
20980215.238095
21667952.380952
22434508.571429
25228460.952381
22200257.142857
21947779.047619
22103969.523810
21990897.142857
21980078.095238
22067611.428571
22059270.476190
22092320.000000
22094405.714286
22009352.380952
22051460.952381
22199329.523810
21950087.619048
22099569.523810
22348388.571429
22094838.095238
22111024.761905
22020537.142857
22072300.952381
21904215.238095
21948140.952381
21842897.142857
21260017.142857
20941049.523810
20989720.000000
20840740.952381
20771691.428571
25357675.238095
20832020.952381
20839794.285714
21336085.714286
22067969.523810
21954779.047619
21908544.761905
21893280.000000
21853765.714286
22151179.047619
21908883.809524
22023523.809524
21943678.095238
21991302.857143
21959093.333333
22063180.952381
21953805.714286
22004285.714286
22096154.285714
22009986.666667
21972217.142857
22057382.857143
22064746.666667
21907676.190476
21832942.857143
21871878.095238
21870194.285714
21747847.619048
21435182.857143
21176956.190476
21079647.619048
20849996.190476
20879596.190476
20751259.047619
20860167.619048
20642702.857143
21014241.904762
22128725.714286
22142432.380952
22096992.380952
22067561.904762
22300274.285714
22287940.952381
22459982.857143
22522881.904762
22457617.142857
22289881.904762
22384899.047619
22284247.619048
22224438.095238
22174462.857143
21960603.809524
22084624.761905
22198163.809524
22137100.952381
22010946.666667
21956895.238095
18160251.428571
19874629.523810
18560211.904762
19500347.142857
19281351.428571
20078389.047619
19238258.095238
19225412.857143
19526000.476190
18770921.904762
19170325.238095
19220054.761905
21000611.428571
20760937.142857
20960470.476190
20887272.380952
21269864.761905
21883142.857143
22301836.190476
22204704.761905
22248725.714286
22194262.857143
22292996.190476
22116057.142857
22226638.095238
22733994.285714
22341834.285714
22328603.809524
22166474.285714
22350430.476190
22283695.238095
22160152.380952
21958200.000000
22259883.809524
21981228.571429
21876775.238095
22139950.476190
21849853.333333
21943518.095238
21894238.095238
21898700.952381
21607146.666667
21195504.761905
20982851.428571
20861817.142857
20832377.142857
20865651.428571
20839763.809524
20827740.952381
20686622.857143
21908931.428571
22030786.666667
21931422.857143
21923939.047619
21834506.666667
22169544.761905
21893647.619048
21913167.619048
22469350.476190
22078102.857143
21928933.333333
21970691.428571
21957921.904762
21854843.809524
21775428.571429
22207841.904762
22220702.857143
22152584.761905
22323112.380952
22313956.190476
22319259.047619
22331716.190476
22146878.095238
22193019.047619
22140460.952381
21150624.761905
21028900.952381
20886794.285714
20846923.809524
20902878.095238
20904333.333333
20787064.761905
20730944.761905
21428360.000000
21865788.571429
22130500.952381
22093893.333333
22091948.571429
22027449.523810
22085346.666667
21990878.095238
21931308.571429
21864148.571429
22034186.666667
21951697.142857
21819681.904762
22011238.095238
21881053.333333
21887558.095238
22017074.285714
22159659.047619
22209760.000000
21867087.619048
21864737.142857
21829009.523810
21748942.857143
21792323.809524
21742586.666667
21550914.285714
21160798.095238
21061651.428571
21038718.095238
20877805.714286
20768360.000000
20904626.666667
20862948.571429
21322354.285714
22191720.000000
22015521.904762
22019954.285714
22088670.476190
22074699.047619
21878520.000000
21851133.333333
21850457.142857
21808365.714286
21933133.333333
21962697.142857
21917428.571429
21904990.476190
21901407.619048
21924868.571429
21752939.047619
21844419.047619
22074506.666667
21874786.666667
21939579.047619
22129716.190476
21847767.619048
21704699.047619
21805687.619048
21402525.714286
21058099.047619
20881881.904762
21076693.333333
20885257.142857
23740389.523810
20707495.238095
20674666.666667
20762318.095238
22083822.857143
22138220.952381
21981817.142857
22209763.809524
21791769.523810
23734120.000000
23590615.238095
23358556.190476
23776080.000000
23702702.857143
23429769.523810
23632072.380952
23823224.761905
23548940.952381
27112666.666667
24636493.333333
24294420.952381
24036678.095238
23908518.095238
24086653.333333
24069628.571429
23997278.095238
23750935.238095
23648215.238095
23888139.047619
23145192.380952
22215533.333333
21909832.380952
21886036.190476
21606072.380952
21730542.857143
21557487.619048
21621700.952381
22665523.809524
23472537.142857
23569704.761905
23342636.190476
23582573.333333
23496306.666667
23188539.047619
23323293.333333
23583782.857143
23791417.142857
23486651.428571
23629118.095238
23686533.333333
23636024.761905
23457400.000000
23496194.285714
23479801.904762
23488996.190476
23364838.095238
23390514.285714
23282874.285714
23438807.619048
23397373.333333
23136053.333333
23091986.666667
22233773.333333
21780531.428571
21541742.857143
21605487.619048
21519963.809524
21262508.571429
21518211.428571
21252081.904762
21951998.095238
22956805.714286
23240914.285714
23345078.095238
23362190.476190
23249933.333333
23323960.000000
23174346.666667
23318628.571429
23376076.190476
23178739.047619
23069817.142857
23047327.619048
23154790.476190
22957272.380952
23236750.476190
23101259.047619
23160380.952381
23138194.285714
22902380.952381
22935367.619048
22901769.523810
22814535.238095
22873045.714286
22798758.095238
22300729.523810
21836622.857143
21598609.523810
21783840.000000
21297053.333333
21391965.714286
21399699.047619
21430504.761905
21551558.095238
22997198.095238
23022689.523810
22907377.142857
22780900.952381
22914459.047619
23256247.619048
22937169.523810
23097266.666667
23249462.857143
23143525.714286
22976605.714286
23138619.047619
22940354.285714
23026097.142857
22910415.238095
22860891.428571
22796737.142857
22606800.000000
22737426.666667
23126523.809524
22977767.619048
22943051.428571
22650203.809524
22702693.333333
22681758.095238
21722628.571429
21618691.428571
21422396.190476
21349523.809524
21189413.333333
21280931.428571
21188112.380952
21301112.380952
22232379.047619
