1744
724
1085
645
1011
1095
912
700
600
1642
623
1059245
1205
1114
1010
1239
921
1011
699
966
1282
585
911
17028
10106
3811
10368
1104486
1438
1304
590
640
840
548
1060
19141
8620
9260
1064245
878
3120
1162
620
1469
1029
854
550
24448
3410
12075
7098
8612
1107220
956
961
1060
829
1054
572
1160238
1001
1491
634
1435
751
942
576
1111
572
782
822
10747
11246
2897
8191
1054130
1571
898
1332
922
523
664
827
19152
9178
723
8525
10223
1097722
1075
1272
1046
922
715
873
21812
10522
4929
5055
12207
1132614
942
1129
603
917
1015
879
19862
10925
1210
8706
9063
8327
4621
1075428
1443
758
1180
624
27167
8224
1085702
1439
771
2164
803
1017
611
857
1193
562
9016
10728
1144670
1248
1008
1630
738
1264
691
908
928
547
15906
8799
7173
8631
1051594
1475
779
1013
608
1004
608
584
20308
5646
9721
9289
5613
5465
9888
8156
1062766
757
1052
757
25144
7077
4241
1106689
969
1130
1049
1006
668
899
551
763
14344
10810
1134833
1363
1000
1078
782
914
878
989
562
862
13794
7969
5031
1115113
1471
1058
1053
1318
759
997
708
989
14591
1097630
1502
1085
749
962
1142
734
1014
597
1235
603
14183
1090159
1575
1044
1178
1041
584
1193
589
852
705
1028
1098882
1237
4010
705
934
1259
1360
1491
895
1154
612
965
20109
2178
11875
1088511
931
1196
1264
1024
727
967
598
825
14619
1091626
847
639
1603
1105
746
738
1222
618
971
611
1095347
1235
1524
1065
1567
650
881
884
711
1027
609
923
1165109
1169
8229
1371
1404
1186
878
986
585
1243
564
1006
18233
8650
7769
1065801
1402
1089
1197
1025
818
651
558
1221
17444
7448
6874
1220874
2212
1004
1403
1054
625
677
884
714
15797
7637
1284446
918
1292
1115
1441
947
1045
1935
623
1033
12771
3577
1172471
1490
1295
1439
1148
621
593
1368
751
1026
13603
9017
8416
1164985
1092
1294
1058
749
725
900
971
764
11260
8587
9046
1126981
935
1901
838
744
1018
895
575
686
1112470
1204
1255
920
1058
589
806
633
834
1237
926
825
1124298
1650
1182
1253
860
802
639
986
950
574
625
956
1136423
1640
936
1111
794
947
736
975
947
573
630
863
12247
10171
1167206
1363
623
1576
941
959
559
905
1149
856
15076
8795
8210
3399
12504
9177
1119754
848
1507
884
1055
613
27863
1118420
1147
1120
979
1091
883
924
576
1297
839
540
1115963
1379
1107
1093
990
1206
585
1011
577
959
864
550
11344
1126552
1569
1068
1077
1075
643
1145
991
1032
622
580
12620
1136580
952
972
1240
703
1150
579
783
819
984
579
17264
1145512
1946
1348
744
1150
810
964
573
947
573
1057
1145927
1124
1003
1063
840
1203
932
862
554
815
523
932
13560
1111922
1543
1364
1354
665
691
1051
626
990
625
839
13330
1121565
1481
2154
1091
644
1400
770
1005
733
1046
726
11967
1151778
1662
937
1225
1255
936
914
571
999
640
1038
1127882
1381
1246
1027
910
1225
1285
1061
625
982
632
866
12350
1112362
1453
1103
1047
1504
1099
636
688
896
565
898
12015
1144153
1527
912
1629
1157
910
700
908
707
970
618
1135833
1009
1271
1194
1475
884
905
1021
633
845
572
965
1127263
1686
813
1095
1273
625
927
846
540
951
576
1113
13057
1138265
1439
2253
1483
664
719
1020
901
703
750
1000
13886
1122740
1034
1313
1011
1063
1009
908
716
603
956
623
17164
7815
1068188
1937
1912
849
1191
819
1007
899
580
875
23295
1100859
967
1881
674
1594
1100
612
572
1055
625
963
1129446
1757
1050
1198
835
1181
1147
704
623
854
895
561
1108106
1424
1010
1365
796
1703
648
690
881
894
708
599
1125612
867
1564
1185
1246
954
882
661
983
622
864
890
1134888
1956
917
1085
751
1415
863
833
989
577
684
911
1133009
1685
964
1330
857
1075
764
1012
888
584
676
929
13755
9559
4011
10103
9488
1130425
996
1172
629
590
1024
927
22009
10693
5696
5444
11602
12236
1124904
1077
1110
771
1239
631
19747
1109569
1361
1445
667
1686
937
998
619
1039
897
610
1092948
1629
994
1365
1110
1185
618
995
613
1408
891
603
11585
1098788
1099
1260
1076
1136
854
1000
615
874
719
625
16911
1122380
1131
1326
1205
797
1230
627
857
683
1023
624
16258
1107390
1337
1229
822
1238
849
1109
671
974
783
1011
1101711
1042
1522
1170
1054
1305
784
1406
640
865
685
1016
16648
1141441
1278
1610
1029
966
785
1139
625
844
690
1161
14195
1080497
1744
1185
1054
825
1531
791
1029
739
983
726
14750
1094961
1475
823
1508
943
838
1314
589
1005
799
1031
1124129
1827
1525
767
897
1059
845
1376
651
990
753
1035
12413
1090130
1770
1089
1021
1119
1027
619
604
881
692
1030
16832
1105048
1265
988
1337
1092
752
623
970
624
1459
617
1120746
783
1113
1045
975
862
1002
820
557
913
575
773
1133957
1530
936
1044
1074
944
703
819
565
914
1381
1483
11254
1133383
1052
1201
1223
1135
1068
1021
905
757
629
976
12377
1104878
1299
1105
1033
913
1047
902
612
719
886
566
15950
8386
6662
4745
13327
8241
6755
1083226
1153
996
581
1267
19152
1113786
816
950
1050
1057
1012
575
629
957
578
906
1146014
1322
976
1164
958
1056
940
815
682
929
839
658
1099011
1386
1056
1213
1079
1368
835
762
1015
894
618
734
1245038
1217
1588
1054
1240
805
1184
622
1017
630
1038
892
1260597
1760
1239
1477
848
1752
1030
1035
1021
841
610
996
1281510
1418
1527
1516
886
1255
1018
1029
884
576
683
1070
16513
8736
7597
9951
7933
5045
10682
1235220
1208
812
919
1045
24893
8638
5184
8419
10368
9371
1202634
921
1062
769
1037
719
23747
1244554
1088
1525
866
1214
674
1019
624
1026
1000
624
1253818
1725
782
1539
1033
1088
1056
931
530
1189
915
688
18144
1231204
1169
633
598
1491
832
968
573
798
639
554
22624
1239628
922
1050
1112
797
1283
597
1335
554
909
575
18583
1251129
1377
1296
837
1206
914
1149
770
990
748
996
1239765
2088
1203
1275
939
1032
1010
1077
625
974
602
1006
15737
1250916
1133
1169
1069
627
647
949
665
826
540
774
19597
1278533
1558
1248
1040
632
1450
752
1018
626
1011
603
15483
1247534
1623
2300
1536
1124
1025
1042
631
993
626
1038
1240250
1259
1367
992
1092
1131
1026
1178
796
981
625
1024
18056
1261596
1454
1413
1096
1383
1046
641
835
895
561
892
13270
1248118
907
969
1206
1206
713
849
1012
764
988
723
1248324
1145
1522
956
1345
797
1632
934
606
1002
626
883
1287064
1927
1068
1266
1170
1298
1004
1143
610
1049
626
1035
14094
1246778
1028
2497
1538
1065
740
999
1212
774
615
969
15575
1267420
940
1323
1186
1014
1095
1028
744
615
1112
583
19569
7756
1239048
922
1019
903
1597
707
985
936
580
1336
26137
1260761
934
1586
1133
1144
1057
615
578
845
608
1459
1291327
1826
1054
1202
1018
1161
1012
638
722
919
1093
662
1229005
1625
953
1312
815
912
1163
556
932
819
809
624
1326828
978
1507
1028
1189
920
1529
662
1022
626
855
1174
1272713
1751
1108
1244
863
1118
767
1817
964
597
751
895
1240296
1507
1166
1115
944
1178
868
1077
924
591
606
1023
17894
10982
3939
10040
12129
1176698
970
9012
885
837
1071
1031
25893
7913
5822
11073
6685
8425
1210568
892
1442
802
1029
1832
25528
1235686
1291
1455
1082
1199
925
985
602
1247
1066
627
1303688
1502
1166
1522
846
1350
699
1004
622
865
981
639
14794
1259425
1585
1051
920
1106
648
1022
613
889
574
556
16938
1247529
1060
767
1451
879
1100
847
899
572
1027
580
17904
1227680
1298
1235
781
1694
858
1059
687
846
608
1032
1297918
1333
1176
1182
1065
1103
636
858
913
856
711
893
16295
1225990
1025
1655
1131
693
876
852
686
821
648
844
18332
1213371
2054
1124
1614
1112
1134
646
1514
643
875
699
15850
1261114
1684
863
1242
1552
790
1037
744
1000
619
970
1276567
1480
1563
889
698
1482
1034
1144
747
1005
624
868
14029
1253826
1228
980
1172
1183
1235
618
687
906
564
1624
16476
1254045
1097
1523
1409
1484
1097
639
1043
623
1027
614
1249519
996
1527
1102
1289
1171
1074
1007
613
1058
750
1010
1248488
1752
1033
1085
1255
687
972
1418
631
1083
733
1039
16095
1234286
1325
1343
1279
932
1069
1032
1029
623
1098
1011
19200
1266802
1150
1433
1132
1027
1159
909
599
713
924
573
15755
8904
4587
1287186
1559
702
1425
657
1155
901
584
1784
19885
1282041
869
1650
883
1498
1124
633
578
882
814
1007
1223540
1441
1176
1254
950
1123
1063
722
711
1041
904
691
1262522
1847
1068
1452
912
1293
972
933
1040
1008
623
684
1274724
1020
1772
1138
1562
914
1028
648
1031
736
1012
903
1256811
1780
1265
1171
804
1003
1000
1366
890
624
727
1025
1267905
1514
946
1094
802
1289
890
920
917
573
664
848
16909
8647
6725
7080
12454
5146
8020
1213750
987
599
941
839
24574
9600
3918
10134
9852
8975
1248724
933
974
579
1321
725
25146
1259348
947
1107
618
1403
807
981
576
1140
836
563
1243798
1387
1234
1147
893
1159
746
1016
620
849
889
575
15102
1243825
1249
1426
1531
1152
623
1125
618
852
940
910
13576
1228507
1259
974
1062
924
967
568
910
568
1398
604
22586
1228187
1414
1140
744
1219
1006
957
574
1311
562
916
1250916
1125
1024
1154
1058
1074
637
1004
801
978
633
855
17957
1276902
938
1369
2192
859
698
846
539
810
680
842
18325
1249188
1624
1184
1029
1047
1022
740
1048
612
966
617
16153
1262897
1543
1268
1195
966
899
1132
577
955
579
784
1296191
1306
1170
978
600
1064
1027
1108
624
1034
647
849
16620
1282505
1538
1399
1039
1205
1033
640
1250
902
609
989
17787
1256880
1082
845
1632
1577
1237
660
1046
623
848
727
1235899
1609
1656
1091
1141
905
953
998
756
1011
605
898
1258924
1373
1220
1322
1165
1365
671
1719
818
1010
735
1002
18935
1260844
872
1161
1167
901
984
1056
889
681
628
981
18007
1226537
1075
978
1470
1074
1076
898
575
706
1224
624
19865
8280
1269929
813
1322
1526
1166
831
985
1028
627
1028
18807
1257580
836
1583
1042
1172
1438
904
623
1012
632
985
1228819
1573
1075
1160
881
1577
1193
630
688
903
859
808
1251384
1386
781
1609
782
1069
626
571
976
1050
816
603
1267464
1187
1583
1321
1218
847
1252
625
999
638
841
1142
1320644
1464
897
2039
841
1324
789
1043
909
591
692
1047
1238270
1480
1013
1166
887
1013
838
1060
983
629
1092
895
18924
9834
3344
9875
12950
1236988
957
4725
957
973
1037
1030
30803
13173
8323
3315
14215
9167
1186422
1044
1160
1006
1061
630
27562
1276309
1408
1253
808
1177
628
993
620
846
871
576
1259451
1647
947
1225
828
1089
849
1077
675
921
817
927
15345
1271549
1434
739
937
1738
812
1002
629
1038
625
867
19479
1260630
1192
904
1284
709
1165
733
812
637
944
580
23349
1225482
1264
1326
641
1072
1018
946
573
797
673
857
1301547
1187
1126
1236
649
997
857
1635
759
1007
631
852
18443
1250693
1023
1910
1043
685
779
1169
575
887
578
795
18977
1242741
1694
1477
1119
707
1171
594
909
576
960
565
19261
1291247
1497
1226
1455
1004
869
913
584
948
748
1005
1256272
1739
1233
772
924
1189
824
1040
630
1037
741
986
21108
1278524
1194
677
1684
1171
1231
628
701
910
621
885
19199
1274769
1276
1026
1434
1005
725
620
1019
628
854
725
1297226
879
1435
701
1151
977
1089
843
530
808
531
875
1271326
1295
1025
1093
1051
916
670
1295
580
809
633
962
22881
1455694
905
1497
1168
1131
1091
1139
1002
614
705
887
21503
1429490
1186
1222
1237
1096
1075
909
705
716
1028
623
20568
16691
9292
17336
16905
9783
14485
1383890
1160
978
595
909
26696
1387433
790
1353
867
1096
1222
923
782
1020
571
787
1406367
1481
811
1552
1055
1046
1018
650
699
912
1284
608
1365767
1239
1017
1359
950
1050
967
571
934
819
544
673
1339584
1429
1099
774
1683
630
922
588
806
569
784
820
1409412
1525
900
1127
1027
1131
950
1055
915
612
722
896
1362370
1759
1192
1484
846
1640
908
1233
1044
634
684
886
28766
11479
14369
11831
13040
1269931
954
5790
1077
1137
1061
1074
50608
8997
8581
15173
8680
15516
1298004
1044
1129
627
1032
847
37755
1263088
1260
1217
887
1154
637
976
615
866
876
577
1344967
1701
1018
1309
596
1355
943
949
679
924
826
537
20546
1302244
1419
859
986
1180
633
1378
634
856
737
610
16602
1267799
1047
1432
1175
1119
1149
627
1027
610
877
1016
24017
1274486
1845
1288
941
1131
886
852
706
885
617
873
1295078
1670
1002
1456
1085
1554
815
1430
641
873
733
924
22264
1281665
1280
1645
1014
971
710
910
576
801
902
1111
20931
1250766
1564
1322
935
1061
1011
609
1000
747
1241
608
17682
1335701
1654
997
1116
906
547
836
539
932
579
800
1383514
1451
1707
991
1051
1042
626
1558
645
862
870
1075
19893
1351342
1508
1183
1017
1164
1186
642
700
920
910
984
18988
1292017
782
1475
1152
1031
602
640
835
864
889
595
1326229
834
1993
1333
1878
879
1235
1013
626
983
614
1371
1235595
1838
1085
1251
1008
825
1333
1121
630
1031
625
849
13828
1243870
899
1545
1356
1024
1084
912
1020
752
740
1001
14882
1218831
818
1638
1210
1104
1234
1131
618
696
916
584
18163
8575
1260052
1331
1023
635
1411
634
998
1032
618
1220
28478
1222089
1054
1019
876
1158
1165
793
620
990
628
1286
1234503
1661
877
1274
797
1312
1018
1351
771
1017
984
576
1233640
1694
919
1139
1083
1179
755
609
961
917
740
621
1242773
903
1341
799
1438
821
1194
949
1048
615
846
1200
1242790
2141
1026
1351
802
1570
884
1018
896
603
715
924
1279931
1804
1221
1247
822
986
646
872
873
605
734
923
16077
11748
5780
8100
8930
1184137
969
9363
844
626
1071
1037
28437
10367
3693
8155
10330
9378
1189640
914
1359
626
1032
622
26084
1265889
1257
1281
1057
1060
752
1050
1179
1138
893
580
1268361
1336
932
1012
1064
1023
908
928
921
972
816
532
17811
1220636
1705
937
879
1336
614
960
583
942
569
692
15408
1230553
1432
982
1088
777
1217
812
980
540
1031
529
15886
1240276
1542
1146
856
1085
1022
978
583
925
574
935
1259554
1054
1421
1228
1355
1484
892
1431
618
855
678
1058
14337
1188849
1346
1299
1265
1004
952
1019
614
966
627
1165
18085
1211326
1764
1239
1183
860
987
585
876
560
886
564
18685
1283976
1668
1226
1486
1011
762
921
578
879
707
1047
1261409
2669
1623
959
936
1078
888
1035
637
1017
610
861
14165
1232443
1764
1191
975
1081
881
606
935
909
618
1016
15629
1280784
1206
767
1355
1249
964
617
987
634
1011
622
1199803
1425
1293
1011
1177
845
1054
883
591
1012
624
1426
1256555
1804
1038
1315
1308
1039
633
984
924
1016
604
1028
13040
1225874
1092
1446
1181
783
739
921
969
621
796
1041
14556
1248261
1015
1743
1224
1060
1172
1117
740
704
909
580
15788
12440
3071
8760
11970
8508
10333
1191156
1267
1067
730
973
25508
1348541
1586
1063
1284
1319
1027
637
599
985
743
1038
1297068
1457
822
1557
964
1158
1124
632
693
1284
963
740
1279627
1339
1260
1211
792
1941
679
704
916
917
725
755
1288710
938
1567
1247
1210
1098
1126
751
1037
622
868
891
1289204
1849
982
1534
810
1760
840
1078
996
613
675
896
1323007
1309
1096
1501
867
1139
1085
1293
890
1146
699
895
16099
9588
6455
6671
10738
4020
12505
1272595
1021
754
916
1056
34112
5578
7113
5343
11108
9009
1267097
1419
1110
773
1041
613
23248
1243699
1696
2055
805
1297
1283
1896
896
1087
927
594
1242467
2031
930
1657
1217
1873
602
910
717
1418
871
657
15475
1288187
1519
1665
843
1115
642
1243
634
1119
584
595
15479
1288434
1144
967
1056
935
1323
614
1125
813
1150
806
17924
1279470
1698
1208
849
1108
1066
975
576
781
844
907
1261620
913
867
1258
755
994
1069
927
585
1171
819
992
15103
1301829
1370
1709
1072
982
916
1020
611
878
943
923
15430
1315902
1333
1058
1321
881
1117
631
1011
733
1020
608
17360
1238324
1470
1113
1519
993
833
919
948
1057
734
1005
1254022
1821
1264
989
934
1609
910
1027
619
1226
584
889
15571
1260573
1660
1111
941
1230
970
708
616
854
1049
1011
15937
1246319
906
839
1710
1394
928
695
1029
608
965
619
1231685
1392
1464
1049
1177
911
1068
1066
630
1783
643
854
1276756
1696
1284
1347
1268
846
941
1795
778
988
623
878
11116
1255809
1105
1896
1284
1042
757
905
1414
612
788
990
14328
1235501
1030
1204
1017
1022
1030
911
932
698
989
745
17904
9618
1239851
1076
1361
1277
1180
659
1271
1041
626
1021
26271
1265022
1040
1775
684
1763
1196
756
615
1013
616
874
1258547
1422
1219
1216
1075
1164
1049
690
711
1048
897
705
1235334
1705
1083
1175
899
1013
1021
762
990
905
834
709
1276176
872
1996
1261
1442
658
1006
616
845
610
861
873
1292615
1411
1070
1322
1050
1617
910
1016
897
1073
781
1000
1250414
1805
1334
1513
886
1331
805
969
1027
631
1193
832
14108
11349
1943
10286
8504
1178220
953
7995
881
778
941
1236
26702
6799
8088
2144
12463
8503
1206386
972
1349
803
1050
638
23170
1225835
1371
1196
872
2175
690
1007
633
1141
1055
611
1250322
1559
847
2402
705
1254
812
1040
772
1226
912
574
18703
1224076
1246
1471
1010
1173
655
1034
639
1465
578
553
14072
1267677
1372
911
1307
722
1274
615
788
1031
936
579
15471
1228825
1638
1081
813
967
529
924
562
1344
591
1121
1240390
1327
1009
1460
767
1450
770
1037
636
858
711
895
14102
1272057
967
1219
1034
953
1358
995
582
1182
606
976
15067
1237653
1247
1070
1027
945
1031
574
1056
665
1165
573
16489
1214596
1801
1023
1179
1170
862
1267
591
871
728
1046
1239856
1369
1284
1481
1003
1146
625
1326
613
858
637
1388
14069
1272275
1398
1111
1021
1534
1072
635
702
896
1404
891
14909
1253006
1113
1309
1468
1323
779
614
977
620
1272
626
1299581
998
1989
915
1186
876
1056
912
1050
1042
619
1024
1239046
1543
693
1419
1202
749
966
964
946
1053
626
987
15176
1223265
1286
1329
1286
820
1030
1045
998
609
661
877
18686
1253613
873
2330
1200
875
997
902
1098
750
1015
718
15791
11286
1749
1253584
1182
1092
980
3671
1011
1216
834
995
28176
1211351
1259
1205
1029
1171
1019
630
586
1131
725
1042
1287707
1701
934
1023
852
924
1112
537
664
847
1481
559
1246418
1328
919
1154
1032
1059
806
661
815
775
808
916
1231004
1329
1303
1111
1211
808
991
789
1021
737
998
908
1245477
1347
777
1173
831
958
582
964
922
572
636
837
1222877
1493
1004
1085
756
988
748
1445
973
600
642
837
19190
9895
1391
9625
8073
6185
7849
1247628
1028
771
911
1289
23027
10549
1711
8474
10069
8213
1207066
1059
1102
632
1058
736
21632
1237576
1248
1211
1087
1214
894
976
752
1276
1048
608
1292240
1842
1034
1210
887
1967
1058
1038
631
859
895
585
12601
1256175
1809
955
981
1352
664
1043
630
856
685
741
16194
1257367
924
1068
1045
963
1174
588
903
580
1808
595
18562
1236600
1434
1103
903
1182
856
1225
614
1350
651
1039
1252962
1126
1114
1187
972
1135
941
1388
631
868
736
1019
13924
1240803
1288
1309
1093
983
1001
1242
615
983
626
1040
15635
1241631
1648
1294
1083
660
1002
624
1452
613
1130
630
15156
1267441
1244
968
1546
1136
661
828
532
919
566
951
1258004
1326
1117
821
643
1071
786
951
568
890
580
779
15189
1238767
1294
1170
1077
1514
970
729
781
1013
605
861
17780
1226234
1127
1075
1813
1459
755
610
970
610
852
622
1309242
1295
1356
895
1137
623
991
908
583
1075
843
999
1225242
1212
1066
1073
1999
900
600
927
569
781
882
925
19112
1212679
901
1751
1283
814
712
914
872
761
563
833
17498
1251942
1014
1499
996
1009
1152
1052
621
732
914
560
14737
12548
1234739
1063
1200
1190
1359
741
1557
1102
631
989
26712
1225631
1071
1618
1725
1122
1027
637
705
1041
825
980
1245414
1668
1016
1185
1012
972
877
658
573
974
847
536
1279596
1978
794
1291
877
1086
689
586
916
845
539
652
1284551
1244
1434
976
1150
749
942
641
960
576
901
833
1266727
1718
828
1428
782
997
582
940
940
572
635
834
1247188
1317
1102
1453
690
895
711
1053
1011
618
1152
1003
16646
10715
3237
9986
9283
1224775
942
8402
850
620
1210
1045
24861
8235
5114
8327
8844
9084
1187604
1069
1468
778
1032
655
21245
1214473
1346
1088
656
1037
770
1779
1329
5027
1243
829
1234242
1288
934
1637
1190
1238
859
1186
626
892
1673
1394
4084
1276315
1374
1181
912
1238
804
1109
817
964
578
1931
11302
1252299
1030
921
995
602
954
774
2849
649
1568
1403
8075
1283442
1396
1282
665
1028
636
1195
2937
1144
795
886
1255610
989
942
1275
822
1187
1644
1710
1222
2488
1324
1709
6169
1250420
1871
1183
1221
911
898
1157
750
1189
804
994
12581
1212870
1506
942
1354
979
1104
618
1012
852
1781
663
15202
1232530
1818
1016
1632
983
1132
1169
641
1099
746
1002
1259903
1347
1163
817
765
1033
638
1002
1849
2321
1778
1952
5996
1225268
Xput: 9580
