903
479
232
260
181
245
180
246
176
248
143
206
182
591
240
183
282
45186
17360
42252
16408
41479
15492
41378
15163
41722
17147
41126
17074
41403
18158
40193
53332
405
51933
387
54843
396
56370
398
17329
41805
17223
41556
53456
412
56032
492
55540
479
54671
478
55003
466
53350
468
53715
462
53555
4242
17735
3634
84739
3214
17133
39296
16023
39893
16769
39556
16579
39912
16803
40937
16920
37988
16167
37150
17651
40049
16892
38993
51722
411
52851
395
55384
396
54603
420
19741
40438
17286
41526
52521
420
52098
490
56173
484
54146
489
53264
466
54469
467
55848
466
52133
3451
18118
3283
83893
3173
17787
36146
17164
37121
14977
40090
16859
38214
16792
39486
16827
40626
16614
38895
16919
39649
16944
39386
52227
411
52563
396
54617
392
54725
397
18996
39222
17060
40140
51971
413
53128
482
54642
477
55264
473
53354
469
53160
464
54872
464
52803
3184
17713
4745
82010
3190
17138
37521
14553
39105
16909
39002
16676
39392
17023
40401
17099
39804
15970
40288
16793
38830
16989
39407
52429
407
52603
394
54511
397
55128
396
18757
40867
16578
39101
50568
253
53915
339
53050
337
53160
322
52910
305
52072
308
51405
302
53713
3308
17775
2574
82387
3666
16127
38151
16126
37577
17063
37072
16362
39252
16842
39297
17446
38726
16465
39274
16139
39399
16368
38906
52645
264
52796
245
53978
244
53205
239
19565
39959
15493
37679
49511
255
52946
330
52296
327
52963
324
53384
307
50988
299
53685
302
51342
3838
18114
3199
81236
3691
17399
38589
15375
36197
16558
38209
17573
38475
16251
38276
17234
37194
16468
38684
15053
38503
17630
36320
51890
254
52762
247
54905
243
54539
239
18894
37114
17110
37912
52196
248
52760
323
51757
330
54559
322
53429
302
50822
301
53223
305
51621
4034
17088
3365
81874
3398
18336
38218
14641
36464
16068
38136
17021
36802
17042
38494
16919
38304
15901
36882
16021
38436
18778
37022
50399
253
52721
244
53842
238
54466
240
17509
37405
15435
39097
50974
248
52638
333
51499
323
52536
322
51997
302
52053
306
53835
301
51143
3757
17846
3829
82335
3696
15975
37658
16518
37254
16544
38869
15871
36855
16313
38294
15588
39609
15335
37595
15733
38519
16089
37619
49383
260
50500
241
53264
315
51538
240
18683
38219
15542
39153
49751
251
50383
329
50865
331
51628
331
51516
312
50524
304
52282
307
50349
4064
16304
3725
83452
3621
15659
38804
16350
36992
16023
37969
16805
39169
15664
37325
15998
38624
16553
37711
16699
38328
15973
36739
49710
338
50771
233
54116
240
52765
242
18339
38714
16415
36213
98966
231
97809
322
100537
304
98844
318
57303
300
69056
278
103130
296
98849
3720
16572
4643
171800
3715
17406
84490
17853
88609
17339
89091
26864
56616
18793
67371
26787
58345
26796
46383
19224
65001
27156
55595
74691
265
79301
246
81085
240
79511
242
31982
54003
26685
52406
106620
261
106146
337
107984
445
102863
328
97460
417
95616
302
89224
403
82091
7115
27853
6451
116398
6568
27396
54024
26955
54128
27125
47422
18749
62313
26978
57430
26599
47674
26888
56881
27056
48102
26993
57854
75529
362
80362
249
81028
301
79805
318
32080
53888
27005
45708
75365
254
81771
335
80990
336
81038
441
78717
412
74259
306
79343
305
83054
6955
27459
6511
112172
6556
27709
57401
26958
54351
27129
55079
27165
52421
27036
46304
19452
63783
26844
46902
27037
53336
19354
64890
77485
358
81056
261
81250
243
74801
315
32216
49228
19721
49856
61372
257
57193
437
110333
458
109509
436
68840
307
73468
647
102457
305
99453
3942
16576
5670
134535
3111
17613
38453
17260
41212
17067
39479
16449
39664
18264
40295
16962
40912
17331
38424
16233
38910
17537
40435
52618
264
54374
244
55450
245
54998
242
19628
39566
16795
40012
52501
259
54522
688
54303
445
54969
325
54110
422
53546
305
54064
388
53020
4275
17989
4236
83281
3649
17743
37648
17314
38808
18503
37274
18426
38621
16079
38688
16082
39688
16213
40563
16345
40259
16941
37067
53865
343
53020
239
54944
293
53703
271
18807
39695
16648
41077
52102
252
53813
329
54498
338
53180
425
55040
402
53560
302
54527
306
53496
4095
17401
3743
82094
3781
16052
39013
16054
39937
16293
39192
16303
39592
16901
36818
16397
38458
16091
39091
15809
38630
16424
38474
51870
351
53727
240
53257
241
52927
291
18195
41862
16571
40086
52235
255
54303
447
53805
424
54170
437
54841
315
55412
317
53758
273
54121
3824
16910
3853
82349
3707
16921
38111
14933
39028
16521
40552
15773
39710
15969
41596
16149
40575
15670
37747
15860
41753
16643
41049
53234
219
53321
413
56638
204
56119
198
18411
40664
16753
40139
52338
254
53843
337
54560
336
54800
326
54789
305
55537
310
53733
303
53969
4984
16989
3886
86328
3785
16590
40386
16581
40463
16001
42072
16109
40733
14932
42158
16779
40101
15437
41201
15610
41840
16112
41134
53134
272
53725
248
55423
240
57386
248
18338
41322
15727
41540
52883
259
54818
336
54916
673
54951
330
54328
308
53865
312
54163
310
54022
4953
16908
3881
84759
3750
17203
37901
16124
40960
15655
41223
14499
40555
15992
42154
16653
41548
15809
39607
15769
41378
16112
40715
53178
271
52728
248
56466
240
55222
244
18089
41812
16077
41469
53832
250
54243
398
55581
328
54449
324
54275
312
53538
308
55831
305
53837
4019
16750
3769
85360
3816
15855
40662
15811
41299
16065
41135
15706
41264
15864
41458
15455
40925
14976
41238
15846
40940
14885
41313
53286
272
54001
253
55332
249
54844
242
17690
41979
15490
41648
52971
264
53866
344
54230
343
54435
325
54953
315
52327
314
54706
304
53683
5040
16588
3799
85604
3780
16265
40175
15721
39576
16113
41140
16502
38663
15589
42124
16094
42487
14763
40749
15991
41815
16257
40458
53112
277
53658
248
57414
241
55493
250
18288
42570
17009
43194
53446
260
54424
346
55025
328
53960
329
54175
313
53321
678
58014
1168
55925
4397
17685
4972
88083
4204
17868
37861
16296
39151
17858
38742
15574
40538
15430
39995
17726
39783
14473
39950
15899
41097
17232
37400
53782
432
54310
204
54148
407
54766
413
18262
38445
16911
39864
50094
428
52890
649
52782
656
52060
647
54062
267
52885
657
51128
640
51840
3999
16629
4150
84251
3737
17312
38086
16169
36915
15187
37989
16476
38854
17532
37154
15718
40542
20887
40352
17225
39390
17845
39645
52115
274
54851
255
54326
264
55062
458
20425
41423
16314
40568
52048
260
55243
656
54119
633
53214
356
53374
637
53867
654
53098
326
51567
4539
17445
4464
83733
4674
16689
42170
17678
39024
18033
37982
18771
39467
18909
41026
16686
41357
18761
39349
16690
40440
16737
39231
52665
442
54029
446
56366
421
57728
423
18796
40568
18172
41455
53891
694
56127
769
58015
739
58339
867
55307
670
55761
1495
56929
318
57121
3466
18715
3998
90868
3071
20346
43769
18779
63444
22215
42029
18780
43236
20621
41960
20027
43688
15945
42451
16135
47109
16577
41373
54190
280
54463
252
55423
215
56497
232
19228
42905
17618
43820
59544
260
67698
349
55195
356
55865
339
67923
314
55280
321
56511
311
55158
3957
16423
4251
83352
4019
14353
40176
14672
52785
15330
40259
16358
38933
16849
39129
16213
49112
24000
38238
16133
38630
17354
40603
51183
247
56047
421
54499
428
65507
215
18152
40357
16574
39237
52578
438
50973
673
51986
832
54617
291
51993
273
52282
285
104106
306
51593
3622
18470
4319
81533
3696
16477
34991
15838
38046
16424
36219
14959
36317
17030
40192
15789
37307
14714
36569
16510
41639
15780
38689
49717
268
52128
246
51630
241
51541
242
19506
38096
15427
39484
50739
452
53150
689
50035
329
91034
676
49907
310
49951
670
66656
305
51818
4499
16685
3981
83607
3943
16037
36892
15924
35504
16392
38764
15881
38294
15941
35947
16171
41882
15566
35630
16420
38119
16695
36495
49484
232
53142
420
55815
216
51108
200
18878
40060
16150
38199
48861
217
52120
646
52262
297
51816
296
52480
274
50749
281
53444
635
49125
3995
15650
6353
80341
3376
16593
36360
15883
36832
14855
37084
16141
36002
16641
38027
15624
38738
15736
36583
16329
44477
15150
37220
49758
430
54351
213
52250
241
91963
241
17989
37242
17215
39289
51746
250
50318
327
52716
333
51578
325
51504
644
49147
640
67301
273
50981
4138
16219
4155
84136
3591
16903
38030
14842
35930
16085
42791
14926
35672
15815
78295
16374
37412
17191
36817
14632
38330
16265
36052
51349
221
52771
206
52353
206
51734
201
18446
48727
15947
37750
49404
227
55603
293
51785
280
51139
279
52981
265
51048
276
50554
266
58497
4109
15583
4087
81500
3591
16217
37741
16061
37538
15863
36524
16465
37765
15879
39006
15447
37602
16112
40961
15098
36831
14871
36940
54482
221
49787
211
52840
204
54290
199
18485
37105
15818
37528
51181
423
52345
295
91104
279
51904
293
50962
639
65739
645
51848
272
51287
3759
15681
5726
82451
3855
16328
36144
15724
40922
15664
37638
16049
36693
16637
38571
15443
37617
14648
37339
16529
39779
15968
36066
50000
217
105059
246
52415
445
57255
241
16953
37415
15758
38269
52288
438
50499
304
51132
286
54528
296
51317
639
51513
638
52520
268
50588
3965
16073
4147
82317
3586
15449
37733
15634
36147
15909
42512
15013
36146
16516
36888
16354
39677
15895
37185
17010
39127
15859
90406
51338
474
54764
452
70611
243
55095
252
18230
38488
17353
40390
50423
238
53168
663
54026
826
68445
284
53364
264
51905
642
58625
861
52344
4017
16741
2426
81177
4862
15971
37339
17426
36943
18952
89313
14406
73747
14810
38309
19113
38655
16333
41093
16233
39347
16275
36860
55063
271
52769
248
56803
449
54883
450
16758
54910
14943
40081
50780
463
55026
338
53237
330
91769
329
53265
670
56296
668
57190
667
51721
4407
16538
5105
84687
4117
16631
38394
18050
37793
18008
38799
16152
52124
14588
38675
16521
38414
19221
38968
16398
47336
23801
38131
51408
442
58912
215
53775
200
53321
199
18805
38770
15335
54241
50716
433
52192
311
54383
285
54240
291
54236
266
53975
278
54129
272
51823
3907
17592
3847
85702
4706
15740
37445
15352
37841
14827
52934
15291
38828
14908
38780
16542
44492
14903
38769
16961
37954
17238
37658
65104
428
53021
409
53089
407
57309
400
17120
39165
15467
78722
50658
506
54183
487
52880
500
52038
714
52216
478
55366
480
52616
626
50712
3463
17189
6021
82315
4696
16624
39129
17914
39708
15705
39317
15409
39251
17305
91597
14887
46330
17918
38062
16762
45090
15344
37930
90858
270
51683
244
51593
240
65514
251
17117
39433
15350
38882
52182
256
51332
329
50247
328
58908
324
51335
306
50459
308
55642
309
50093
3810
14201
3960
83682
3125
16605
38297
16029
36231
17904
39631
16038
35767
17106
37303
16514
38147
13781
36130
16726
37558
17945
88511
90074
422
52775
397
53257
402
52553
403
18230
37239
17575
38670
50970
423
50596
699
54262
482
52463
472
52165
668
52883
470
51069
481
49161
3454
17187
6239
141831
3451
17303
35548
17590
37778
16369
38177
14596
36695
16205
42332
16255
36931
17108
36726
17203
37707
16583
37752
49059
419
98468
411
53106
406
56516
403
16290
40403
15828
40082
102279
473
91888
718
52254
698
55810
677
54054
687
51825
670
53964
643
53989
4218
16837
5324
85951
5406
18742
37411
16504
46283
24981
39953
16865
39249
17791
39134
17069
42097
17177
38245
18376
40157
17104
40179
53768
451
55141
777
56622
955
59492
420
32416
38688
15981
39384
53185
740
66213
1037
53070
665
54335
961
56040
649
54494
642
53996
945
54256
5726
17354
7079
86716
5026
19454
37356
15510
41474
17320
47911
26423
39901
16708
41305
17499
42346
16672
46977
16905
39670
17980
36738
52379
786
52095
441
55015
225
57366
1590
19029
52077
16873
42419
58120
718
56774
493
57005
670
62333
1122
97486
749
84380
712
72391
783
83650
4664
19325
7537
150016
4101
18484
76973
16016
41546
16434
45773
17250
45575
16647
43860
26913
65365
16913
46062
18299
46076
15494
53738
67645
344
72804
335
61007
316
62442
315
19973
46124
16986
47894
59195
351
60197
455
57623
671
56308
794
58453
759
103164
327
98304
325
55210
4337
14958
3428
86036
4482
16634
40004
16475
42555
16567
41132
16067
42160
16202
42156
16852
41690
16627
39211
17085
40293
14641
41641
53615
271
56578
1541
55262
246
55492
254
19548
40074
17442
40616
58356
259
57309
342
55596
338
55383
335
54559
318
53505
294
54951
281
52175
3608
17709
3464
83617
3339
18400
38069
16637
38289
16094
37936
16386
38904
15859
39508
17142
39053
15889
39598
16623
39391
16326
37943
51605
232
53784
215
54757
212
52607
214
19025
40431
16811
38353
49724
227
52278
664
51222
293
53066
291
52162
276
51756
277
52382
279
50818
3200
17287
3196
81513
3719
17580
36848
15439
36493
16414
38001
15689
38238
15589
38379
17158
37795
16366
37213
17426
38022
17240
37464
51695
225
51607
220
52827
207
54630
206
18496
37935
17544
37442
51437
223
51322
300
51386
295
55040
289
51426
274
50389
276
52606
646
49876
3764
16107
4230
80200
3544
15571
36815
15849
37059
17113
38526
15830
35940
15972
38510
16268
37774
16147
36020
16486
36743
16195
37466
49368
234
51960
422
50431
248
52242
237
17417
40544
16268
38748
49620
226
51907
331
52525
327
52976
330
52600
303
52821
281
52619
277
52298
3715
16549
3800
80699
3748
17317
37692
16531
37341
17050
37028
16456
37000
15818
38970
16002
38183
15879
35925
16661
38885
16548
36722
51310
230
52521
213
52376
207
53177
209
20282
38122
17940
37902
49814
226
54336
291
51460
297
53024
292
53202
277
52437
275
52236
280
53008
3953
16628
3337
79919
3700
15958
39254
16257
35911
17440
38461
16872
37899
16646
37725
17280
38842
16343
38532
16380
38909
15762
36976
51446
231
52832
218
53063
208
55153
210
17689
38890
17067
38098
51445
223
53241
305
51491
287
52740
301
53375
273
51551
284
53066
276
50922
3942
17545
3737
83032
3486
16732
37698
15883
36747
16631
39690
16014
36249
17222
37206
14906
40298
15553
36626
17174
37114
16922
36653
49922
225
51731
213
54320
207
51520
210
18226
37072
15676
39011
50725
222
50807
303
53708
294
53254
293
52282
278
53039
280
50133
275
49969
3873
17451
3028
83212
4231
16200
37052
17107
37456
16347
38352
16980
36170
15418
39393
16692
36966
16568
36526
18131
38092
16226
38104
50058
224
52239
213
52616
211
52219
209
18197
38996
16045
38774
50361
226
50682
299
53425
287
51809
292
52095
276
52784
274
52109
275
51496
3872
16166
3456
81912
3564
16069
39377
16610
37494
17155
37736
15936
37170
16392
39179
16551
37764
16815
36400
16182
38741
15908
37327
51794
233
53545
421
52514
208
51478
210
18800
38368
15634
38373
50236
224
53488
305
50954
295
53342
289
52456
276
51029
276
53197
272
52098
3936
16545
4206
81059
3737
17078
36715
17049
35522
16144
37702
15557
37395
16243
38684
15765
39425
15843
37804
16512
37367
17430
37846
50614
223
51045
421
53721
210
52684
216
18541
36865
17957
37961
51152
222
51274
294
52252
294
53694
293
52678
272
51368
279
56340
263
51154
3920
16805
3334
83108
3760
17279
36602
17782
36797
16888
39223
15843
39468
16651
39228
16325
39841
16616
36746
17005
37909
15749
38931
51579
413
51652
403
54646
401
53792
403
19140
38011
17429
38970
53072
402
52529
497
52699
500
54010
481
53259
472
52640
474
54704
475
51649
3735
18580
3229
82295
3756
17259
38560
17499
36743
15767
38978
16132
37873
15787
38408
16086
39720
15303
37274
15678
38148
15987
39387
49784
413
50661
662
53098
1778
50110
392
16298
37815
15645
40485
49935
415
50625
494
51613
489
51040
514
50901
468
50712
471
50524
470
47604
3937
15644
3738
82926
3868
15491
38260
15173
37308
17441
38984
16061
37634
16304
40340
16758
38864
17495
38482
16181
41372
16054
39117
50712
671
52867
668
53962
654
53447
1694
18103
38815
17929
41411
52533
425
52021
647
55665
644
53481
1037
53480
1651
52681
1679
52512
1485
52119
3629
17747
3345
87554
3564
16073
38196
17393
38420
15746
38342
16138
37752
17001
41382
15178
40895
16156
39049
16418
39044
15705
39353
51636
1740
52155
1754
53608
404
54427
402
17946
40108
16027
41330
52171
536
53422
649
52006
1363
53560
755
53225
580
55052
733
54912
732
52260
3532
17936
3365
83432
3642
16001
37897
17338
39290
15272
42036
16383
38816
17010
39367
17347
39829
15235
38934
16161
39889
16287
38847
51843
520
53715
579
54550
928
55021
570
18386
40736
16754
39353
53296
405
53550
1266
53007
1313
53695
1334
53358
757
55062
487
55056
738
55894
5277
17420
6044
85674
5168
17374
39698
15902
40545
15567
40125
16736
38654
17950
42442
17734
39738
18404
38025
17089
39162
17281
40720
52781
293
53464
270
55623
250
54843
453
18816
39127
16577
41159
53793
261
53331
359
55815
349
55296
342
54238
344
54876
338
54780
452
55215
5018
16911
5090
89447
5033
18132
41729
21712
51416
18506
50095
21368
45504
17981
46948
21170
48314
18622
48133
19559
48517
16032
41243
51820
295
67583
281
56324
257
55586
268
17544
40324
15553
41115
52262
455
53831
675
68163
708
55105
574
55808
719
53575
741
67577
677
51835
4099
16156
4620
87567
3844
17492
39206
18672
72821
18413
40998
18477
39052
16310
93481
17600
41280
15581
38604
18168
42477
17316
41881
54235
493
55498
452
53693
431
54183
425
19490
39232
15865
52793
52347
460
52880
684
53883
696
52997
689
55344
655
52369
653
52968
674
51960
4148
17368
4272
96537
3771
17036
36762
16648
37577
15039
43525
15877
36965
17714
39693
17768
38835
16400
51896
17693
38995
18437
40503
51986
451
68318
449
53018
433
52597
423
19207
42680
16316
39280
49551
455
52546
688
51267
1926
50864
327
55723
311
51914
311
53669
306
53306
3981
16775
3634
84676
3322
17452
38792
14457
52350
15751
39870
17311
75925
16539
39922
16807
38723
17354
44883
15807
38649
16652
38508
53156
261
69850
252
56298
235
55191
558
20200
40197
16441
40989
51166
565
53795
649
64435
339
52923
317
52711
302
54636
304
53925
298
92196
3428
17638
5381
83498
3020
16750
39074
15632
38356
16641
38670
15985
44541
17869
48305
24733
41664
16477
38365
16541
39760
17492
40421
52194
259
52209
245
65523
236
55488
556
19234
41318
18163
40061
65124
570
54300
334
52982
335
56225
331
53559
637
53648
649
56693
618
53645
4726
16914
5540
88147
4846
17805
41090
17223
39919
17354
40341
17955
39059
17167
41541
17329
42008
17234
37862
16363
41353
17305
37183
52164
598
54635
252
56775
560
54237
521
20804
41488
17272
44369
51655
258
53442
631
55707
631
56962
625
53829
593
54245
305
55478
303
53671
4862
16686
6382
85876
3291
18455
39319
17144
39773
17609
40829
17226
40708
16312
41982
18405
40784
17902
40342
17626
42589
17840
40366
54019
480
57075
254
56684
257
55353
531
20164
39775
16186
41771
53142
491
54709
730
54298
469
56589
345
53630
482
53493
733
53505
661
53306
4032
19672
3761
83013
3636
17216
38017
15402
39270
14979
39176
15318
38912
15601
38866
16032
41001
14773
38306
15769
38810
15628
38526
51593
228
53283
418
55017
204
54153
201
17640
39252
15619
39359
52291
222
54026
290
54358
281
53975
290
53426
265
54346
276
53639
268
51986
4058
15583
3867
85135
3984
16549
36911
16551
36723
15985
38346
15767
37655
15709
39083
14995
40165
15162
36778
17436
38511
15569
37992
50976
222
51436
415
52657
203
53658
208
17836
38341
14747
41661
50870
228
52523
287
53278
288
53206
285
53394
271
53895
272
53504
308
53388
4212
15685
4960
84064
3651
15841
37747
15560
39019
15665
37527
14827
37398
14917
41355
14632
37858
15029
37951
14832
40412
15800
38073
51171
270
53075
248
53587
240
54669
242
17717
38339
15338
40368
50235
251
53488
330
54014
329
53636
321
52798
309
54093
310
52675
304
51668
4065
16222
4820
83431
3354
16477
41271
17095
38452
16125
37247
14665
37446
15757
38653
14382
38620
15389
37538
15357
39798
15569
37690
51115
256
54736
242
53703
238
53120
237
17535
40641
16163
38403
51350
250
54321
325
53926
329
54024
322
53046
309
54107
307
52871
306
53005
4839
16030
3543
83421
4301
16901
36663
14653
40457
16032
37582
14558
39277
15600
39111
15283
37670
16332
37820
17801
39729
15824
38404
51028
257
53037
246
54299
240
53457
242
18002
39617
15173
41916
50848
253
53700
327
53372
330
54037
326
54627
310
52911
306
52959
302
54277
4937
16040
3934
83230
3558
17579
37912
15131
39176
15905
38029
16344
38387
15315
41084
14803
37441
16198
36835
14982
40198
16047
38530
50988
257
52807
245
53541
242
54176
315
17443
40796
14973
39285
51120
257
53749
327
53309
320
53059
326
53738
303
53641
304
53066
306
52600
3434
16385
3910
83540
3368
17401
36830
15953
37684
15238
38168
15815
39022
14475
40226
14234
38506
15312
38261
14069
40475
15166
37712
51699
254
52771
249
53497
236
53355
239
15787
39474
15486
38377
51685
249
54115
324
54149
326
53813
322
53392
307
53001
305
53337
309
53399
4214
16164
3401
82988
4372
16468
38382
15072
39587
16564
37907
14608
40182
15228
39270
16002
38035
13716
38916
16697
39407
15807
38187
52953
250
52140
242
53391
240
54956
240
17935
39005
14970
40218
51586
248
51795
324
52911
315
58029
322
54904
312
52454
307
54937
307
54300
3322
16867
3028
82858
3650
16636
39145
15285
38471
15559
38134
14943
39373
14666
40255
15676
37967
15443
41482
16221
39892
15815
37432
50279
256
52585
240
53392
240
54530
240
17188
38969
14882
38614
51006
253
53221
329
54175
327
54847
318
53671
309
53562
306
53446
305
51822
3409
17018
3968
84837
4919
15710
38763
15783
37835
16383
39104
14866
39395
15434
39441
15694
39215
15292
39533
15705
38880
15555
38050
52792
271
52999
243
54680
238
55759
584
17915
42163
15548
39701
53523
255
54858
335
54552
438
53962
661
55846
304
53852
309
53989
410
53799
4169
16100
4364
84737
5092
17880
38686
15856
38689
15944
39220
15939
39156
15715
43724
16195
43128
18110
78073
33642
52382
24250
47314
63824
285
64158
272
64493
326
65803
315
23445
43782
20358
45205
58624
353
61137
373
60103
351
65208
770
59035
648
64616
881
65637
1161
66141
5155
25270
10127
160197
10271
39440
87218
34811
101247
35329
98487
34452
98835
37842
103990
38080
97903
30014
71093
22225
43652
20756
41220
60104
650
59211
478
62036
700
59151
712
23343
42934
20345
43294
58988
698
58570
707
61659
897
59044
707
58822
673
57595
958
59599
666
57290
4571
20731
4246
93420
3424
19802
42048
20773
41413
19249
42963
21167
41714
20180
42426
19849
42566
20187
41855
19873
41519
20552
42081
56877
725
60725
715
60869
445
58998
459
22008
42619
19798
41545
56865
489
62497
1353
59143
1520
58383
733
59206
1034
59061
670
59845
711
58518
6080
21359
5383
93223
3987
21830
41049
21036
40712
20868
42073
21799
40958
22099
41097
19988
43550
21109
42988
19576
42559
21403
42970
57126
1032
60040
681
58886
448
62696
1029
23979
41720
20784
43152
57166
708
59311
1033
59738
763
59753
682
57947
881
57544
675
60176
653
59439
5491
20743
5493
93728
5316
20462
40197
21260
41602
19700
44666
20528
42885
21589
40174
21973
39910
19671
40904
19658
42958
17987
42518
55845
510
59681
504
60955
454
57652
486
20706
44804
20320
42585
57303
448
57836
679
58719
687
59458
673
59583
665
59241
652
58337
644
57328
4088
17675
4765
90500
5485
17113
40869
17549
39828
16585
44882
16224
42738
17462
43225
15913
41617
16024
41882
16317
42019
16710
41951
54070
268
59220
255
56619
242
56561
236
20057
40312
16513
41639
52252
251
56606
342
56227
332
55608
321
57374
305
56036
303
55515
301
54672
4389
17937
5306
90352
3888
18929
39047
19198
38310
20027
41777
17923
42410
17611
40976
17567
40996
17052
41037
17574
43125
17459
39700
53587
718
55525
707
54653
450
54268
434
18696
42088
16681
41350
52753
471
55474
933
55224
724
54844
653
55428
656
54350
974
53254
716
55903
4221
17204
4794
89310
3896
18253
39534
16215
39987
16779
41499
16797
38805
17339
41483
16727
42952
17381
39498
17059
40188
18036
39447
53685
706
55978
679
58155
703
55855
704
18484
39335
17118
43402
52229
455
54088
771
53813
721
58181
904
55037
674
54125
685
100846
946
54268
5082
17437
4677
88069
3790
16403
38954
15440
38774
17071
43003
19326
44546
16070
45686
16574
41249
16471
41621
16439
40770
16040
40492
53040
442
57249
414
53233
478
59193
222
20482
41161
17096
43190
54812
254
54985
336
54298
687
55174
644
54252
308
54666
643
55205
626
53262
4949
16788
5223
84686
4523
16519
39771
15980
38948
15644
41260
16857
39844
17702
39962
17781
39529
17295
41212
17650
43393
15497
41738
50839
273
54076
257
53000
243
53229
246
17765
43218
15253
41062
51191
248
52940
337
54156
343
55249
325
55529
308
54733
305
55939
305
54166
4407
16809
4524
85941
4779
15165
39906
15905
41991
16103
41320
16153
43365
15920
42588
16802
42850
16603
38143
16354
39763
15475
40296
51902
496
55148
504
55285
444
54292
460
18439
40891
16842
41581
51851
491
53925
752
55503
728
55064
693
53859
701
55715
664
54816
659
53007
4446
16077
6019
84400
4032
15843
40854
16989
40518
18771
41650
17588
40252
16766
43437
18331
40746
16002
40561
15657
42414
16681
40592
52748
440
57246
204
57108
199
57634
195
18551
42323
15590
42656
54859
449
54585
674
55580
674
55461
283
56294
439
59293
292
59714
297
56933
4446
15566
4618
84965
3944
16897
37075
17709
40119
17497
39342
16957
41490
16708
41761
17109
39790
17304
39983
17330
40180
16198
38295
52411
236
54676
422
55591
218
56670
205
17490
42814
17303
40630
51282
226
54982
300
54602
300
53743
289
55903
274
53553
653
54229
276
53274
4282
17434
3735
85736
4676
16364
37652
17335
39501
16726
40015
17316
38328
16245
41111
17091
40027
16220
37322
16423
38464
16292
39467
51932
227
53986
210
56934
206
54913
216
19406
39340
15963
41231
51231
220
53537
306
54631
291
53036
287
54542
276
53707
276
52815
275
53258
4224
17283
4398
83587
3943
17607
37301
16546
37482
16568
39279
16758
36760
17337
39203
16544
40431
16996
38529
17024
38126
16309
41554
51509
225
53733
214
53852
207
55066
206
19478
38999
16222
38908
52064
227
53893
297
53273
290
53392
284
53498
274
54836
286
55103
270
52409
4285
17225
4246
84691
3881
17232
38145
16929
38882
18355
40415
16634
39965
17152
39881
17879
39486
17728
39151
16576
40006
15919
39398
52598
251
54685
216
55857
212
54811
209
18713
42421
16845
40397
52507
233
54520
309
55849
307
54511
299
55065
283
52685
277
54276
282
55031
4251
17922
3759
85608
4648
16303
39882
16981
39361
16326
39962
16306
39344
16886
41599
17164
40015
16663
39785
18543
41113
16774
43664
55299
251
67014
421
58555
380
57682
391
19649
42516
17364
43585
56602
256
60500
336
57402
338
62749
342
59166
595
56976
585
54809
302
56676
3668
19251
6652
89561
4252
16646
40813
18155
38218
17802
41255
17681
42863
17062
41979
16718
41956
19742
40419
20513
106207
27881
101145
121575
276
125932
251
128758
244
129496
245
34662
103927
28237
83723
118946
260
124446
344
95774
341
86740
329
81300
308
78621
312
78644
302
79904
8063
26518
5907
111684
6485
27529
46611
26738
53212
18977
68147
26569
55951
26512
48875
19559
62704
27163
47362
18816
46711
27285
69777
67777
263
88841
248
83441
238
74616
239
31029
57883
26811
55359
73896
226
78628
295
80023
293
79622
287
74593
271
79022
309
83003
274
80216
6687
26165
6354
176232
3609
18094
79156
26933
59326
24804
90388
15669
84905
16834
81615
26731
60523
26882
47658
19225
65468
27310
55123
70903
261
79931
239
83658
238
79256
240
31781
55525
27255
53379
72885
248
79055
333
79584
325
79679
323
79127
308
79276
307
79247
301
79490
6093
26440
6367
113064
6564
27302
58645
26527
54629
26631
45941
19299
63658
27082
56630
24333
55496
25944
46061
19543
65046
26792
48543
77995
447
78272
438
81198
436
78414
420
21266
65405
26716
56861
72444
443
75322
654
79515
687
78465
667
81513
642
76938
639
79621
689
82625
6865
25106
6465
110931
3707
19768
59885
19558
61144
19157
61399
19021
60547
18045
62451
18951
61877
18652
66796
25673
47404
26715
56450
75591
431
77999
436
79499
420
79341
433
20501
61932
18882
61559
76766
441
78585
668
79317
659
79638
655
79028
657
78111
646
79588
643
78909
4216
19268
6384
130942
6560
25459
60113
26565
48160
19184
66314
29041
94500
30720
106295
26261
102147
31320
88422
30534
97277
31168
48040
50644
453
54748
432
55522
427
56447
415
18518
70151
15355
38988
52592
434
54360
526
53060
669
53244
654
59762
640
51368
664
53323
646
54558
4088
16879
4636
99075
4309
16924
36987
16645
42360
17011
48151
25104
38371
17201
39019
17978
40523
15238
47998
24857
38961
17645
38517
52147
448
54635
284
55046
431
53380
419
17833
42011
16674
42269
54333
443
59758
302
55409
298
55876
660
52991
644
68000
272
55086
265
52408
4200
17150
4585
82778
3739
17143
39383
16138
39288
16708
53324
15382
38576
17130
40608
19068
39601
15776
53129
16408
39054
18283
39765
53788
239
69962
223
54796
202
54300
419
21311
39100
16825
41552
52803
425
56534
664
53748
301
54134
902
53617
646
60982
271
52982
265
53496
5576
18762
5630
94300
4628
19523
38879
18541
40197
18992
38698
17650
40301
16576
40891
17232
39609
17145
41682
16161
39525
17143
38533
54107
269
56116
249
53098
241
101151
247
19598
39804
16799
40572
54712
261
56690
337
54536
344
56247
332
56298
307
56561
628
55772
638
66264
4486
17639
4575
98347
3870
17964
38583
17091
39666
17858
39059
16807
40623
17873
41495
16355
41027
15386
39495
17445
38684
17222
41795
51497
269
52747
251
53338
248
52913
252
18459
39431
16673
39677
64267
264
52544
360
52230
346
58302
346
53546
325
53363
337
103654
324
52052
4147
17936
5052
81900
3244
15645
38218
15583
39920
16913
38132
15810
38308
15812
38354
16229
46470
24176
37570
16906
39458
17480
38004
53129
273
53527
251
54559
258
55067
249
19412
39679
17927
39594
52320
264
52382
709
52759
345
54408
343
52722
330
51858
329
53496
330
52018
4046
17250
5173
85623
3860
16536
38474
17331
36722
16022
39378
15813
38458
17143
37804
16201
38058
16046
37806
17150
38704
16777
37517
51664
436
52824
418
53614
427
52939
211
19260
37751
17627
38399
51171
225
52347
663
52641
654
53927
291
52661
641
52372
640
54150
283
50939
4887
16077
3840
81467
4047
16188
38104
15824
37932
17431
38403
16420
38268
17203
37528
15496
41170
16616
38312
15876
37916
18109
37985
51563
435
51503
415
52979
417
54502
210
17497
39172
13436
41746
51931
253
53100
342
53432
338
54159
327
53169
305
52919
307
54822
304
53204
4756
15768
4771
84489
3362
17396
39380
16199
39416
16056
40952
16526
40709
15953
41092
16196
40783
16820
41295
16526
41347
16405
39844
52045
263
53419
251
54549
238
53731
253
19096
40079
15614
41833
51753
258
53457
331
52938
323
54171
331
53616
305
52507
303
54854
300
53439
4921
16869
4307
85637
3413
17103
40035
16516
40352
16367
41339
15942
39771
16676
43038
16752
43702
16901
41911
22392
105396
28776
89225
96907
459
90309
808
111374
443
64759
444
23940
52571
21200
45014
100339
337
71445
468
62164
507
64188
454
60805
1187
59370
697
59344
421
65636
4384
16189
3545
115078
3679
18879
81125
17949
49120
15333
43634
16830
43633
28045
45376
17133
44737
16729
45613
27845
66014
17094
69273
53705
276
58350
252
57848
243
55757
247
20066
39438
16656
40121
53488
252
53668
339
53807
339
56969
335
54797
316
54470
313
56306
316
55669
4411
17348
2580
87044
4264
16250
40543
17322
39752
16708
42254
18430
41127
18295
41680
17854
41053
16283
39403
16304
43098
17389
39810
52041
262
54400
248
59724
1456
54712
245
20764
46254
16896
45669
52469
255
53454
449
54586
338
56367
334
56514
313
55304
315
53334
309
54282
5167
17847
3402
88111
4210
17662
39722
17786
39374
16152
40614
15708
40517
17085
40989
17647
39624
17616
41539
17205
40850
17707
38648
53327
273
56408
257
56833
245
55911
243
20954
41175
16483
40826
50490
246
54035
335
54815
318
53890
320
54459
304
55939
311
54180
303
55357
4382
17038
5586
84454
4032
17380
38378
15175
39432
14462
37769
16528
36544
16228
40572
14226
39089
15728
39787
15463
42185
16235
39012
50278
265
52624
238
56230
243
53652
239
18905
39274
17029
40378
51979
244
53249
326
56253
335
54054
326
52968
314
55396
305
53982
298
52129
3795
17404
3833
82760
3765
16654
37594
16643
39285
16048
38177
15719
38323
16881
40560
15987
39930
15555
39255
14661
40591
15050
39851
51134
250
52131
237
56521
240
53806
236
18460
39371
16392
39206
50881
245
52501
327
54628
322
55728
317
53554
303
52813
304
55093
303
52866
3604
19070
3988
86448
3701
16308
38518
14997
36952
15704
38795
16016
38990
15021
38339
14588
40228
15711
38521
15055
38293
16228
37915
50773
255
50742
241
56066
236
52581
235
18335
39218
16088
39006
52840
243
52965
338
56022
327
54723
324
54326
306
54346
304
56513
305
53869
4193
17935
4211
84953
3749
16808
38151
15188
39102
16653
40122
15995
39861
17637
39784
16863
40913
16380
38848
16619
39614
17238
38623
52999
256
54446
240
53234
233
53321
240
17794
40780
18179
40177
51821
244
54974
338
53703
337
53651
324
54861
308
53609
306
53720
300
54891
4009
17324
3943
83856
3502
16951
38905
15350
38681
15815
39067
15864
38953
15204
39823
15871
40287
15375
38933
16461
40429
17529
37984
52340
262
53961
238
53081
234
54580
235
18158
41529
17794
39608
51833
244
54324
331
53608
327
53945
316
54427
316
53491
301
54282
303
52295
3598
17164
4907
85343
3391
15342
38489
16645
38763
15918
38718
17148
38215
16279
40817
15894
39806
16259
38168
16491
40392
17241
38277
51969
252
52561
240
53276
236
54849
236
18125
40629
16172
40334
52099
246
52968
327
54563
331
54003
315
54498
307
54451
301
54272
299
51804
4069
16885
4673
85482
3657
18330
36705
17396
38328
16786
39329
16799
38598
15233
39577
16010
40164
17150
38304
17545
38674
16040
38854
51991
254
53279
235
55690
240
53994
233
19514
38182
16202
39960
52086
243
52877
334
53566
642
52704
321
53463
309
52282
303
53386
303
53031
3944
16960
3374
83208
3674
17197
36723
17276
38733
16697
38708
17766
38614
15829
39118
15921
40627
16265
38540
17075
38256
16618
40500
51576
253
53049
234
54853
233
54326
234
18712
38338
15302
40843
53564
247
53383
324
53338
321
55144
325
53958
738
53062
308
54451
302
52510
3651
18728
4431
84875
3655
16286
39325
16174
39538
16598
39976
16304
38409
15517
39188
16515
38868
16282
38674
15599
38780
18409
38268
52780
255
52689
245
54550
239
56039
234
19598
40259
16310
40184
51191
247
52347
321
52755
319
53435
325
53802
304
53538
302
53491
301
51539
3957
17256
3407
82147
3600
16614
36872
16122
36556
16082
39867
15675
38149
14866
38515
15392
38599
15403
38927
15716
38425
16732
37744
53303
259
51906
254
53515
234
54453
233
17391
39852
15480
39420
52647
248
53858
336
53544
340
55678
325
53139
308
52691
303
54411
305
52548
4285
15398
3826
83649
3864
16051
38325
14321
39617
16415
39486
14288
40070
15672
39942
14374
39607
15292
40280
15255
39560
16930
38888
52681
262
52611
252
55327
239
55932
248
16526
41166
15137
40093
52422
247
52192
338
53362
337
55770
334
54413
310
53607
307
55475
305
53575
4237
15345
3822
86154
4004
16650
38592
15026
39675
14167
39607
14611
40109
15494
41132
15264
40279
14520
40511
15350
40924
13923
39800
52565
270
52642
257
54803
249
54684
241
17137
40536
15192
39669
53653
252
54656
342
53813
331
56393
659
56633
676
55254
621
55778
632
55260
4679
17701
4453
87097
4510
16994
39670
15456
41682
16911
42583
16618
40600
16308
41912
16454
42609
15131
40659
15759
41171
17702
41304
53084
275
55051
585
57204
587
56629
580
18646
42602
16454
42170
54378
255
55988
644
54950
768
55219
665
56987
664
55275
638
55797
661
54240
4397
16525
5921
87807
3396
17510
40667
21342
43231
17144
43695
17049
43764
18253
51271
23393
48435
14656
45478
18944
46950
19956
43750
60557
496
61377
341
63021
325
66992
328
23385
45105
19496
46461
61736
1148
63148
900
64338
622
65281
1392
64279
354
61608
358
61868
596
60882
4141
19603
3905
88911
3776
16131
38686
15863
43002
15954
43736
16368
39436
16202
43746
14767
43329
15184
42487
16578
44952
18342
43958
54550
443
54697
415
60759
423
57366
414
17284
44205
17562
44853
55476
423
56153
493
57514
483
56664
489
56496
474
56470
733
55419
666
56025
4222
17479
3570
89279
3232
17260
41426
16457
41317
16974
42008
16478
41289
15904
42385
16856
43894
17454
39087
17027
42426
17612
40432
54186
412
53259
393
54968
399
57035
396
16877
42360
17603
40417
53742
414
56063
491
56648
484
55954
489
56405
464
51172
463
55008
467
52275
4125
16361
4060
84437
3239
15892
39174
16633
39426
16195
40560
17988
41771
16656
43125
20086
39191
14792
37638
16959
39270
15630
39019
51191
410
52465
404
53911
397
54075
394
18879
41098
16671
42481
53418
407
55088
496
56343
493
56346
475
55050
459
54200
469
57104
454
53880
4527
17044
3676
86333
4015
16766
40471
16032
39233
17694
42168
15415
42211
15889
43690
16188
39884
15714
39952
16638
41676
15796
39842
51604
417
56740
398
56022
409
55907
397
18987
42109
15408
41690
52561
421
54002
498
55535
483
55198
787
57422
465
56402
467
56313
467
54181
4019
16054
4791
87153
3963
16959
39786
15252
40800
16535
42047
16566
41352
16848
39742
15478
42536
15367
40671
15377
42041
15748
40637
54005
420
53668
764
55230
397
55092
395
18358
42234
16766
42124
54177
408
56233
486
55325
722
54594
477
56474
465
55086
463
54974
458
55580
4058
16610
5649
86555
4860
16839
38391
15693
40292
16107
43385
16832
39538
16249
41913
15440
40397
16737
40480
16591
40195
17022
41152
52929
735
54240
383
56060
402
55432
397
18559
40055
17433
41464
51244
398
53032
494
55453
474
57202
471
54969
773
54586
466
54660
466
55759
6923
17584
3871
87872
4483
15782
41571
16191
41179
16395
43175
16722
41910
18221
46897
17340
42231
15748
42348
15621
43085
18850
43924
56454
238
58125
416
58929
445
53761
436
17055
43225
18559
40514
53711
274
58545
339
55312
331
55040
326
56420
306
54827
306
56818
305
54737
4376
17339
4281
145860
3907
18581
38251
17249
38879
20831
86400
18013
38344
21895
39705
17674
43058
17596
39363
17195
39965
17617
38561
54352
460
54848
503
56091
412
58697
198
19554
40623
17859
42019
54737
213
57509
410
56010
328
55024
321
55622
306
51964
340
55574
301
55388
4440
17511
3606
140793
4032
18214
39230
16290
39457
18123
37286
16489
41477
17553
39474
18055
38809
16677
39071
17041
40463
17609
38264
51766
261
56536
263
55731
239
54621
232
20248
86562
18348
38958
52653
247
55564
337
54178
324
54955
321
56340
342
54465
378
57525
342
63148
4519
19043
4472
134007
4776
14218
35315
16094
37050
15335
39396
14979
38412
15950
37827
14979
39772
15159
36872
16547
39578
16714
38916
53558
260
53774
240
56609
236
53796
235
18366
40724
16683
39970
51386
252
54730
334
51457
330
53281
315
53329
311
52450
306
53134
300
53806
4138
21652
5134
85371
3425
16013
40962
17150
38757
17312
39912
16351
41869
17430
38464
16629
39398
17284
37725
16512
39908
15979
39775
52251
252
54715
236
53925
238
55170
234
23994
42351
17833
39291
50752
241
52344
331
52325
323
53200
314
53407
298
53354
300
55555
299
55059
4035
16795
3951
136922
3970
17403
39491
16335
40034
19068
38028
17315
41467
17284
41456
17516
40486
18116
38612
16778
40267
17144
39025
52637
255
56637
238
56393
240
55857
235
20622
41117
15735
41346
52845
241
55088
327
60903
321
54965
328
90719
305
54209
312
54494
298
62036
4223
16297
4553
140589
3910
15852
39678
16053
39737
17149
39558
15104
40234
15570
40466
16274
38681
14772
41354
14829
39398
16291
38716
51779
249
53439
240
93201
233
54671
234
19060
81143
16485
39746
53788
241
53679
326
53757
635
54801
315
61867
303
54707
299
55433
299
51901
4195
16829
4911
133984
3356
16704
40374
15706
37426
18309
38785
16128
38357
15139
40908
15745
39812
15175
42324
15261
40939
15261
40139
52120
253
53943
238
54892
235
54835
237
17013
40162
16008
42611
52189
251
64213
325
53671
326
54980
313
54887
302
53890
297
54110
302
56705
4092
16170
3940
136016
3868
15851
40431
16204
38692
15559
39468
14531
42452
15852
39941
16353
38213
16208
39251
15195
39641
15697
40213
103395
250
89798
233
56318
239
55938
239
26831
40505
15664
41995
52555
252
56676
423
64974
330
56178
319
54703
304
57154
307
56210
304
53760
5433
23005
6256
85242
4717
17068
39908
16629
40680
17355
39215
16085
41388
15528
40997
15345
41297
15488
40391
16287
42063
16580
41352
54117
269
54708
241
56530
216
56723
210
20521
89619
18845
42891
59646
266
59593
666
59708
335
58247
322
59530
316
57298
309
77368
307
84433
6179
19441
4533
87788
4764
22027
81155
17098
90099
19300
42043
17066
41367
19290
42032
21229
41650
19049
41430
17245
44002
17789
42719
53216
265
67753
252
69969
254
68780
238
19674
49256
17862
41681
59819
263
62006
347
62428
648
60202
337
63410
322
61508
317
59071
887
56628
4816
19017
4349
95550
4560
21325
41565
16319
37882
20085
39814
16460
41169
16465
39775
17098
40802
17878
40087
16833
53778
16322
39957
52727
264
60915
243
70136
234
56632
245
19927
40192
17423
42154
53043
254
54444
338
56630
332
56322
332
54934
312
53653
315
55515
306
67476
4135
17730
4015
85612
3759
18380
39506
17237
47269
25237
40842
17157
40699
17843
42432
17719
42890
17121
39759
17806
41269
18184
40660
62952
263
56135
245
55989
239
111542
243
20082
40337
18983
41216
53926
250
56368
343
56063
339
55793
327
59159
308
68415
308
55734
308
56590
5384
17338
4752
85700
4062
18701
38454
17244
40320
16486
39250
17245
38084
15978
39557
16663
48533
24259
44554
25656
39104
17330
82227
54804
284
54629
247
57049
245
54334
512
19947
38900
15570
43311
54204
249
53815
336
59815
330
67200
327
53781
304
92916
300
54990
304
54603
4679
19025
5278
85604
3791
18082
39661
16514
38989
15874
41121
17208
38685
19204
40629
17468
41558
16662
37998
17606
40079
17507
38928
65318
262
54091
240
57023
241
57886
240
18139
48201
25433
38438
52284
254
56669
336
58676
336
68019
324
55106
305
104311
629
56042
623
56313
4346
18031
5995
93282
3877
17392
38802
16737
41576
17961
42283
17624
40061
17650
39613
18329
43628
16665
47209
25222
40170
17926
38320
52427
485
59689
458
66219
449
53522
456
19259
41685
15433
48287
61860
251
52584
337
55194
327
53274
430
52608
302
54030
300
51491
532
52091
3147
18362
3445
82841
3090
16734
37641
16659
38465
14969
39233
16756
39774
15095
39367
16213
39187
15601
38335
15986
39134
15963
47877
49264
261
52714
243
55284
248
51623
240
18404
38590
15527
40900
51641
249
52164
339
56270
329
52800
328
53196
311
54427
302
66955
305
51703
4486
16356
2111
82913
3743
16913
37792
16480
37007
15694
41969
15627
37082
15384
79868
16596
39078
16362
36565
17003
38588
15500
37533
49754
251
60288
244
53961
237
52169
235
18353
39740
16162
37681
50505
248
55087
331
70126
325
53514
320
51777
306
54004
310
51990
308
51183
4289
16578
4686
86551
4411
15667
36845
16564
39160
16697
36776
17558
74550
16155
37494
18254
38173
16793
38382
14836
39449
14736
38507
58224
260
53202
245
53427
243
55865
237
17796
39009
14861
39723
52862
250
67943
337
54356
338
53662
322
56765
306
52953
315
53711
301
56466
5074
16321
4010
86458
3075
18328
37253
17390
41110
15258
39336
15928
38105
17246
42792
15183
39964
15331
38510
17179
89803
14720
37844
50498
417
53819
391
56863
400
54965
402
18742
51272
15396
39499
49919
420
53743
495
51458
499
93233
488
51426
464
100146
469
56328
467
59407
3859
15571
3180
86360
3877
15539
38182
16977
42212
15416
41389
15249
37846
16461
39779
15619
48692
24228
38258
15446
40021
16664
38791
57666
423
65194
402
54329
398
55143
404
17034
37877
15054
39377
53068
257
52837
337
52173
338
55500
322
58740
305
67037
308
54508
796
54849
4562
16902
3938
85247
3941
16435
38903
17373
39954
17715
42042
15696
41555
16617
41708
14918
48455
23818
39106
16707
39268
16946
38994
50772
237
55976
206
55405
207
69072
200
18529
39582
16218
38963
53431
428
53452
309
53751
658
56429
288
68129
638
54529
278
54399
635
102294
4238
18344
4346
88421
5763
17115
51330
17572
38706
15294
39999
16267
39617
17564
48527
24451
38652
13857
39926
19020
42160
16642
42617
55159
259
52623
246
62462
239
54166
237
17254
39362
18227
39664
65568
245
52947
327
52393
328
58286
330
53631
309
52479
306
104055
304
52983
4186
17576
3117
82476
3715
14374
37089
19028
37659
17058
45890
25573
38694
17043
38893
17861
39089
15280
38708
15934
39260
14490
38723
64239
261
52349
241
53285
238
53884
237
16801
39987
15650
40880
51250
248
52747
330
51104
326
56558
317
52197
307
51721
304
54379
301
52713
4009
15070
4754
84940
4209
16286
38306
17244
38062
16333
39617
15837
38773
17405
38452
17060
39252
17258
38627
16272
38556
17408
37670
54457
263
53636
251
54563
237
55007
238
18315
39808
16853
39086
52109
248
54525
332
51621
327
52447
319
54856
305
51617
305
52890
301
53483
3700
16737
4859
86681
4232
19287
40202
17370
41190
16477
41265
17265
41178
17578
41859
17011
40904
15876
39704
18395
42130
17206
38836
50578
232
53596
220
54697
215
53060
1795
17934
41164
16041
43923
53592
224
53013
306
56891
599
56521
297
54518
275
54050
280
55518
276
53425
3849
16885
4877
84424
4293
16447
42749
15994
41935
18509
51520
16217
46294
16212
73324
23842
73580
18281
44176
17211
66735
27919
77673
57028
1720
70931
249
107005
394
64135
254
21715
85710
17297
64110
101116
260
97451
710
96682
337
59727
341
109222
317
105026
686
77594
685
80809
4223
23152
6351
139708
3783
18141
48433
15726
42623
16097
42046
16211
40648
16916
41819
15739
41290
17058
39509
16523
41328
17050
40904
53376
266
56393
452
55597
247
55154
454
16842
40027
16084
41483
52349
457
55159
682
56383
683
55459
325
54476
676
53935
307
55387
671
51539
3919
17323
4473
85495
4200
13919
38808
14290
39298
16210
40054
16342
38229
16286
40627
15517
40123
17050
37862
17050
37993
15072
39579
52030
236
53232
218
55198
218
53866
214
18753
39823
15792
40137
53092
432
52820
312
52337
670
53947
299
53311
280
52875
278
53417
274
52502
4762
15987
4923
85516
3857
16109
39295
16443
37926
15349
39777
16274
37913
15640
40291
17240
40514
15993
39175
15826
40774
16873
39121
53209
444
54745
439
55699
434
55637
434
17545
40775
16508
40762
50690
447
52965
670
53684
673
54235
652
55532
637
53086
647
51393
652
52226
3764
17686
3748
84042
3692
16524
40236
16146
38458
16904
38599
16192
39088
15691
40855
16546
39578
15983
39643
15945
38953
17153
38625
52171
443
55005
439
54670
438
52592
431
18601
41357
15560
41874
52665
441
54920
666
54214
671
52516
675
55197
642
52622
641
54074
664
53254
3952
16803
3786
85481
3795
15538
38838
16819
40247
16678
39886
16053
37964
16046
40943
15983
39630
16674
37838
17416
39545
15980
40352
50475
447
54121
422
54333
437
52551
433
15529
40755
15497
42549
51675
438
53529
679
55500
658
54979
666
53282
643
53929
642
54210
645
52299
3840
17280
4539
83908
3707
17076
38532
15334
39228
15294
39639
16464
38988
15706
40172
15714
42113
16138
40142
16379
39501
17251
39867
52723
446
53895
432
55946
421
55325
436
18415
39302
15532
39205
52643
436
53719
684
53792
670
54389
652
53837
634
52616
646
55652
553
53416
3924
16220
3694
83574
3570
17878
37835
15980
37693
17111
39042
16312
40278
15512
40770
15814
39041
15612
40596
15918
41146
15964
37505
50814
261
53827
2345
57100
242
58326
603
18059
44182
16857
40963
55281
261
60242
340
55170
346
55651
335
56391
311
56720
316
57396
317
55235
4143
16998
4421
89590
4191
16926
41260
16822
41620
17120
42902
15323
42011
15829
42346
17138
43417
17047
42929
15367
42965
15720
39798
56288
268
59630
253
55777
246
56695
350
18541
44560
16973
41969
55127
258
55463
348
57906
331
58000
334
56145
314
56143
327
59103
307
53304
3986
17678
3523
88885
3894
16873
41883
16976
42131
17383
43713
16425
43254
16026
43062
15982
42061
17450
40214
14902
42775
14846
41306
53412
274
58300
600
59050
259
55642
251
17235
42016
15342
42943
55359
425
53195
500
55179
490
55072
490
53539
473
54324
474
55665
803
54478
3929
15665
3324
85294
4240
18018
38941
18477
38577
18489
39926
16375
39890
18586
40305
16818
41035
16763
42163
17197
41631
17525
39074
53128
416
55886
408
54483
709
57922
409
17948
41343
16252
41287
52638
426
55520
499
53931
816
54384
486
55803
788
55542
483
56459
469
52666
3982
17482
4353
86148
4948
16926
39657
16533
41318
15768
41186
16366
40090
15921
41564
15655
42260
15549
39909
15936
40716
15742
40722
53065
272
54973
244
58101
244
58435
245
20744
43184
18261
42115
56364
255
59107
344
62084
345
56053
325
56881
307
56302
306
56523
306
55466
4400
17994
4091
89274
4290
18979
38546
19098
39223
17676
40582
18846
39977
18022
39840
17706
41178
17877
39390
18054
40025
17830
38950
55203
262
56076
245
57494
241
56176
312
20598
39521
17283
40669
53314
366
55789
485
55193
588
55425
473
56567
455
54631
462
53159
459
54608
4297
16337
4113
85891
3810
18350
37181
16365
39706
17384
38769
17096
37543
17239
41018
16633
39199
17510
37543
17477
40679
17668
39025
49942
359
53273
362
57011
347
54821
351
20143
38915
17214
41329
52599
349
54050
489
54896
487
57120
473
53182
460
54152
456
56417
465
53746
4374
18477
3573
85311
3925
18067
38353
17585
37388
17683
40963
17885
38248
17647
41034
17793
39348
18113
40886
18771
41907
18160
39555
53803
372
56017
358
57261
350
57237
335
20038
41765
17525
41945
54265
635
53755
487
56915
491
55323
475
56456
467
55612
440
55327
457
56448
4499
18067
3710
88933
4389
17477
38943
17961
39297
17758
40972
16414
40146
18990
39621
18289
40244
17087
42496
18210
41647
17955
41960
55465
373
57877
2045
56654
355
56696
1395
21140
41861
16679
43900
55126
365
55432
477
58787
478
56893
476
56213
457
54882
454
58454
448
56206
4073
18055
4104
90534
4085
20798
42881
17413
43264
17345
40869
17502
41086
16873
42721
17098
41450
17422
39899
17616
43905
18908
41518
54789
393
57715
363
59771
357
56931
852
19467
41125
18229
44884
57443
1001
61956
706
64573
1282
100572
679
61590
667
60494
1586
62438
961
65279
7301
27203
6499
126743
4798
18505
45280
19267
42692
17938
42386
20217
81630
18985
71150
18294
64396
18371
63443
16803
64198
16608
97652
63986
277
64773
256
76167
250
80076
250
22005
45889
21274
68566
56675
264
60597
713
61857
1004
59422
693
113446
471
105776
809
110376
309
58056
4883
17883
4674
85893
3771
17357
41313
16551
43657
17797
44429
19231
41543
18246
41751
16728
42821
16924
41085
17163
40436
16993
41533
53867
274
56430
262
56955
245
58204
247
19914
42167
17771
42031
52646
254
56588
339
55382
336
56725
331
56182
314
55591
322
55158
310
57044
4143
17383
4382
88309
3715
17495
39669
17021
40967
17262
40365
17536
38855
17899
40839
16985
41114
17279
39762
17664
40865
17400
40617
54094
262
54700
253
56471
242
52051
720
19523
37958
18430
38319
52826
749
53213
854
54952
829
55682
814
53221
826
52640
815
54557
803
52102
4535
16219
3933
82737
3803
16577
36932
18615
36399
18537
39690
16171
38264
17900
38072
17351
38340
17616
38994
16746
40472
15959
38784
52294
740
53843
763
54204
744
53495
741
19682
37939
15808
38718
50843
756
55877
822
51297
803
52270
802
56373
822
51986
817
52442
845
54648
4362
17485
4812
84046
3957
17806
38637
16702
37162
18363
37655
16964
40212
17927
39036
17638
38244
19028
37131
17529
39972
18267
38109
52095
753
55013
762
53713
747
54053
731
19539
38456
17385
38779
49919
745
52185
831
54686
824
54077
808
52439
808
53692
822
52810
786
53272
4373
17323
4172
84843
3862
18621
38448
17803
39070
18579
38314
17789
39168
18233
39803
19115
41307
18286
39103
18463
38910
18277
40388
54114
750
56134
729
55793
748
56646
761
20685
40411
18475
39211
54209
755
53777
852
54717
836
53713
830
54799
861
53749
825
56123
804
55236
4532
18277
4006
86175
3842
19276
38860
18108
39940
17669
38804
18500
38095
17248
41049
17081
40199
17213
38411
19687
39772
17387
40057
53681
736
55210
744
57280
724
56463
723
20758
39713
18572
40128
54128
742
54862
768
55503
765
56303
846
56092
810
55316
795
56688
801
55504
4378
18157
3871
85140
3937
19047
39771
17765
38858
17553
39291
17666
38209
18107
40449
18788
39686
18450
38013
18870
41063
18028
38054
53848
753
54361
755
55853
763
54909
725
19941
39075
17820
40581
53920
720
54093
823
55228
867
55465
839
54597
804
52253
778
55774
792
54604
4376
20412
4227
86944
3824
18639
38830
16819
37890
18656
38571
18084
40331
18706
39495
18380
39738
17751
40707
18600
40119
18122
39439
52511
749
56468
774
55520
891
55122
730
20283
39948
18336
40535
54396
726
53173
871
55748
814
56301
739
55822
824
55316
822
55202
805
54231
4325
18361
4530
86933
3922
18712
37829
20123
38134
18134
39367
18215
38411
17543
39822
17794
39110
18252
38327
17764
38846
19217
37454
54751
361
55386
352
55302
346
55640
351
19679
40059
16558
38577
52897
365
54809
465
55381
474
56920
466
56153
440
54566
457
54892
453
55982
4240
16943
4168
83141
3831
17659
38443
16468
39147
17478
38753
19348
38028
17803
40674
17465
39117
17048
37936
17689
40451
16851
39436
51575
361
53471
353
56747
345
54995
347
21031
39185
17434
42591
52846
370
54471
473
53796
481
55249
472
54318
454
53247
458
55514
448
53032
4234
18636
3955
86005
3847
18439
37789
16937
37559
17018
39674
16791
39021
17082
38679
17944
40417
16725
38712
17551
39981
17866
37942
53624
366
54120
344
55611
348
55497
351
19622
39902
18648
39391
53361
359
54864
469
54365
476
54584
470
55954
454
54072
449
53644
453
54334
4193
17055
3646
83419
5122
20021
38905
16071
38672
17857
39330
18078
38129
16589
40472
16843
39569
16835
37789
18478
40262
19473
41281
55658
377
54687
343
57947
339
56702
350
19252
42467
16951
41692
55668
368
57104
485
54770
485
57820
470
56598
468
57114
456
54510
455
55662
5012
19124
5005
85699
4521
19386
39865
17523
40313
18823
41581
18763
39256
16170
43221
18189
41767
19332
40143
18730
40516
17657
41101
55849
367
55609
355
56292
343
56032
346
20969
40529
18075
39360
55536
370
56537
490
55503
464
55692
477
58204
449
56785
447
54602
456
54934
4799
17901
5242
86209
4538
17794
38429
17449
40369
18195
40437
18911
39298
19220
41097
17433
42158
18434
39739
18241
40512
19484
39652
53813
379
56578
350
57173
340
57323
354
19826
40363
18089
40118
53880
367
54787
503
54627
485
54757
459
56005
442
56148
745
55762
448
56816
4988
18742
5520
87214
4207
19623
39520
18139
41869
18583
41098
18671
41054
20499
41550
18481
42762
19666
41694
17766
43342
18729
40175
54865
376
58168
351
56546
338
58089
338
19806
43210
18626
42825
54053
366
57485
480
61294
481
57291
480
58867
451
56969
993
60280
458
58772
4681
19665
5624
91436
4974
20880
42607
18259
41013
17212
42858
17905
45368
17279
48458
21302
54382
19918
45220
21983
44347
23099
42821
57765
407
59015
369
59780
373
54690
360
18476
40445
18698
42735
55677
449
56731
689
55980
705
67997
696
57000
676
54206
670
55646
475
58073
4481
23955
5786
108909
2885
19329
39631
18337
40620
18869
41868
17299
39398
18737
41907
17561
45018
17051
42019
15628
43997
15805
41313
57506
508
54108
425
54862
584
55089
422
17819
41662
15546
41159
55319
379
54958
498
55595
496
55198
491
56055
475
53171
460
59340
459
55539
4232
22174
4942
85825
4190
17134
37420
17242
37430
14880
39093
15473
37753
17461
92456
15595
38876
15681
40081
15523
52813
17123
37371
51798
423
55358
401
54034
417
53709
397
18933
38447
15392
41638
50749
419
50808
505
68440
480
53610
486
53193
472
53711
475
52880
468
51739
3250
18198
3406
80639
4042
17244
37296
16806
38281
15022
39407
15640
38967
16105
39796
15963
40573
15425
38940
18039
39434
16198
39598
52172
370
53814
360
54310
340
54535
345
18349
40598
16708
39959
55832
349
62409
474
53993
479
53601
467
52279
437
53051
440
52873
446
52987
4542
20769
4825
83946
3804
16827
52679
15940
39078
15546
39309
16385
37956
15125
39579
15924
40383
15724
38411
15338
47605
24800
39093
52011
396
54538
397
53787
361
90994
402
17071
39461
18038
39751
51304
412
51741
476
53128
434
59651
472
53476
423
91818
419
52274
455
54473
4076
14344
3443
84352
3209
18544
38598
16058
39733
15315
38976
15837
38172
16992
43508
14878
39422
15894
38247
17305
38966
16223
38977
51471
273
51411
248
67799
238
54739
243
18235
40477
15695
40260
51475
255
53197
339
53194
330
53378
324
88207
307
52325
301
56055
306
52327
3565
16280
3316
85117
3453
15163
38206
15527
38181
14507
40040
16807
43459
15534
38860
15541
38672
17462
37600
15463
47870
24345
39320
51844
264
55793
245
53390
244
53617
237
18457
40257
15077
47933
61135
253
52965
329
55085
333
52892
331
53117
302
53648
304
53555
307
51570
3480
17804
3415
83098
3251
16844
37858
15812
38321
14230
46183
24152
38541
17249
41688
20032
41095
15452
40041
16841
39789
18259
38880
53576
427
56540
264
55127
237
55207
240
18538
39681
16832
39543
51601
411
68087
500
55166
505
91306
481
52658
475
54923
475
54873
476
51409
4186
16481
3120
84369
3919
15993
38049
16636
37189
16354
40303
15935
38569
15273
38416
16580
41772
15177
37296
15810
37868
16423
37532
50779
418
51762
404
104555
402
53842
403
18926
38349
15153
38735
49951
422
52014
495
50002
488
52230
481
56192
470
51685
477
51521
475
53659
3823
15292
3927
97900
4361
16307
36485
16187
38077
16436
39313
16316
36463
17489
39197
16552
37986
17635
38578
14367
42010
14610
46838
59578
420
53651
404
55152
403
53118
408
18419
37921
16433
41460
50727
408
54520
495
52018
488
70358
473
53091
468
51396
470
58387
474
51616
3790
16629
3967
81178
3757
14586
36284
16248
36214
15913
42808
16183
37069
16594
38373
15237
39005
14626
46637
24895
38940
16868
37435
54522
409
54075
404
51472
401
52758
399
18744
37307
16833
38834
50597
411
70423
499
52297
481
52988
476
58933
477
51769
475
52631
471
52985
3822
16707
3938
99594
3866
16348
37452
16755
42071
16425
37102
14604
36616
15936
39901
15975
37373
16709
37096
16603
38643
15553
38776
51342
424
51104
404
51499
400
52749
403
17412
38433
16848
37413
50535
422
51659
482
52000
484
52891
483
53457
475
51733
475
90864
477
52782
3667
20452
3070
81404
3857
15797
36797
15853
44078
25181
38350
14614
45889
24652
37914
16158
37665
15921
42806
16022
39320
16376
37147
50347
423
50990
404
54564
397
51868
403
17785
38838
16791
40280
50845
414
66280
487
51802
493
52133
477
60017
473
51987
475
52200
470
55631
3771
16433
3983
99327
3821
16513
36501
16120
42801
16409
37044
17998
76773
16550
38066
17356
37689
15655
45302
15743
38275
18223
37877
101039
420
52706
403
55490
398
52911
403
18931
37442
16974
40871
49333
413
52153
493
51113
485
51198
478
53045
476
52318
478
52706
473
51227
3845
17523
6620
130205
3717
15938
40265
15909
37431
16080
38305
15990
37669
14855
48634
25372
38122
16549
36945
17253
41353
16602
45388
58456
411
52201
403
58453
399
53016
401
18364
37904
17462
40846
52260
408
86968
483
50882
491
52547
477
63789
472
51772
478
52086
468
58156
3769
16882
3855
97958
3964
16696
35982
15743
44911
16807
37417
16268
37015
15659
42478
16805
37956
16224
36871
16802
88993
16202
37546
100555
417
51809
405
55345
399
53775
404
19273
39514
16706
38638
65790
418
52378
501
52132
496
57398
493
51979
471
91848
475
53336
470
54276
3840
16594
4247
82650
4447
18020
36147
16000
37787
17000
38252
16843
37241
14618
45260
16701
47943
24117
37732
17175
38689
15595
42469
51748
419
52895
723
53962
403
71122
409
18322
39751
16965
39513
51935
414
52679
494
53361
495
54802
509
69753
475
53916
482
54855
480
56057
4329
19297
5126
86463
4059
19268
39390
16227
42091
17077
41175
16315
43749
16003
41992
16107
48521
16239
41451
16615
41532
16435
39578
54252
296
54701
460
55884
275
61973
252
17389
40738
16621
74449
52015
459
54171
368
60653
400
53654
401
91914
338
53500
393
55581
344
52530
4072
15851
4112
83526
4689
19525
38129
19148
39900
18996
41980
16423
40981
16973
49484
15529
50742
24699
41904
16038
76529
16679
41751
54602
268
56536
252
55581
243
93782
243
20348
43279
16284
39934
56021
256
57979
330
66398
328
53200
331
58212
312
51649
412
54152
301
53575
5568
17261
5739
86863
3084
18909
37847
15320
41653
15929
42785
16152
41275
17344
92202
16246
47003
16617
40567
16124
44066
14934
38721
50375
274
56124
254
53814
239
52874
249
20496
39660
15633
54395
51238
258
52369
346
55306
337
52800
329
90448
312
56823
649
55994
305
53604
4145
15678
4086
126894
3735
16494
37380
18108
38697
15087
46128
16035
39427
17792
75680
15475
41193
17230
40453
15462
41129
15096
38724
50506
274
54773
251
53061
246
52910
248
18158
41034
14978
40017
50231
254
101683
342
51900
337
55963
325
54660
308
51856
307
53429
306
51498
4214
16720
6411
111680
4293
18008
36860
16822
49036
15055
40486
14513
40904
16407
40585
15305
50491
24081
39113
15134
77388
15254
39569
52025
269
55657
254
53353
246
53384
247
16939
48900
15084
38920
54723
585
53566
343
67588
329
54864
325
53071
318
55278
306
54571
307
52172
4913
18803
4725
97097
3194
16673
39539
17139
38543
17949
39656
16612
48114
25873
40400
17044
47213
19048
39144
17684
46051
16431
48646
62992
269
54200
243
56781
589
61592
249
21358
40611
16780
40821
56687
247
56318
342
87833
335
57332
671
55656
512
57495
375
55467
283
52302
4347
17828
4273
86214
3662
15919
69464
15630
39420
14876
39448
14939
40644
14887
38984
16861
38051
17457
38327
16843
38702
16842
40870
52305
376
55991
281
58293
240
56391
310
19008
41497
16123
40319
91479
337
53319
457
55260
336
54677
442
52539
417
52669
430
59912
404
52466
4078
16069
4447
83842
3473
16919
37283
15656
37499
18308
100357
24213
37225
17207
37977
16534
42664
15524
38125
16260
39362
16601
39789
62223
352
54099
332
53409
329
54799
317
17903
39807
17965
74067
55191
298
54786
331
53229
431
52854
413
52668
399
52250
411
52867
674
52505
4884
17894
3866
84854
3813
16992
38230
18735
37151
15799
39214
15997
39328
18125
40324
15562
42780
16089
40624
15975
39371
17697
40015
52459
343
54708
292
106750
292
54471
245
19287
41187
16909
52917
52360
321
91604
451
53749
452
57208
440
54424
402
56625
402
52674
304
55983
4002
18065
4850
84799
4472
15979
39473
16554
50105
16438
41140
15401
39118
16159
41868
15715
41992
15243
39218
17544
39968
16294
39093
51092
345
54482
329
58447
250
54618
277
19213
40868
17488
40896
63770
304
55155
441
53218
344
57350
434
53635
409
55583
407
54525
399
56593
6978
25349
4244
85135
4365
18761
37955
14460
53822
16651
40137
16796
38281
18064
93032
16292
40831
15710
39922
16908
43577
16993
39990
53058
489
56191
443
56218
457
89879
489
18779
40913
17810
38780
55778
491
54511
679
54487
666
53378
569
54790
597
53043
637
56621
594
53155
4913
16901
4795
84275
3002
18870
38855
16817
38496
16520
38194
19187
40791
15150
42311
16629
40878
17510
39068
16820
41497
17148
40172
53993
312
55080
290
57870
289
57622
287
20439
44593
16000
42030
52424
305
52760
426
53006
430
52627
671
51547
647
53748
656
53589
662
52868
4006
15131
4162
87304
3542
15592
38666
16451
38454
16123
43066
16117
40221
17368
38785
18420
40955
15846
40096
17038
40011
17565
39244
55348
265
56494
237
55270
414
56647
415
18988
40042
17511
39294
53571
423
55072
660
53932
647
56303
652
55990
270
54849
261
53948
632
53362
4276
15969
3595
84658
3763
17967
37028
18383
37873
18257
37857
19345
37135
17890
39605
16504
39909
18373
37606
17965
40399
17636
38461
52417
426
54538
413
56446
200
56161
406
20963
38456
19846
40423
53725
421
54551
653
55437
653
55344
641
54169
634
55238
636
54867
634
54041
3660
18766
4397
85615
3726
17382
38272
17655
38686
18011
39068
17760
38934
16993
39419
18458
38560
17573
37957
18147
38538
18594
37850
53832
430
54446
410
55137
408
56299
410
19140
39849
18102
39617
53705
414
54728
288
55362
648
55074
648
54871
268
56652
313
55066
308
53695
4145
17037
3343
85364
3228
18683
37047
17950
39008
18079
38795
18253
37836
18148
39507
17330
40480
17833
38204
18091
39666
17535
39353
53592
262
53761
253
56562
239
55421
238
19028
39316
17845
39616
54972
254
55910
346
55262
681
56498
609
57639
315
53064
312
54721
310
55157
5188
17911
4386
86033
4160
19150
40665
17801
38192
18524
38407
19260
38911
16649
40553
19116
40374
18241
37361
18137
41151
18615
39000
53504
543
55695
252
57258
251
56498
557
20535
43147
20149
41386
58310
364
58676
471
56222
1978
61942
751
57915
790
60574
550
57843
467
62043
5553
16808
4637
93933
3928
15517
45929
17857
43875
16101
43131
16154
41893
16850
46361
17817
40988
19118
42114
17532
43354
16226
42622
59650
337
61966
309
61069
304
57782
459
19627
45220
16625
44251
57434
337
56728
733
57515
2268
60768
1961
61648
414
59670
425
57113
1758
55575
5029
15769
3147
93555
5285
15263
38396
15537
40907
14247
41862
15393
41981
16398
41632
16114
40990
15198
39465
15994
39953
14074
40040
52183
374
54166
258
55382
247
54850
248
17905
41491
15983
41069
51838
256
52877
341
51851
331
53472
342
52799
314
53182
315
54863
316
53025
3573
16352
3862
84857
4336
14901
39060
15578
39439
15998
39527
15357
39706
15416
40478
15090
39656
14564
39572
14799
39391
14763
39787
50901
258
53384
251
52951
236
54485
243
17619
39525
15531
39903
52089
246
52246
339
53305
322
54119
320
52490
314
52158
311
53609
307
51532
3914
16785
3657
84242
3820
15749
37147
15560
37837
17476
39461
16252
37204
16746
39745
16824
41040
16905
39642
17249
38140
15586
40568
52727
418
53191
407
55486
400
55009
402
19134
38933
16530
39563
54621
407
53436
795
53731
494
56190
481
55637
468
52825
468
55259
477
54315
3868
16313
2621
83895
3769
16657
38329
16282
38887
15064
39296
17279
38620
16389
38426
15890
39075
16701
40687
16932
40078
17415
37771
53315
412
53599
396
54441
402
54620
401
17576
40253
15844
38694
50808
418
55105
490
53179
481
53984
477
55076
466
52630
660
54130
471
54015
4552
17132
3954
86783
3468
17200
39260
17969
37156
16988
39811
15912
39310
17511
39052
16308
38369
17209
38808
15616
39726
17178
39115
51295
263
54578
245
54793
241
54479
241
18417
42422
15514
40756
51182
250
52982
336
55883
332
54480
324
56231
313
53288
309
53728
303
52801
4257
15820
4066
81827
4168
17229
37812
16472
38788
17014
39907
15264
38724
15826
40599
16502
40253
15240
40018
15583
41705
14817
39505
51640
257
55263
243
56960
237
55019
219
16943
40765
15360
40833
52730
234
53776
332
53113
342
53911
326
54274
283
54311
283
54776
307
52485
4251
15769
4469
84120
3829
15910
38194
16126
39108
14909
40074
15165
39289
16643
40747
16036
41252
14962
39397
15821
40376
15622
39355
52614
269
54248
260
55939
248
55613
247
18059
42832
15981
42624
54177
262
54723
346
54610
339
55441
327
55682
310
54036
307
54870
306
53104
4158
16205
3660
89860
4274
16626
39365
16075
40722
16093
41489
16499
39161
16335
42649
15700
42402
15798
40826
16239
42144
16061
40297
53621
274
53810
249
56185
273
56075
247
18538
42409
15914
42382
53656
266
54964
359
57803
352
55605
408
55552
311
53994
306
55868
309
54126
4352
16738
3852
85973
3189
15964
39030
15869
40800
16354
41944
15544
41494
15903
42310
15261
42898
15984
42083
15934
42697
16336
41179
53174
269
57146
257
56550
487
56353
255
17763
42278
16136
42775
53312
265
55075
358
56461
351
56041
693
56333
329
56038
334
55548
327
54385
4057
17136
2980
87286
3571
16478
41201
16045
42218
16047
41200
16330
42416
15336
44840
16042
42729
16146
41078
21190
61209
20379
46350
55754
464
54874
250
56396
247
55857
248
17446
41418
15822
41330
52676
252
55900
341
54468
333
54275
325
54743
309
54739
301
56258
306
55295
3666
16733
3344
85776
3625
16293
37829
16484
38500
15053
41749
15455
38803
15837
39406
16065
39504
15223
39827
15269
39462
15042
39271
51413
285
53991
259
54773
248
53043
251
18059
39753
17633
39842
53786
262
54480
363
53916
348
54829
347
54111
335
54130
336
54692
329
52827
4212
16201
3786
84319
3737
15728
39310
14827
38321
16852
41700
15970
39668
16075
41230
15743
39668
15731
38904
15201
39661
16167
38726
52247
272
52890
253
54705
260
55457
248
17764
40633
15525
39822
52011
263
54702
353
53459
348
55355
343
54802
342
53303
816
54511
637
54412
4147
16108
3915
84174
4299
16648
40557
15212
39381
16143
39798
16911
41159
16919
41409
15257
41340
15876
39118
15055
42117
15943
39440
53867
417
53855
318
57140
463
55035
421
17642
40599
15008
41657
53781
419
54746
568
54710
440
56061
436
55534
657
54602
663
57244
1545
52436
3768
17600
4193
87352
3848
16177
39257
16277
38981
15450
41221
15824
39213
16787
41014
16637
41273
15705
41647
16623
41956
14966
39650
52753
505
54673
474
55853
483
56149
489
17389
41427
16216
41297
54171
493
55998
614
55042
656
55717
671
56203
644
54436
653
54695
666
53357
4818
16378
4893
91266
3171
16163
39441
16226
41037
15463
40801
15815
39314
17632
41446
16978
41849
16205
49056
21025
59818
20976
60217
76710
521
78898
470
80367
487
81444
462
24420
64378
20469
62344
77927
487
75458
701
56159
617
57096
1761
57607
664
53754
325
57210
327
53663
4797
16909
5183
87127
4318
18269
41753
16703
40734
16471
41769
16027
40798
16989
41945
15635
43875
16209
42504
16650
41743
16926
41219
55804
324
55532
298
56907
302
56697
285
17962
42329
18531
43950
59992
1175
60401
465
65679
455
62802
1058
62040
408
57383
1840
60010
416
58760
4495
20169
4684
93547
6496
26546
40939
15442
51824
18608
52252
28099
43449
22278
45349
21976
42540
18701
41393
17622
51843
17116
43325
52712
329
55354
1043
60744
314
58033
309
18738
42018
17831
41676
66062
351
63331
468
73713
473
55805
439
54481
422
56246
438
57055
436
56034
3539
16622
4919
87516
3796
14748
39633
15785
38975
15559
48729
25460
39058
16956
40608
15247
41236
14200
47840
24937
39441
16666
39219
52129
267
52948
249
57196
250
54604
255
18117
50666
17077
42326
52288
426
55111
489
67336
493
54677
495
54844
474
56860
481
53219
480
54397
3656
16546
4070
96617
3809
16147
39091
17046
36989
15677
39780
16129
37796
16397
40261
16950
39834
16820
54981
14686
46867
24433
66780
52345
408
53071
401
52844
406
59565
406
18795
40724
17310
42284
64974
253
53124
334
53148
332
56752
330
53189
308
52649
309
54529
307
52637
3934
16569
3342
84234
3657
15340
40469
14515
39127
16964
38138
14932
52713
16782
39184
17880
39138
17928
38649
15045
55003
15108
39012
53147
257
54927
245
53767
233
53385
234
18810
90323
16402
39002
51425
241
68022
326
53912
322
53573
325
57233
299
52016
303
53498
300
101263
3971
17787
3740
84671
3525
15211
37330
13830
37866
19536
38824
16726
44967
24699
39076
16008
38481
16511
41862
16045
46863
15769
37231
52246
257
54020
239
52916
237
55659
306
18101
39246
16504
38849
50582
241
54456
325
53296
323
52419
413
53670
402
52818
301
51698
298
54261
3892
16760
3796
81350
3437
18166
39034
16610
36990
16810
37749
17967
37758
15155
47979
24378
40383
16500
36941
15082
42745
16151
47115
60112
331
52992
234
58257
235
53407
239
18708
38592
17723
38466
64630
244
52959
330
53060
440
58536
429
52279
298
51816
303
55410
301
51579
3969
16954
4021
82126
3528
15022
36954
17727
77049
14993
38184
17725
38147
14830
39408
15191
39032
16132
37101
16248
47588
16380
37895
50715
260
53299
235
53900
231
54083
235
17501
38582
15235
56649
51634
244
52448
329
55550
329
53457
316
91977
310
52785
302
55596
296
52752
3925
16435
3827
82600
3563
17711
43738
15178
37651
15945
37760
17461
38346
15999
38689
16291
37339
17499
89765
14957
38058
18802
37978
67037
255
55502
233
53701
231
54846
282
18274
39123
16592
39827
51039
243
68442
328
51996
322
52763
428
54196
413
52437
301
52293
300
54180
3862
16680
4302
81757
3529
18299
38571
16774
37643
16883
37816
15508
39135
14720
47798
24930
39855
16021
37522
18143
103832
24958
38222
50207
341
56948
234
52001
237
79625
233
17630
39476
14749
39865
51574
245
51732
324
53278
424
54024
325
53139
304
54758
309
69341
298
51312
3193
16806
4408
84005
3025
17965
37281
17796
76850
16584
36974
18499
36569
15154
41198
15370
40136
15594
38216
16866
42207
15317
37483
50227
256
54916
236
52982
241
53481
236
18455
39465
14497
49193
58388
244
52035
326
59126
331
52821
319
91216
301
51345
299
52351
300
66219
4262
15885
3874
80038
3002
15731
44076
15934
36467
15855
38452
16642
37181
14951
40165
15513
39602
18066
78216
16034
39399
16924
40373
50658
254
53222
243
55507
231
53379
242
19117
37713
17041
38265
56323
247
52749
329
52681
321
62961
320
53181
307
52355
304
59153
301
51414
3950
18023
4417
81505
4195
15494
57762
16539
39075
16463
40272
17656
40155
17832
42953
17725
42951
16089
39655
16314
42016
16889
46879
60741
346
53464
563
55995
244
54682
237
19605
76406
16235
42719
53407
254
58803
653
54338
433
54298
427
55256
307
67423
621
54497
302
52337
3430
19851
7110
149905
4219
15591
40380
16487
41502
16393
41477
16067
39782
16355
40096
17485
41932
15783
39637
17351
40417
17177
40816
52459
258
53587
244
55763
237
69951
239
18019
40331
18068
77794
52031
249
55580
341
56092
332
53231
437
54228
305
57891
304
53941
297
54180
4647
17261
4331
95172
3197
17465
40566
14761
38313
17714
41046
15670
48060
25359
40428
15517
39750
19032
93490
18091
39283
16419
92662
58534
262
54180
243
57526
237
55422
297
18571
42165
17611
42553
56097
239
57692
611
55301
588
56838
604
56773
285
53053
287
100363
301
55601
5491
16868
4284
87853
3808
17152
39560
15410
40295
16317
41833
15922
40689
15208
73092
15923
42654
15937
41777
18452
42412
15733
49409
61303
347
55252
248
58882
243
56229
578
16835
41456
17830
41304
54325
572
54759
441
52397
440
55724
430
51219
310
50877
312
55886
300
51970
4098
16703
6249
113076
3506
14589
39736
15713
51571
15272
40459
15568
38309
16326
40574
14842
39506
14822
37621
16232
40105
15156
46839
59611
260
51343
248
55176
241
54751
240
17882
39616
17234
102972
59171
255
51831
332
57446
334
52739
328
52817
307
54944
305
53414
306
56468
5289
18305
5239
96949
3461
16323
38808
17462
41192
17143
39658
15497
53918
16410
52912
25753
42249
16234
42571
16587
40798
16736
43572
59894
274
66587
452
59098
249
59603
245
18856
51813
26079
42098
79649
530
85685
371
60792
363
58428
343
62008
329
92217
326
69290
332
90791
7335
28634
6337
128959
4532
20523
83117
16537
53686
16602
71809
21544
80885
27591
50915
18755
47489
17238
64181
21810
43071
17912
40894
62052
265
55363
246
57473
241
54376
240
19501
39541
16506
42133
52783
250
54085
344
58727
691
58524
334
55018
312
55544
316
57217
307
53012
4640
18221
6179
88621
3664
17711
39961
17927
39445
20870
40767
17256
40229
17112
42336
17694
40208
16558
39913
16505
41468
18325
38972
51655
521
57214
506
55054
946
55860
493
20028
42670
16985
40831
51452
712
54282
600
54308
310
54618
578
55362
597
55709
274
56008
277
52905
4915
16873
5012
84432
4780
18016
40127
16043
38269
17875
41852
17099
40293
16228
40171
17316
42423
18312
39959
18744
40829
18112
40339
53744
551
55072
225
55477
218
55296
214
18056
41319
16760
40657
52782
239
55282
310
53899
303
55117
303
56127
282
54225
280
54891
284
54772
3786
17904
4125
84126
3694
16902
38698
16777
38551
15181
40308
16516
39930
16917
41072
16481
40788
16976
39219
16265
42247
16256
40307
52017
242
54318
226
56204
213
55098
212
18972
39997
16872
41081
54538
234
54940
320
55184
299
54630
305
54117
283
54975
285
54372
283
53105
4180
17003
3708
85402
3782
15996
38903
16963
39114
16103
41211
15359
41463
15395
42446
16269
40359
16187
39361
16663
41292
16798
41329
54833
247
55889
222
56368
219
56032
217
18758
42072
16071
42558
53892
238
55985
320
56151
301
56043
299
55928
284
53458
361
59628
370
86013
4425
18386
4494
87663
4120
17845
40020
16493
39623
16815
41097
17138
40865
17577
41406
17501
41252
18573
39645
17220
42006
17082
41344
54036
277
56601
255
55949
258
55438
241
18942
42394
16206
43172
54826
263
55584
349
56123
346
54741
348
57525
331
55240
331
55313
326
53061
4070
17562
3888
85825
3686
17535
40155
16608
38435
17386
39850
17302
39830
16542
41064
16088
39701
16586
39921
17648
40559
17697
39623
54215
255
54873
258
54764
246
55896
253
18409
41176
17278
39322
51681
257
53887
350
53866
1168
54719
347
55574
333
55659
329
54172
324
53253
4002
16171
3836
85340
3741
16103
38631
15774
39244
15977
38497
15754
40479
16114
40703
16541
40009
16147
38980
16563
41481
17095
37905
52335
263
54676
256
55294
253
54165
254
18246
40368
16305
41997
52874
257
54664
356
54967
350
54186
455
54050
323
54627
329
53916
331
53144
3998
18801
3602
86677
3673
17338
38735
16658
37998
16539
39853
17083
39177
16978
39962
16166
41488
16316
37105
15093
39157
16933
41573
50841
253
54528
251
52386
252
54090
245
18996
40189
16986
40779
53522
260
54300
353
54027
348
55519
343
55853
334
52418
326
55137
325
51942
4016
17805
3908
84315
3686
17084
38624
17361
37587
17771
38908
16675
39363
17469
40471
17168
39598
16526
39956
17503
40459
17511
40073
52200
258
55555
246
54702
256
54844
246
18592
41612
17854
42390
51789
251
53208
343
54040
342
54323
330
53059
327
51459
323
52317
319
52426
3979
15628
3864
84712
3737
18090
39639
17546
39232
17549
38959
19254
39840
16160
41908
16119
39730
16846
38729
17490
39931
16962
40153
51687
263
54370
252
55653
234
55354
1722
18604
40745
16119
40440
52396
252
52868
331
55121
324
56174
421
53840
305
52609
303
54894
304
52932
3466
17844
4374
84776
3648
17023
38962
17046
38246
16319
40121
16079
38318
16728
39201
17836
39914
17052
38788
16949
39511
16497
39067
53760
251
53534
240
56058
236
54488
235
20043
40514
16572
39986
51620
242
55520
322
56545
322
52967
319
54515
303
53625
303
54946
299
52821
3839
16649
3951
83185
3157
16228
38797
16902
38092
17048
38549
15793
38993
16576
39682
17108
39007
17098
39413
16578
42162
16323
39606
51114
573
54946
255
54570
257
54906
247
18117
40656
15990
40081
52376
254
55716
358
53961
357
54431
348
54003
328
55489
329
52624
322
52770
4091
16213
3870
84114
3741
17948
38972
16189
39354
17121
39442
16659
37883
15895
40303
15861
40181
16839
37702
17492
39202
15958
39841
51693
258
53831
250
54477
255
55056
254
19897
39238
16081
41196
51785
255
55312
358
54631
354
55058
460
53716
319
54852
340
56155
329
53489
4029
15782
4172
84855
3839
16659
38512
17100
38521
16174
40233
16618
39283
16729
39273
17110
40544
16893
38877
16823
39799
16425
38786
53139
259
54058
254
54185
259
57446
252
19463
40768
15862
39674
54375
255
54912
660
54255
347
55119
673
55172
661
53561
644
54502
634
53076
3990
16654
5102
84471
4291
16740
39131
16853
38588
17009
38954
17902
39945
17374
40811
15768
40081
17391
38144
16963
41848
16064
39702
51878
541
56260
255
56176
257
54695
486
20344
40100
15936
43349
53341
448
53882
345
55017
348
55657
342
56071
323
56243
325
58261
330
58927
7811
22288
5333
91128
4008
19569
43438
18075
42445
18134
42427
16833
39704
19270
47194
17515
46391
19141
44642
17825
42838
18130
41140
52312
368
54431
357
58396
1776
59873
697
22693
45005
19415
44824
58655
373
57696
507
57317
493
57325
484
55271
467
55708
465
56171
449
55090
4772
16776
4776
91095
4257
17481
42152
16538
42585
19034
43370
17705
40641
16943
46964
17017
45240
16391
47986
17077
45420
18116
41235
54610
582
54932
321
56181
Xput: 34218
