0.992500
0.787500
0.785000
0.091250
0.002500
0.006250
0.001250
0.188750
0.108750
0.531250
0.765000
0.740000
0.336250
0.000000
0.162500
0.057500
0.215000
0.120000
0.355000
0.570000
0.652500
0.678750
0.048750
0.030000
0.026250
0.401250
0.293750
0.308750
0.536250
0.511250
0.512500
0.115000
0.025000
0.060000
0.433750
0.581250
0.423750
0.368750
0.256250
0.342500
0.202500
0.193750
0.257500
0.358750
0.518750
0.466250
0.365000
0.108750
0.188750
0.363750
0.401250
0.330000
0.336250
0.392500
0.403750
0.357500
0.257500
0.105000
0.203750
0.460000
0.451250
0.418750
0.331250
0.386250
0.303750
0.217500
0.222500
0.158750
0.366250
0.482500
0.601250
0.352500
0.112500
0.211250
0.258750
0.407500
0.302500
0.445000
0.386250
0.401250
0.365000
0.120000
0.108750
0.197500
0.601250
0.455000
0.412500
0.343750
0.265000
0.316250
0.216250
0.343750
0.158750
0.357500
0.490000
0.458750
0.362500
0.115000
0.345000
0.258750
0.401250
0.315000
0.316250
0.387500
0.398750
0.490000
0.123750
0.117500
0.201250
0.443750
0.446250
0.415000
0.483750
0.263750
0.320000
0.218750
0.215000
0.140000
0.361250
0.618750
0.463750
0.368750
0.118750
0.210000
0.233750
0.403750
0.443750
0.326250
0.397500
0.415000
0.371250
0.103750
0.105000
0.316250
0.452500
0.457500
0.425000
0.350000
0.257500
0.300000
0.347500
0.202500
0.156250
0.372500
0.503750
0.461250
0.350000
0.246250
0.190000
0.248750
0.412500
0.326250
0.322500
0.378750
0.533750
0.365000
0.113750
0.113750
0.216250
0.450000
0.446250
0.531250
0.338750
0.253750
0.313750
0.235000
0.222500
0.152500
0.482500
0.485000
0.453750
0.353750
0.128750
0.218750
0.252500
0.533750
0.298750
0.327500
0.386250
0.408750
0.376250
0.117500
0.248750
0.186250
0.450000
0.448750
0.418750
0.357500
0.263750
0.451250
0.202500
0.210000
0.148750
0.358750
0.500000
0.466250
0.495000
0.108750
0.193750
0.253750
0.403750
0.318750
0.323750
0.536250
0.403750
0.357500
0.117500
0.108750
0.201250
0.452500
0.582500
0.418750
0.331250
0.266250
0.315000
0.217500
0.213750
0.292500
0.366250
0.482500
0.461250
0.365000
0.112500
0.206250
0.367500
0.407500
0.302500
0.325000
0.398750
0.108750
0.401250
0.622500
0.507500
0.252500
0.328750
0.250000
0.306250
0.167500
0.302500
0.252500
0.341250
0.423750
0.303750
0.267500
0.240000
0.542500
0.306250
0.270000
0.228750
0.306250
0.333750
0.187500
0.360000
0.241250
0.391250
0.408750
0.371250
0.328750
0.197500
0.396250
0.235000
0.348750
0.351250
0.341250
0.367500
0.312500
0.471250
0.201250
0.203750
0.246250
0.398750
0.402500
0.363750
0.453750
0.307500
0.318750
0.201250
0.206250
0.240000
0.391250
0.548750
0.378750
0.316250
0.200000
0.267500
0.242500
0.352500
0.473750
0.347500
0.357500
0.316250
0.336250
0.201250
0.198750
0.376250
0.398750
0.411250
0.358750
0.323750
0.298750
0.317500
0.341250
0.210000
0.251250
0.386250
0.406250
0.371250
0.320000
0.346250
0.272500
0.238750
0.350000
0.346250
0.351250
0.355000
0.448750
0.338750
0.213750
0.207500
0.235000
0.393750
0.406250
0.493750
0.327500
0.305000
0.330000
0.193750
0.195000
0.243750
0.540000
0.416250
0.376250
0.322500
0.211250
0.252500
0.236250
0.486250
0.353750
0.350000
0.362500
0.326250
0.325000
0.191250
0.345000
0.248750
0.413750
0.402500
0.366250
0.313750
0.287500
0.442500
0.201250
0.222500
0.250000
0.388750
0.408750
0.361250
0.461250
0.202500
0.277500
0.255000
0.346250
0.342500
0.342500
0.480000
0.311250
0.340000
0.230000
0.208750
0.236250
0.391250
0.545000
0.355000
0.322500
0.318750
0.337500
0.282500
0.206250
0.366250
0.282500
0.453750
0.383750
0.388750
0.191250
0.260000
0.383750
0.252500
0.295000
0.297500
0.441250
0.395000
0.387500
0.337500
0.201250
0.238750
0.297500
0.335000
0.311250
0.410000
0.535000
0.378750
0.191250
0.207500
0.260000
0.302500
0.398750
0.483750
0.363750
0.245000
0.266250
0.260000
0.276250
0.296250
0.425000
0.405000
0.403750
0.383750
0.208750
0.215000
0.247500
0.421250
0.295000
0.308750
0.417500
0.405000
0.386250
0.203750
0.341250
0.235000
0.285000
0.416250
0.368750
0.380000
0.246250
0.395000
0.242500
0.250000
0.298750
0.291250
0.430000
0.402500
0.523750
0.192500
0.196250
0.247500
0.300000
0.315000
0.306250
0.565000
0.387500
0.375000
0.195000
0.220000
0.243750
0.292500
0.555000
0.362500
0.363750
0.237500
0.281250
0.243750
0.265000
0.433750
0.298750
0.406250
0.395000
0.393750
0.202500
0.210000
0.363750
0.305000
0.302500
0.305000
0.425000
0.398750
0.386250
0.335000
0.211250
0.245000
0.287500
0.415000
0.367500
0.373750
0.372500
0.263750
0.260000
0.256250
0.305000
