26987861.428571
25871386.190476
25597918.571429
23576692.857143
23301887.142857
22497874.285714
22726308.571429
21692111.428571
21198850.000000
20752672.857143
21940005.714286
20465030.952381
21105891.904762
24362639.047619
24050099.047619
24472235.238095
23795718.095238
23460287.619048
23493914.285714
23670020.952381
23809049.523810
23910809.523810
24011843.809524
23345914.285714
23798095.238095
22851085.714286
23180045.714286
22787914.285714
22590457.142857
22728790.476190
23036281.904762
22823918.095238
23394630.476190
23534363.809524
23634891.428571
23323773.333333
23218247.619048
23661400.000000
23455845.714286
23702960.952381
23026674.285714
23169089.523810
22976838.095238
22908948.571429
22766651.428571
23370634.285714
22715280.000000
23485820.952381
23769150.476190
24131634.761905
23019993.809524
22364331.428571
22238167.619048
22149163.809524
22297076.190476
22264790.476190
22086575.238095
22328413.333333
22715161.904762
22942396.190476
22902685.714286
22877196.190476
22800352.380952
23355475.238095
23370152.380952
23679930.952381
23110874.285714
22790070.476190
22863379.047619
22814640.000000
22806474.285714
22647289.523810
22784554.285714
22764034.285714
23329864.761905
22384670.476190
22196177.142857
22082672.380952
22117419.047619
22278771.428571
22910653.333333
22008220.952381
22455813.333333
22816868.571429
23198605.714286
23859020.952381
22831784.761905
23445480.000000
22922544.761905
22865630.476190
22578775.238095
23310292.857143
22984439.047619
22946137.142857
23482375.714286
22526830.476190
23278530.952381
23251220.952381
22839729.523810
22862693.333333
22790800.476190
22416264.761905
22312289.523810
22654319.047619
21925678.095238
22100064.761905
22451053.333333
26564441.428571
22339508.571429
22609716.190476
24372727.619048
23199024.761905
23037156.190476
23509529.047619
23894399.523810
23175619.047619
23066177.142857
24030246.666667
23578320.000000
23744538.095238
22950758.095238
22802944.761905
22958921.904762
25552636.190476
25607173.333333
24380966.666667
23539300.952381
23220148.571429
23217497.142857
23081379.047619
23109140.952381
23857633.333333
23412950.476190
23169057.142857
23958536.190476
24420211.428571
23838715.238095
23527565.714286
23521727.619048
23472055.238095
23443083.809524
23713142.857143
23847108.571429
24101911.904762
23567872.380952
24159672.857143
24313266.190476
24094535.238095
24694894.285714
24764389.047619
23049495.238095
23607722.380952
22940396.190476
22661689.523810
23263763.333333
22954020.952381
22714276.190476
22620809.523810
23016419.047619
23510335.238095
23306240.000000
23201598.095238
22918443.809524
23625278.571429
23672148.571429
23410440.000000
24012933.809524
23411794.285714
23282651.428571
23835822.857143
23415049.523810
23622702.857143
23087236.190476
23569312.380952
24178096.666667
22889093.333333
23189352.380952
22663659.047619
23203635.238095
22390245.714286
25259320.476190
26591010.952381
22573270.476190
22531325.714286
23666406.190476
23857175.238095
23952207.142857
23027034.285714
23163878.095238
24367917.142857
23742327.142857
22985940.952381
23567762.857143
25985050.476190
23019651.428571
23845881.428571
23549990.476190
22948577.142857
22810457.142857
22834310.476190
22500502.857143
27127796.666667
22400887.619048
22234615.238095
22799967.142857
22335731.428571
22193925.714286
23013061.904762
23218681.904762
24059379.047619
23344272.380952
23843985.238095
23541689.523810
23678407.619048
24169592.380952
23349413.333333
23375960.000000
23417304.761905
23349571.428571
24151508.571429
23290396.190476
24189302.857143
23862218.571429
23515129.523810
24129720.952381
23577385.238095
23392754.761905
22893721.904762
22911323.809524
23072205.714286
23916135.714286
27933004.761905
27346950.476190
23910406.666667
23705474.285714
24107872.380952
24104033.333333
24005964.761905
23075000.000000
23634134.285714
23434561.904762
23063163.809524
23015087.619048
23213283.809524
23812096.190476
23810902.857143
23607598.571429
23798607.619048
22645771.428571
23846814.285714
22370546.666667
22124426.666667
22319333.333333
23565395.238095
23171539.523810
23048740.952381
22481175.238095
23190397.142857
22986346.666667
22754106.666667
23051120.000000
22911906.666667
22922217.142857
24900802.380952
23439072.857143
24501369.047619
23376798.095238
24262329.523810
23184344.761905
23435131.428571
23113382.857143
23268451.428571
24331569.523810
26571144.285714
24242030.476190
22062874.285714
23662668.571429
22756330.952381
23335740.000000
22375874.285714
25692995.714286
22357009.523810
22719860.952381
22609977.142857
18761262.857143
20786237.142857
21248428.571429
22056658.571429
20287301.428571
20445859.047619
21457791.428571
19937993.809524
20694145.714286
20066105.714286
20679868.095238
21642437.142857
21735059.523810
23698430.000000
24217169.523810
23999870.476190
22949413.333333
22259542.857143
22137198.095238
22246885.714286
22172580.952381
22641262.857143
22756470.476190
22349967.619048
22324472.380952
22620011.428571
22854398.095238
23137066.666667
23340834.285714
23014226.666667
22888043.809524
22918308.571429
23453668.571429
22952908.571429
22919619.047619
22845910.476190
22736013.333333
22675944.761905
23068255.238095
22969495.238095
26860113.809524
22429165.714286
22507784.761905
22267139.047619
22390866.666667
22513998.095238
22710881.904762
24629104.761905
23125740.952381
22625626.666667
23426021.904762
26606995.714286
23453110.476190
23388072.380952
24021477.142857
24537692.380952
24420917.619048
23558579.047619
23136121.904762
24227552.857143
24546294.285714
24345381.904762
23640651.428571
24137997.142857
24105589.523810
23348200.000000
22584398.095238
22737780.952381
26090065.714286
22630272.380952
22598643.809524
24509521.904762
22915933.333333
22774716.190476
23434814.285714
23696057.142857
24313186.666667
23566472.380952
24417338.095238
23650171.428571
23135628.571429
23317361.904762
23950018.571429
23716561.904762
23312411.428571
23308605.714286
23756481.904762
24211272.857143
23483645.714286
23625702.857143
23199727.619048
22682845.714286
23231368.095238
22642859.047619
22620996.190476
22444910.476190
23291584.761905
22710758.095238
22495375.238095
24749878.095238
23163500.952381
23714410.476190
23831448.571429
23432891.428571
23196257.142857
23410299.047619
23331468.571429
23847500.952381
24492560.000000
23772740.952381
23918465.238095
23668245.714286
24543468.095238
23756542.857143
23567651.428571
23547194.285714
23158895.238095
22814219.047619
23591910.952381
23593810.952381
24267889.047619
23578038.095238
24286346.190476
23701660.000000
23393129.523810
23753771.428571
24245495.238095
24612222.857143
24343436.190476
25100522.857143
25011926.190476
25268210.000000
23742087.619048
24888853.333333
23850944.761905
23558500.952381
23634426.666667
25137494.285714
24834146.666667
24483832.380952
23653916.190476
24401162.380952
22677805.714286
22803845.714286
22796681.904762
23387219.047619
23828059.047619
23051556.190476
22653788.571429
22978929.523810
23875265.238095
23717340.952381
23768935.238095
24563655.238095
24327349.523810
23694009.523810
23673605.714286
24365817.619048
24126664.285714
23590083.809524
23319580.952381
24538697.142857
23718586.666667
24149702.857143
23303064.761905
23597389.523810
22848369.523810
23488905.238095
24296562.380952
23404289.523810
23060836.190476
23380535.238095
23751792.380952
23089043.809524
23126074.285714
23851015.238095
23664891.428571
24366795.238095
23626906.666667
23591481.904762
23395327.619048
24092706.190476
24787757.619048
23317419.047619
23511984.761905
23419270.476190
23728655.238095
23620601.904762
23504716.190476
24111785.714286
23923202.380952
23016980.952381
23712307.142857
22831403.809524
22808529.523810
22625603.809524
23431776.666667
23413062.380952
22682864.761905
22675422.857143
23252908.571429
23744853.333333
23260910.476190
23548340.952381
23744137.142857
23116099.047619
23853202.380952
23257251.428571
24081594.761905
23766544.761905
23974474.761905
23156019.047619
23242177.142857
23492146.666667
24460811.428571
23262624.761905
23097274.285714
22369438.095238
22911620.476190
23748017.142857
22845942.857143
22981895.238095
23131750.476190
23837373.333333
23713958.571429
24126347.619048
23699196.190476
24433452.380952
