1797899968
304375
1747
1498
17656
1715
863
2732
16334
5160
1320
917
1012
1180
879
1366
893
968
906
814
111202
1743
1546
2320
16350
1965
995
998
930
839
933
849
26306
1254
15302
7902
10172
7077
14079
3688
366080
1243
14009
2863
1341
1083
8999
1606
1840
1288
1352
1111
1338
1237
1138
1221
1112
1347
2106
990
350647
1409
3052
1434
2648
1462
4704
1383
1419
1332
1489
1474
4135
1622
1149
1427
2172
1943
2501
2444
356145
1683
1256
1172
1221
1672
950
899
1568
912
1379
2834
1383
1195
4702
2064
1318
1939
1039
839
399133
1548
1119
1432
5989
1494
1849
1518
1528
5097
3567
6387
2009
1509
6766
5091
2807
4587
4359
962
340976
1471
1465
1427
1388
1412
964
1374
891
4253
2865
1195
1356
4214
2749
2994
2674
2361
2728
2112
357228
1310
11463
2782
1044
1254
5531
1589
1390
4288
1418
4270
1585
1509
1260
1410
1256
1359
4446
1087
351022
1259
1216
1255
821
5557
1485
1568
966
1322
1657
1773
3546
2500
1338
4206
1456
1268
4208
970
2044556805
279613
1475
1192
1178
1224
804
6177
4530
989
21257
1561
1095
938
849
947
861
934
889
855
617
102125
1453
1029
434789
4511
4669
2390
1716
1381
1064
1203
4336
1373
1284
1632
1802
1526
1655
2019
1059
125758
1673
1200
950
927
1191
994
16702
1626
1057
871
1423
4741
4565
1040
911
955
20873
20251
17974
349038
1509
1000
20755
1537
944
1100
967
777
5232
1360
1619
1297
1788
2542
1255
1261
1685
2962
2073
355024
4340
7810
1498
1139
21508
1965
1404
1277
1600
1172
1252
1311
872
2012
1252
1127
1315
1359
1603
407104
1332
1067
1812
1842
9626
1422
18685
1780
1088
1129
1092
1208
1247
1337
1151
979
918
795
995
317819
2825
1562
1240
1482
1409
1590
1464
1165
930
1385
3077
1422
1288
990
15551
2738
1735
977
4283
309139
15301
2668
1416
1537
1156
1435
1802
1152
1230
1421
1315
1310
843
3074
2900
3454
2708
1585
1763
315677
6170
5309
1685
1424
1109
1257
1450
1159
1027
1243
3480
2226
20487
4879
1304
3410
1417
2816
1053
555508
2749
2236
1671
1486
1394
1456
1449
1349
1606
1409
1467
1490
1310
1547
1330
1316
1319
910
943
103919
1177
16419
246233
4675
5118
1429
1054
1328
1456
1088
6937
2010
1828
2559
2001
1063
904
806
912
92016
16786
4943
1383
1319
1051
1257
933
1184
3561
1562
5142
5824
1377
1450
1518
1367
987
966
946
337002
1438
7659
1265
4026
916
1372
1371
3602
1300
1210
1333
1295
1399
1279
1185
1327
1303
1132
4170
309890
4340
4552
4307
1325
1268
1416
1399
3761
1267
1129
1378
1333
1146
1286
1154
1259
1275
4116
1265
313486
1494
1788
19818
1612
4786
4064
1151
898
1465
886
2228
4278
1038
4289
929
944
1222
849
934
309412
4327
20717
1659
1619
1236
1445
1237
1305
1436
1592
1414
1361
3203
2624
2487
2544
2460
2770
2160
331485
4842
24491
1471
1298
1891
1910
4366
1266
5098
1304
1158
1599
1399
4196
4490
988
4013
864
887
371525
5307
1791
1958
3456
1274
4274
1057
4234
5169
4516
2026
1426
1150
4323
1305
1300
1088
855
940
653925
1932
1385
5454
1706
1198
1120
4503
1229
4442
1905
1581
1231
4147
4360
1227
4353
967
1107
928
90263
2065
2241
389392
4663
1347
1325
1371
1202
973
2331
4406
1225
13161
2125
2260
1131
937
836
913
87385
8681
2512
1481
1143
1414
1431
1278
4127
1199
4355
957
912
811
1559
1001
1500
6964
26124
2063
331310
1609
1516
1262
1503
2175
1597
1272
1273
1550
1405
1489
1559
1109
1320
934
968
20030
2089
2253
334779
4667
4570
2625
1215
2151
1515
1501
1198
1349
2046
1477
1379
1157
4426
1324
1296
1250
896
959
320974
1504
7069
5016
7142
2172
4474
5499
13255
1416
923
918
900
808
925
1200
1251
1030
1047
972
304626
2713
1417
1260
1367
1330
1360
1406
1474
1451
1376
1569
1335
1266
1427
896
945
21261
4701
4365
313556
1373
4715
1293
1174
1233
934
1436
1212
1378
1020
3276
1309
1160
1304
1117
4542
1309
1266
954
330363
4882
2257
1963
1769
2414
2088
3309
2130
3366
4310
1362
1267
1131
1286
1096
1882
1399
878
912
536050
4374
4874
1333
1279
1289
1373
4482
1326
1339
930
5810
2027
1475
1634
1789
2915
2350
1053
925
77946
1302
968
293840
1403
4663
1359
1626
2572
1460
1088
4043
4835
1562
1706
1965
1541
5981
1112
934
80377
5495
1866
1518
1426
1214
1356
1268
1932
1533
926
1315
1296
3859
4134
895
915
20441
17832
2225
310735
4692
1382
2452
1578
927
1309
1335
1318
1515
1180
1225
1288
4776
1358
1084
1304
1261
1094
3347
307492
2749
1642
1387
1050
855
1348
4159
1200
2922
1224
929
3155
3084
2775
2253
2097
2201
1650
2755
298565
3153
2569
3249
1921
1696
2394
3363
1659
1353
1211
1317
1291
878
1991
996
975
3915
1012
893
329450
1377
4904
1322
991
1310
1447
1098
1398
1461
14423
8134
1404
4354
1137
1298
3233
1792
1585
1067
296649
2580
1579
1182
1510
1289
1325
1978
1261
1514
1293
997
1469
1095
1265
1555
2251
17879
1950
1981
307412
2712
2416
4775
10070
4752
5507
14891
1577
1506
1013
974
1459
1217
1410
1192
1123
2769
979
13768
551312
4749
2565
4917
4826
1347
1753
1334
1288
1489
964
1287
1334
1157
1202
1505
1711
1014
827
894
73562
2717
1948
299402
4815
1402
1410
1388
1185
1393
1419
8144
2914
2328
2319
1375
1409
1432
1792
1099
75398
1966
1579
1261
1567
1226
1269
1500
1282
1442
956
14948
2804
2057
2056
2561
2159
1871
1492
1821
329841
2650
1412
1262
1302
1379
1674
1396
1501
1443
1250
1487
1259
1315
1422
1258
984
5309
2121
6223
311587
2378
1777
1868
1320
1174
1423
1459
1312
1482
1280
972
1854
1289
1435
889
1224
4219
4519
1465
315911
4654
5555
3525
9023
1894
2859
3875
1425
1104
1621
1386
1613
1124
1326
1381
1321
1262
840
927
310793
4715
4811
1451
1566
1283
1400
1484
1059
1397
1146
1296
1452
1084
2966
1341
6518
1721
1431
2386
305114
1356
4530
21224
1941
1524
2166
1374
1935
1327
1297
1543
2684
1560
2077
2374
1513
2037
2982
4339
307611
1566
1966
2364
3466
1361
4149
10325
5323
2511
1167
2441
1737
1247
1314
1376
1380
1571
1120
949
531378
4579
20248
4664
5025
1352
1388
1374
1296
1292
2289
1493
5534
1974
2023
2394
1095
1234
881
911
79562
1375
1378
255776
1347
1120
1181
1288
1007
6407
4615
1263
1457
1087
1015
1442
1000
4332
919
901
86352
2584
4306
4663
1379
1321
4657
4531
895
4193
4536
5839
20129
16169
1398
20791
17319
10597
12742
8313
321365
14031
1525
1246
2633
1403
1683
1823
1246
1344
1742
1421
1277
1199
1341
2831
4623
2301
1209
2382
317114
2606
1520
1277
1536
1388
1442
1367
3567
3003
3344
1983
1351
1225
1531
2983
1492
4047
3176
2887
316658
4641
6930
1742
3875
4905
5275
2774
1716
1371
4484
1373
1532
1101
1295
1363
1042
1179
836
891
304995
2122
1620
1466
1403
1243
1361
1800
1361
1288
1398
1530
1527
1247
1580
1258
1424
1366
4057
12026
334920
4976
4843
1404
1477
2160
2137
1394
1105
1427
1179
1322
1413
1142
4753
1300
1270
1629
1128
1041
310204
5373
2289
2009
2587
1946
2193
4714
5625
18637
1644
1665
994
859
1235
870
936
1205
823
1004
528243
1646
1994
1358
1303
1330
1467
1525
1267
1438
1219
1202
1437
1233
1485
1193
2567
1694
2501
4510
92357
1319
1515
240129
1360
1048
1190
912
952
6913
2317
1504
4962
1179
969
1375
995
1580
919
924
81203
1990
1518
1532
1597
1324
1444
1502
1304
1430
1266
986
5378
8444
30668
22437
22981
23700
1346
24843
310264
2465
2154
1417
1057
1289
2312
4308
2921
1275
1292
5200
10073
4188
1407
883
1245
2607
1252
2240
306239
4492
1919
3138
1731
1043
1547
1633
1274
1323
2185
2966
2544
2376
3200
2038
3576
3332
1728
1646
304964
2661
2673
3137
3272
1875
3423
1379
1338
1569
1200
1355
1789
938
923
1141
1257
1041
13882
1342
300097
2045
1470
1207
1470
1441
1491
1405
1293
1520
886
1274
2580
2424
1519
1320
30139
1999
1060
934
302035
1472
5162
1336
15814
1534
1631
1317
1130
962
1405
1281
1751
1243
954
1411
5270
1592
1349
2364
291998
3296
3409
2789
2043
2297
2105
2362
1451
1310
874
1326
1176
1164
1472
884
925
1610
2311
17725
517657
1446
4822
1188
2448
1225
1295
1808
1271
1525
1373
2154
4606
1214
1314
1433
1253
1556
1301
1388
90200
1368
1497
244426
2751
4650
1619
1456
1893
1642
4415
4967
1788
1139
953
1286
1365
1891
1401
1579
82361
1906
18827
6326
1794
1455
1419
1331
4214
4280
1150
4233
1930
1174
5454
3932
13858
1802
14767
6445
339144
1612
1455
1244
1230
2641
2170
3007
2919
1423
2039
4001
9433
1537
1271
1507
3329
2902
1293
3936
308510
2624
1636
1246
1324
1173
1284
1553
1306
1511
1291
1431
1386
1150
2472
1014
15515
5702
2108
1604
284654
3054
2388
2262
2362
1472
1876
2440
1323
1311
1390
1661
1947
935
1293
2217
1532
1380
1168
6846
299604
1566
2135
1328
1485
1461
1693
1682
1139
978
1173
1906
4181
931
1686
4087
6791
1873
1165
2030
304926
2810
1500
1256
1452
1220
1584
1801
1335
1009
1322
1327
1622
910
14349
1419
2190
3999
2056
2227
306515
1704
2197
2269
3924
2205
2116
2671
1345
1346
1119
1454
1313
1102
980
1450
4761
1033
895
1260
541473
2022
1699
1564
1503
1586
1661
1372
1319
1347
1271
1775
1276
1037
4502
1003
976
1273
14190
1999
57154
2057
2512
266361
2810
1327
1507
1311
1796
1472
1264
1324
1207
1373
3778
1884
1975
2006
1350
1431
80715
2068
1328
1224
1744
1636
1796
2597
2153
1162
1218
984
1213
857
925
14513
16638
3985
11076
1720
286098
1489
3407
2808
2439
1778
1578
1355
1166
1472
1144
2710
2560
906
3012
2045
3728
5123
2892
3826
289160
2787
2773
1285
3331
1017
2955
4068
2062
3563
2046
3410
3928
954
3935
3121
2359
2574
2014
1617
298557
2754
5146
2600
2204
2174
2427
2713
2650
2160
1409
2030
1983
1489
1559
2444
1953
2286
1391
1421
278341
2373
2196
1908
2554
1507
1915
2186
1826
1946
1812
1888
2212
2486
1805
1754
2456
2823
2042
2785
300912
1594
1868
1539
1576
2631
2199
2392
2162
2524
1888
2013
2644
1077
979
1163
935
1196
829
862
288522
2943
2517
2157
2871
2045
2354
2737
4016
2354
1816
1932
2113
1739
1637
1600
1954
2048
1574
1418
523541
2365
2116
1813
2751
3224
2477
1961
3058
3310
1598
1332
1641
912
946
1267
1103
1794
1339
1437
83116
2660
2383
222499
2364
1690
2008
2074
1586
1898
1686
2836
1952
3007
2226
1405
1760
2645
1436
1500
67239
2276
2434
1844
6206
2167
1970
2220
1952
1925
1776
2031
1910
1361
1965
1625
1608
2041
1341
4204
340166
2255
1686
8516
2221
2004
10565
2317
2229
2583
2246
3208
2430
1973
1506
1879
1700
2611
1374
1407
279194
2434
2228
2030
2084
1990
2056
2722
3228
3070
2454
2677
2167
1623
1900
1652
1758
1961
1667
1519
303740
2678
1885
2019
2974
1863
2625
2440
2241
2110
2043
2016
2063
1455
2017
1325
1555
8843
1847
2528
291972
2707
4532
2538
1857
1852
2400
2045
1889
2396
2283
1840
2263
1359
1787
2537
1624
2129
2716
2456
320926
2555
2414
2163
2771
1909
3400
2371
1901
2317
1907
2389
1577
907
937
1201
933
868
977
940
312950
2586
10210
2438
2128
7807
2196
2873
1791
1794
1712
2420
2108
1820
2730
1859
1452
2061
1801
1486
536140
1958
1808
17065
2376
2893
1899
3710
1358
1315
1461
1016
1234
869
1501
1774
1524
2313
1243
1309
63593
1961
2126
248310
1884
1510
15547
3692
1972
1639
1862
1637
2464
1373
1416
2015
1850
1867
1320
1609
62768
1995
2464
1937
5515
2804
2023
2496
2317
1964
2687
1817
2301
1405
1407
1851
1874
2222
1432
1521
325449
3376
2524
2447
2718
1862
2483
3519
1972
2425
2496
2241
2278
1713
1421
1917
1948
2278
1345
1479
303055
2432
1963
2119
2407
2097
2029
2990
2327
2336
1821
1990
2391
1690
1779
1310
4163
2828
1823
2964
329537
2483
2326
1894
3044
2089
3743
2378
2026
2443
1949
1789
2084
1545
1746
1666
2110
2054
1341
1516
314227
3250
2601
2053
3514
2191
2118
2939
1855
2244
2060
1936
2066
1631
1660
1963
1480
1954
1763
16833
290432
1908
1915
16629
2082
1923
1872
1722
1882
1986
1412
1310
1664
1215
1338
1406
1005
1300
893
921
322135
2370
1803
8098
2443
10249
2233
2342
1632
2054
1938
1951
2232
2050
2662
2602
1890
1935
1489
1862
540548
2166
1806
16679
2448
2464
2266
2462
1758
1070
1250
960
1176
917
930
1780
1472
1913
1868
1530
66903
1889
2334
243889
1898
1308
9713
2120
1756
2577
2844
2714
2350
1591
1984
1892
1506
2096
1635
1587
60294
2614
2139
1840
2306
2528
2441
2322
2340
1865
1718
1962
2218
1498
2025
1336
1543
3195
1583
1997
325474
2345
10156
1962
1659
9025
2101
1878
2834
2011
1716
2242
2688
2293
1713
1976
1995
1990
1361
1540
297120
2704
2020
1963
2983
1893
2526
2742
1998
2244
1956
1861
1890
1352
1885
1525
1935
1571
1309
2236
336539
2429
1779
8122
2285
1917
8784
2334
1409
8441
2361
1613
2488
8263
2220
2539
1724
1849
1385
1780
279318
2915
2019
2030
3424
2703
2625
2871
2128
2773
1971
1660
2355
1430
2380
1859
2281
2131
1331
2039
311598
2613
3717
2503
3200
2037
2646
2269
1888
3354
1510
1588
1689
1176
1045
1478
1287
1302
851
913
319089
2640
10854
2385
2259
7541
2908
1886
1803
2266
1424
1911
2259
1906
1936
2550
1915
1939
1455
1869
529413
1912
1870
16777
2408
2738
2843
2943
1155
980
1192
952
1183
850
941
1806
1799
2278
2256
1536
60708
1942
2040
247597
2207
2873
3142
2792
1822
1994
2207
2063
3038
1810
2093
1524
1956
1971
1368
1640
85321
2315
2092
1970
3107
1751
2734
11027
3465
3249
2497
2062
1977
1607
1745
1547
1697
2287
1425
1423
298120
2862
2196
2457
2739
2061
2395
2600
1742
2354
2579
2193
2011
1537
3491
1530
2138
2238
1321
1960
299533
2705
2004
3365
1954
1650
1763
2834
2246
3073
2962
1803
1973
1647
1641
1630
1572
1834
1342
1827
335157
2927
2178
2522
3529
2146
2212
2894
2112
3251
1792
1951
1936
1296
1733
1630
1554
1825
1311
1662
291275
2746
2155
2545
2725
2253
2170
2902
2073
2343
2272
1814
1949
1580
2455
1366
1562
7586
2338
1563
276539
1958
2533
2231
2423
1843
3671
2836
1773
1952
2046
2657
1643
960
13558
1454
1509
1007
1502
2026
313157
2660
3494
2658
2107
2350
3753
2279
2219
2436
1569
1869
2184
1359
2152
1980
1980
2348
1393
1394
533784
3047
2373
2303
1739
1679
2053
2383
1707
2088
2159
3457
1657
1276
1397
899
915
1434
1261
1498
81172
2382
2457
241558
2318
1768
2082
2763
2003
1942
1679
1953
2143
3789
2084
2022
1661
2613
1436
1440
76141
2603
8868
1869
1879
8487
2059
2152
3000
1757
1826
10072
2158
2187
2376
1407
1612
3230
1045
926
298854
2882
2126
2559
2737
2132
2508
4386
2180
2236
1964
1615
1859
1300
1523
1653
3218
4520
1635
1976
299684
3164
2370
2458
1821
1688
2127
2355
3171
2758
2379
1752
2260
1657
1872
1363
1895
1559
1269
2087
308335
2664
2116
3410
2866
2028
3699
3417
2028
2352
1758
1615
2333
1341
2156
1475
1951
1604
1336
1964
299852
2539
3471
2671
3276
1881
2654
3144
1998
2763
1894
1987
2041
1347
1855
1705
2802
2422
1928
2060
323810
2067
2268
1714
1851
2455
7258
3156
1974
2305
1298
1733
1332
1108
1685
1173
954
1214
867
903
308390
2494
1739
8106
2768
1896
2067
9594
1749
2387
2334
1950
2297
1852
1923
2447
1885
1935
1424
1862
538145
2256
1712
16242
2356
2843
1950
2208
1767
1496
1470
1337
1216
1018
957
1117
952
1155
839
893
77563
2124
2732
290354
2163
1531
8303
2050
2816
2703
1711
10238
3067
1823
1941
1803
1607
1848
1299
1552
56727
3612
2889
3087
2103
1712
1730
1928
1741
3159
1317
1019
1294
1430
2259
2276
2484
2305
1985
2355
311680
2393
3989
2694
2047
1869
2052
2767
2136
1983
2079
1934
1943
1653
1731
2031
1975
2303
1911
4301
302800
2884
3168
3158
2624
1954
1902
2753
1924
2443
3259
1809
2346
1553
1764
1580
1899
1779
1264
1874
329026
2444
2273
1901
3082
1842
2432
2541
2102
3388
1806
1969
1969
1786
1717
1520
1917
1941
1599
1676
298948
2311
2213
4735
2272
2129
2059
1970
1846
2118
2250
1985
1930
1323
1539
1615
9317
3083
2008
2103
286777
1471
1911
1845
2071
5885
2364
2660
1665
2092
2098
2167
1899
1196
1470
867
916
1280
894
913
299999
2510
1776
7472
2429
2184
8048
2054
1854
1782
1741
2418
1985
2013
2566
1946
2097
1953
1415
1891
525619
2293
1697
16155
2341
2586
1653
2359
1865
1076
1223
967
1226
17147
2077
2525
1805
1938
1435
1952
43830
2524
2269
254721
2028
1533
9260
2704
1687
2367
1909
2006
3016
2497
1698
2393
1566
2002
1829
1670
81169
3043
2360
2665
2829
2885
1884
1730
1700
2034
1727
1958
2033
1359
1547
1707
1949
2174
1427
1718
334820
2523
1795
7863
2431
2406
3007
2996
2119
1981
1989
1953
2235
1372
1481
2109
1675
1904
1454
2031
296534
2363
1669
16881
2953
2033
1537
2521
1768
1615
1697
1591
1868
1871
2100
1690
1834
1856
1401
1846
310098
2395
1717
8746
2525
1932
2137
2880
1777
1946
1573
2216
1938
1456
1867
1306
1638
1912
1423
1962
300098
2584
1562
8521
2213
1738
9454
2215
1666
2386
1600
11983
2282
2169
2588
1915
1816
1964
1352
1587
293369
3143
2484
2214
2034
1910
1887
2138
1991
1912
1532
2852
1971
899
1181
1642
1011
1291
829
904
302930
2960
2485
2447
2699
3275
2726
2368
2065
2923
1957
1815
2080
1360
1541
1630
1587
6488
1787
2254
543353
2658
3144
2431
3179
2121
2611
1778
1879
1948
2799
1530
1572
1145
1326
1432
1328
1754
1299
1491
80125
2656
2632
223213
2244
1756
1668
2194
1702
1912
1847
2026
2521
1872
2150
2174
1504
2027
1859
1457
76281
2386
1900
3277
1895
1787
2291
7233
2236
1695
1880
1636
7399
1798
2086
1700
2281
1464
1422
2595
317888
2868
2094
3017
3074
2011
3506
2181
1846
2185
1787
1905
1580
1670
2773
1474
3349
2902
1411
1509
288561
2448
1955
1735
2656
2197
2245
2642
2144
2131
4018
1943
1846
1692
2188
1456
1543
3140
1538
1434
288566
2438
3328
3703
1914
1956
2281
2333
1900
2129
1657
2055
1974
1568
1966
1316
1550
7895
2300
2264
295477
2736
3320
2745
2228
1844
2246
2155
1743
5032
1739
1884
1998
1378
2098
1382
1431
2058
5263
2317
306365
1544
1938
1837
1789
2127
1545
2038
1750
4298
2274
1962
2879
1510
1391
902
1304
1636
965
941
302751
2747
3322
2822
3377
2251
2564
2220
2045
2522
1588
2015
1925
1734
1600
1791
1605
1868
1256
4232
546123
2250
1758
17194
2732
2198
1944
2467
1462
1040
1210
957
1194
915
908
1132
967
1200
11900
1910
69570
2152
2103
250599
2123
1540
8941
2512
1730
1971
2410
1903
2724
1497
1439
1941
1980
1901
1378
1586
69385
3116
2761
1665
1712
1909
8774
2165
1753
1963
1627
1934
1862
1724
1992
1790
2081
2100
1494
1930
337123
2312
1687
8940
2657
1741
8384
2553
1686
1823
1934
1765
9189
1897
2396
2396
1583
2116
1657
1585
273028
2382
2340
2019
1911
1997
2058
2239
2223
1926
3113
2357
2005
1730
1624
1625
2045
2082
1314
1530
303842
2913
1698
1740
9820
1753
2363
8910
1851
1654
2222
2358
2294
2100
1699
1860
1444
1968
1712
1422
268580
2613
2693
1958
3078
3479
2454
2099
2099
2247
1667
2110
1969
1426
2175
2046
2491
2652
1406
1534
289172
1999
2678
1740
3123
1674
4528
3750
2065
3443
2305
1589
1641
1164
5691
1167
1334
4146
1862
3045
301925
2767
3401
2149
2292
4308
2620
2091
2437
2717
1479
2081
1553
1302
1538
1599
3231
2102
1574
1997
530766
2451
2085
2304
1913
1778
3359
4452
2949
2720
1496
1358
1410
869
950
1370
1418
1862
1392
1820
79762
2127
2276
229974
2272
1790
1838
2715
1757
2036
1697
1923
2477
1875
2141
2101
1459
2051
1866
1463
68611
2045
13890
1659
2082
1653
1424
3302
1874
2028
8002
2131
2225
2246
2297
2326
2010
2087
1318
1391
288730
2218
2137
1948
2801
2037
1989
2530
1799
3236
2038
1890
1863
916
900
14979
2062
2632
1484
1428
295742
2493
2272
1931
2116
1669
1822
2168
2402
1556
1769
2202
1693
1751
1815
1552
1966
2012
1576
3037
298125
2565
2160
2418
2950
2035
2669
3415
2074
2336
1750
1653
1889
1517
1575
3912
2968
3230
3015
2127
308836
2359
4905
3371
2388
2289
2369
1821
1851
2492
1677
2082
1596
1288
2026
1309
5926
2022
1476
2636
290745
3159
2202
2860
2371
1761
2120
2051
1542
1435
1942
1578
4895
2535
1973
1640
1795
1944
1335
1929
324783
2362
1738
9644
2111
1432
8925
2479
1678
1956
1624
2306
1854
1705
2876
1746
1445
2040
1884
1395
510622
2527
2085
1940
18584
2009
2632
1146
877
1530
1013
1116
2562
1470
1559
2173
1671
1929
1424
1931
59453
2232
2243
224084
2035
3025
2021
1919
2089
1980
1638
2214
2176
2052
2327
1926
1459
2482
1702
1453
78639
2282
2232
1945
2697
3610
2299
2754
2152
1922
2421
2511
2121
1373
1991
1513
1912
4702
2387
1660
311812
2367
2160
1976
2281
3091
2041
3416
1927
1932
2033
1911
1928
1589
1788
1804
1961
2125
2024
2057
302393
2363
10952
1709
1692
9629
2133
2079
1759
1950
1691
3043
1976
1574
2295
1329
1391
2018
1871
1411
289866
2702
1772
5227
1844
1492
9228
2587
1935
1869
2693
1990
2004
1939
2189
1480
1906
2186
1374
1536
298120
2946
2522
2219
2872
4139
2659
2014
2030
2038
1986
1896
2072
1366
1574
1878
7630
3234
1981
2146
282239
2450
2201
1953
2061
1595
1397
2416
2511
1929
1938
2291
1984
1795
1934
1597
1853
2940
1588
2807
289108
2979
2524
2437
2802
4235
2233
2516
1586
2054
3021
3529
2507
1805
1934
1760
1656
2162
1366
1410
542313
2912
2325
3532
2279
1917
2647
3134
2335
3817
1620
2085
1721
1318
1934
1459
1854
2033
1363
1505
64715
1986
2035
266988
2152
1907
2035
1837
1564
2124
1759
2072
2749
1613
2118
2399
1499
2016
1916
1584
83007
2555
2035
6759
2028
1423
8543
2168
2628
2175
1917
3003
2134
1903
2771
1950
1468
2068
1739
1621
277543
2988
2566
2080
2918
2174
2333
3210
2369
2243
1880
1910
1961
2940
1228
1824
1900
2027
2202
1487
305009
2444
1921
1786
2366
2242
2151
2163
1854
2459
2007
1975
1931
1561
1994
1604
2043
2004
1314
1581
293513
2546
10404
2010
1530
9154
2248
2082
1646
3731
2045
2705
2194
2246
2534
2123
2119
2006
1440
1778
278148
2870
2110
2483
3201
3119
2720
2497
1876
2195
1749
1092
1303
1127
1348
1205
1033
25027
2382
2767
264976
2400
1809
15396
2473
2079
1844
3850
2049
1978
2060
2016
1912
1304
1542
1669
1850
1891
1445
1839
265747
2912
2161
2452
2636
1865
1826
2385
1954
1520
1985
6161
2003
1778
1964
1425
1755
2004
1542
1393
533256
2594
2541
2398
2308
1857
2691
3757
3131
2772
1801
1648
2107
1709
1410
1929
2117
2077
1391
1544
62757
2211
2013
246518
2295
1792
1849
1942
1837
1985
1607
1974
2674
1776
1827
2219
1437
1892
1599
2166
93779
2034
2662
1664
2069
3567
2517
1941
1825
8521
1691
2308
1823
1980
2410
1985
2222
1964
1384
2019
281696
2896
2234
2307
3362
1940
2493
2257
2040
2326
2191
1948
2016
1377
1981
2140
2201
16072
1714
2276
302297
1600
1879
1530
1525
2421
1838
2135
1814
2602
1901
2171
3717
1491
1023
1184
974
1210
806
914
276465
2583
10475
2198
1878
9262
2227
3331
1724
1925
2083
1870
2686
1886
2327
2538
1565
2098
1928
1465
276782
2250
1690
17043
2807
1698
1757
3520
1397
1013
1228
985
1191
896
908
1752
1922
2418
1389
1368
290113
2646
1889
1444
2111
7934
2314
2479
1913
1948
1628
1904
1979
1531
1974
1349
1761
1918
1371
2017
293112
2529
9659
2148
2173
8082
2411
2025
1886
2816
1726
2359
1729
1624
1974
1436
1965
2207
1342
1493
544139
2745
3467
2441
2186
2255
2312
2578
1751
3589
1620
1582
1875
1346
1679
1779
1556
2312
1417
1421
64103
1934
2108
219435
2326
1723
1912
2145
1614
1916
1716
1967
2082
3083
2257
2209
1504
2006
1905
1469
90727
2285
2108
1536
3315
1910
2139
10124
1743
2002
2907
1993
2039
1327
1555
1624
2053
2006
1432
1973
292487
2665
2073
3432
2853
2169
2165
2854
1925
2607
2252
3465
2089
1654
2431
1808
2127
2814
1451
1511
310185
1661
2359
1734
2915
3157
3335
2159
3002
1737
2496
1200
1267
1262
1203
1255
1312
1632
911
982
278703
2930
2446
2544
2658
1994
2437
2095
1837
3629
2151
5529
2367
1659
3335
2249
1975
3745
3036
2325
301258
2394
2065
2135
3169
2108
2128
2194
2985
2053
2122
1927
1973
1486
2058
2066
3754
3767
1770
2289
322562
3375
1982
2299
2153
1882
2273
3842
2229
3800
2231
1898
1935
1660
1933
1678
2091
1581
1277
1904
294971
2989
2556
3808
3416
1795
2891
1547
1333
2447
1817
1916
2028
1796
1937
1577
1919
2022
1625
1444
525400
2603
2059
3384
1771
4811
2479
2313
2955
3077
1360
1461
1704
1210
1393
1841
1440
1985
1758
1575
82069
2113
2084
225798
2228
1896
1866
1974
1775
1999
1738
1959
3558
1513
1670
2384
1521
1972
1838
2636
86362
3029
1819
6791
2176
1793
1873
2075
1620
1957
1821
2023
2794
2103
1924
1999
1593
2280
1327
1385
293114
2571
11324
1722
1743
1477
7631
2509
1753
1915
4875
2735
2150
3017
2404
1429
1731
2711
1437
1575
281258
2256
1640
7937
2626
2469
2449
2624
1893
2084
1545
2174
2061
3160
1616
1388
1320
1550
953
1014
327883
2762
2384
2188
3540
2359
1869
2917
1493
1629
1898
2134
2083
1772
2030
1698
1832
2040
1342
1603
304261
2127
1722
8897
2871
1692
1716
9199
2169
2939
2441
3984
2493
2925
3389
2088
1535
2014
1682
1787
307519
2746
1967
2452
2414
1978
2338
2778
2303
2164
2092
1719
2870
1824
1820
1534
1698
1949
1332
1559
285890
2525
10426
2020
1951
8611
2317
2469
1757
2120
1663
1910
2431
1879
2800
2253
1550
2134
1924
1486
535387
2599
2120
1746
19599
2028
2639
1159
884
2560
1558
1985
2297
1569
1914
1838
1497
1980
1896
1490
55168
1942
2067
236896
2037
2755
2055
2014
1560
1976
1847
2837
3038
2091
2803
1444
1478
2364
1426
1426
92090
2702
2018
1759
11463
2381
2133
1715
1846
2101
1779
2301
1868
1609
2240
1762
1462
2003
1735
1641
284492
2263
11234
1843
1617
1607
7239
2120
1958
2443
1584
12600
3006
1997
3205
2253
1671
1834
1310
1591
281618
2826
2126
2434
2423
2230
2106
3117
1899
2486
1897
1964
1885
1532
1620
1570
2034
1929
1345
1979
306966
2544
11509
1723
1914
1817
2477
2015
1375
1555
7566
1797
2363
2382
1972
2098
2652
2327
1948
1462
283096
2845
2171
2937
2317
1708
1870
2995
2041
2194
1900
2052
1935
1566
1871
1672
1925
2202
2063
1989
304878
1815
2299
4096
2224
1919
2208
2580
2056
1982
1870
2562
1601
1160
1247
1244
925
1247
853
941
298196
2712
2548
2081
2934
2135
2176
2699
2114
2497
1807
2072
2451
1928
1765
1775
1715
1555
1350
1722
525280
2595
2115
1826
19547
2010
2704
1123
877
2568
1060
1229
1810
1348
1575
2250
1524
1870
1491
1832
61049
2245
2159
248365
2412
1821
2056
1963
1690
1934
1666
1900
2700
1467
1430
2470
1792
1895
1446
1839
83145
2628
10142
1725
2037
1698
1997
2063
1960
2439
1820
3040
3134
1710
1446
1943
1997
1966
1327
2423
304125
2219
1473
9370
2324
1578
8574
2469
1850
1735
5589
2060
3547
1925
1944
2298
1877
1894
1452
1969
269441
2833
1946
2066
3097
1882
2721
2596
1926
2361
1572
1940
1686
2349
1751
1712
1802
1872
1319
1533
309025
2580
1749
8234
2661
2107
2787
2477
1573
12079
1865
2391
1896
1661
2663
1462
1481
1854
1185
1421
261007
2733
2101
3088
2252
1706
2108
2568
1814
2509
1831
2063
2588
1710
1791
1648
1917
2046
1347
1465
310258
1646
2264
17109
2834
2099
2023
2496
1861
1061
1262
955
1204
845
961
1161
957
1168
833
873
284080
2715
2237
2458
4898
2457
2232
1946
2071
2110
1844
1952
2839
2052
1780
1560
1685
2025
1382
1426
503274
2278
2074
1779
2448
3461
2344
3419
1928
2892
3149
1432
1361
883
919
1153
1008
1609
1232
1365
73739
2068
2168
234232
2717
1830
2228
1993
1594
1728
2295
1963
1890
1389
1983
2076
1537
2117
1903
1496
74519
2175
1625
8037
2293
1529
2123
8144
2410
1728
1626
2289
1787
1437
2197
1868
2177
2026
1470
1920
273992
2259
2468
1981
2783
3141
1756
2811
1609
1918
1843
2203
1834
1276
1338
1207
1410
1318
4851
2804
288433
2413
16863
2159
2630
1705
2165
2816
1873
1914
2938
1723
1864
1315
1539
1592
1553
1887
1598
1410
277944
2363
2357
2060
2541
1781
2045
2744
2184
1920
2030
3669
2129
1719
1731
1617
2096
2075
1671
1647
297131
2390
10125
2191
2780
1427
1736
10249
2150
2143
2015
2729
2498
2192
2255
2016
1598
2644
1405
1402
268246
1404
2490
1904
2004
12758
2062
9676
1063
1679
924
1310
1498
1123
1295
1344
1305
1874
1895
1475
269085
2677
1744
1587
9897
2022
2157
2305
1658
3623
1959
1995
2218
1533
1896
2199
1497
2003
1778
1600
486345
2834
3058
2484
2942
1815
2727
3168
2136
3201
1843
1771
1933
1386
1466
1776
1565
2347
1374
1402
70408
2831
2767
228750
4440
1801
1990
1879
1654
2632
2835
1980
2384
1804
2142
1782
1619
1929
1515
1963
70231
2428
1974
4625
2000
2357
2050
1702
7736
1994
1621
1876
1864
1578
2311
1966
1862
2290
1320
1492
269533
2859
2137
2291
3397
2114
2066
2225
1711
3011
2397
1980
2009
1295
1928
2084
1949
2053
2318
2093
320878
1731
1809
7854
2251
12838
1397
1421
1108
3459
1314
1283
1611
1104
1306
1459
1355
1596
1125
1569
267735
2390
2079
8154
2369
10342
3195
2055
1654
2234
1549
1907
2400
1668
1899
3197
1693
2006
1773
1560
258099
2558
1853
3165
2092
10188
1764
10473
1573
4422
2259
1942
2563
2169
1809
1967
2068
2516
1338
1534
268573
2709
2119
4533
2809
1960
2340
2761
1692
1900
1884
1925
1837
1405
1983
1568
1906
1660
1586
1925
295417
2665
2166
1969
11125
2107
2362
1922
3393
2034
1700
2279
1884
1653
2725
1473
1507
2298
1416
1400
507702
2584
2032
1893
13245
1731
2299
1780
1677
2404
1876
2499
2429
1537
1905
2219
1477
2097
1884
1449
54646
1923
2063
236572
2397
1696
1838
1961
1808
1950
1621
1931
2265
1377
1624
2076
1508
1965
1798
1534
77942
2322
2443
2314
2318
2151
3499
2987
2264
1687
1892
1863
2293
1453
1930
1309
1904
2076
1308
13094
298610
2701
2296
2206
3344
1739
2322
3077
4219
2210
1894
2015
1817
1477
1999
1734
1975
2659
1436
1526
328766
2294
3000
2411
2746
2175
2536
2332
1380
1916
1366
1581
2173
992
923
1145
953
1205
927
932
291449
3014
3143
2520
2297
1852
2798
2184
2102
2324
1756
1985
2083
1527
1571
1590
2707
2152
1673
1427
297182
2431
2286
7642
2798
2225
2115
2895
1788
2072
2472
2316
2454
1391
1516
2320
1537
1871
1456
1990
289596
4471
2965
2265
2635
2261
2505
1937
1521
2150
2723
2174
2170
1828
1942
1368
1935
1559
1269
1856
289590
2586
9517
2550
2296
2036
2406
2327
1947
1980
1865
1999
2007
1369
2086
1591
1440
1954
1925
1908
500365
2799
2266
3127
1846
1834
2957
2379
3014
2801
2279
1195
1365
862
945
1142
1046
1331
1239
1387
72692
2706
2340
240233
2089
10464
2062
1961
2536
2026
2432
1946
2565
1617
1432
1919
1991
1959
1385
1546
67689
2518
2235
11573
2325
1738
1995
1860
1753
1994
1614
2068
1594
1284
2193
1418
1437
2414
1536
1974
278222
2407
8330
1693
1706
7335
2223
2277
2440
2047
1865
2076
1686
2185
2114
1364
1884
2498
1393
1518
302344
2259
3855
2765
1980
1987
2312
2660
2129
2089
2209
1778
1981
1581
3820
1729
1943
1854
1357
1894
313828
2865
1973
1893
2895
2009
2214
2794
3671
2154
1709
1980
2148
1665
1998
1675
1712
1515
1359
1685
315733
2861
2111
3087
2786
1815
3105
2567
2098
2601
1709
1925
1975
2363
1735
1827
2249
2840
1430
1524
317236
2905
2786
2139
2689
3112
3514
2368
2250
2203
1629
1531
954
807
1273
838
960
1215
868
892
297961
3024
3228
2664
2026
2159
2677
1808
1751
3464
2604
1938
2066
1392
1552
1624
1577
1816
1307
1759
519478
2853
1516
1652
15321
3156
3136
2345
1537
1846
1403
990
1237
837
928
1177
1126
1779
1325
1453
68808
2178
9101
232074
2082
8670
2126
1958
1592
2125
1708
2400
3397
2031
1824
1887
1546
2280
1350
1425
80335
3852
2424
2040
2361
1757
1838
1649
1707
2104
1678
1938
2072
1330
1542
1267
1820
2389
1429
1460
305995
2344
2329
2029
3617
2122
1798
2706
2060
1975
2501
2347
2129
1305
1540
2082
1909
2215
2069
2023
311940
2691
1889
1834
2000
2014
1944
2357
2272
3315
2479
1952
1622
1698
2012
1329
1552
1876
1291
1538
306603
2790
2141
2683
2460
2057
1948
3325
2483
2428
1689
1617
1658
1321
1929
1792
1766
1892
1373
2043
298676
2696
3542
2304
2145
1487
5749
2427
3604
2217
1382
1919
2141
1969
2136
1786
2460
2093
1534
1885
304408
1469
1952
1927
3634
1932
2010
2709
2260
2823
1996
2221
2268
1362
998
1151
1612
1060
849
1380
290985
2547
1890
6712
2197
3404
2261
4091
2077
1772
1562
1762
2032
1349
1561
1620
1625
2298
1366
1383
515369
2302
17356
4421
1872
1393
2355
1497
1389
2423
1042
946
1244
835
991
1178
959
1202
829
925
62157
2531
2440
304276
2191
1523
6168
2223
2434
2063
2662
2030
2759
1539
1587
2369
1526
1855
1894
1914
76923
2136
1747
8029
2494
1655
1535
5564
1709
2115
1625
5508
2337
1683
2504
2003
1895
1885
1338
2011
286512
2311
2220
1965
3660
2237
1932
2405
2061
1736
2224
2450
2185
1369
2119
2281
2151
2766
1705
1438
299303
2628
3414
2500
2085
2132
1894
2519
1598
1415
1962
3051
3380
1707
1752
2179
1674
1921
1291
1518
293968
2100
1795
8457
3521
1853
2094
2764
2025
1950
1727
1853
1981
1332
1583
1889
1486
1982
1845
1298
299734
2914
2572
2143
2879
1999
3595
2397
1969
2574
1797
1738
1931
1360
2148
1761
3152
2783
1481
2137
302874
1438
2400
1457
1775
3077
2185
2697
2124
1965
1911
2690
1936
991
1298
848
934
1229
919
924
299138
2801
2361
2661
4127
2411
2757
2598
2135
2279
1922
2101
2495
1581
1858
1350
1969
1629
1615
1920
532112
2357
17235
4425
1862
1337
2298
1520
1382
2416
1080
941
1223
857
958
1174
949
1205
831
931
61961
7188
2176
288455
2151
1509
6465
2807
1692
1986
2094
1911
2666
1882
1685
2225
1510
1897
1896
2052
74116
1961
2448
2179
3907
2670
2150
1909
2432
2064
1598
1752
2003
1335
1548
1708
1547
2293
1382
5761
293891
2876
2110
2362
2729
2114
2318
2124
1805
1936
2027
1960
2245
1345
1905
1533
2030
1667
1973
2700
289032
2451
2277
2178
2166
1883
2141
2491
1595
1428
1943
5936
2081
3008
2024
1716
1644
1983
1620
1411
289015
2460
2049
2403
3667
2824
2770
2296
1906
2547
1830
2119
2140
1598
1899
1299
1922
2020
1607
1439
293385
2732
2512
1973
4105
2260
2300
1895
2072
2200
1661
2099
1945
2660
2393
2050
2220
2669
1401
1511
280085
2445
1925
2132
2153
3097
2098
2643
2884
1963
2449
2073
1980
1384
2167
1685
1837
2020
1319
1531
294273
2487
2064
2416
2656
1615
2041
2643
2313
2436
2100
1968
2047
1692
1996
1558
2029
1624
1300
1624
491207
2434
2022
1935
3639
2217
2225
2425
1902
2080
2116
2078
1841
965
948
1184
977
1780
1274
1364
77937
2782
2314
223767
2236
2772
2628
2740
1799
2745
1715
2805
2582
1460
1513
2222
1792
1883
1457
1870
76415
3086
3058
2529
2715
1709
2287
1932
1637
1952
1531
1567
2276
1557
1558
1707
1982
2347
1404
1491
273091
2724
2537
2208
2552
2040
3412
2478
1917
2221
1707
2049
2046
1513
2407
1852
3234
7402
2127
2138
288754
2403
3465
2500
1830
1905
2547
2527
2100
2214
1892
2078
1895
1637
1907
1650
1839
2072
1316
1538
287376
2340
2196
2023
3685
2158
1810
2496
1789
1863
2059
2052
1858
1903
1706
1616
1871
2030
1325
1594
294512
2342
2227
1985
2419
3531
2195
2640
2058
2070
2415
1816
1752
916
924
1129
3646
5450
1716
2161
288760
2375
3711
2509
1861
1857
2353
3578
2005
2215
1871
1887
1946
2360
1751
5155
1765
1935
1350
1708
289264
2752
2369
2422
2730
1822
2500
3096
1885
2522
1846
1966
1686
1479
1890
1354
1913
1529
1306
2111
511823
2634
2101
2555
2760
1791
2600
2325
1752
2015
2313
1882
2133
1329
1538
1843
1412
1873
1888
1957
70197
2177
2228
233238
2299
1703
2012
2798
5752
2040
2232
5346
3744
2030
2535
1351
1461
2302
1406
1387
86441
3039
3329
2074
2497
3213
1916
2427
1901
3143
1424
1891
5668
1376
1554
1639
1977
5214
1353
1423
278862
2325
1932
3398
2374
2091
2072
2190
1815
2282
1655
2021
1779
1281
1946
1610
9003
2481
1665
2104
291841
4147
2656
2159
2209
2053
2285
2093
1592
2637
2079
1740
1161
1101
1672
896
940
1304
846
4282
290250
2812
2460
2131
2269
1961
3305
2745
2133
2219
1914
1972
1750
1565
1942
1537
1802
2008
1314
1525
289708
2287
5926
4871
2728
3307
1838
2468
2037
1919
1909
2255
2279
1654
1612
1647
1998
1380
2969
2855
286100
2380
4337
2621
1955
1793
2204
2868
1790
3223
2430
1873
1591
1603
5269
1649
1602
1963
4581
1377
272653
2372
2168
2038
3435
2116
2075
2762
3205
2162
2304
2448
1936
1799
1619
1596
1581
1565
1335
1929
502872
2387
2035
2364
2380
1794
2098
2209
1881
1644
1801
2305
1468
1229
1340
870
969
1578
1270
1363
76604
2305
2807
219772
2042
1795
1826
1689
1703
5482
3282
1993
5346
1900
1828
2435
1694
2068
1902
1434
75622
4000
2605
3307
3417
2182
2268
2680
2697
1788
1667
1623
1826
5790
1977
4648
4725
5517
1844
2370
279144
2371
2240
3141
2759
2184
1822
2658
1482
1434
1650
4055
2300
2316
2184
2114
2524
2450
1382
1567
284057
2445
2208
2387
1826
1933
2124
2648
1818
1897
2047
2267
2126
1571
1704
1538
5343
1951
1343
1957
298839
2757
2417
3704
2296
2016
2061
2601
4220
2182
1734
2030
2091
2196
1902
1494
2210
1492
1301
2518
284690
2530
3337
2398
1884
3038
2670
2468
3599
2520
1815
1790
1918
1529
1831
1800
1943
2335
1838
1934
299933
4183
3164
2354
2124
2062
2312
2040
2013
3182
1404
1506
1636
907
910
1326
935
1190
801
870
286842
2756
2376
2126
2906
2132
2016
3149
3687
2089
1909
1845
1503
2128
1893
1565
1650
1931
1262
1750
502788
2373
1962
2209
2005
3212
2355
3191
2074
2052
1990
1521
1624
898
918
1203
1321
1747
1299
1592
74814
2409
2156
215589
2023
1747
1915
2014
5027
1744
1599
1884
1983
1603
2149
2155
2471
1440
1350
2373
83707
2612
2904
2183
2579
2156
1941
1859
1309
1851
4863
1556
2306
1762
5468
1421
2226
1807
1374
1908
284799
2332
2297
1814
4441
2153
2376
2267
3202
2504
1684
1900
1910
1271
2016
1830
2014
2303
1479
1910
290742
2404
2140
3303
2186
2253
2110
2518
1916
2505
2052
1760
1616
1257
1880
1553
5396
5121
1291
1539
291513
2343
2255
2174
2432
1705
2060
2127
2210
3094
2265
2103
1775
1531
2579
1741
1614
1903
1580
1992
292846
2686
2442
2093
2808
1986
2507
2408
2127
2387
1993
1990
1912
1536
1661
1985
1850
1971
2114
2044
289961
2327
2180
1725
2458
3727
2433
2423
1800
2245
2250
1779
1872
2062
1935
5028
4687
1982
1344
1821
290591
2924
2241
3031
2985
2087
2020
3009
4227
2258
1516
1859
1990
1483
1902
1454
1951
1570
1394
1866
507597
2340
4063
2495
3106
1940
2246
3124
1988
3787
1193
1376
897
792
1350
1342
1370
1926
1700
1318
70463
2108
2397
218881
2017
1809
1708
2323
1421
1613
5016
2695
2579
5501
1816
2240
1969
1883
1389
1908
65109
3835
2284
2153
2395
2413
2085
2319
2172
1893
1642
2038
1733
1603
5710
1371
1558
1513
4449
2216
275679
2693
2500
2275
2621
1812
3164
8546
1472
1524
2337
1480
1631
1159
1186
1149
2212
16280
1929
2793
259935
2901
2461
2477
1667
3066
2688
3028
1817
2182
2698
2125
1891
1606
5268
1600
2011
1646
4489
1903
263200
2672
2191
2900
2063
2043
2511
2326
2049
1604
1818
2193
2025
1936
1739
2789
1674
2043
1648
1408
280135
2251
2205
3189
1832
1804
2150
2070
1510
1939
2017
2950
1789
982
1240
1147
1382
13137
1889
2635
284493
2636
1953
2252
2257
1896
1906
3072
2144
1827
1892
2512
3731
1830
2571
4862
1852
5143
1344
1835
288993
2847
2603
2242
2448
2364
3053
2740
2049
2487
1954
1721
2266
1714
1824
1564
2008
1966
1889
1655
513422
2621
2405
2058
2823
1855
2604
2757
2193
2286
1909
1986
1981
1388
1839
1848
1535
2281
1402
1379
70113
2304
2046
222643
2068
1771
1842
1920
5232
1635
1659
1914
1831
4695
2959
1878
2466
1486
1376
2318
72784
3350
2102
2284
2095
2239
2188
1937
1443
2356
1497
1929
2557
2545
1961
1651
1927
5767
1375
11585
284128
2351
2198
1838
3440
1640
2016
2830
4002
2569
1596
1849
1933
1321
1966
1994
2800
2375
1847
2502
298867
2403
3345
1999
2030
1837
2136
2347
2213
2954
2006
2751
1785
915
936
1179
946
1232
827
890
285329
2806
3233
2606
2391
1768
2351
2958
1879
2550
1874
1782
1599
1311
1966
1299
1525
1832
6376
1920
284437
2537
2441
5132
2599
2066
2523
3181
1816
5164
2488
2043
2110
1889
2423
1452
1982
4626
944
16470
335066
1412
2583
2275
2201
2386
2165
1928
2329
2046
1898
1815
2831
1165
991
1430
977
1180
854
845
295268
1953
2927
2314
2840
2264
2299
2099
2448
2435
1850
2208
2297
4614
1736
4703
2375
1601
1268
1826
475226
2383
2141
1918
2489
2110
2107
2654
2038
2102
2258
2350
2396
1711
1863
1955
2328
2364
2067
1885
57385
2010
1959
220921
2201
1380
1817
2015
1846
6139
1921
2107
5438
2097
2118
2616
1960
2563
1689
1480
66582
2621
2208
2382
2200
1750
1942
2014
1693
1975
1434
2014
1992
1682
2842
5255
1993
1990
5038
2116
266634
2424
2110
2281
2626
1986
2015
3082
1924
1912
2166
2138
2297
1637
1887
2376
1610
6255
2132
2271
372904
2389
2132
1958
2439
2241
2338
2838
2340
2876
6158
4994
2039
1853
2039
1457
1777
3630
1432
1563
446739
2344
2217
2006
2439
2252
1918
2863
2107
2141
2116
2643
1988
1330
7650
1752
2009
10301
1326
8152
514388
1972
2385
2030
2404
2030
2144
2164
2179
1404
1795
1943
1914
2086
1586
882
909
1276
853
899
419581
1907
1878
1798
2999
1343
1382
1879
1991
2477
1233
1048
3400
2049
1870
1353
961
1180
836
885
423763
3601
2375
2570
2230
1463
2324
2367
2219
2186
2075
2421
1900
1780
1896
1688
2314
1710
1327
1857
644723
1696
2337
1912
3991
2083
2092
2260
2126
1942
2470
2284
1835
961
950
1142
916
1171
833
862
162688
2875
2604
231968
2554
1786
2086
2034
1681
2151
1442
1922
2092
1665
2759
2183
2507
1648
1533
1962
176134
2823
2461
2220
2080
966
4007
2372
2137
2228
1369
2023
2416
1889
1979
1631
2334
1835
1573
1966
372119
3946
2259
2683
1428
1797
2022
2112
2262
1862
2088
2372
2508
1821
1914
1798
2647
2072
1406
1530
381978
1835
1557
1965
2111
2228
1533
1832
1989
2552
2112
2104
2342
1951
2344
1359
1528
1837
1282
1498
382414
1733
3395
2682
2774
1357
1938
2448
2288
1652
1235
2165
2709
2220
1212
1276
958
1168
801
874
384818
1726
2288
2209
2549
2638
2085
1969
1889
2304
1178
2858
2245
2377
1865
941
930
1233
847
915
366971
2692
2154
2466
1428
2018
2011
2383
1346
1992
2008
2437
2253
1513
1843
1659
2331
2425
1384
1971
377966
1710
2301
2274
2102
2044
1396
2293
2150
2949
1508
1457
1920
1343
3023
1191
1534
4029
971
1307
601944
2012
2288
1956
2752
1288
1234
1885
1845
2415
1350
2616
1923
1994
1797
919
924
1178
839
867
131139
2192
1990
262538
2110
2000
1892
1983
1857
1984
1898
1916
1952
1676
1886
1584
3063
2052
1636
1948
129864
2597
2332
1782
1930
1754
1982
1939
1313
2043
1446
1886
2501
1745
2246
1597
2062
2186
1346
13058
365205
1730
1640
2050
2110
1543
1884
1963
1886
2417
1865
2033
2136
1994
1870
910
940
1222
837
889
359866
2017
2283
2129
3360
1716
1896
2273
2044
1629
1141
1908
2106
2419
2154
1441
2196
1871
1315
1957
347102
4502
2185
2160
1150
1569
1994
2435
1514
1711
1883
2045
2492
2061
1989
1606
2222
1674
1266
1889
350783
2210
2288
1480
2639
2080
2209
2139
2183
1248
1420
2499
2020
2193
2168
1734
2252
2547
1431
1875
351203
1804
1514
1442
1936
1975
1990
2087
1870
2243
2075
1565
942
1733
1903
2115
2211
1039
871
1228
337378
2221
2266
2125
2392
1356
1919
2023
2435
1287
1536
4467
3353
1905
1992
1629
2180
1679
1336
1846
568510
1732
1589
1757
2221
2307
1866
2048
1803
2646
1702
1978
2525
2065
1091
1182
953
1171
799
898
113978
2425
2470
279123
1795
949
1242
1346
1517
1143
955
1073
1280
966
1974
1076
1126
1478
932
916
130712
1381
1741
2080
2181
2215
1124
3477
2188
2665
2209
2073
2886
1878
1903
1983
1573
4417
13114
4098
307467
3085
2534
2101
2209
1518
2002
1967
2070
1130
2043
2248
2471
1688
1852
1778
1864
2015
1300
1552
333472
1495
1827
1929
2277
2155
2270
2157
2152
2187
1248
1809
2136
2290
1370
868
1279
1016
1748
1299
627762
2339
1896
1957
2496
2054
1971
2557
3114
2067
1963
4818
1426
1313
1175
816
12283
1765
979
913
321263
2770
2144
2434
1456
1435
2025
2114
2016
1932
1905
2293
3286
2293
2111
1633
2320
1669
1273
1876
315970
1490
2284
2000
1846
2560
1304
1295
2037
1991
2153
1576
1033
1320
1871
1976
2183
1841
957
936
318757
2456
2067
2463
2025
1772
2330
2326
2221
2236
2126
2192
2351
1548
1944
1793
1839
3178
1423
1518
540092
1878
1908
1841
2388
2124
1932
2244
1924
2730
1224
2492
1931
2124
1862
941
932
1212
810
855
95094
2655
2686
249515
2082
1726
1983
1918
1680
3016
1782
2042
2006
1707
1910
1593
2217
1943
1431
1967
102065
2251
2073
1762
1989
1735
2426
2080
1724
2119
1997
2101
1884
1865
2201
2298
1235
2479
1774
2084
319492
1817
2372
1843
2701
1416
2117
2220
2183
1360
1871
1964
2190
1440
1104
845
2044
1902
3177
989
314785
2431
1951
1772
2659
1543
1933
2118
2212
1553
1896
2102
3252
1841
1944
1589
2173
1838
1752
1866
306675
1907
2264
1910
2367
1235
2073
2007
1853
1985
1205
1283
2020
1983
2217
1191
1336
3889
954
3566
303455
2415
2102
2137
2268
2109
2209
2942
1955
1929
2182
2502
2056
1730
1858
1776
1962
2213
1452
1538
297781
2429
1886
1791
2610
1518
1944
2189
1961
1598
1652
1819
2753
1862
1913
1656
3031
2080
1355
1496
307959
2394
2114
2259
2628
1891
2098
2816
2149
1962
2151
4760
2131
1713
1950
1461
1849
2243
1698
1552
530301
1708
2687
1912
2500
1409
2392
2080
2117
2086
2412
2069
3447
1092
934
1127
911
1141
827
868
85315
2470
2525
261730
2263
1418
2112
2033
1426
1810
1790
2005
1983
1712
1928
1624
3182
2277
1813
2296
93128
2219
1991
1397
1960
2010
1979
1865
1816
1962
1778
1954
2598
1895
2407
1981
1980
2583
1974
1235
302267
2400
1938
1859
2520
1369
1998
2104
2216
1200
1599
2163
2354
1291
1003
1228
3304
1553
994
1314
293077
2186
2269
2002
2568
2119
2124
2665
2233
2113
2239
2260
1921
1814
1827
1475
1907
1543
1265
1811
294521
3606
2095
2552
1311
1332
2045
2287
2241
1179
1574
2004
3211
2056
3320
1749
1909
1659
1296
1932
312475
2100
2373
1884
3483
1752
2032
2379
2323
1427
1788
2178
2939
1557
1869
1697
1866
1972
1460
1925
282580
2116
2336
1896
2593
1911
2210
2280
1572
1217
1905
1889
2779
2057
1941
1754
2549
2272
1354
1577
306910
1792
2219
1935
2520
1079
2780
2406
1981
2019
1848
2030
2495
1310
3464
1131
1116
1075
929
1297
519938
2443
2286
2087
2306
2186
1895
2418
2258
1599
2017
2479
2345
1721
1838
1912
1876
3067
1836
1681
99309
1291
1399
243390
2495
1914
1911
2011
1697
1793
1405
1917
2054
1706
1903
1651
2269
2014
1903
2074
94398
2775
2882
1798
2039
1672
2100
2003
1505
2445
1788
1845
2300
1717
2103
2144
2126
2492
1307
1467
280724
2434
1914
1819
2504
1397
2014
2049
2186
2581
1911
2365
2340
1814
8756
1668
1084
1449
1786
2266
299873
2194
2239
2098
2408
1270
1935
2764
2375
2020
1924
2167
3080
1765
1895
1562
1910
2188
1422
1532
297582
1990
2424
2122
2535
1262
1886
2040
1898
2466
1514
1473
6423
2451
1850
1421
1943
2185
1351
1506
304410
1884
2166
2272
2558
1054
2108
2002
2095
1361
1826
2155
2500
1917
1231
2167
1274
1629
944
947
307112
2129
2290
1870
2647
1706
2109
2165
1976
1953
1795
2232
2935
1849
2007
1670
2625
2067
1298
1558
304668
1822
2110
1967
2571
1336
1545
2120
2316
2787
1985
2168
1861
987
2493
1038
1115
1544
873
5173
508265
2407
2190
2134
2145
1372
2046
1995
2441
1397
1525
4560
2796
1663
2671
2037
1873
1836
1271
1501
83374
2066
2565
287283
3772
1738
2228
1868
1636
1978
1951
2066
1930
1777
1850
2083
2178
2433
1888
1776
91019
2034
1894
1406
1827
1592
2034
2362
1444
1863
1684
1969
1795
1756
2071
2053
1726
1579
2413
3617
285852
2441
2059
2256
2253
1877
1916
2299
1313
1475
1816
2163
2544
1924
1954
1677
1948
3640
1435
1537
303817
1801
2193
1984
3613
2129
2263
2130
1345
1596
1835
2174
2046
1006
1908
1572
1528
1559
867
900
295486
2340
1920
1939
2223
1374
2034
2737
2033
1164
1878
5953
2141
1499
2606
1756
2032
2142
1326
1492
295464
2006
2189
1831
2577
1126
2091
1921
2043
1364
1397
1903
2122
2103
1105
2194
976
3596
3106
993
279696
2386
1987
1816
3852
2193
2196
2225
1399
1654
1991
2132
3576
1908
2031
1566
1936
2709
1381
1506
294238
2395
2059
2439
2650
2154
1906
2785
2288
3000
5617
5149
2072
1691
1865
1695
2026
2292
1395
1549
497401
2417
2212
2117
2091
1390
2049
2271
2184
1276
1336
1863
2057
2081
1907
1996
1896
3046
1463
1523
83748
2113
2616
281539
1743
1212
1298
1498
1116
1268
2204
1201
1194
1831
2016
1198
1082
1680
935
966
100126
2088
1904
1894
2013
1499
1929
1924
1707
2043
1770
2029
1711
2019
2401
2110
2185
4570
2114
1812
296322
2124
2360
1905
2711
1543
2183
2681
1372
2691
1944
2253
2223
1634
1839
1539
1850
2252
1510
1544
293451
1839
1669
1972
2306
1854
2194
1900
2100
1299
1310
2346
2153
2105
1263
1214
1188
3358
1173
2653
285299
2446
2033
2388
1536
1873
1898
1967
1575
1686
1857
2274
2416
1624
2064
1740
1961
2227
1596
3490
285253
1794
2113
1766
2343
2101
2163
4255
2093
3079
5527
7196
2063
1834
1948
1630
3605
3369
1721
1971
296167
2509
2202
2103
2345
2309
2120
2629
2244
2216
2093
2374
2272
1761
2876
1690
1978
2144
1332
1516
289533
2419
2207
2090
2019
2103
2223
2851
1032
3367
2061
2559
2177
1950
1864
1577
1890
2179
1424
1522
507279
1834
2148
1886
2609
1775
2266
2112
2316
1354
4683
2682
1774
964
982
1352
1140
1506
886
913
79567
2203
2356
274290
Xput: 2210
