530
316
228
268
192
564
461
245
179
251
189
248
489
242
177
567
281
46624
321
58865
680
57910
930
58339
571
58326
582
62411
627
58403
645
55765
5225
20004
39147
20138
41020
20597
40018
20181
5197
90153
412
58422
5621
20048
42027
19458
40716
20660
41467
16628
38034
16026
36096
17336
36761
17656
39636
52007
415
18876
38101
49539
443
53165
665
54387
632
51853
659
53338
656
53944
425
53249
433
55673
290
54586
267
53179
4529
16662
38111
16236
38593
16242
38272
15652
6910
86814
411
53198
4237
18000
38666
16824
38494
16680
38224
16058
37411
17255
38801
17570
36794
17001
37443
53133
205
19278
38321
50535
436
52862
292
55146
275
54915
641
54203
290
54808
428
52654
423
52936
290
53135
270
52723
4252
18604
38923
15971
41252
18035
38015
17364
4892
86951
200
52376
5349
16894
36813
17363
40502
18019
38135
15919
37669
17037
37863
16167
39317
17531
38473
51367
417
17986
39206
51580
432
52839
291
55811
266
52463
651
52616
646
55237
214
53409
525
53611
639
54624
270
52529
4948
15897
37945
16539
40792
17145
40039
16892
3940
86226
410
54534
4339
14412
37528
17092
38376
16638
40138
16145
39650
17235
37484
17048
38620
16435
38534
51296
422
17815
37935
50703
444
51868
288
54774
637
54764
296
53270
649
54613
424
53320
428
53435
639
54733
639
51062
4617
16451
36864
16284
38871
15705
40828
16867
4151
87505
412
54149
4117
17023
38396
16507
37756
16084
39865
16054
36765
17598
36783
17861
36428
17046
36981
51151
410
19308
37093
48505
440
54359
654
53613
638
54216
649
51806
297
55308
424
53051
432
54132
645
52082
639
53111
4297
18490
38240
17516
38815
16030
38330
16238
4176
85533
201
53526
4298
16729
36722
16221
39593
15785
42742
15604
39830
16355
39207
15335
40039
16898
39713
51785
201
19427
37578
53156
230
52874
440
55199
267
55172
281
54026
285
55052
422
53935
231
55075
286
55183
272
52983
4486
16223
40613
16193
40268
15870
39760
15116
4086
87497
413
53127
4352
16032
38408
15219
39161
16499
39597
16585
39243
16399
38228
15927
39292
16352
40482
51168
413
19666
35626
48847
464
49823
306
50326
637
51023
657
52219
336
51749
450
51628
267
51399
315
51034
674
51584
4170
15186
36289
15951
36981
15928
37464
16254
3833
82268
414
51618
4249
16106
35355
15733
35322
15127
38092
16196
36152
16937
36186
14932
38204
15298
37232
49284
417
17339
36434
47871
440
51449
652
51096
272
50488
641
50522
293
51322
216
51656
270
53293
860
53778
469
51135
4701
16455
39316
15039
39418
17061
39206
16295
4128
89069
344
51548
4360
15854
38095
16785
39737
16054
38998
15484
37869
15765
38663
15847
36291
15809
37414
50075
351
18006
37023
50359
399
50894
478
53929
463
53807
476
52917
483
53763
368
53724
376
49627
477
52372
466
50691
4755
15084
37416
15011
38083
17069
37064
15224
3588
88019
353
50608
4847
15664
38079
15442
36895
15441
37470
17150
37942
15497
36663
15409
36492
14707
37369
48695
367
16637
35905
46612
389
49048
483
54562
472
49791
477
50043
487
51538
375
50822
376
50042
465
53866
1568
50518
4859
15533
36546
15066
38686
15264
38200
15050
3597
83842
350
49257
4289
17307
37044
14935
38517
15266
37638
15426
36140
16453
37424
15273
36004
15469
36621
49139
356
17034
35416
47175
392
50069
486
53125
468
51809
475
50197
483
53464
375
49698
369
49303
476
49908
466
47339
4667
15491
36244
15513
37731
14864
38650
15298
3674
85976
351
49223
4321
15454
36062
16306
36976
15224
37800
15221
36240
15610
38095
14977
37433
14884
36411
47358
364
16180
37236
47144
387
48906
478
52481
473
50415
468
51171
489
51157
376
50150
384
49876
459
52816
468
50292
4585
15784
36915
15226
37110
15014
37273
15111
3577
86003
345
52097
4693
15400
39018
15246
36364
15578
38495
15158
35428
16548
36671
15446
37513
15349
36538
47455
360
17178
38919
46787
385
49001
491
51016
461
50352
474
50052
476
50885
352
49479
367
49783
469
50912
453
48778
4684
15636
38891
15021
38565
14991
38408
14302
4651
84851
356
49641
4717
15287
38529
15145
36854
15246
37142
16241
38563
15134
35920
15308
36086
15224
39039
50154
358
17249
35920
46680
382
50177
505
50896
466
49905
468
49899
481
50488
353
50455
369
49976
473
53907
463
49029
4733
15569
37300
15257
40584
15051
37077
15002
4682
83195
357
49085
4731
14502
37025
14957
38561
15280
38148
15269
37124
15080
38492
15189
37681
14656
37060
49731
365
17120
37036
47083
400
51348
478
50633
469
50007
481
49647
483
53341
377
49748
378
51806
468
50512
466
48814
4587
15534
36192
15225
37302
15090
38628
14948
4233
83820
351
50048
4371
15584
38261
15512
37152
15331
39941
16649
37363
15486
36434
15187
38768
15277
36930
48041
362
17230
37664
47241
389
48685
471
50151
449
49275
467
50523
475
53010
372
49323
371
50052
479
50935
466
49017
4645
15443
38011
14497
38037
14654
38519
14370
3390
86436
345
49264
4667
15492
39202
15241
37852
14391
36926
14088
36463
15268
37065
15908
37970
15001
39053
47856
363
17227
35340
47667
385
49119
486
50377
459
49797
458
50115
484
52075
376
50906
364
50188
458
51006
444
48901
4828
15145
36869
15076
40045
15717
39331
16806
3373
85708
355
49147
4540
16267
36672
14937
39428
15180
38694
15401
38458
15133
37493
15383
35780
15603
38337
48413
355
17149
37520
47168
393
49301
485
54146
462
49069
473
49021
468
51048
373
52851
376
49941
457
50455
473
48167
4749
15300
36523
14987
38186
14407
38570
14804
3858
85502
353
48693
4309
15768
37126
15216
37613
15033
38144
16737
37780
15021
38483
14840
36999
17255
35722
47962
363
16802
35543
47274
394
50810
478
50998
450
49997
490
51060
482
53093
379
51067
364
49952
464
52194
452
48685
4751
15300
38281
15391
38983
15131
38592
14834
3341
86073
354
71128
4789
15515
38711
15317
39109
15271
37393
16651
37603
14896
37096
15288
35257
15900
38092
47775
360
16923
35416
46424
376
50055
473
51563
468
51326
469
51511
491
51291
372
50722
379
50249
473
51730
465
48249
4717
15347
36279
15481
38134
14257
38120
14867
3513
84118
349
49397
4377
15981
37940
15617
38548
15346
37871
15055
36592
14800
38251
15205
35988
15229
36696
49578
356
17259
35528
46948
394
49068
486
50164
455
49690
484
49043
475
51065
368
50195
372
49877
465
51927
453
49281
4684
15647
37288
15381
38108
15100
39383
16459
3601
85101
349
49695
4686
15623
36841
15009
36206
14903
38073
16900
36615
15416
36561
15308
38688
15207
38522
47654
360
16336
36452
48502
385
48842
471
52974
470
49425
492
49522
488
50267
355
50698
383
50008
471
52752
467
48806
4710
16147
36760
14821
36743
16467
36078
14192
3498
85591
347
49167
4853
14544
38777
15294
37685
15462
38504
13621
38595
15497
37249
15412
37635
13870
39310
49350
360
17428
38025
47048
374
49190
483
50728
481
49101
458
49132
480
54258
373
50888
381
49696
473
53404
459
48998
4838
15448
36922
14911
38645
15208
38569
15112
3496
84512
351
48814
4865
16537
38167
15405
38837
15164
38823
15125
36469
15085
37733
15354
37731
15312
36804
49357
361
16732
35610
48154
384
50592
483
50272
466
49882
492
49759
472
53352
364
52709
1483
49471
485
52889
464
48985
4667
15482
37529
14868
37172
14745
39055
16345
3743
83380
355
48938
4656
15496
37871
15047
37725
15264
38787
17270
37465
15375
35930
14623
36962
14944
37011
46992
344
16651
37242
46300
379
49094
463
51713
453
49237
456
50657
459
53032
345
49453
366
49659
455
49615
448
49539
4724
16628
38955
15337
39145
14688
37013
15400
3321
85953
355
49152
4680
14785
37529
15415
36016
15529
38192
15262
38699
14928
35790
14755
39251
15036
39698
47442
362
17252
35943
47166
398
48830
493
50625
469
52440
473
50183
488
52377
365
50022
379
49838
455
53524
469
48881
4759
16309
38430
15097
39895
14974
38169
15297
3179
83765
351
49559
4688
17454
37447
15305
39807
15309
39830
16275
36636
14503
38521
15362
37912
15162
36541
49766
352
17136
36005
49493
395
49142
485
51631
467
50782
482
52140
487
53499
372
51238
379
50189
484
50550
467
48732
4729
15302
38304
15004
38457
15063
39862
15274
3846
86169
351
50014
4354
15660
36617
14947
36776
14908
39527
15942
36824
15421
36448
15382
38478
14972
38216
47940
362
16185
37291
47619
384
50647
483
50926
462
49629
482
49558
478
53017
372
50744
382
50521
473
52505
463
49302
4652
15386
39028
14758
38598
14903
36886
15795
3087
87844
354
48746
4809
16992
39252
15027
38279
15212
37789
15385
39118
15334
37893
15317
37400
15396
39283
47348
363
17270
36111
47047
403
50653
486
51348
467
49927
458
50328
494
52178
370
50153
383
49949
492
50450
464
48752
4722
15256
36683
15315
41021
14662
38821
16318
3115
85479
348
49497
4737
15401
37338
15196
37445
14959
37313
14910
37709
14977
38449
15234
37863
15164
37546
52160
358
16855
35748
47587
387
50015
488
53264
467
50414
479
50908
486
53247
368
50239
362
49986
456
52585
451
49007
4387
16463
39704
15001
38944
16052
39753
14990
4100
89384
349
54415
4760
17481
39049
16365
38088
15944
38481
15268
38144
16341
38031
16320
37366
16963
40892
51983
355
18881
36563
50257
384
52891
479
53258
473
54008
473
53716
482
53907
377
53429
371
56138
470
54634
469
54375
4919
17140
40105
15868
39177
15383
37016
15673
4331
89146
351
54002
4661
16172
38735
16088
40324
15907
39020
17396
37876
16254
38981
16067
38631
15665
38252
52496
345
18381
37551
51145
372
53398
476
54407
465
54178
490
54154
481
54427
366
52777
376
54948
466
54263
454
52574
4684
17248
39127
15940
40855
15587
40211
16416
3484
89271
348
52898
4768
17001
37854
15707
39033
16641
39697
15436
38119
16817
37323
15870
39580
15582
38216
50764
358
17920
37857
50954
378
53573
470
54437
462
53347
478
52999
486
55349
377
53076
357
54615
459
54843
464
52387
4684
16959
37866
15700
39762
16090
38330
16091
4604
87099
343
53126
4392
17020
37846
16247
39372
15978
39388
15094
37061
15935
37910
14918
41079
16356
37862
51914
362
18419
37590
50911
370
52488
469
54693
450
53396
547
52517
480
54688
355
53579
380
53881
479
55259
461
53531
4717
16981
38103
16694
39786
15302
38566
15052
3561
87198
350
52617
4754
15920
37974
16056
37897
15950
39813
15883
37990
16821
37729
15926
38637
16750
39200
51237
359
18141
38386
50080
385
53022
480
55506
457
53155
472
52218
480
56928
373
52429
377
54371
480
57270
460
53867
4784
16942
37696
16486
38335
15598
38488
15532
3527
89685
346
56672
4274
16747
39077
15879
38292
15172
41335
15920
38015
16264
38390
15993
38200
15112
40958
50288
361
17319
38728
53194
386
52857
492
55024
463
55293
476
52667
495
54950
368
54485
370
53724
470
54848
459
54863
4749
16480
38852
15534
39232
16662
40143
15747
3991
89166
351
53817
4740
16001
39492
15907
38953
16341
38746
15620
39082
16378
37878
15669
37288
15372
39993
51900
357
18452
36891
52607
379
51655
494
52963
471
55852
464
52007
481
53885
374
55833
383
55049
473
53514
469
52658
4757
17253
38666
15214
40105
17220
37855
16477
3905
89912
345
52949
4534
17792
39085
15226
40037
15947
38678
16608
38229
15509
39662
15259
37706
17488
38088
51522
363
18238
36637
50264
376
52009
479
53851
469
54832
477
53403
479
55783
370
52631
360
54430
458
54647
455
52691
4638
16326
37872
16531
38327
16377
38833
17068
4611
89913
351
53241
4676
17271
38457
15016
38545
15813
38622
16421
37988
15025
38176
16980
38013
16327
38671
51596
358
18311
38315
49935
390
52700
487
54209
461
53717
470
53323
484
54168
372
52977
374
53671
457
55755
467
52102
4641
16817
39393
16146
41033
14882
40026
17238
4112
87748
355
53603
4846
16511
38138
15782
39763
16649
37780
16205
37689
17044
39701
16358
36840
16534
38112
51327
343
17495
38627
48804
378
52464
489
53496
464
53180
475
54620
474
54703
343
54021
376
53373
473
54763
461
51886
4726
16945
37685
16092
39913
15210
38614
16214
4357
88475
354
53401
4367
16299
37776
16159
39210
14007
40342
15982
37421
15923
37421
15703
36565
15714
38045
49872
359
18353
37302
51105
389
52953
481
54146
467
53302
476
53036
481
54190
351
52010
359
54241
469
54042
461
50608
4689
16871
37735
15809
40582
16298
38349
16025
4113
87764
349
52478
4943
16751
38156
15434
38314
16447
38571
16877
37619
16860
36967
15953
37786
16706
37929
52843
353
18211
37688
49303
393
51333
477
54846
465
53570
470
52757
484
55047
386
52864
385
53440
455
56247
462
52167
4326
16938
37952
15562
38698
15477
37708
16062
4092
86576
351
52578
4765
16678
37585
15652
38729
15857
38572
16919
37145
16236
38772
16219
36060
16322
37339
50074
346
17967
37135
49207
371
52383
478
54500
469
53861
468
51982
472
53879
366
52377
373
54671
469
52901
462
52545
4800
17185
38772
15124
41110
15983
38086
16658
4093
86657
356
53311
4686
16831
38152
16414
39520
14446
38541
16771
37680
16278
38283
15931
37178
16387
38586
51498
351
18115
36676
50873
386
51987
469
55248
464
53853
483
52939
478
55435
367
53966
369
55015
481
55404
457
54257
1924
17647
40195
16718
40752
14851
39952
16274
4288
90559
349
53359
4849
16692
38553
16951
38374
16454
40780
16087
37346
16267
38235
15427
38584
14852
38188
52234
354
17717
38721
50883
393
53065
474
54371
455
53044
478
53462
489
55581
379
54779
376
54207
482
55308
469
52456
4277
16678
37788
15550
39040
15769
39407
16170
4140
85152
354
53288
4589
17048
37120
15397
39892
15873
39177
15351
39665
16695
37350
16110
38377
16283
39623
51663
358
18408
37712
49805
389
52108
478
56104
464
54061
483
52446
490
54650
361
53238
371
54360
481
54516
472
52762
4698
16710
38057
15254
39986
15616
39767
15257
4059
86529
350
53375
4465
16977
38485
16983
38495
16070
38951
14966
38299
16076
37193
15985
39252
15841
37642
50794
359
18402
38804
51118
387
53297
482
53340
453
52272
483
52767
488
54146
367
52809
371
53036
467
53949
465
51373
4714
16849
37998
17311
38837
16996
38988
17585
3703
87385
355
52049
4554
17633
39760
17371
38047
17716
39543
15636
36321
16250
36576
15411
38429
16153
37517
51498
364
18137
37063
51467
381
51791
457
54595
463
53594
481
52377
492
54269
377
53649
368
53991
472
52311
461
51638
4647
16291
37764
15409
40817
14590
38865
15499
4209
87606
349
53485
4604
16326
38013
17151
38315
15268
39921
15653
38256
16777
37114
14933
37881
16368
37036
50969
357
17660
37782
50527
370
52308
471
55425
472
53940
479
52439
483
55699
360
52597
371
53611
473
54552
457
53594
4683
16420
37039
15869
39980
15347
39621
14612
4048
87214
351
68698
5376
16865
37965
15994
37623
15568
39060
15500
37882
15781
36388
14909
36903
15787
38117
50455
351
18396
37496
50245
373
50978
465
54284
453
54194
467
52461
477
54893
371
53295
378
52936
471
53597
460
53286
4828
16917
38170
16205
40008
16202
38344
15828
4054
87833
350
53836
4523
16793
37633
16252
36732
16401
39436
16849
38066
16471
36315
16244
36853
15988
39151
51616
410
17888
37050
50816
381
52602
482
55140
466
53915
488
52243
476
53424
370
55749
377
54363
469
55006
468
52714
4678
16346
38212
16151
39455
15860
39661
15622
3998
84655
348
54482
4717
16728
39343
16021
38098
17137
39838
15601
39883
15424
36805
15695
37157
16003
39293
50834
356
18996
36518
50970
385
53338
474
54801
462
53161
465
51883
466
54577
345
53298
358
52759
473
55370
463
53519
4726
16316
38838
16269
38236
15229
39765
15786
4104
88778
354
52466
4720
15905
39929
15261
37260
14067
39784
15438
39936
16226
37595
16233
38074
15801
38709
50512
365
20284
36819
49593
376
51909
474
54837
464
54082
486
52542
485
56671
368
55754
372
53199
461
54959
467
53252
4884
16830
39293
15598
38884
15416
38314
15674
3513
89266
351
53115
4786
15634
38463
15657
38075
16467
39213
15012
40905
16659
38653
15168
36597
15895
37978
51993
356
18234
36382
51880
376
53459
482
53947
460
54554
486
52403
470
54728
368
53186
377
53691
473
53551
467
52759
4673
16693
39839
14821
38422
15480
38503
15572
4177
88266
354
52052
4831
14937
37102
16552
37504
16951
37958
15284
37857
15467
36964
17162
37093
15877
39517
50408
350
16938
36771
51825
381
50584
471
53804
457
53776
477
51806
491
55032
363
52862
378
52217
473
53766
462
53069
4845
16459
38252
16132
38942
15383
38011
16225
4100
85391
343
53118
4468
16504
39402
15157
38217
16260
38368
15858
39036
15620
36741
15738
38493
14906
38664
50541
355
17310
37280
50142
392
51097
478
54731
467
53573
472
52425
482
54125
370
53087
366
52313
472
52959
462
52345
4905
16434
37632
15257
38421
15702
39644
15847
3438
88224
354
53415
4795
16175
38679
16148
37833
15636
39256
16332
39361
16367
37036
15489
37307
16174
37520
51491
369
17231
37837
50669
387
51349
484
55445
469
53934
485
52188
490
55089
373
50545
378
53259
480
54003
460
53576
4754
16301
38118
15737
38234
15247
39259
16765
4073
84990
342
53550
4704
16293
38231
15521
37849
15671
39925
15759
38203
16321
37527
16209
37477
15971
38663
50044
349
17874
36687
49818
397
52872
493
54334
465
53096
1409
53615
482
55023
364
53079
360
53376
477
53581
460
52433
4787
16780
37159
15547
39245
14942
39150
15626
3892
87021
352
54100
4725
15463
38036
15782
39919
15838
39459
15941
37897
15818
36963
16751
36689
15888
37699
50146
341
18162
37893
49719
382
51773
482
54207
450
52952
460
52389
491
53626
375
52076
381
53212
473
53360
446
52169
4785
17305
37461
16557
39993
16069
39631
16230
4430
87324
355
53092
4790
16333
37697
16639
37569
15897
39417
15975
39467
14915
37485
15935
38488
14813
38157
49996
366
17779
37179
49140
387
51638
496
53682
459
53241
470
54303
486
53627
353
53430
358
52808
478
54022
465
51088
4721
16839
37908
15351
39300
14805
37779
16383
4035
88984
355
53369
4930
16200
39773
15429
37982
15938
39492
15494
39021
16456
38649
15397
37007
16774
38222
50529
359
18400
36592
50431
382
51387
484
54765
460
53364
486
54731
495
54612
372
52125
380
53597
474
53951
477
52030
4689
17169
37574
16268
39243
15310
38787
16138
3926
87078
354
53412
4886
16810
37476
16379
40082
16529
37947
16305
37484
16649
37353
15772
38954
15698
39230
51276
359
17943
39000
49428
398
51072
1291
54407
467
53031
495
53518
491
54913
363
53528
380
53595
473
54574
460
52408
4614
17132
38076
16709
41175
16816
38562
16031
3522
87900
353
53383
4703
16386
37471
16905
37650
16367
39795
17421
37857
15316
37186
15829
38794
15418
37988
50397
356
18301
37602
50009
390
51480
485
55157
465
52835
478
52326
474
54550
379
52139
361
52526
459
53424
460
52266
4779
17526
37743
15341
38936
14484
38233
15179
3939
87639
349
53390
4622
16275
37824
15786
39800
14856
39079
16378
37502
16736
37742
15254
36954
15348
39426
51332
348
17311
37658
50482
380
53154
481
53604
467
53430
475
53311
500
54735
366
52709
380
55508
475
54433
459
52853
4803
17498
37692
16292
39899
15236
38676
16120
4621
86623
350
51960
4716
17692
37453
16505
39184
15982
37817
16271
39004
16805
37019
15737
38280
15438
38786
50123
358
17497
37589
50086
381
51337
484
53868
462
53584
474
52252
475
52669
368
52125
382
54659
467
54403
465
52464
4862
17664
38082
15648
39896
15114
37248
16513
3570
88554
352
52745
5414
17188
38708
16187
39197
14708
38935
16646
37293
16303
38348
15811
37041
15151
38753
51392
356
17797
35467
50662
385
52045
485
54565
449
53759
482
52729
483
52723
380
53772
378
53667
468
54496
464
52575
4453
16848
38251
16452
40627
16487
38266
15902
4093
85334
351
52601
4351
17495
38008
15551
38660
15072
39193
16100
38199
16596
38540
14765
37106
15279
37685
51248
345
17803
37599
50296
390
51143
469
52910
744
53868
487
54220
479
55470
378
52499
375
54559
469
54505
468
51884
4805
18169
37378
15711
38636
16104
36575
15208
3872
86690
351
52260
4162
17132
38045
16636
38825
17053
39190
17092
36582
16736
37947
17103
36118
17546
37658
51779
362
19108
36117
49428
384
52389
467
52731
457
52983
476
53522
480
52985
369
51937
381
53487
471
52407
450
51644
4620
16453
37853
16684
38035
16429
37830
15678
4095
87069
350
50365
4552
16654
36819
16492
36810
16455
37165
16550
37551
16157
36904
16624
37146
16297
39032
50021
359
18855
35991
49355
382
52598
489
53216
464
52452
472
52147
473
53180
356
52959
366
52697
472
53059
469
52705
4564
16686
38172
16046
37753
16379
37031
16858
4057
84613
351
51645
4686
15686
37335
15814
38385
15528
37400
16532
38520
15965
35957
15476
37910
16020
39277
49019
366
18366
36561
50331
385
51813
497
52884
456
51712
484
52669
491
52779
368
52594
381
54263
472
52612
457
51098
4606
17811
36822
15171
38702
16222
39299
17073
4165
85126
351
52169
4644
17147
36044
17013
36959
15884
38961
16828
37614
17205
36689
15789
38596
16884
38485
50317
354
18486
37607
50556
389
51628
488
54266
454
53093
487
52216
483
55839
380
53990
368
53383
474
54214
469
53080
4689
15716
38853
17525
39880
16002
39482
16228
2805
89699
350
53849
4567
16086
39251
17617
38488
16764
41658
16679
39331
17515
37061
15380
38381
16233
40436
51362
358
18401
37865
51808
383
53599
483
54696
465
54066
458
53151
487
54210
361
54870
380
54197
476
53399
468
53195
4615
16917
37186
16131
38133
17457
40265
15698
4010
87079
357
52406
4545
16803
38698
16748
37308
17305
38277
16138
38853
16433
37772
16834
36703
15342
39597
50716
366
19224
36660
50946
385
53486
475
54243
459
53764
476
52290
483
54262
364
54271
377
53363
474
53111
463
52703
4540
16976
38147
16426
38333
17427
37724
16676
5370
86313
346
52395
4715
17213
39129
16071
38164
17567
38538
16883
40011
16736
37565
16181
37236
17009
39649
48842
357
19211
36324
51432
397
51803
480
53095
461
53545
478
51951
490
55048
361
53994
382
53887
476
54331
458
50817
4907
16647
39196
16742
37945
17008
37972
16704
5889
91200
355
51390
4538
17492
39081
16820
36690
17968
38430
14903
38696
17369
37660
16680
37529
17311
38699
52032
347
18731
36918
50216
372
53357
473
54328
458
52583
486
54953
488
54927
374
53762
382
53977
468
53416
546
50859
4590
17190
38718
17186
39267
17258
38686
16770
4655
87854
344
53183
4612
17586
38471
18683
40987
17296
40652
15356
40001
16203
39051
16321
37800
15454
39178
49690
355
17823
39189
51769
394
52734
486
53288
467
53919
481
51170
485
55320
371
55049
379
52833
485
52720
455
50733
4738
15757
38529
15952
40667
17056
39101
17155
3932
88381
359
53266
4183
16454
37228
16711
39232
17458
39613
16759
37770
18782
38313
16710
38533
16943
38751
51334
355
19117
37676
50159
373
54010
489
56033
459
55581
471
53430
486
55689
370
53893
387
52384
472
52969
457
52654
4904
17379
37743
18105
39861
17232
39162
17533
5037
87656
342
53498
4625
18186
37700
17196
37481
16595
40994
17606
38525
17881
38611
16135
37422
17296
40074
51966
359
19635
36567
52163
380
52681
483
54948
469
54348
469
53462
1713
54722
370
56349
376
53135
465
53735
459
51898
4727
17940
37621
16496
38068
16265
37784
16221
3699
87552
350
52483
4613
17128
38971
17249
38367
16981
38234
16728
38689
17414
37644
14639
36796
15598
38913
51219
357
18060
35577
50851
377
53347
475
53392
462
53980
471
52924
474
51610
362
54035
359
52395
452
53242
454
53570
4297
17866
36538
16888
38591
16562
37649
16245
4443
86908
346
52918
5252
16808
39188
17183
36696
17940
38555
16766
38791
17598
38755
16503
37379
16675
41989
52609
358
18162
36390
52692
383
52735
488
55540
464
52865
479
54398
488
54115
373
53597
379
54464
481
54110
467
52903
5053
16821
38765
15915
39854
15984
38748
15548
4248
87452
356
52161
4605
16701
37718
16697
38195
16022
39557
15801
38226
15207
37809
15386
38684
15406
38625
49931
352
16994
36467
49726
388
51995
483
52530
474
53598
488
52512
492
54653
375
54996
376
54176
475
52554
469
51283
4820
16501
39339
15088
38410
16132
39309
15766
4533
85913
351
52453
4684
16711
38473
15368
38377
16260
38021
16581
37609
15745
37464
15674
37152
15299
38211
51170
342
17692
36320
50628
373
51078
468
52744
442
54601
477
52241
476
54394
366
55324
369
53506
464
53100
446
53363
4538
16107
39425
15144
38523
16381
38250
15659
4657
86171
348
52764
4728
16566
37968
16077
37855
17965
38712
15877
37646
15864
38793
15879
36722
16061
39096
49849
351
18854
36199
51610
392
52853
475
52991
468
53963
481
52556
489
53922
362
53424
374
52928
476
52353
451
52038
4646
16422
37694
15519
37989
14979
38387
16975
3799
87160
346
51807
4491
16799
38868
16331
37201
16654
37555
15915
37479
16508
36587
16680
37388
15894
38457
49389
363
20943
36716
51207
373
52283
477
52719
461
54699
474
52081
725
55243
371
53267
382
52887
453
52162
462
52799
4487
17030
39241
16381
37970
16877
40256
17153
4010
85843
353
53775
4599
16319
38220
16918
38182
16274
37716
16086
37903
17209
37344
16113
37441
16451
39494
50992
356
19011
36261
51244
382
51321
473
52445
460
53781
476
52965
494
53110
356
54742
370
52370
467
52559
464
51870
4554
17059
37192
16616
38126
16461
38102
16123
4337
85963
344
52628
4581
17056
38562
15830
37397
15578
38512
16968
37129
17168
37284
15900
38124
16001
37161
49837
355
18219
36895
50637
386
52680
484
53649
442
52128
462
52066
479
53600
363
52801
380
52099
478
53861
458
51500
4578
16018
37345
15341
40828
15050
39117
16285
3910
85654
339
52170
4590
16158
36972
15775
36225
16113
38713
16353
36728
16356
36982
16202
38571
16080
38504
49455
359
18061
37411
50230
391
51082
485
53570
723
53062
471
52390
488
54351
366
52630
378
52513
467
53338
470
50853
4643
17473
37341
16041
39821
16921
38470
16956
4067
85194
348
51544
5322
17036
37468
16809
37771
16344
38936
15558
36960
16125
39227
16691
36332
17093
38125
49883
354
17998
35638
49054
374
52520
482
52152
465
52909
485
53631
491
54597
364
51959
370
52959
463
52920
465
51281
4644
16014
39525
16682
39344
16869
37678
16003
4380
87799
357
52276
4376
17597
37241
15863
39740
16839
38887
18096
37056
16734
39258
16111
38213
17186
38213
53093
356
18635
36820
49479
387
53021
485
53206
467
52546
474
53739
485
53662
367
52060
392
54446
468
52122
464
51950
4606
17795
37896
15948
38907
17545
36911
17225
3779
86589
355
52619
4443
19234
37597
16926
38410
16363
38614
16579
37157
15308
38529
16879
38211
17025
37667
52744
357
18459
35263
48634
389
51048
469
53157
442
51828
460
53439
491
53687
371
53124
373
53108
480
53334
464
51416
4657
17919
37414
16673
38334
16980
38132
17764
4013
84035
345
51532
4615
17131
37528
15880
37811
17307
37980
15435
37196
16100
39194
17304
37481
17256
37383
51201
347
18504
36939
51123
377
53536
470
52745
449
53863
471
54045
472
54595
366
52485
371
53618
485
54092
449
52730
4458
17461
39097
16570
37942
16598
39216
17517
4083
85793
352
52360
4587
17255
37136
15563
39704
17142
39330
18038
37176
16290
39087
16971
38350
16756
37805
50880
357
18687
36821
49873
396
53753
474
54481
443
53032
473
53464
498
54097
380
52485
377
54409
454
51464
463
52151
4216
17065
38504
16176
38672
16795
38052
16025
4091
86519
353
50615
4572
18305
38008
16391
38962
17269
38726
16988
36747
15353
39248
16626
38691
16381
37432
52147
358
18759
37061
48751
379
53028
459
54831
446
53177
476
53986
484
54135
362
51758
375
53699
465
53269
461
51641
4503
18439
38658
15870
39913
17347
38490
17635
4199
87665
355
52665
4502
17709
37411
14957
40201
17117
38753
16071
38253
16280
41488
16971
38069
16492
38577
50932
353
18330
37247
50063
395
51551
482
53515
451
51927
472
53930
492
54008
374
54015
375
53966
481
53833
718
52934
5419
19023
37644
17861
39383
16822
38938
16839
4093
87207
348
52354
4693
17455
38100
16296
37627
17495
39291
17206
37242
16655
36767
16413
39358
16729
38637
51995
356
17755
38119
50659
367
52359
471
55063
472
53740
477
52620
486
54813
366
54322
368
53209
479
54080
469
50888
4519
18439
37687
15762
39629
15379
39222
15923
3791
86338
340
52008
4687
17585
37617
16136
38182
16029
37735
17125
36817
15619
38602
15966
38024
16357
37867
50826
359
18035
38904
49614
385
51231
478
53946
468
53494
482
52726
477
55015
364
53859
532
52042
475
54523
451
52572
4780
17959
37979
16386
39996
17083
38628
17107
4049
86450
349
51714
4657
16555
37501
14810
38698
16577
40272
17169
37608
17431
37525
16093
39264
15979
38923
50601
359
18288
39306
50868
378
52346
478
54999
442
52998
460
53477
487
55416
367
53551
376
52946
484
53890
460
51328
4727
16185
37017
15908
39508
16094
39241
16234
3643
87538
347
53647
4603
16882
38249
17351
37311
16079
40411
16837
38935
17337
37030
16100
39322
17441
37983
50095
353
17843
38779
50523
394
51816
490
53530
465
52960
475
53303
494
54833
380
54419
384
53785
485
54390
446
52778
4648
18760
40179
16298
38428
17378
40335
16678
4182
86578
353
53035
4389
17188
38293
17251
38717
17734
39196
15550
39852
16770
39277
17677
37297
17203
38775
50701
618
17449
37221
51923
384
52736
485
54811
462
54104
482
53552
493
55087
376
53471
384
52869
485
53248
462
52291
4575
17521
38749
17388
39304
16740
39305
15865
4278
91908
226
53093
4508
18297
40148
17446
37366
15575
39303
16522
37724
15806
38570
16267
37107
16584
37567
50949
235
18989
36887
51188
269
53406
324
54444
310
55368
320
53171
331
54248
258
55760
256
53652
314
54254
325
53527
4111
17989
40484
16540
41025
17044
40619
16939
4028
89974
355
54771
5833
17839
38964
15978
43126
17084
40684
17591
39523
16327
39937
16764
38809
16088
41373
53094
356
18511
40077
52043
376
54500
470
55022
445
55828
469
55478
479
56939
366
54674
365
53993
453
54289
455
55556
4701
17408
41248
17001
39724
16669
40369
17173
4283
89579
346
55838
4637
17445
41919
17673
40637
16554
40566
18319
39472
16226
40398
17081
39916
15927
40225
53486
203
17422
39361
51914
237
55167
656
54804
636
55204
645
52896
654
55519
418
54615
239
55847
284
55752
270
53631
4255
16483
40193
16011
41427
16500
41004
16238
4263
89392
412
54549
4348
17745
39948
16384
39634
15505
40716
15235
39797
15930
39390
16699
38759
15583
40216
50239
240
17337
38828
50985
263
50963
325
53723
310
54077
324
52534
326
53824
247
52222
253
53836
320
53497
311
52450
4442
16077
37549
15723
40830
14595
40202
16032
3847
88929
229
53410
3891
16476
38963
15809
40239
15968
38876
15615
37975
15868
39438
17045
38854
14781
40638
51073
237
17833
39066
51927
270
51878
321
54186
310
55261
318
53794
326
55011
253
53385
255
53977
591
53586
305
53652
4107
17703
38705
15696
40786
16146
38360
16329
3504
87503
231
53312
4342
15961
38095
15909
39360
16573
40485
15313
38687
15659
39467
15918
38941
14619
41416
52388
241
17218
39185
51336
273
51540
317
54042
308
56538
318
51766
325
55262
245
52863
258
54076
315
54193
305
52972
4231
16327
38626
15405
40617
14967
40527
15722
3622
87793
219
53294
4546
15902
38069
16129
40277
16396
40293
16501
40727
15995
39685
14935
38708
14932
40109
51754
207
18464
37452
51118
233
52166
291
53394
278
54213
290
53278
300
54765
214
53912
425
55077
296
54659
613
53826
4437
16434
39856
16318
41434
15708
40914
17207
3949
89282
257
54417
4451
17716
41028
16827
41667
16473
40357
16742
39778
15819
40170
16628
38869
16383
41011
53923
238
18571
40312
53134
270
52934
451
54529
318
54634
323
53658
435
55004
250
52467
260
55034
313
56526
303
53721
4378
17236
39779
16505
40661
15509
41606
16471
3746
89646
231
54180
4399
15920
40827
16720
39779
15192
41357
16861
40522
16571
39711
15095
39767
16393
41418
51527
241
17463
38634
52043
267
51031
329
54775
309
53924
321
54723
322
54687
246
53483
348
55155
317
53594
313
52562
4313
16572
38736
16010
40765
17030
40542
16009
4468
88976
230
54010
3758
18454
40404
16523
41364
17114
40917
16106
40659
16855
39680
16636
39247
15487
40028
52564
327
17079
38693
50740
362
53107
327
52474
437
53154
459
53694
474
54880
244
52200
257
54483
317
53548
441
52506
4393
16435
37807
15739
40027
15584
39519
16407
3631
87673
233
52426
5067
15996
39528
15718
39837
15956
40134
15685
39717
15952
38734
14569
38405
15889
39804
50190
325
17251
40053
50266
269
52028
320
53966
437
52906
463
53611
332
54167
346
53302
258
52556
449
54450
448
51337
4371
16400
37536
15540
39984
15616
39981
15547
3685
87513
317
53187
4456
15033
40183
15911
40298
16080
39863
15672
39387
16931
37209
15575
38446
14726
39554
48411
312
16228
38114
50452
415
50734
318
51778
305
53729
455
53946
456
53267
249
52343
254
53660
442
52583
434
51909
4344
17851
37948
15881
41066
15847
39859
16777
3536
87904
381
52597
5251
15818
38973
15406
38826
15661
39891
15421
37959
16053
37884
15990
39442
15621
39950
51876
330
17451
38566
50742
362
51130
318
52120
444
53190
444
52626
466
54851
242
54414
254
54307
320
53973
442
51473
4397
15962
37795
15503
41283
15711
40006
17083
3494
88720
229
53975
4403
15324
40472
15620
42198
15785
40534
15920
39727
15356
37374
15818
39822
15988
39872
52390
323
18247
38825
50632
588
52360
315
54329
433
53898
458
52997
325
55306
339
52771
255
53281
452
53641
453
53638
4421
16068
37931
15685
41119
15751
39864
15796
3496
87583
308
53868
4231
16055
38030
16688
39356
15956
39658
15332
38643
15940
39391
15993
37712
16166
38946
50980
325
17554
38910
51792
268
50904
317
53085
307
54083
453
52655
468
55017
253
54575
259
53327
443
54665
438
52230
4470
15312
39805
15651
39768
15051
40455
16354
3328
86369
317
53729
4934
16109
39559
16075
38309
15691
41210
15370
41042
16023
43246
13127
40399
15836
40891
51460
243
16383
39000
50623
795
50992
1761
52998
445
55647
475
52545
475
56032
249
54055
259
54266
318
55157
457
52778
4347
16199
38957
15248
41044
15652
42619
16009
3431
88337
225
53266
4345
15134
39093
15638
39818
16746
41005
15450
40305
16174
39696
14718
37346
15669
38864
52033
325
16943
37222
50927
264
52368
320
54097
445
53351
453
54567
325
54554
356
53364
257
53734
450
53252
446
53774
4375
16132
39712
15700
40252
15489
40217
15806
3651
86070
328
53675
4429
16090
37988
15580
40275
15394
40799
15616
40181
15710
38942
15482
38947
15217
40835
48102
329
17361
38492
50904
275
51844
315
54357
306
53545
461
51771
470
54807
245
53787
252
53778
448
53576
452
52100
4322
15900
40103
15602
40122
16380
39099
15695
3672
87300
320
53941
4388
16272
38187
15864
39576
15969
40161
15602
40535
16013
35845
16082
38853
15916
39627
51376
339
17298
38537
51472
367
50930
318
54582
452
54333
457
53555
473
54439
259
52081
259
52810
313
54119
445
51918
4355
16338
39510
15657
40531
16112
38641
15620
3780
89037
225
53090
4373
15888
38049
14893
40232
15805
40232
16808
39340
15880
39398
15693
39300
15298
40278
51693
328
17086
39708
50462
266
52402
319
53570
456
53499
454
54699
323
54978
344
53854
250
53299
452
53633
436
52474
4353
16081
39626
15483
40303
14567
38446
16357
4751
86595
332
52862
4377
16119
38216
15854
38534
15662
39881
15075
38495
15552
37904
15695
38849
15110
39034
51734
325
17827
38259
50580
265
52662
321
54496
306
52988
467
54148
465
53876
246
52817
247
54502
454
53540
434
52081
4429
16388
38537
15312
40285
14090
40062
14122
4624
87038
319
52770
4361
17139
38787
14954
40249
15968
39247
15385
39381
15404
39287
15414
39079
16138
39963
52087
327
17029
39466
49619
369
51810
315
54220
884
53171
452
51911
457
54414
254
52705
260
52179
321
54345
440
52704
4306
16057
38908
15829
40234
15665
39680
15195
5131
85978
226
52421
4215
16315
39230
15721
39704
15546
40242
15253
39851
15913
39093
15657
38769
15756
39131
49200
331
17028
38994
50423
274
52286
320
54540
452
54151
464
53242
324
55516
350
53461
253
53693
463
53859
439
51968
4419
15008
40501
15858
38111
15529
38903
15847
3655
89346
321
53241
4367
16019
37795
15702
39573
15869
39916
17367
39084
15832
39101
15789
39038
15600
40015
52682
331
17355
38810
50650
257
52490
315
54235
314
53074
471
54356
471
54463
246
54182
260
54950
451
54297
446
52555
4513
15382
40268
15805
40979
15595
40695
15985
3750
88078
325
55777
2865
15106
39352
16356
40373
15906
40903
15932
38912
15016
41116
15913
43670
17294
41633
52777
241
18476
41415
53306
276
51628
335
54962
311
56460
331
54151
335
56801
254
54567
260
54914
321
54078
321
54638
4371
17519
39379
15475
41375
15447
38648
16752
3242
92260
237
54005
4314
16157
40622
16636
40741
16787
41268
17058
40810
16744
40755
16746
39729
15931
38959
52992
242
17074
37521
50931
273
54428
332
56857
314
55382
320
55906
324
54047
247
54372
262
54096
328
55283
321
53916
4473
16862
40304
16580
41701
15582
40006
16616
3713
89223
234
53279
4315
16647
38233
15870
39853
16340
42540
16927
41101
16466
40435
16844
41443
17121
41149
52687
239
19001
40143
52979
264
53328
325
55144
307
55426
323
54182
339
56567
254
55049
260
55138
322
55367
310
54783
4350
16443
40815
15666
40500
15972
39838
16612
3549
89417
233
54448
4155
17367
41356
17164
38601
16152
41237
14203
41058
16673
40799
16555
39641
16275
40284
53479
238
18060
37642
52083
261
56215
326
56602
316
54252
321
54940
332
57313
255
54104
265
54564
321
54374
318
52818
4470
16767
40254
16605
43389
16903
41327
16640
4184
90799
231
53987
4139
16556
39639
15679
39821
16515
41585
16907
39934
16672
40159
15823
39591
15545
41458
52801
241
19046
39376
52809
261
52917
2327
55677
312
55717
326
55690
321
56414
248
55674
258
56560
315
54558
314
54688
4321
16776
40216
16570
40522
16033
38310
15101
4470
87984
235
52689
4333
17184
41095
16394
40970
17120
41153
16433
40315
16674
40858
16751
37151
16054
40239
51239
242
17791
39060
51113
263
52878
322
56388
310
53904
317
53997
327
57841
250
56257
259
55824
312
56407
311
53391
3943
17212
40109
16297
40900
15218
41796
16656
3833
89014
232
55702
4313
18074
38636
16798
39625
16596
41540
16086
41371
16893
39402
16609
39761
16465
41731
53038
239
18674
37306
53110
265
54092
321
55489
313
56416
321
54694
330
53340
247
53487
255
55982
317
54929
323
53925
4324
16939
41414
16734
40875
15771
39875
16892
4168
89779
230
53381
4189
17244
39562
16377
40750
16611
40830
16704
37992
16830
40243
16651
38551
15770
39676
52846
242
18448
40298
51811
266
53684
320
55722
311
54730
320
54618
328
57081
250
54715
261
54903
316
53633
313
52421
4215
17407
37900
17150
39861
16462
40888
16824
3620
91908
234
54604
4758
16639
37968
15921
41144
16195
40121
15726
42051
16620
40248
17213
39976
16186
41803
53987
238
17724
39839
51386
265
51915
319
54088
311
53163
320
55018
326
59371
248
55378
263
56347
323
56107
312
52697
4348
16607
40115
16247
41389
16874
39974
15867
4970
90173
230
53860
4543
17746
38795
16517
40993
17726
39381
16279
39434
18081
39241
16640
39036
17097
38306
52011
240
17982
38668
51735
269
53349
322
56256
314
55614
319
54524
333
57038
250
55561
255
54285
315
53260
304
52920
4203
17146
39333
16037
39876
15758
39118
16614
4116
88286
206
54695
4174
17427
37658
17324
38113
17417
38423
16325
38922
16777
38411
15868
37321
16357
38070
51409
208
15549
38609
50284
439
52620
300
54484
275
52933
656
52410
304
53562
221
54117
431
54010
286
53684
278
54791
4366
16857
40778
16166
40107
15815
39952
15568
4248
86261
214
53454
4204
17306
39233
15759
38500
15202
39271
15979
38571
16442
38136
15574
37488
17463
39275
52145
216
18071
37844
49836
247
51678
299
54418
278
53178
290
54507
295
55275
229
54817
232
53280
289
55219
282
52304
3807
17402
37212
15281
39204
15368
40727
16665
4375
88086
420
53195
3985
16096
40146
16743
39686
17962
39509
16636
41456
16067
39736
16483
38786
17087
39738
52579
238
17412
39098
50414
274
54347
321
53929
329
56159
325
55300
326
55050
220
55808
356
56015
318
56948
311
53739
4404
17386
39382
16412
40537
17197
39334
17404
4296
89974
230
54182
4483
17021
39396
18048
40086
16977
42708
16798
39914
16845
41465
15868
40811
16559
39411
52320
1280
20120
38795
51906
258
53296
317
54609
313
56616
318
54924
329
56768
239
57111
282
55655
316
55602
305
54511
4319
17276
39852
16334
39865
16840
40730
16962
5290
92038
227
54714
4253
17141
39896
16766
41287
17203
41050
18153
40078
16749
40543
17626
37282
17754
39274
51376
234
18395
38993
52231
346
55956
324
56558
304
55849
610
54307
325
56573
269
54538
252
53381
315
57130
306
53758
4358
17472
38815
15697
41813
16076
41192
16297
4744
89443
210
55449
4477
16062
39926
16924
39072
15918
39926
15665
40113
15991
38631
17015
38793
15811
40317
52325
211
18117
37562
51941
229
51737
1553
54246
266
55359
283
53246
299
55840
231
55037
227
55105
280
54848
272
51844
4347
16732
40149
16374
39871
16413
39414
16392
4814
89311
231
53415
4373
16991
40449
15690
40032
15742
40865
14691
39650
15499
40019
16043
38698
16776
38525
51616
271
18221
37337
50511
261
55882
323
55277
306
54985
417
54964
327
55460
285
53884
257
54583
315
56090
398
53421
4452
16326
39461
16443
40809
16932
39725
15859
3243
90807
213
53534
4298
17981
39306
17860
39534
17665
40619
15802
39934
15542
40412
16053
39620
16955
40096
52573
244
17945
39383
51427
349
53516
328
55838
311
54950
325
52733
326
53369
290
55390
263
54849
319
55072
307
53800
4246
16650
38670
16749
39946
16230
42072
15734
5130
90562
229
53638
4163
17187
40967
17323
40417
17248
40392
17632
41353
15313
40139
16877
38791
14500
41110
53534
239
18148
38491
52813
268
54807
325
56745
311
55760
320
57143
330
56430
253
54351
258
55415
318
56259
306
54048
4379
19056
38692
16485
41900
17146
38097
16566
4805
89082
230
56077
4426
17297
39703
17202
39186
16245
41030
16767
40378
16124
39870
16990
38547
16672
40944
52898
235
18683
37593
52826
265
54170
330
55502
629
56631
327
55737
335
55245
250
55829
253
54625
313
55737
315
53867
4427
16319
40530
16457
40303
17481
40246
16116
4506
88633
227
54953
4469
17308
39359
15891
39964
16002
39791
17320
39450
16294
40743
17117
38628
17027
39883
53357
241
18198
38128
51618
273
52301
313
56622
313
55009
321
54233
323
56384
245
55820
261
55731
315
56050
308
54300
4402
17651
38916
16674
40276
16225
40437
16655
4472
88589
229
55903
4588
16638
40102
17202
40029
16177
42580
15782
40542
16994
37993
17741
38991
16427
40780
52814
238
18945
38282
53209
265
55073
322
55116
318
56318
312
56137
321
55619
246
54549
255
57053
314
55587
310
54313
4379
17626
42518
16596
43171
15826
39711
15497
4924
90705
227
54860
3970
17358
39311
16207
40127
15901
39640
17540
38617
16485
40064
16780
39737
17640
39043
52960
239
17972
38974
52966
260
52870
321
57913
303
53978
322
54775
318
57183
247
56276
255
55850
312
55721
307
54724
4388
16910
39335
17434
39469
16095
41116
16151
4605
89826
243
55395
4500
16610
40085
16635
41338
17196
39945
16431
40516
16340
38780
17788
38389
14235
40301
54259
241
18611
38516
51736
265
55069
323
54176
307
55581
319
55672
319
56059
246
55913
259
55033
308
55878
303
54666
4412
16948
39091
16086
40222
16463
40238
17441
4653
91112
225
55188
4470
16166
39010
16307
39909
16586
40899
16991
39306
17401
39650
16663
39576
16854
39645
52175
239
18674
39364
51757
263
52986
320
54919
305
55652
318
54489
327
57175
256
57012
257
57002
311
54817
310
54732
4477
17033
39808
16837
40237
16839
40223
16298
4556
90342
225
53400
4288
17072
41337
15917
39778
17498
40376
17097
39258
17171
38217
16533
40255
17390
39473
52518
243
19269
37960
52296
277
54811
324
56928
305
55849
321
54190
327
56753
240
55419
272
55479
319
56721
303
54987
4387
15823
40534
15956
40041
16295
40652
17044
5022
88732
231
55257
4273
17298
38987
16658
39288
17769
40871
16663
39734
16839
39164
17019
38122
16030
40961
54324
235
17670
38007
52294
264
54990
319
54724
309
56048
316
55192
323
55082
241
55620
256
56023
311
56306
307
54888
4374
17835
39658
16332
39655
17002
39549
17218
4761
89281
229
53936
4368
18207
38208
16133
40709
17349
39873
16149
39200
16407
40175
15900
39716
16016
39476
51855
236
17693
38902
50810
264
53014
322
56375
308
55885
323
55044
327
57241
249
55079
255
54740
319
55054
305
52006
4377
16730
38540
16254
39938
16586
40263
17084
4738
89843
227
56488
4329
16699
39049
16003
39593
16859
39558
16482
41091
16963
39427
17638
38183
16180
41358
55088
233
18493
37857
52408
268
54115
325
55601
313
54531
325
55126
649
57090
246
53671
255
55552
317
54698
314
53925
4386
17513
40621
17341
39935
17333
39709
16992
4703
90002
227
54205
3609
19300
38308
16237
41148
16967
39683
15983
38825
17983
38986
16823
39542
17427
39112
52388
233
18042
39892
51962
761
52845
323
56803
313
56997
320
54908
325
56495
242
55001
257
55873
324
54044
304
54667
4480
17188
39504
18215
39941
16219
41750
17342
4596
90752
228
53022
4814
16652
40504
17510
40060
17378
39397
16438
41458
16485
37900
17767
38108
17357
39674
54534
237
18527
38430
51198
271
55104
326
56101
307
55701
315
56609
331
55571
245
53672
261
56359
315
55158
313
53783
4378
17497
38648
15683
40159
16498
41031
17102
4720
91183
232
52998
4434
17868
38703
17021
39653
16490
40979
16500
41022
16387
40586
16590
41219
16769
39947
53003
238
18432
39356
51437
269
54095
327
55374
308
55994
318
55342
336
55725
1374
55977
255
55352
322
55163
434
54878
4498
18470
41520
16364
42454
16452
39476
17343
5042
90172
232
54701
4507
16758
40737
16115
40657
16862
41592
17179
38898
16887
42046
17195
41048
15933
39642
52541
238
17896
39948
53377
591
54757
334
56795
308
55173
322
55033
331
57581
250
55009
250
55496
319
54124
308
55961
4345
16952
40673
17146
40336
16880
42273
16924
4838
92385
228
55388
4200
18004
40611
16913
39593
17273
40343
18111
39988
16206
40577
16871
39568
17960
39574
55198
235
18496
39511
52669
268
54115
320
54650
309
55356
316
55383
333
56889
249
54417
257
56516
316
55830
306
54095
4369
17614
39739
17718
40170
16759
41178
17424
4700
89029
240
55384
4506
17834
38539
17308
39776
17467
41778
16001
41129
16646
39516
17462
38413
16308
41333
52683
233
18610
38267
51991
263
53435
327
56977
1697
53542
2222
55275
324
53261
248
55224
259
54852
315
54564
316
54207
4812
16124
41058
16227
39724
15923
38858
16180
5453
90248
225
54857
3940
17675
40643
15253
41941
16516
40224
15411
38360
16200
39539
15820
36723
17975
38715
53057
233
17991
39382
50908
269
52806
329
53281
309
52780
326
53287
324
55401
257
53416
262
53262
322
54455
306
53254
3870
18827
39357
15499
40891
16535
39740
15183
4926
88958
232
53769
4264
17258
37858
14467
40193
15714
40681
17233
38415
17212
38314
16073
39825
17383
38821
51934
239
17867
41933
50533
266
53417
324
56258
308
55474
320
54471
330
53811
249
56497
263
55117
330
54428
313
52840
4043
16868
39053
16579
39531
16711
42834
16068
4768
88641
231
52521
4238
16426
39951
15810
40028
17105
39010
16788
39805
16706
38035
16776
37728
15527
40964
51356
234
18829
37919
51530
267
53473
334
53668
311
56357
651
54937
326
54704
252
54425
257
54800
312
53426
588
53728
3847
17414
39510
16112
39485
16256
38828
16862
5217
91696
232
53198
4986
19082
39094
15686
40762
16267
40615
17174
38139
15767
40317
15330
39662
15974
39302
50041
237
18539
38843
51268
265
53201
641
56223
306
52750
641
54105
335
54876
245
55179
261
55587
320
53873
308
55112
3760
17533
39476
16190
39636
15832
41460
16153
3902
86597
426
55262
4335
17100
40123
16544
39066
17256
40831
17089
39122
17506
38332
17284
38934
17539
39663
53025
433
18361
37731
51974
436
52859
431
56336
659
54158
646
54686
441
55664
438
55830
442
52454
647
55143
638
54166
4282
17560
40945
16719
41241
17515
39071
16500
4022
90478
428
52744
4441
17398
39402
17774
39992
17640
39291
18278
37786
16693
40542
16844
38137
16796
38944
54822
422
17569
39243
51035
439
52894
372
56341
661
52989
650
53858
477
55510
443
55652
430
55475
655
54360
658
52544
4538
16533
39085
16147
41104
16946
41467
15291
4402
87344
427
53935
4363
17576
39872
16560
39050
17276
41590
16639
37129
16562
38854
17412
38594
17120
39964
52552
416
18336
37404
52397
434
54833
361
56061
654
56677
648
54060
664
54864
422
53651
457
53479
649
55164
640
55051
4448
16927
38854
17345
39856
17733
39796
16217
4301
89963
429
53299
4341
16269
38766
16669
39975
17684
38920
17420
38814
17374
40008
17906
39704
17408
39636
53887
425
18127
37308
52512
435
54528
432
56025
658
54828
650
53551
445
55593
443
52809
453
54940
646
55059
639
54050
4863
17229
38516
16315
42249
17366
40583
17605
3936
89202
435
55241
4392
17559
38298
17619
39444
18886
40896
16591
41789
17208
38686
17883
37770
16589
40399
52840
428
18797
37512
55090
435
53155
348
55384
655
55262
654
54429
676
55699
422
53633
453
54660
655
54070
637
53828
4326
16359
39715
16774
40686
16025
39574
17488
3614
89907
431
53208
4301
16684
38877
17425
40461
17531
39839
17462
38674
16244
40805
16987
38386
17538
38962
51980
415
18313
38532
52593
435
53002
468
54016
660
53782
650
53735
463
55886
438
54107
970
53841
370
54640
665
53408
4550
17884
38591
17729
40403
17312
40438
17399
4255
88560
427
55333
4295
17592
40075
17529
38471
17111
39455
17039
40306
18367
37995
17180
38051
16295
40806
53852
423
18630
37402
52537
440
54385
436
55322
659
55185
653
55053
448
55848
443
56551
445
55225
646
55365
642
53022
4455
17056
40865
17411
40334
18914
39083
16437
4945
91089
436
54705
4381
18009
39649
18163
39339
15269
40866
17533
39555
16578
39945
17094
39180
16707
39971
53197
423
18475
39780
52101
438
53417
438
56072
658
55482
647
54229
460
55776
438
55743
449
55193
768
54555
637
54212
4472
16635
38642
17668
40700
17050
39882
17277
4451
91038
425
55559
4247
16536
39440
17641
38839
17697
41051
16893
40183
17385
39801
17703
39613
16923
39352
53689
422
18752
38124
52051
442
54321
473
53670
659
54951
653
54425
380
56273
442
55146
427
54471
643
55160
657
53704
5240
17776
39762
16367
42427
16814
41813
15979
3881
89240
428
55977
4476
17162
40047
17572
40097
16862
39811
15683
38848
17127
38081
15124
38945
16967
40410
52805
422
19414
37572
51891
441
54523
314
54646
658
55429
653
55557
462
56818
447
53710
489
53669
718
55412
715
52568
4337
16860
40566
17701
42754
17728
39146
16777
4913
89340
470
53695
4346
16424
38022
16809
40629
17548
40299
16682
38441
15953
40559
15503
40562
17303
39218
52127
428
17766
39047
51741
454
53848
749
55476
662
54663
741
54080
744
55936
444
56005
437
54656
719
57433
790
53240
4559
17811
37980
16787
39507
16392
41150
17659
3192
89809
665
55891
4231
17598
37499
16930
39262
16334
41449
17026
40700
16944
39789
16822
37892
16631
40869
52745
438
20416
35880
51936
450
51709
668
55270
650
55515
829
55743
740
54207
437
53153
680
55595
752
53634
643
53949
4447
17993
39537
16863
40779
15979
39703
15782
4846
90914
233
52740
4320
16982
39282
14649
41065
17000
39584
16336
37085
16301
39559
16670
38133
16699
38771
52259
250
18346
37814
51780
278
52876
465
55617
313
52601
830
53551
1607
55778
257
55776
261
56049
320
57489
311
55791
4336
17857
38827
18065
41158
17712
41229
17654
3520
89016
234
58863
4282
18157
38739
16778
39043
16986
39648
16980
41652
17566
39728
15653
38837
17816
39828
52099
235
19193
38995
52523
276
55827
328
55839
309
53922
322
56253
339
55204
253
54422
254
56872
321
54875
306
53607
4496
17546
39354
17726
42197
17843
38512
17552
5494
91251
232
55233
4520
16577
38856
16268
39865
17821
40303
16371
39084
18174
36815
15700
39569
17317
38488
51686
243
19595
39107
52407
266
54471
321
56600
317
56023
317
54076
325
55053
253
55057
261
54392
322
56186
308
55545
4379
16387
39883
18551
39376
15700
39707
16952
5102
91053
237
53695
4826
16475
40555
16888
39584
17231
39154
17079
39663
16947
40923
17358
38642
16673
41253
52966
239
19126
38022
51173
265
55887
320
54089
314
54556
317
55529
334
55640
249
55348
267
54103
322
56209
311
53328
4318
18162
38800
16559
40799
16820
38635
16522
4225
89805
235
56268
4335
16741
39095
18053
39263
15750
41128
16491
40231
17376
38210
17821
38718
15781
39004
50915
247
17955
39023
51250
272
55473
326
56222
311
56561
317
54733
1491
53391
243
56510
253
54677
321
55490
309
54297
4510
16139
39301
15876
41276
17686
40321
16966
5245
91167
230
53828
4352
18925
38655
16547
40706
16403
40038
17322
38230
16287
39621
16519
38788
16789
40044
54747
238
17812
37430
51358
272
54834
303
55158
285
53303
291
53993
304
57159
229
54892
232
54527
292
56164
279
52586
5634
17561
38570
16719
41243
15961
39857
16505
3976
86910
208
54446
5434
18246
37751
18153
38849
17047
39749
17063
38099
16872
37280
16213
39950
15898
37583
51991
213
18667
38392
52481
247
52959
290
55601
278
54682
656
53201
305
54985
231
56263
234
55583
683
54584
280
55460
4210
16325
39162
18280
39227
16498
39198
16523
3724
90768
210
54062
4299
17162
39750
17447
38793
16929
38860
15103
41312
16225
39393
15711
38863
16058
38966
52341
210
19698
37525
50642
251
54278
296
53804
277
55598
293
55343
304
55053
225
54968
226
56658
290
55901
279
53037
4421
17271
38228
15492
41490
16547
39209
16195
3645
88843
207
53024
5681
17792
38620
16712
40403
16913
39122
17535
37202
17654
38153
16744
38881
16725
38790
50578
212
18115
39501
50544
249
53144
290
55824
278
54509
292
55130
299
56396
224
55914
232
53641
293
55719
281
53500
4303
17222
39205
16820
40653
16080
40545
16720
4076
89465
206
55794
4220
17934
38330
17381
37826
17334
39406
16300
39836
14831
38927
16678
38842
17439
42246
53825
242
19383
37081
52616
276
53944
319
54140
311
54669
323
53947
323
54980
253
54973
264
55751
308
53545
308
52640
4374
17584
40210
17159
39987
16852
38848
16531
5815
87309
239
53711
4214
17516
40272
17046
39113
16876
40846
17491
37819
16273
39611
16583
39474
17627
38687
52148
242
18534
37877
51241
266
54084
466
55430
315
54294
319
53198
323
55936
248
53625
258
54024
314
55808
315
52984
5644
15627
40116
16634
40816
17150
38265
16441
3928
89889
231
54983
4823
18273
38301
16475
38517
16754
40654
17621
38258
17539
37632
16683
41857
16982
40067
50459
244
18621
37373
51688
266
52044
329
53951
308
55134
318
54337
327
54645
248
55624
267
53790
316
54712
312
54447
4514
18247
38148
16275
40570
17419
40355
16465
3973
89844
230
53777
4352
17531
39169
17140
38564
17286
39130
16845
40886
16950
38940
17072
38673
16464
40748
51700
239
18863
38428
50856
273
53136
318
53081
306
54185
323
56244
325
57509
251
53995
265
56033
320
54634
312
52600
4250
16808
38743
16701
40178
16397
38420
14756
3817
89017
228
53645
4387
17185
38304
16436
40773
16423
38685
15942
38059
17371
40099
17067
38988
16746
39242
50446
243
18384
38076
51366
274
53101
318
55651
311
54392
325
55066
323
55968
253
55664
264
53520
324
55336
309
53108
4440
16762
38336
17305
39833
16137
41148
16580
4176
89437
286
53960
4244
17934
38864
15828
38620
16922
40356
16923
38881
16993
38334
16341
37817
17063
40702
51347
235
18026
36952
51586
271
52016
317
53436
310
55650
318
53925
328
55955
253
54590
256
55273
326
53783
311
53957
4483
16667
39486
17336
39198
17451
38365
16853
4226
89061
233
55436
4173
17314
39751
16543
39598
16432
40208
18060
37982
16397
38699
17479
37242
15896
39232
50431
237
18578
37455
49351
271
53882
317
54091
314
54056
321
54602
326
54675
248
55542
260
55450
316
55551
312
53297
4359
17345
40801
16210
40341
17019
39387
14960
4610
89479
236
54011
4412
17232
37981
16456
40108
16286
39724
15883
37959
16838
40471
17027
39021
17243
39158
50921
244
18792
38990
51272
274
53497
324
54907
313
53346
332
54417
322
56272
250
54892
264
54175
317
55449
308
53385
4478
15577
38006
16510
40265
16433
40056
16666
3825
87190
235
55607
4363
17932
39100
16543
38133
17490
41153
16626
38590
16735
38461
18001
38601
16315
39564
51622
248
19004
37185
51386
265
52682
321
54451
315
54327
320
53957
329
55185
248
53191
258
53929
381
55485
312
53976
4402
18209
39314
16620
40203
17376
38589
17204
4216
90059
239
54053
4250
16382
40650
15954
39263
17737
38355
17339
40672
16388
39818
16458
37100
15925
39584
53647
238
19329
37442
52550
262
54738
314
54852
611
54179
326
54788
334
55846
245
53780
255
56145
315
55480
305
53416
4352
16255
39530
17144
40402
17931
39328
16949
4079
89013
240
53177
4427
17614
37949
17292
38731
16746
40755
16067
37884
15043
39470
16659
40056
16803
40311
51090
239
18578
39439
51075
265
52564
315
54972
308
54582
318
53151
329
57408
248
55570
259
53243
319
53768
316
51204
4395
15397
38398
16577
38637
17404
41132
17467
3837
88147
341
55337
4170
16922
40036
15867
39005
16826
40185
16416
38755
17217
37741
17057
37037
16162
40172
51380
244
19102
37846
50857
269
53085
330
54826
318
54154
327
52503
331
54972
262
54594
261
54704
329
53596
311
53627
4355
16251
96289
35883
52354
25686
51813
24144
7085
115112
530
72381
5624
26362
46773
24319
47713
22433
49604
22202
49259
22806
46922
21785
46793
22060
45871
63080
436
25597
43286
62237
449
62942
685
65901
288
65291
670
64341
323
65609
439
65365
451
66201
298
63655
647
62383
4101
22798
43031
18878
44316
18645
43589
19132
6683
99602
220
58110
4434
19592
43032
18443
43331
19925
42759
19538
40191
18891
41890
18944
42319
19006
43355
56906
426
20471
40880
57071
254
59637
312
60683
287
59147
1011
61064
572
60776
229
58289
442
59078
302
57827
286
58865
4166
16789
42495
19551
44122
19331
43301
18180
6732
94597
214
58138
4996
16831
42380
17901
43497
19201
43690
19687
43148
19054
42594
18896
40552
19491
43939
57279
222
21230
42046
56074
261
59298
316
60994
279
61163
660
61418
321
56116
238
57122
254
56772
310
59126
299
53686
4949
17761
40840
18702
42586
17341
41057
17723
4924
96246
237
56247
5619
16325
41830
17773
42244
17015
42741
16431
40992
17253
40485
17477
41271
15726
42570
55275
565
18826
39694
54310
631
55764
345
57297
317
56898
664
55939
340
57651
583
55896
616
57814
642
58058
637
56016
5038
17550
40909
16852
42562
15980
43589
17262
5489
93277
556
54941
5645
17310
42283
18526
40337
19359
41811
18622
41093
19132
39796
19335
40043
18992
40992
54135
245
18550
39609
53379
280
54983
351
56764
328
55720
337
54639
339
56003
264
55847
270
56720
336
56697
327
53958
4471
16376
40073
16007
42158
16628
41354
16472
4512
90811
242
54370
4381
17491
39914
16646
40655
16859
41341
16539
40435
15794
41118
15452
40297
16721
40507
53004
246
18088
38528
52091
284
53082
350
56147
319
56033
332
55961
354
56822
265
55562
272
56342
329
55142
321
54439
4428
17525
38786
16606
41557
16356
40839
15901
3701
91870
241
54583
4439
16632
40521
16550
39642
16685
41305
16380
39728
16571
39732
16447
40066
15819
39920
54153
246
18177
39368
52079
284
54330
349
57133
324
55974
341
55868
355
56134
259
55175
267
55417
333
56087
324
54151
4553
16879
40083
16080
41515
15975
41520
16484
4567
91124
235
54665
4322
16110
40483
15963
39700
15733
40761
16348
38936
16119
39973
16015
39123
15360
40772
53485
252
17946
38444
50182
291
54208
347
55607
320
55195
333
54622
347
55855
264
54839
263
55877
331
56063
322
52939
4447
16420
39544
15199
40897
16162
41361
16646
4508
92625
242
55645
4371
15934
41047
15885
40028
15198
40951
15618
39051
16397
38793
17486
45773
16950
43881
57513
246
19323
42074
55405
283
57059
338
58548
318
58772
342
59359
348
59002
268
58740
268
58634
324
58488
321
57893
4027
17811
41932
15873
43152
16679
42329
16849
3687
91464
231
56145
3834
18420
39631
16164
41235
17133
42192
16474
42678
16358
41310
17874
41811
17992
41555
54094
239
18984
40071
53578
281
55538
340
57870
318
57077
331
56515
343
57924
260
56529
265
56903
322
57777
308
56897
4248
17193
41205
16856
41931
16694
42720
16930
3635
91221
234
54604
4176
16897
41911
17277
41487
17264
42653
16494
42221
17425
41184
17242
40458
16770
41962
54904
241
18416
41109
53287
271
56060
332
57288
310
56233
325
54641
331
57531
251
53480
267
55420
324
55938
318
54963
4452
16791
41608
16923
42036
16044
41376
16648
4316
92402
230
53861
4347
15589
42581
17219
40658
16710
41527
16568
42470
16520
39419
16645
40519
16426
41229
54519
239
17853
38651
52097
271
56134
330
54119
314
55681
328
55649
338
56034
252
55269
270
54784
320
56306
315
53452
4212
17191
38338
15858
41692
16179
38726
15235
4421
89484
231
54729
4184
17092
39473
16861
40635
15966
42466
16822
41041
15470
40447
16236
40352
17978
40547
51368
248
17943
39816
53277
262
55041
322
56460
311
56482
320
55696
333
55210
247
56463
259
55546
316
54833
305
54210
4402
17055
40098
16863
41589
17561
40008
16938
4770
87795
228
54771
4475
16123
40884
16527
41597
17381
41806
16922
39438
18213
39690
15649
39842
17008
40756
53184
237
18394
39682
51628
264
54633
332
54484
309
54917
324
54957
327
55353
245
55532
262
54847
314
55675
314
53210
4568
17576
39697
18095
41645
16448
41462
17088
4841
90677
229
54921
3668
17994
40306
17162
40608
18307
40025
15924
40495
17223
38425
16857
39184
16693
40137
53575
240
19410
37890
54060
265
54416
324
54375
305
54376
318
56077
440
55471
245
54074
266
57080
319
55213
305
53560
3853
17877
39266
16630
41524
17459
40858
16180
4497
89272
231
52715
3741
18598
40069
15959
40060
16708
41371
17263
41213
16647
38632
17052
40282
16668
38701
52957
241
18906
39019
52111
264
55244
325
56318
307
54739
319
54878
430
57788
247
55288
259
55088
317
53983
305
53746
4312
16590
39099
16893
40481
17015
40179
17336
3558
91371
233
53904
3622
17726
39677
16922
39520
17409
40355
15601
38951
17358
41271
15998
40483
15436
40175
54246
240
18668
38656
50747
262
54515
323
53369
309
54748
319
56174
331
56418
255
55143
258
56563
311
55225
309
53127
4613
16828
39529
16541
41310
16954
40147
17123
3592
90493
265
54978
3602
18143
41363
21124
40782
17595
40345
17422
39567
17157
39730
17720
39242
16967
41230
53157
238
19518
37942
52156
265
54258
321
54138
314
54578
319
55318
329
55166
247
57178
254
55321
324
56278
311
53671
3769
18595
41355
16644
42148
15847
41130
16821
4586
89131
230
55852
4499
16248
39275
17074
40024
17109
42407
16862
39120
17703
39857
17588
41661
17040
41016
51970
237
19589
39443
51500
259
54550
326
54398
313
56081
326
54496
323
57131
246
56375
263
56355
318
54912
309
56154
4327
17180
40574
16092
40128
15742
40368
15749
3638
90641
228
54660
4525
17533
39682
16365
40389
17567
40576
17518
39386
17273
40770
16856
39384
17746
39976
53880
235
18021
39055
50627
268
52865
320
54616
319
53850
317
54598
330
55242
251
53451
256
54293
322
55266
308
52752
4372
17329
38281
15851
41285
17806
39046
16169
5253
89486
301
55101
5458
17006
37916
16843
38130
16952
40891
15972
38510
16366
38681
16189
40534
17167
38222
50530
235
19860
37623
51734
264
53511
325
53571
312
54459
316
53164
412
53561
247
55066
269
54586
315
54181
302
52434
4427
16794
39086
16276
38431
16053
39888
16129
3733
88840
230
54670
4475
17380
38622
16747
37976
16515
41095
15909
40573
17654
38246
17065
37652
16412
41098
51354
238
19446
36711
52040
265
52911
318
54466
318
55118
315
51833
319
54702
257
54870
260
54214
315
53913
306
53728
4279
16185
39446
15577
39449
16451
38874
17388
2909
87752
229
54627
3666
17526
40387
16493
38121
15661
39140
15920
39749
16370
38103
16643
39261
16076
39073
52357
247
18210
37317
51369
265
54021
318
54471
307
55105
315
53517
318
55042
245
53740
259
54280
314
55121
304
52692
4240
15990
39660
16740
39510
15836
39112
17290
3496
89306
232
53080
3946
19442
38537
16601
39425
17764
39448
15937
38994
17224
39245
15195
39397
15492
40216
50415
239
17141
38784
51135
259
52473
316
55293
311
52679
318
53086
411
55236
255
54370
260
54694
314
53784
307
52469
4574
16540
38873
16277
41454
16145
40199
16311
4391
88176
229
53435
4377
17235
39719
16408
39355
16797
40778
15624
40009
16151
38671
16282
39074
16227
39010
51535
237
17901
39348
50208
266
53872
326
55022
311
54198
322
53478
326
54748
250
54961
258
53704
318
55077
304
55279
4242
16505
40252
17462
39262
15288
42100
16126
3750
89424
237
54821
4346
15453
41021
15831
38349
20443
40921
15435
39734
15671
38696
15978
38471
15561
41751
49393
241
18195
36957
50930
270
53393
321
54378
307
54050
319
53806
331
55241
248
55122
261
54676
320
54185
298
53638
4360
14746
39638
13581
39553
15849
38138
15616
3610
90063
229
53815
4295
15535
39084
14811
39104
15202
42144
15591
38585
16376
38710
15138
39906
14015
39199
52363
248
18320
36083
50696
257
53210
320
53941
311
53495
315
54073
323
55057
247
53265
256
53916
314
53508
306
52799
4541
16542
39225
14742
39516
15136
39450
14302
3944
88133
236
52686
4331
15508
39467
14786
37311
14806
39413
17174
39009
15239
39313
15875
39040
16087
39261
52043
237
17754
37390
50855
262
52650
317
54219
306
53325
310
53304
322
54567
249
54256
259
55908
313
54485
307
51755
4368
15218
41205
15013
39646
15852
38153
14971
5009
87527
228
52959
3994
17609
38532
15171
39833
16755
38213
16827
37813
16221
39267
15964
36789
16749
39507
50845
245
17906
36696
50840
260
52692
321
53201
316
55117
317
53207
327
54762
251
54543
263
55664
317
55358
306
52487
4579
15007
39700
16755
39497
16674
38943
16160
3925
89126
236
52822
4355
18798
37969
16980
40550
16546
38335
16021
37032
15976
38875
16459
37318
17019
37930
51184
221
17762
37679
48953
242
53172
296
53797
282
52741
301
53419
310
52855
224
52479
233
53919
292
53143
285
51143
4335
15885
39572
17472
38897
16028
38254
16222
3968
87271
422
52293
4343
17764
38523
15270
39824
16929
38361
17000
36816
16117
39276
16413
37598
16461
37497
51490
218
18526
36824
48915
234
53463
298
53718
280
51969
291
55081
306
55349
234
53490
243
55186
290
53745
283
51970
4384
16733
38608
15351
40190
15404
40899
16474
3429
89321
214
52418
5030
17362
37153
16144
38770
16862
39074
16094
36961
15547
38922
15818
36927
16652
37731
51838
216
17687
38027
50396
247
53243
298
53851
288
51907
300
53519
303
54132
220
53231
245
54497
291
54130
282
52380
4471
16804
37062
16677
39050
16421
37337
18248
3377
89546
212
52035
4337
18017
37513
15895
39745
16322
38755
16525
36899
15925
40147
17019
37246
16696
38036
50917
219
18574
36348
49965
239
54419
305
52820
280
52261
292
53414
297
54369
224
53719
232
54241
299
53549
283
51755
4204
16503
37012
15868
39160
14931
38046
16001
3648
87907
212
51945
5431
18177
37978
16734
39744
16429
38881
16871
37145
15855
38100
16157
37452
15955
37314
50989
221
18265
37227
49178
240
53804
301
53595
284
53102
295
53169
300
54896
217
52904
236
54168
288
53841
276
51852
4436
16940
37760
17223
39853
16494
38639
16038
3094
87842
424
54106
4132
17386
37500
16319
38987
15657
37643
16447
37200
16357
40335
16427
37249
16590
37798
52136
221
18346
35907
49556
242
53429
306
54249
280
52592
297
54965
303
54546
218
53318
238
54816
293
52995
284
50838
4451
16191
40083
16870
39038
16350
38117
15783
3744
86452
424
53497
4304
16330
38762
16895
39303
16360
39099
15736
37783
15953
38368
15998
38612
16707
37905
51294
218
18827
36524
49504
236
52804
303
54088
283
52372
299
55234
300
54341
224
52962
237
54183
303
53250
287
50658
4325
15151
38893
16695
39398
15770
39000
16158
3776
88344
422
51705
4200
17366
37301
16844
38564
16770
38196
16889
39135
16101
38340
16565
37501
16154
37402
52660
217
18667
36379
48594
237
53052
307
52289
279
52302
303
54018
300
55606
224
53730
247
54662
293
53356
290
51149
4403
15345
39549
16454
38726
16256
38234
16400
3588
86921
216
52421
4353
17315
37752
16048
38149
17018
38904
16578
37138
15692
38494
16656
36511
16591
37650
51312
215
18460
35946
50332
237
53749
298
52773
280
54435
295
53249
302
54044
223
53204
236
55407
296
54472
289
51305
4361
15851
39259
16271
39922
16329
37949
15636
5245
88066
211
52997
4863
17197
38262
15789
37779
17514
37866
16272
37283
15850
38255
16750
37287
17705
38647
51543
215
18068
37364
50203
241
53341
304
53262
280
53598
300
53516
304
54203
228
52957
237
55660
296
54190
280
51492
4190
16744
39701
16969
38493
16072
37848
17210
4262
87053
427
52585
4197
18054
38070
15213
38292
16725
38659
17580
37775
16258
39244
16349
37513
16808
37015
51858
219
18600
36635
48988
241
53313
300
52003
282
53329
294
53721
302
53987
228
53437
233
54453
290
54485
285
51318
4488
18841
40009
16550
38392
15706
38243
16816
4223
88244
421
51551
4251
17299
38076
16447
39290
16929
37932
17823
36853
16035
38411
16102
36880
15886
36953
51685
218
17896
38030
49455
241
53111
304
53013
279
52728
296
53777
311
53292
556
52960
240
55234
296
54298
287
51341
4412
16227
38113
16219
38440
16273
37209
14969
4815
86298
212
51956
4080
17261
37607
17439
39079
16525
37474
15591
37886
16470
37492
16880
36397
14539
39171
50873
426
20268
35836
50289
237
52462
308
52890
646
54963
294
53482
304
54216
226
53737
230
54210
290
53294
285
52089
4228
15761
39291
16040
39664
16110
37999
16619
3380
88956
212
52473
4227
16104
40560
16346
38256
16340
38861
15011
38014
16368
37093
16459
36483
17373
37187
51234
425
18065
35899
51841
240
52485
658
52545
282
53743
294
52174
663
52873
227
54431
244
52713
655
53363
284
53318
4434
15025
38575
16631
38584
17199
38064
16428
3345
86766
213
52900
4162
16602
38632
16659
37851
16483
37412
15774
38337
16746
37437
16659
37287
15783
40512
50006
213
17673
36402
50384
243
53250
303
53475
278
54750
298
52659
308
54035
228
53443
235
54473
291
53739
285
53624
4406
14979
37992
17232
37848
16059
40236
15948
4454
91441
211
53587
4243
15880
39823
16814
38022
16462
38339
16934
38732
15901
38245
16342
37159
15862
40047
51911
423
18772
36355
49833
234
52730
660
53448
282
54933
293
53436
655
55882
229
53583
244
55328
295
53798
290
52661
4226
16496
39653
15787
40533
16639
39093
15681
5443
88387
212
52465
4382
17172
38446
15681
38697
17677
38390
15597
37261
16853
37868
15859
37245
17514
38542
52287
217
18383
38198
50428
237
54022
296
53816
341
51880
316
54675
322
54643
242
52636
248
55125
312
54070
308
51706
4376
15914
40590
15973
39688
17004
38237
16209
4053
88672
229
53214
4479
17001
40024
16657
40277
17213
39177
16261
37979
16044
40090
15660
39948
16453
39221
51338
236
19021
39042
50478
266
53534
322
55839
317
53759
322
54581
322
56762
241
55029
256
53187
314
56014
304
53463
4447
17271
37628
17504
39667
17317
40554
15899
3909
89336
226
54537
4313
15252
40284
17147
38032
17088
40360
15575
38022
17217
37567
18244
37345
16548
40272
50157
439
18121
37866
52421
252
52874
313
53965
309
55169
321
53502
316
54396
445
55011
259
53073
315
55157
301
55252
4294
16079
39478
16188
39205
17037
38071
16264
3123
87908
214
54397
4202
17016
39030
17066
39299
18453
37647
16868
40123
17077
37557
16473
37519
16203
39679
51630
211
17864
37590
51439
228
51565
294
52967
276
54288
282
54050
289
54949
243
54544
247
52788
311
53364
289
51567
4209
17399
37713
16887
37889
17286
38030
16264
2913
89101
204
53513
4282
16578
39845
16432
39284
16445
38145
15788
40504
16547
37367
17024
36500
17407
38355
51205
205
18314
37381
50512
224
53278
283
53197
267
53564
276
54132
646
54954
208
53923
236
55167
282
54171
271
51398
4469
15987
40240
15849
40855
16359
38185
16624
2972
89382
203
51334
4187
15715
40811
16448
37827
16411
38956
15914
38029
16476
37587
16469
36293
16704
39078
51343
418
17935
37303
49823
225
54208
644
52976
274
53154
313
55344
321
54056
224
53882
229
54375
287
52755
274
52438
4294
15774
39986
16264
40204
16274
38179
16203
4533
88962
205
52743
4073
17617
38574
15924
39177
16334
39669
15418
38129
15798
39440
17207
37174
16333
37912
52602
207
18381
36870
50503
229
54324
288
54823
812
53607
283
54993
300
55726
212
52982
226
55415
278
54364
268
52313
4342
17380
38354
15853
40437
16330
39105
16537
3274
89299
203
52051
5442
15934
37573
16085
39617
15361
40088
16902
37441
16121
39729
16665
38065
16763
38573
51616
207
17951
38219
49849
233
52003
281
54529
270
53147
282
52670
292
54605
211
52932
226
53926
281
54815
637
51261
4390
17787
37542
16222
40374
15878
38763
16954
3358
89259
205
53015
4374
17052
38504
15637
39516
15978
39953
15758
38171
17403
37435
16941
37334
16445
37938
50274
205
18510
37616
50174
229
52455
283
54677
638
53560
314
55194
321
56574
247
53873
253
54732
290
55275
281
52336
5012
17031
38370
16341
41598
16676
39427
15564
3759
88091
206
52794
4245
16077
37609
16998
37475
15691
39431
15489
37802
17685
37786
17261
38516
16543
39102
51327
207
18438
38851
52109
220
52222
287
54179
272
52845
289
52543
290
53893
224
53359
229
52384
278
53456
271
52741
4239
16238
38524
16539
40028
16400
39712
14420
4247
88945
208
53745
4186
16109
38611
16885
38977
16206
40817
15614
38791
16500
38148
15901
38521
16569
39260
51395
208
17753
37967
52680
237
52669
295
55304
274
54177
292
51996
294
55478
218
53698
434
53252
290
52872
274
53346
4327
15867
39726
17284
39525
15449
40232
15041
3115
88186
209
54023
4229
15821
38617
16763
39290
16292
39718
15844
39207
14958
37694
17102
37939
15549
40669
51673
209
18076
38912
52759
235
52729
294
54942
269
54339
289
53091
304
54715
218
55248
228
54352
283
54100
271
53007
4232
16205
38304
15824
40002
16449
39810
16125
3254
89530
203
52890
4344
15070
40396
15829
39720
16513
39796
16407
39349
15744
38727
16392
37939
16749
40882
50761
206
18454
37411
53006
233
53930
290
53422
276
55955
287
55776
297
54371
220
54335
235
55153
285
54129
272
53997
4394
15140
39567
16235
39863
16054
38429
16113
4834
90377
207
54337
4202
16180
39141
16017
40055
15228
38687
15723
38658
16629
38582
15591
37595
15523
38255
51801
208
17260
38580
51236
229
53555
296
54733
273
53775
286
54252
301
56741
216
53211
224
55113
284
55268
278
51470
4417
16594
39768
16264
40774
15217
39249
17380
2996
89799
203
53102
4286
16982
38664
16443
39881
16106
39830
16579
38582
17116
38785
15249
38386
16933
39651
50982
207
17625
37969
49909
226
51709
297
55337
273
52568
281
52777
302
54909
216
52902
224
54762
286
55130
271
51854
4932
16320
38636
16674
40553
16075
39507
16817
3152
87916
204
52028
4260
16170
38500
16800
39091
16566
39600
15548
37613
15269
36966
15449
38839
15291
38468
51463
207
17292
38474
50226
226
51535
303
55008
274
53738
282
54604
300
54384
227
52190
227
53879
282
55103
268
51944
5101
16563
39524
16792
39949
15579
38773
15798
3350
88537
201
51488
4333
16002
38284
16625
38946
15610
39976
15033
37710
16127
39189
16056
39676
16356
39174
51547
204
17556
38569
50688
230
53143
291
54981
271
53625
284
53119
295
54306
224
55319
226
54147
279
54037
271
53242
4203
17046
39299
15477
38827
15538
38786
15690
3360
88631
202
53190
4195
16873
38337
17336
38791
16997
40570
15212
37536
16581
36887
16802
37508
15858
39090
50583
206
18188
38694
51689
233
53794
293
55039
269
53813
284
52573
302
54076
214
53074
223
53064
281
53195
273
51238
4272
15632
37917
16944
39489
15535
39980
15674
4327
89572
206
53276
4287
15066
38679
16863
38369
16173
40432
15897
37883
16457
37547
15535
38276
16361
39676
51448
206
17157
38835
50086
246
53250
295
53812
272
53653
290
53016
293
56467
216
55136
222
54646
291
51592
271
53237
4327
16766
38050
16181
39800
16367
39650
16245
3232
88976
205
53047
4315
16497
39386
16999
38512
17262
38767
15966
38970
16712
37208
16631
38500
17044
39650
51890
409
18659
36485
51926
234
52491
642
55146
631
55151
280
54450
289
55328
411
55197
223
54989
275
53508
629
53583
4338
17373
38051
16918
39264
15691
38814
16791
2775
89820
406
54246
4222
17915
40739
17180
37924
16888
38321
17188
38290
16488
37817
17303
36542
17775
39090
52516
198
17577
37254
50974
426
54472
281
54268
628
53356
636
54403
284
55022
413
54231
420
55773
282
56026
263
52639
4318
16203
40800
17488
40521
16523
39365
17230
2661
90385
206
53435
5131
17278
37984
16774
39453
16227
39165
16334
39970
16714
38081
16033
38480
16954
38306
50487
408
17943
38846
50574
223
52053
282
55346
260
53402
632
53704
647
56331
207
55505
418
55499
638
54907
631
51862
4278
17619
38607
16930
40691
16806
39252
16303
2860
89624
404
54625
4301
16356
38610
17303
38788
16963
39953
16218
37957
16993
37472
15699
40062
16066
38017
51724
408
18277
38489
51544
427
52073
640
53476
631
54843
670
52779
678
54120
447
54869
257
54013
672
54846
663
53809
4276
17722
38911
16866
39683
16748
41100
16413
2791
91613
410
53504
4278
16452
40051
17375
39630
17289
39056
16584
39852
17316
37880
16675
36987
17357
39529
53353
206
18544
38424
50846
231
54586
283
54141
633
53127
638
55487
292
54890
411
55119
419
55321
287
55188
264
53096
4350
16335
41161
17066
41022
16142
37901
18090
2866
90690
405
52978
4982
16461
37757
16943
39843
15889
39603
16985
37654
16084
39615
15775
38882
15233
39269
52255
202
18006
38866
51107
225
52611
640
54912
634
53576
281
52794
288
57611
212
53028
430
55506
280
55050
635
52244
5132
16326
38849
15382
41701
14498
40751
15610
3175
90268
410
53970
3613
15847
38612
15774
38464
15333
40472
16384
40769
16041
38279
16002
39971
14956
40501
51854
203
18400
37647
51878
232
52160
281
56008
264
55461
283
52843
639
55467
424
54226
430
53538
282
54383
636
52481
4652
15566
40812
16029
42033
15968
44955
17547
3967
91168
429
58078
4345
17075
40392
16332
38529
17341
40064
16685
38958
16266
39468
16501
38197
16197
38942
53046
421
19436
39294
51093
451
53832
683
56216
345
54312
668
56052
682
54827
441
53968
449
55171
376
56478
665
52125
4450
16439
37624
16185
42730
15245
39915
16818
3703
89614
366
53526
4291
17552
38462
18047
39141
16625
40296
16830
37241
17622
37874
17779
39342
16979
39570
51486
421
18539
38181
51857
432
53281
417
54109
671
53707
651
53508
675
55784
423
55159
453
55737
650
53353
641
55176
4183
16865
40702
16435
39485
16732
40795
16698
3842
88598
426
53319
4350
16786
39802
17496
38562
17442
39902
17100
40348
16202
39488
15466
37907
16518
40199
52331
429
18951
37642
51771
441
54598
673
56429
642
53655
647
56165
680
55911
426
54207
445
55530
654
54150
660
52806
4213
19250
39838
16516
40721
16427
38796
17941
4547
91052
430
54735
4366
17252
38253
17402
39860
16115
41037
17051
39349
17047
38450
15975
39819
15875
39376
51524
432
18181
38656
53022
441
53005
375
55482
661
52026
649
53010
678
55234
422
54153
456
54231
362
54039
657
52759
4347
16723
38306
14935
39007
15528
39552
16677
3548
88319
428
54044
4314
17983
38794
16613
39007
19008
40263
15934
39361
17548
38763
17371
37929
16941
39206
52102
425
18121
36838
52224
444
56959
657
54224
635
55482
647
53515
466
55297
443
54412
449
54700
646
55404
642
51611
4306
16811
39788
16866
41007
16465
38603
16662
4444
92624
427
53430
4339
16855
40479
16325
40083
16225
40836
16752
37920
15989
39388
16927
39391
16496
38800
53055
433
18908
39004
51494
447
53636
667
56340
640
52816
642
53013
676
57876
421
54704
607
54183
649
54882
646
53295
4323
17073
39842
16086
40977
16347
40581
16456
3994
90412
428
54638
4342
17071
39681
17430
38740
16776
40508
15982
39152
17517
38855
16762
37297
17414
41485
53602
421
19975
38079
53012
451
54148
669
54927
642
55562
646
54922
675
55037
428
55278
452
55529
647
54519
642
53026
4338
16380
39412
15472
40475
17159
39076
16291
3984
89918
429
53765
4713
16205
38865
15868
40292
16759
39811
17587
38301
16777
39862
17881
37925
16506
38284
51738
424
18810
36603
51548
442
54518
673
54518
658
53714
651
52767
668
56262
427
53997
453
53269
651
57390
642
53186
4538
18499
39628
17286
41898
16364
40010
16402
3850
89888
426
54729
4443
16192
39960
16440
38235
16857
40357
17098
38233
17378
37822
17012
38932
17489
40401
51725
421
17567
37212
52975
439
52245
676
54143
643
54937
646
53891
674
56088
424
56968
452
54590
388
53347
665
54339
4285
16443
38609
17283
41208
15959
38846
16675
5542
92883
429
52967
4311
16323
40779
17548
40450
15629
39112
16675
38640
17019
38420
17456
37960
18173
38827
52454
434
18422
37541
50689
437
54429
675
55639
645
54362
669
54663
671
55742
424
54565
445
54235
647
55438
660
52504
4236
18773
38187
18345
42013
17699
40966
15538
3818
89143
428
54752
5641
17253
40187
14764
39099
15984
41791
16540
39353
16071
37801
16077
40300
16414
39500
53186
424
17932
38812
53038
445
53270
669
54448
643
55730
651
55001
668
55480
424
55670
453
54932
650
53535
640
54431
4228
16993
40491
17435
40417
17517
38374
17051
3828
90826
428
52766
4362
16212
40643
15957
40575
16588
39107
17705
38061
17474
38765
17382
37300
17815
38310
52971
434
19106
37974
51720
445
55016
672
55622
642
54435
644
55284
667
56467
432
54230
443
53408
652
55144
879
53143
5183
16967
39283
16843
41471
17855
39418
17731
3755
89788
233
54459
4272
16857
40517
17693
39276
17477
40971
15660
37195
17471
37933
18225
38001
17434
40358
51801
437
17983
37244
52774
447
53331
672
55474
661
55833
662
55429
409
55313
443
56065
450
53589
417
54939
657
52904
4234
16809
39293
17146
39969
17222
37939
16827
3778
90426
428
52906
4333
16318
40730
17387
38785
17485
40353
16058
37898
16017
39922
16661
39523
17827
38616
53505
422
19033
37652
50467
438
53746
675
55053
644
54205
645
55589
671
54968
443
52699
433
53709
647
55407
658
52743
4215
17732
38429
16781
41447
17665
39895
15731
3737
90154
375
54268
4284
17708
39452
18410
40078
16206
40820
17254
40343
17388
38028
16244
38446
16909
39550
51951
421
18372
42337
53231
443
53401
666
55353
643
56165
650
55275
676
54890
438
55254
452
54003
670
56642
646
52170
4185
18024
41045
16688
41476
16992
38808
17472
3990
90148
432
52736
4771
17135
39022
16507
39299
16916
38900
17411
37351
17217
38920
16550
38596
17472
38700
54525
422
19489
36948
51787
439
54133
678
55452
641
54217
651
52048
682
55795
423
58600
450
55441
660
58286
638
54122
4231
16300
38024
16953
39979
16275
39974
17032
3938
88435
415
54449
4099
17910
39811
16875
38470
16421
41038
15676
37194
17029
37492
16889
38252
15719
40121
52116
421
16850
37643
51320
454
53071
668
54482
640
54981
664
54277
673
56281
425
56966
452
55001
646
54114
689
54947
4358
17224
40705
16051
39990
15627
39971
16744
4484
92862
428
53927
4288
17064
39166
17294
40434
16459
39990
16724
38834
16791
40106
16362
40448
16474
40876
53884
422
18361
37569
51993
270
54486
671
55649
641
54337
645
53244
671
56391
426
55381
442
57367
648
56411
640
53901
4220
17541
39332
17616
40211
16449
42073
17001
4287
90827
427
55325
4257
17548
40110
16938
40202
16318
40142
16946
41645
17222
39589
16532
40237
16385
42056
51736
439
18632
38060
51303
434
55202
476
55501
660
54636
646
55304
435
57287
443
55099
446
56279
673
55262
649
54035
4185
17800
41144
16869
42280
17011
41031
16931
5040
90807
428
54044
4284
17775
38526
16002
38901
16295
41519
16016
39189
16926
38502
17696
41293
17437
38894
53420
417
19041
38739
52299
282
53384
674
53607
791
55636
689
56034
673
55796
432
56077
448
54925
664
55021
643
55677
4383
16684
41812
17808
41115
16125
41082
16890
4616
88357
428
52830
4838
17411
39748
16351
40449
17825
41273
17447
40490
17969
40412
16411
38183
16577
39989
54112
419
17836
40431
51003
443
52798
676
55839
658
53259
665
55537
666
57124
429
56060
456
54001
650
55556
640
53564
4241
17278
38856
15965
40985
16200
42327
17148
4240
90764
427
55731
4378
17099
39756
16142
39361
16709
39208
16185
41658
18054
40007
17467
38495
16809
41657
52591
434
18859
38469
51546
440
55373
673
55964
641
55014
648
56499
667
56038
427
55121
458
56514
657
55787
638
53873
4291
17945
39849
16607
43662
17011
41057
16128
4449
90616
429
54483
4221
16992
39441
17793
39997
17604
41398
16123
40374
17480
40326
17652
38880
16111
41571
52503
423
20163
37686
53114
450
53268
681
55296
640
56736
647
53488
674
56528
423
56155
448
56967
656
55487
635
53631
4354
16755
40576
16230
40324
15622
40852
17834
4199
90609
429
54083
4291
17225
41105
17558
40444
17139
39739
16173
38781
17085
38941
15970
40038
17018
40248
52181
432
18760
41032
53269
437
55180
Xput: 36285
