20990835.714286
19606024.285714
20117945.238095
19995924.761905
20235549.047619
20584822.857143
19990969.523810
19277794.285714
19720849.523810
18745950.000000
19748498.095238
21841342.857143
21651588.571429
23031442.380952
23294160.000000
23181388.571429
23705403.809524
23912613.333333
23651269.523810
22609638.095238
22314170.476190
22023217.142857
22905127.619048
23807209.523810
24717781.428571
23812775.238095
24428579.523810
23950455.238095
22618975.238095
22181561.904762
22309695.238095
22719834.761905
24110278.095238
23924188.571429
24075601.904762
24205001.904762
24418290.952381
23596931.428571
22574527.619048
22599052.380952
22944563.809524
23285777.142857
24557321.904762
24642293.333333
24312009.047619
24675489.523810
23865051.428571
22814624.761905
22231822.857143
22177967.619048
23475474.285714
24749687.619048
24457527.619048
24622761.904762
27096977.142857
27172041.904762
25655998.095238
26489337.142857
23798651.428571
24486323.809524
26726951.904762
27266699.047619
26706845.714286
26561177.142857
26446390.476190
25096140.952381
25291682.857143
26270758.571429
24283565.714286
25024641.904762
26647991.904762
25773293.333333
26532820.952381
26596227.619048
26671857.142857
25240508.571429
24107820.952381
24280245.714286
25072619.047619
27272518.571429
26959775.714286
26773428.571429
26968081.904762
26756344.761905
25296899.047619
23998253.333333
24156790.476190
24073925.714286
27714609.523810
26826447.619048
26527983.333333
26500300.952381
26373342.857143
25297255.714286
24164394.285714
23353876.190476
23575257.142857
25077553.809524
25828047.619048
26115274.285714
25972032.380952
25844003.809524
25689171.428571
24805580.952381
23657571.428571
23372801.904762
23968074.285714
26087952.380952
26194649.523810
26141066.666667
26068392.380952
26609415.238095
25439889.523810
24694168.095238
23672750.476190
24190929.523810
25192127.619048
26650415.238095
28607640.000000
26057127.619048
26181264.761905
25500074.285714
24647871.428571
23832946.666667
23651184.761905
25047845.238095
26082361.904762
26269539.047619
26517275.714286
25937034.285714
25926506.666667
24894961.904762
27118491.428571
25528011.428571
25943526.190476
27825260.952381
27852735.238095
28154480.000000
27908925.714286
27649702.857143
26346537.142857
25445268.571429
24833456.666667
25103653.333333
26472610.000000
27429325.714286
27412546.666667
27413384.761905
27174175.238095
26959575.238095
25154733.333333
24775411.428571
24595811.904762
25315743.809524
26841673.333333
26503241.428571
26796902.857143
26465083.809524
26829860.952381
25563927.619048
24347971.428571
24872988.095238
24643449.523810
26406607.142857
26794290.952381
26775784.761905
26727009.523810
26689449.523810
25902524.761905
24995853.333333
24184863.333333
24333476.190476
25145573.333333
26906161.428571
26551925.714286
27114192.380952
26813217.142857
26912087.619048
24995445.714286
24314916.190476
24073651.428571
24448217.619048
26533601.904762
27022659.047619
26895245.714286
27171991.904762
26604851.428571
25749683.809524
25302927.619048
24642407.619048
25107167.619048
25819007.619048
26741721.904762
26702036.190476
26902584.761905
27003641.428571
26220316.666667
25030942.857143
24669008.095238
24072224.761905
25256533.333333
26685535.238095
26717161.904762
27302755.238095
26777518.095238
26611767.619048
25886939.047619
24826588.095238
24546337.142857
27152447.619048
26779040.000000
26788535.238095
28399462.380952
26952457.142857
26927308.571429
25607790.476190
24549064.761905
24152120.000000
24577529.523810
25439005.714286
26972437.142857
26576327.619048
26706455.238095
26464526.666667
26325718.095238
24937807.619048
24186614.285714
23844373.333333
24840420.952381
26744121.904762
26187139.047619
26379980.952381
21522362.857143
21415925.714286
21972371.428571
20431556.666667
20516888.571429
20524522.857143
21204555.714286
21210188.571429
22189922.857143
22703775.714286
22545832.857143
20909290.000000
20817798.571429
20956804.285714
21285395.714286
21017372.857143
21385681.428571
22104688.571429
22176848.571429
21554238.571429
22025887.142857
21854392.857143
20876191.428571
21710744.285714
20478981.904762
20596357.619048
21340885.714286
21964224.285714
21737827.142857
21430501.428571
22107575.714286
20464930.000000
20538551.428571
20639397.142857
21121905.714286
20687206.190476
21561155.714286
22989736.666667
25290691.904762
25292020.952381
25638961.904762
24906024.761905
25022573.333333
24981900.952381
25126220.952381
26300171.428571
25767377.142857
25575422.857143
25365192.380952
25259033.333333
24654215.238095
24733615.238095
24406830.476190
24774428.571429
26189455.238095
26356354.285714
26475887.619048
25962129.523810
25608333.333333
24918986.666667
25695493.333333
25439995.714286
25380859.047619
25526529.523810
26717426.666667
26997751.428571
25625445.714286
25362969.523810
25558207.619048
25236017.142857
24677929.523810
24611758.095238
24691944.761905
26271190.476190
25708306.666667
26440335.238095
25578907.142857
24843085.714286
25012209.523810
24402415.238095
24751480.952381
25016502.857143
25555895.714286
26086407.619048
26408344.761905
25515977.142857
25089577.142857
24875036.190476
24939727.619048
25201950.476190
24815280.000000
25470831.904762
26462231.904762
26172034.285714
25334104.761905
25198756.190476
25200683.809524
25414076.190476
24886021.904762
24627666.666667
25258217.142857
26721222.380952
26655845.714286
26220859.047619
25525651.428571
25112478.095238
24865851.428571
25023251.428571
24688483.809524
24981870.476190
25089935.238095
26435220.000000
26780786.666667
25665449.523810
25356417.142857
25443177.142857
25006361.904762
25058834.285714
25086239.523810
25047779.047619
26382824.761905
26288851.428571
25627245.714286
25282859.047619
28500108.571429
27126950.476190
26679718.095238
26018554.285714
26410556.190476
28025809.523810
27978099.047619
28233914.285714
27597820.476190
27048565.714286
26175000.000000
26858306.666667
26515843.809524
26647000.000000
27547897.142857
28671304.761905
28706493.333333
30566100.952381
28885061.904762
28554939.047619
28564013.333333
27333394.285714
27071356.190476
27973410.952381
28913720.000000
29600718.095238
29805444.761905
28029363.809524
27679910.476190
26776605.714286
26512992.380952
26572826.666667
27587198.095238
27206504.761905
28218384.761905
28683259.047619
27859720.000000
27247017.142857
27002847.619048
26835860.952381
26728080.000000
26474228.095238
26748697.142857
28291287.619048
28185390.476190
27036628.571429
27105744.761905
26680965.714286
26472720.000000
26221297.142857
25944487.619048
26207794.285714
27830390.000000
28076500.000000
27514971.428571
27094582.857143
26507752.380952
26290554.761905
26044093.333333
25761933.333333
26609494.761905
26627011.428571
27731946.666667
27605382.857143
26726516.190476
26215718.095238
26281771.428571
26174384.761905
25703918.095238
25574139.047619
26144201.904762
27794350.476190
27464394.285714
26409706.666667
26453270.476190
26109832.380952
25401826.666667
25644020.952381
25465935.238095
26249363.809524
27540279.047619
27286232.380952
27661192.380952
26362773.333333
26461333.333333
25927571.428571
26312870.476190
25966954.285714
25899401.904762
26351573.333333
27293724.285714
26735641.904762
26061702.857143
26301254.761905
26199852.380952
25817013.333333
25302001.904762
25183739.047619
25479161.904762
27269668.095238
27367438.095238
26794222.857143
26295546.666667
25945019.047619
25641899.047619
25519950.476190
25746935.238095
26297112.380952
26232933.333333
27225900.952381
27285430.476190
26285257.142857
26303447.619048
26060758.095238
26245761.904762
26202909.523810
25904119.047619
26443862.857143
27544468.571429
27886464.761905
26395548.571429
26632716.190476
26166782.857143
25820009.523810
25834938.571429
25516281.904762
26031864.285714
27885064.761905
27458160.000000
26971887.619048
26623180.952381
26385834.285714
26080186.666667
26836469.047619
25815392.380952
26274918.095238
26745640.000000
27573312.380952
27549584.761905
26748552.380952
26112068.571429
26108708.571429
25671156.190476
25682857.142857
25527868.571429
26629267.619048
27837400.000000
27578620.952381
26605796.190476
26622055.238095
26191201.904762
25605735.238095
25599971.428571
25493460.952381
26065192.380952
27362954.285714
27484744.761905
27311188.571429
26692392.857143
26194530.952381
25689331.428571
26143508.571429
25892051.428571
25933224.761905
26192718.095238
27600520.476190
27805977.142857
26754950.476190
26514647.619048
26600729.523810
26198480.000000
25702114.285714
25660868.571429
25830561.904762
27801912.857143
27715085.714286
27725847.619048
26400337.142857
25973074.285714
25508580.952381
25636683.809524
25374563.809524
26163758.095238
26259430.476190
27392561.904762
27577851.428571
26092527.619048
26356830.476190
21269392.857143
21724220.000000
21962191.428571
21227875.714286
23791720.000000
23230455.714286
22814872.857143
23416797.142857
22201242.857143
22994902.857143
22683685.714286
22603008.571429
21666098.095238
23005503.333333
23087931.428571
22628634.285714
22160225.714286
22379882.857143
21999715.714286
22203675.714286
21104617.142857
22217184.285714
25925582.857143
27103664.761905
27020554.285714
26644672.380952
26573342.857143
26645984.761905
26116228.571429
25656813.333333
25316500.952381
25135874.285714
26883718.095238
27276140.952381
26991478.095238
26000775.238095
25957810.000000
26343775.238095
25626259.047619
25600219.047619
25102046.190476
25957100.952381
27070902.857143
26977525.714286
25886878.095238
25916720.000000
27062445.714286
25643384.761905
25280020.952381
24876504.761905
25820838.095238
27615931.428571
27370794.285714
27328438.095238
26392066.666667
26582123.809524
26508830.476190
25345497.142857
25701325.714286
25343040.000000
26784744.761905
27395017.142857
27218594.285714
26205594.285714
25898826.666667
26231411.428571
25855931.428571
26056489.523810
25214038.095238
26265400.000000
27732744.761905
27624630.476190
26550847.619048
26675159.523810
27598377.142857
26150921.904762
25998880.952381
25267260.952381
25326641.904762
27244751.904762
27045708.571429
27198752.380952
26640953.333333
26253268.571429
26352266.666667
25786259.047619
25453102.857143
25422139.047619
26286335.238095
27206220.952381
27162826.666667
26202817.142857
25875350.476190
26701312.380952
25711876.190476
25534142.857143
25193655.714286
26305262.857143
27287377.142857
27631594.285714
26624257.142857
26132040.000000
26320066.666667
26352428.571429
25882910.476190
25445487.619048
25720460.000000
27192827.142857
27240118.095238
27129112.380952
25907784.761905
26151266.190476
26260518.095238
25685003.809524
25412832.380952
25086241.904762
26231355.238095
27005586.666667
27003234.285714
26069626.666667
26131459.047619
26627539.047619
25882047.619048
25260198.095238
24633462.857143
25390361.904762
26362485.714286
26840097.142857
26792365.714286
26002925.714286
26349615.238095
26335594.285714
25435899.047619
25833508.571429
25135485.714286
26462529.523810
27063373.333333
28094540.476190
25927300.952381
25558116.190476
26015880.000000
25984348.571429
25612900.952381
25081887.619048
25927641.904762
27009201.904762
26987329.523810
26250868.571429
25622847.619048
26855664.761905
25634363.809524
25375880.000000
25123281.904762
25025620.952381
26540483.809524
26539592.380952
26775102.857143
25929215.238095
25807859.047619
25825112.380952
25343281.904762
25579805.714286
25120643.809524
26125201.904762
26997729.523810
26778013.333333
25962704.761905
25673447.619048
26247022.857143
25681440.000000
25553607.619048
24848295.238095
25934577.142857
26926179.047619
26885659.047619
26739594.285714
26471805.714286
26488853.333333
26228617.142857
26005443.809524
25550316.190476
26255227.142857
27808525.714286
28470154.285714
27969725.714286
26843118.571429
26598688.571429
26576311.904762
25979059.047619
25706798.095238
25496196.190476
26058472.380952
27131628.571429
27080754.285714
26232523.809524
25824632.380952
27051314.285714
25792504.761905
25850872.380952
24872773.333333
26014906.666667
27953246.190476
27944337.619048
27880787.142857
25980746.666667
29683339.047619
29064417.619048
27324396.666667
27455918.095238
26838392.380952
28747232.857143
29201643.809524
29375034.761905
27736146.666667
27289577.142857
28016415.238095
27311323.809524
26778583.809524
26095561.904762
27623860.952381
29075205.714286
29746597.142857
28263740.952381
27459194.285714
28568310.476190
27375020.952381
26843758.095238
26247548.571429
26715387.142857
28727528.095238
28719436.666667
28327478.095238
27187864.761905
