43137572.857143
28709158.571429
28364022.857143
27701730.000000
28134603.809524
27499481.428571
29263052.857143
29309061.428571
27386485.714286
28172964.285714
26357049.047619
26687470.000000
29487287.142857
26564878.571429
27258154.285714
26830040.952381
28616873.333333
28278682.857143
28351282.857143
31063188.571429
27992634.285714
29062890.476190
30325280.000000
28671128.571429
28775659.047619
29556033.333333
28231770.476190
28985207.619048
28774276.190476
28664306.666667
29069093.333333
28425490.476190
30507615.238095
27874327.619048
29143768.571429
28384551.428571
28321028.571429
29002960.476190
30109838.095238
28969075.238095
28022961.904762
30160277.142857
28142563.809524
28562894.285714
28631444.761905
28249186.666667
28926533.333333
28486257.142857
28059666.666667
30216465.714286
29217048.571429
27888880.952381
28757519.047619
27861882.857143
28917057.142857
28315994.285714
30452355.238095
27983290.476190
28748420.952381
30318468.571429
27880816.190476
28661450.476190
28554524.761905
28647512.380952
30142487.619048
28521789.523810
28541094.285714
28931800.952381
27943898.095238
28916344.761905
28408660.952381
28817684.761905
28682162.857143
30212414.285714
29672960.952381
30172374.285714
31184176.190476
29544289.523810
29394910.476190
29493832.380952
29313145.714286
28676296.190476
27393899.047619
27761556.190476
28560741.904762
30161742.380952
28151511.428571
27854744.761905
30283069.523810
30109147.619048
28465115.238095
28511967.619048
28921900.952381
28060526.666667
28293314.285714
30144659.047619
28701240.952381
28784448.095238
28348724.761905
28790051.428571
28627862.857143
30046368.571429
28410372.380952
28436288.571429
28229443.809524
28941098.095238
27832157.142857
28570720.952381
28228852.380952
30679825.714286
27780187.619048
28593740.000000
28142454.285714
28612442.857143
28033620.952381
28542363.809524
28679750.476190
28261450.476190
28603073.333333
28929963.809524
27982631.428571
28512266.666667
28499827.619048
28319153.333333
28987436.190476
28890463.809524
28370563.809524
30499928.571429
32083276.666667
27744412.380952
27732869.523810
29304935.238095
28990860.952381
27615581.904762
30520504.761905
28051013.333333
28468051.428571
27922377.142857
28203175.238095
27719860.000000
28520335.238095
27861795.238095
28558502.857143
28201843.809524
28726458.095238
28082274.285714
29147940.000000
28609128.571429
28839040.952381
30779352.380952
28917780.952381
28938145.714286
28265485.714286
28416742.857143
27970002.857143
28649635.238095
28113471.428571
28134472.380952
28425798.095238
28588460.000000
27523051.428571
29052334.285714
27929727.619048
28454085.714286
27853097.142857
28263797.142857
27962535.238095
28704033.333333
29180193.333333
30320745.714286
27984135.238095
27623275.238095
28421484.761905
28211995.238095
28668443.809524
28339116.190476
27872111.428571
30212971.428571
28788929.523810
30742395.238095
28011843.809524
29822138.095238
30930135.238095
28490052.380952
27968978.095238
30028632.380952
28454682.857143
27436606.666667
27824933.333333
28290137.142857
28317269.523810
28541515.238095
28287830.476190
29485188.571429
27756412.380952
27078490.476190
27954279.047619
29956353.333333
28779072.380952
28959679.047619
28063802.857143
28653653.333333
28465892.380952
28192419.047619
27944857.142857
28209976.190476
27717985.714286
28323740.952381
28346060.952381
30136664.761905
28227343.809524
28429804.761905
28418810.476190
30417296.190476
27942515.238095
27926299.047619
28174369.523810
28984520.952381
28669560.000000
29083386.666667
27457750.476190
27887321.904762
29566351.904762
29844373.333333
27737330.476190
29173485.714286
31764484.761905
28560179.047619
28769276.190476
28450040.952381
28534574.285714
28614783.809524
28734334.285714
30332926.666667
28804411.428571
28582841.904762
28615686.666667
28110597.142857
29721992.380952
29980652.380952
28102679.047619
27851806.666667
29003391.428571
28355564.761905
28687199.047619
28284960.000000
28886605.714286
27973100.952381
28292249.523810
28252580.000000
28491756.190476
30272352.380952
28635976.190476
28081874.285714
30373907.619048
28684347.619048
29131815.238095
28731180.000000
28540240.000000
28894064.761905
28337025.714286
28690644.761905
28148871.428571
28587909.523810
28329199.047619
30829309.523810
27694235.238095
28167762.857143
28513379.047619
28588837.142857
29852970.476190
28574344.761905
28443892.380952
30322311.428571
28074961.904762
27759282.857143
28648695.238095
28288420.000000
29430031.428571
28129899.047619
27797535.714286
28531701.428571
28533092.380952
28403213.333333
28629916.190476
30234779.047619
27845357.142857
29964167.619048
28652439.047619
28416424.761905
28321918.095238
27940602.857143
28345845.714286
28594316.666667
26624425.714286
26591667.142857
26750921.428571
26614150.000000
25737548.571429
28456418.571429
26764221.428571
27304331.428571
27829243.809524
28360573.333333
28286945.714286
27567003.809524
28811698.095238
30039785.714286
27915040.952381
28849344.285714
27455715.714286
29707098.095238
29869636.190476
28613812.380952
28142960.952381
27605925.714286
27989077.142857
27435244.761905
27952142.857143
29207709.523810
27685788.571429
29200086.666667
28282148.571429
28599393.333333
28533481.904762
28501010.476190
28279453.333333
27765344.761905
28567059.047619
28221256.190476
28357683.809524
28057139.047619
31019968.095238
28411038.571429
28525593.333333
30856165.714286
30218286.666667
28178797.142857
28609557.142857
28364672.380952
28458843.809524
28347151.428571
28712644.761905
28433241.428571
28732946.666667
28224091.428571
30138443.333333
27951125.714286
28662988.571429
28171140.952381
28661514.285714
28412193.333333
28304305.714286
28095058.095238
29144841.904762
28344490.476190
28222086.666667
28408444.761905
28353020.000000
28024546.666667
27911293.333333
28587359.047619
28480131.428571
28478112.380952
28203115.238095
28691893.333333
30673782.857143
28400829.523810
27919180.952381
28332748.571429
30546944.285714
29676549.047619
29295759.047619
31201286.666667
30744302.857143
28734276.190476
29347052.380952
29555932.857143
29784122.857143
31912188.571429
28156134.285714
29164847.619048
27881698.095238
28441832.380952
29488262.857143
28324660.952381
28204801.904762
29242395.238095
29043004.761905
28479627.619048
28297556.190476
28005250.476190
27774648.571429
29365465.714286
30170887.619048
28096140.000000
28293825.714286
28826174.285714
28131998.095238
29748827.619048
27694662.857143
28716000.952381
30215622.857143
28180639.047619
28515566.666667
27950438.095238
28008360.952381
28807691.428571
28480863.809524
27393360.000000
28267041.904762
28098060.952381
28815195.238095
28577779.047619
28712471.428571
28319315.238095
27573325.714286
26751510.476190
28076546.666667
28302485.714286
27563859.047619
27939492.380952
28565964.761905
28548155.238095
28553920.000000
28097965.714286
28560804.761905
28334315.238095
28963057.142857
28626630.476190
28149700.952381
28539261.904762
30296332.380952
27789799.047619
30097788.571429
28651799.047619
28708829.523810
28404038.095238
28322573.333333
29287116.190476
27471974.285714
29534458.095238
29995629.523810
30219432.380952
28003851.428571
28477965.714286
28147586.666667
27520378.095238
29178291.904762
28026525.714286
30108538.095238
27742239.047619
28398757.142857
29483461.904762
31057339.047619
27748781.904762
29089366.666667
28226680.952381
28662326.666667
28008027.619048
27947485.714286
29504460.000000
29990199.047619
29224500.000000
29383564.761905
28779907.619048
29418831.428571
29519347.619048
29114283.809524
28850318.095238
28365362.857143
28698778.095238
27680476.190476
30010670.476190
28280121.904762
28126521.904762
29237583.809524
30156247.619048
27522486.666667
28549472.380952
28477896.190476
29960339.047619
27811482.857143
28625166.666667
29003557.142857
27510007.619048
28101845.714286
28338313.333333
27938205.714286
27633089.523810
27588577.142857
28343344.761905
30132612.380952
28767255.238095
28501731.428571
28398252.380952
32362882.857143
28304695.238095
28384478.095238
28473327.619048
28109525.714286
28007467.619048
30025805.714286
28694097.142857
28333641.904762
28064284.761905
28353970.476190
27939731.428571
27571554.285714
28204616.190476
28284963.809524
28816379.047619
28439193.333333
30918971.428571
27780303.809524
28607900.000000
28827272.380952
28284408.571429
28487422.857143
28631165.714286
30272190.476190
28116665.714286
28792207.619048
28364708.571429
28052328.571429
28281140.000000
28580770.476190
28741213.333333
28330249.523810
28236614.285714
28164800.000000
29270237.142857
30481452.380952
28499393.333333
27926958.095238
28600192.380952
29829357.142857
30045860.000000
28581974.285714
28296922.857143
28731610.476190
37265155.238095
33816249.523810
33097131.428571
32494721.428571
31877909.523810
32488694.761905
29520921.904762
32208750.476190
30490048.571429
30827393.333333
29441650.476190
30787811.428571
28962916.190476
30475165.714286
29039880.000000
28693671.428571
29861659.047619
28228854.285714
28321495.238095
30212626.666667
28548080.952381
28013246.666667
28227565.714286
30546152.857143
29415646.666667
29391482.857143
28681230.476190
29317789.523810
27793562.857143
27728614.285714
28167468.571429
27845747.619048
27968432.380952
27792970.476190
27813564.761905
29857320.000000
28406971.428571
30336548.571429
27640200.952381
29471000.000000
27542739.047619
28288341.904762
28243922.857143
28230082.857143
30138817.142857
28154972.380952
28009126.666667
28018880.000000
27598714.285714
27939038.095238
27947057.142857
29057195.238095
28059990.476190
30093387.142857
29092518.095238
29735476.190476
28311123.809524
28688184.761905
30401545.714286
28700455.238095
32427674.285714
29536312.380952
28448636.190476
31138621.904762
30226575.238095
28466848.571429
29778881.904762
29696106.666667
31109140.000000
29705172.380952
28260924.761905
31172522.857143
28309847.619048
29595009.523810
28273793.333333
28856527.619048
28638480.952381
28699794.285714
28714163.809524
29615371.428571
31281613.333333
28889655.238095
31134459.047619
28229435.238095
28497695.238095
28324251.428571
31287217.142857
29220396.190476
29293433.333333
31356612.380952
28523296.190476
31546255.238095
29590799.047619
29692898.095238
29192677.142857
28335346.666667
29684485.714286
29291289.523810
28630798.095238
29141576.190476
29430804.761905
28476180.000000
30047144.761905
28533362.857143
28509849.523810
29855785.714286
28636861.904762
29412446.666667
27946073.333333
28600021.904762
30405713.333333
30838987.619048
29360073.333333
28452898.095238
29210563.809524
28274553.333333
28229080.952381
28490860.000000
30968007.619048
27699507.619048
28558713.333333
28589521.904762
29608649.523810
28676299.047619
28302232.380952
28745016.190476
29598733.333333
28411744.761905
28231135.238095
29587047.619048
29406078.095238
26653835.714286
28517318.571429
26520501.428571
28573755.714286
26537533.809524
27452184.285714
29664208.095238
27216815.714286
27975950.000000
27551870.000000
26324840.000000
26705608.571429
26855895.714286
27865337.142857
28982911.428571
29187831.428571
28468726.190476
27786491.428571
29355667.619048
27381873.333333
29425756.190476
28114342.857143
28833051.428571
29215976.190476
30390734.285714
28373880.000000
28209415.238095
27886094.285714
29314642.857143
35228956.190476
31578502.857143
29870062.857143
29770649.523810
29499273.333333
29575242.857143
31940451.428571
29706251.428571
29099066.666667
28340011.904762
30917367.142857
29244499.047619
29327147.619048
28113420.000000
28886887.619048
28813084.761905
27636146.666667
29499076.190476
28426671.428571
28134560.000000
28060441.904762
29815507.619048
28368753.333333
27973349.523810
27887993.333333
29633877.142857
31513194.285714
30191205.714286
29840679.047619
28752622.857143
30294448.571429
29501353.333333
29062248.571429
29151024.761905
28521384.761905
29287620.000000
28204459.047619
28601347.619048
28307855.238095
28526492.380952
28156496.190476
28883665.714286
28200610.476190
28088000.000000
28225946.666667
28103343.809524
28826415.238095
27642813.333333
27823160.000000
28371807.619048
28253540.952381
28018660.000000
28021953.333333
28197416.190476
28902852.380952
28875937.142857
28100391.428571
27599259.047619
28521389.523810
29907217.142857
27895833.333333
29321713.333333
28459994.285714
30251483.809524
28672432.380952
27902031.428571
29254745.714286
28783487.619048
28779426.666667
27884560.000000
30249240.952381
28463895.238095
27682992.380952
28827834.285714
28466055.238095
29483067.619048
28617780.476190
27998305.238095
28372924.761905
28157854.285714
30288495.238095
27597064.761905
30195772.380952
29201878.095238
28537168.571429
28628471.428571
28562133.333333
28343954.285714
28030557.142857
29294912.380952
28317060.000000
30020251.428571
30973142.857143
27475808.571429
28065345.714286
28523571.428571
28490811.428571
28043687.619048
29311789.523810
27876423.809524
27776468.571429
28481517.142857
28470535.238095
27736021.904762
28006750.476190
28215536.190476
28007693.333333
27715469.523810
30009060.000000
27815029.523810
28091215.238095
28667935.238095
27879742.857143
28940525.714286
30072424.761905
27951979.047619
28248387.619048
27773760.952381
28241620.000000
28486155.238095
28122936.190476
28513293.333333
28208997.142857
27645940.952381
28377967.619048
28214106.666667
28414538.095238
28531327.619048
28547994.285714
27634854.285714
29584750.476190
28155478.095238
28206440.952381
29784196.190476
27822178.095238
28572175.238095
28048506.666667
27588880.952381
28069826.666667
27740654.285714
28297945.714286
29018828.571429
29287897.142857
28529726.666667
29536802.857143
27410736.190476
28292576.190476
29228407.619048
28307126.666667
28171294.285714
27083501.904762
28073056.190476
29798492.380952
28190411.428571
28587174.285714
27715498.095238
28215600.952381
28477919.047619
28216431.428571
29639100.952381
27512064.761905
27896055.238095
29503911.428571
28686614.285714
29987705.714286
28186834.285714
28489567.619048
27978540.952381
30019092.380952
27482885.714286
28664126.666667
28309135.238095
28816791.904762
27629154.761905
28654519.047619
28408187.619048
29892276.190476
28583885.714286
30140083.809524
30121717.142857
28203850.476190
29271920.000000
28415485.714286
28004235.238095
28453694.285714
28856266.666667
28308015.238095
29409980.000000
27526970.476190
28189044.761905
28856298.095238
29428186.666667
27657262.857143
29316601.904762
28369586.666667
30061270.476190
27638418.095238
28438098.095238
28132213.333333
28129131.428571
28562691.428571
28196536.190476
28504246.666667
28272623.809524
28066648.571429
28824071.428571
27992551.428571
28088580.000000
30182292.380952
28512519.047619
27780435.238095
29934976.190476
28572050.476190
28506933.333333
28025197.142857
27906699.523810
29195843.333333
30814575.238095
28051252.380952
28021641.904762
27699185.714286
27908943.809524
28202545.714286
27717207.619048
28422520.000000
28683723.809524
28484817.142857
29440640.952381
27862693.333333
27965270.476190
27932288.571429
29770284.761905
28894980.000000
29645555.238095
28080732.380952
29006475.238095
28305360.952381
28377734.285714
28590772.380952
27586715.238095
28506871.428571
27169344.761905
28643334.285714
30363487.619048
28533166.666667
27902722.857143
28025365.714286
27521561.904762
28096180.000000
28262578.095238
29194506.666667
27508588.571429
28378889.523810
28576899.047619
28540216.190476
28010976.190476
28555916.190476
28073270.476190
