1421
675
790
820
697
593
555
706
594
580
1307
608
546
534
663
604
548
543
531
665
863
592
546
688
550
537
945
603
545
540
541
566
536
545
687
943
689
585
564
644
871
611
671
587
548
723
804
609
544
559
540
588
541
535
539
678
597
578
577
552
563
552
553
552
534
564
548
546
547
661
555
562
546
545
544
563
538
543
545
544
543
539
542
588
1106
565
548
548
547
544
543
548
646
581
549
547
555
560
539
541
544
541
546
539
538
540
594
554
545
541
543
541
540
545
538
641
563
543
544
549
544
544
545
543
544
545
540
542
569
562
560
546
545
541
545
542
544
546
648
549
542
548
538
542
543
540
539
540
540
538
540
588
547
544
545
543
540
560
555
557
544
984
567
543
564
542
542
537
540
539
537
1050
611
581
540
535
549
541
539
551
546
548
553
541
639
547
550
541
543
542
541
536
542
544
538
576
545
543
540
1041681
1073
1312
940
894
583
706
1156
736
690
1217701
1474
965
1340
1050
1052
613
574
2600
586
1193224
930
779
724
7972
1483
1153
641
1302
762
1164721
1348
778
734
612
559
690
3498
749
710
1165082
1214
1158
819
1056
627
554
587
692
743
1163930
996
1446
1088
855
558
697
596
820
2665
1150946
1313
796
960
1038
933
585
725
748
721
1191502
1477
1009
1024
1203
823
961
743
698
582
1168590
1264
918
993
843
833
830
571
1162
720
22726
1178101
1578
1077
934
1016
626
842
830
693
1202586
5677
1333
3724
978
1425
1084
1004
919
573
1212727
1459
1170
976
712
603
553
588
870
688
1203835
1694
1146
1006
865
560
704
3724
945
721
1156071
1367
1003
1101
818
662
668
704
594
1055
1167741
1069
1011
1116
857
824
794
830
825
684
1192823
1356
1061
1033
748
793
772
1071
611
569
1145194
1333
1104
888
867
797
849
1068
609
682
1173645
1700
1040
1077
984
968
801
857
593
721
1196116
1250
1097
1003
803
808
775
1057
606
550
1208919
4834
655
5221
1128
1000
989
1032
854
560
15392
1250949
5189
1348
1221
1128
900
627
721
598
1194390
1085
1029
1153
927
928
567
690
763
717
1230041
1214
1124
1010
767
764
677
563
1006
647
1177626
934
1038
1029
830
645
552
509
3252
635
1184558
1377
1083
866
829
778
856
828
1037
702
1160332
1359
936
945
854
568
884
1060
615
562
1140793
1389
994
944
1010
620
561
686
604
3124
1191713
1273
1291
1031
849
1051
606
557
1094
717
1232920
1064
1404
1083
842
657
928
1080
600
661
19234
4792
13937
1756
1147274
1015
975
1098
613
703
1186500
1929
1053
1029
787
765
710
701
589
557
14093
1172111
1624
820
869
1023
598
566
792
589
1149149
1200
1245
758
598
558
707
4694
1166
626
1156231
1433
1201
1011
1028
776
1380
795
602
552
1153273
1093
1118
1106
987
958
845
570
944
614
1149026
1155
1030
1053
699
951
1439
803
757
591
1227163
1065
1036
937
668
552
4053
740
553
1957
1180673
933
922
1035
614
703
8145
769
751
735
1183579
1730
981
1092
1119
815
703
4916
842
591
28494
1144360
1762
1039
622
4958
934
855
561
2313
1220608
943
965
725
595
698
6683
650
704
608
1220928
955
1061
949
734
607
562
5997
745
739
1180122
12740
2562
930
792
840
705
3710
932
714
1145930
1006
981
729
779
1984
632
7502
745
741
1175543
942
1043
888
744
603
557
2623
761
2236
1196168
1016
1430
762
619
8206
781
756
624
555
1194215
1359
1152
615
713
599
4169
772
795
724
1180087
1101
1289
1043
598
557
7901
784
1039
597
1219733
1361
1017
1076
615
560
689
5658
746
1066
1208433
1761
1002
892
710
7701
945
1050
600
902
34950
1167497
1274
1054
816
751
599
548
6915
889
1188294
1426
822
845
1013
946
1055
794
706
597
1207983
871
835
672
770
820
949
552
515
531
1186459
1266
957
1157
831
764
1039
772
519
1020
1207445
2303
885
1151
1055
1038
617
560
724
622
1193206
1740
1033
1021
855
899
621
1024
598
558
1245927
1284
793
1060
927
627
555
690
748
708
1214964
1584
966
1063
865
934
653
916
597
705
1235497
1549
1089
1061
822
1713
663
767
598
562
19935
11419
11433
12746
1222991
1338
1230
1065
869
557
1216576
1019
961
1019
936
1277
760
834
807
700
1166660
850
1780
947
960
1017
916
835
671
551
13980
1210989
924
1061
858
949
894
559
582
701
1135118
1408
1099
1040
816
793
899
1236
955
728
1167194
1026
1283
865
841
826
1067
825
585
666
1138368
1048
1014
1109
909
714
601
557
681
1879
1147473
1204
1124
993
1013
833
620
1059
621
553
1146195
917
1311
987
866
1114
628
562
736
599
1187451
1042
1543
1105
817
1093
918
615
681
596
24861
1149109
1132
789
1035
703
616
560
690
733
1202870
1780
1110
1091
875
566
1102
845
599
550
1174788
1894
801
625
7714
949
628
702
612
555
1202050
1297
1173
1055
866
1102
749
897
727
591
1140926
1423
1067
1040
846
956
677
902
603
550
1200633
1237
1007
873
817
800
878
1059
988
705
1121847
12095
1310
1132
1097
1335
616
703
596
565
1141647
2250
978
982
962
971
850
810
1000
614
1198795
1383
868
1137
1034
977
984
712
600
552
1158067
1889
1055
1032
863
651
845
713
595
555
1203253
1435
1153
867
1082
833
1366
732
590
666
24433
1121120
1441
988
803
1018
918
561
672
724
1200524
5404
1339
1333
1037
824
877
1120
1019
722
1196130
870
741
998
578
639
895
568
6529
885
1147363
1041
1000
1069
646
567
697
898
612
667
1193206
918
1464
882
837
848
551
552
1260
2712
1185358
1259
958
1058
836
645
882
916
624
555
1164777
3453
671
6278
1120
925
814
1163
586
738
1161691
1454
1080
1045
822
829
823
681
719
594
1196658
1145
1057
915
893
578
725
717
584
701
24264
7617
7831
7824
1127415
977
1390
753
602
559
1157789
1018
1003
1066
861
857
783
1101
733
688
24152
1137752
1197
1035
1011
920
566
729
635
721
1148564
2179
911
1095
611
5192
721
855
1004
711
1148790
1099
651
930
813
1138
789
699
592
676
1138900
1275
1104
872
831
780
882
1092
860
558
1181385
1003
1085
1338
1028
1012
770
787
875
592
1159900
1384
1007
885
821
732
870
687
1507
752
1140099
1323
1111
727
1217
1120
899
999
740
697
1153127
926
1378
1013
1590
916
1228
1027
879
560
23827
1181067
1309
1031
886
845
837
554
546
1249
1179250
1305
1256
1459
961
567
636
720
732
714
1215175
1336
1120
1032
1072
980
889
577
958
596
1172036
12306
1441
1031
837
813
786
1230
751
698
1139238
1374
970
1041
829
785
837
1027
605
679
1143389
1261
1151
852
1052
794
1154
617
613
732
1145236
1325
1129
942
845
650
1379
837
618
666
1135225
1327
1037
880
819
867
1082
957
605
674
1193073
1472
1122
1090
853
883
594
962
589
550
1167469
1036
1170
1060
1064
652
716
734
605
669
1181438
1053
1247
836
731
611
552
547
684
4429
20502
1203244
1260
1024
845
845
855
950
708
715
1201993
776
766
726
9490
844
701
775
608
559
1160144
997
1074
990
870
649
722
748
691
590
1148816
1593
824
1022
878
592
708
601
1120
582
1147879
2203
987
713
817
1140
900
563
701
603
1144150
1165
959
908
869
567
699
611
960
708
1159292
1960
1067
879
1011
823
1272
1042
717
716
1173943
922
1436
1116
831
805
886
749
701
588
1143842
4010
6810
1011
814
709
933
903
603
605
19349
1201372
1004
1081
1134
965
915
891
605
560
1191284
1097
1016
1094
826
960
993
1326
617
696
1355301
1264
1135
870
1021
960
959
938
603
690
26314
6084
1273514
899
10297
1513
1174
1027
1028
715
1294925
903
1782
1174
1140
1010
988
999
612
559
1283246
1210
1005
859
816
772
1389
1047
603
662
1254117
1054
980
987
605
702
598
556
763
1258
1278888
1083
1168
822
738
904
865
552
1061
732
1289031
1276
1090
731
878
880
694
601
924
753
1199906
1426
1501
1089
853
1146
648
754
607
553
20816
1246835
1227
1083
865
816
1521
961
1055
715
1212778
5618
1357
1309
877
816
816
1127
2258
743
1225244
1321
1147
828
1062
837
1051
623
723
600
1196265
1023
1435
1052
852
560
952
710
569
549
1193473
1179
838
905
813
811
787
745
546
537
1204682
1130
1805
1424
876
1499
639
562
697
593
1154743
1524
1105
1042
843
636
844
1069
611
558
1228924
1014
1389
895
1058
628
740
733
599
552
1256112
1089
1240
998
878
561
719
2282
594
547
1191380
945
896
1108
946
709
608
6052
776
987
1190707
1018
982
1060
898
1049
784
1680
609
686
14435
1159024
1781
872
862
719
597
5175
769
683
1147774
1022
1160
829
719
592
6358
917
690
719
1221138
1156
1275
938
1122
911
559
795
704
596
1190431
1163
1093
989
845
656
1013
957
866
676
1193026
1004
997
1076
880
836
833
556
841
1911
1197902
951
1129
1042
851
1010
1095
711
589
550
1176958
973
895
653
798
612
568
549
2901
759
1182520
915
1431
1101
866
565
1106
1372
599
552
1171316
2479
780
968
841
769
898
748
879
591
17648
13871
9180
7707
1172877
985
923
820
557
642
1193028
1131
739
986
1102
974
561
509
634
676
18852
1164550
952
1119
749
724
733
843
808
612
1174307
1219
1190
1334
1009
616
1293
761
4267
765
1147161
1136
920
1099
924
570
714
690
586
687
1199091
1130
1018
1056
874
829
832
854
651
694
1199910
1126
1248
1084
855
630
1016
1085
1002
702
1173639
2290
2582
5043
931
1070
1069
878
716
601
1153626
1236
1235
1131
902
836
783
863
691
730
1203564
783
1333
888
1193
1087
934
902
1017
595
20808
1144500
986
1136
983
739
600
553
706
606
1198493
937
1240
976
891
963
608
986
963
559
1162065
1151
933
867
715
598
564
551
687
3656
1181163
1767
1022
732
11992
1105
1373
713
1057
763
1161218
1226
924
1267
1046
600
692
597
557
856
1139105
931
1498
896
1100
629
552
556
1312
2613
1176394
1351
994
941
773
576
698
799
989
702
1179401
1467
1099
894
778
843
565
556
1014
2771
1182580
1026
1227
1033
770
861
872
931
715
588
1200771
1044
954
1050
866
1049
634
569
940
611
1210009
893
1324
2641
987
1034
820
824
946
1108
16755
1159704
1752
1014
846
710
4085
909
719
742
1175243
1259
1046
704
713
600
557
5297
886
711
1197327
1010
1307
1029
855
637
965
736
1073
732
1161456
1320
1006
1016
838
895
1137
1088
631
669
1145204
1680
876
1199
947
1050
964
896
570
691
1199418
1338
1213
940
865
738
703
600
1105
2668
1186056
1206
934
863
848
784
1124
740
594
673
1215798
1071
1453
963
625
558
688
596
983
2774
1223145
1419
1107
1058
622
572
1126
4337
745
611
18524
8919
4999
8261
1190049
1130
1021
741
600
557
1293792
1467
1058
1058
875
565
981
738
596
703
1202251
1010
1040
828
773
608
4125
767
1027
771
1210350
918
619
1078
13131
782
772
837
1097
698
1168282
1501
1133
985
867
731
696
601
967
2726
1218898
1487
1074
1160
1145
617
1113
1011
818
671
1172196
1081
1001
1054
919
887
863
825
606
552
1193179
983
1166
1126
1044
793
727
587
552
719
1165407
998
1053
1050
678
705
600
1452
1633
582
1213939
1020
973
1118
828
1046
610
712
598
555
21367
1205209
1751
1016
843
725
3958
759
994
754
1205917
1174
1137
1000
855
857
693
593
2869
853
1209936
1116
1462
800
1127
613
558
697
726
697
1181943
1262
978
1093
600
7907
769
755
606
711
1195258
1109
988
1072
894
1186
875
710
597
553
1173680
1250
1137
812
902
604
1133
1015
592
679
1161703
1076
1835
1084
624
570
693
922
596
2014
1154422
1366
801
983
951
841
574
711
977
748
1188023
1746
1648
1176
851
1010
837
758
600
6693
1213499
1245
1100
1351
846
561
842
755
599
557
1171434
1267
1005
875
929
618
951
986
602
672
19859
1202782
1048
1001
1065
1029
612
560
708
891
1215045
1253
1262
892
744
610
573
5341
939
676
1140064
1069
1301
920
863
561
688
724
723
2599
1181693
1182
1237
1048
1016
567
1090
1716
612
553
1172936
1760
1072
650
705
5843
862
1005
948
693
1172042
1221
1105
1034
849
815
930
839
918
677
1162336
897
1960
1851
805
1080
596
695
609
563
1162252
1007
1046
1059
841
707
701
728
723
2484
1206739
1149
1179
1083
840
559
703
727
717
590
16959
8132
2971
11058
1154675
941
1397
767
591
561
1170956
1615
820
725
598
564
694
598
5510
869
13337
1196329
1340
988
1051
609
560
704
601
4998
1165333
12082
1486
1010
986
1011
561
661
548
513
1176726
1524
1263
1062
878
659
827
899
597
551
1146851
956
1372
880
840
1088
1171
1078
600
667
1182299
1563
1108
1013
820
784
898
928
856
700
1181017
1517
1111
753
1018
946
1089
598
721
596
1183134
1395
1209
1048
808
1089
762
968
692
588
1226393
1245
935
899
1005
811
764
751
526
499
19195
1202469
1026
971
973
979
876
564
888
1336
1169961
914
1404
1063
843
895
713
1167
882
669
1188513
993
1231
657
748
624
1427
5134
836
696
1215029
1011
1137
934
820
782
998
1071
723
590
1197075
1192
1084
1059
604
701
599
570
548
5346
1149227
1125
1005
976
776
656
553
521
6741
1044
1148339
1054
1220
1032
880
702
701
598
1032
709
1187865
957
1336
1081
685
565
517
634
555
864
1191903
1020
973
1051
878
1279
653
556
1478
2576
1212737
888
5749
4215
1025
901
975
1014
906
684
1200228
1944
1001
639
7910
889
979
1033
617
1115
13770
1189615
1215
1188
988
747
597
554
542
1090
1168365
1390
1194
957
711
603
566
6653
743
751
1183593
1558
1083
1124
897
563
869
1076
724
586
1202331
1258
1281
1023
920
568
1079
847
632
551
1165157
1040
1224
910
719
602
554
545
955
2649
1221212
949
838
1047
896
693
552
649
568
513
1146125
1538
1533
1887
1105
1038
1032
974
840
679
1175802
1463
1130
1157
869
896
591
899
593
548
1211580
1506
1064
733
610
4589
760
1024
913
596
18377
8088
7742
7780
1163732
934
988
734
613
571
1209538
984
1284
1060
611
558
4219
967
627
736
1173208
1315
1401
879
1338
1128
1006
819
675
603
19652
10083
1186354
909
13416
977
787
747
704
703
1145712
1182
1029
1048
832
703
612
559
541
1200
1172136
1087
1061
1008
615
648
556
512
512
627
1145992
1166
1144
987
902
525
648
1068
874
619
1156517
1201
1083
1177
925
932
581
706
1028
717
1215584
964
913
991
800
759
765
680
646
998
1182237
1551
1145
1118
619
562
701
1220
1106
712
20893
1166843
1240
1279
624
718
601
5325
1092
771
1217070
1227
1137
1074
615
564
690
4464
937
688
1189775
1309
1116
1159
1063
600
561
695
3262
751
1182884
1019
1004
1111
945
730
600
6422
896
712
1164223
1241
1088
1102
855
887
703
600
1277
601
1198302
1343
1067
844
1050
621
567
543
1077
1724
1168527
1127
856
1041
884
713
600
567
735
603
1209689
1441
893
1145
1062
619
573
693
1086
754
1209333
846
1147
1073
778
663
647
560
518
3825
1153313
1045
1124
1178
929
719
597
554
945
615
1197246
1081
745
902
1061
917
602
4314
824
741
18851
1144511
937
811
777
910
601
557
3213
591
1179482
1566
1106
865
716
598
716
1024
729
1312
1203265
888
9341
848
1253
1158
1065
984
1220
728
1184839
1400
1171
1039
894
567
718
629
1296
572
1152166
1113
1105
1264
1001
610
712
597
666
603
1149082
1280
1013
1077
660
695
595
982
853
548
1129446
4416
837
717
2606
953
850
689
766
1462
1162424
1131
1245
1068
939
575
698
4531
1060
709
1175959
1300
1108
1053
951
569
866
1066
599
550
13815
1168777
983
881
611
816
916
558
542
668
1195481
1416
994
756
610
570
688
4647
919
720
20593
1192112
1375
1001
1072
880
579
885
951
710
1166282
1207
1200
746
599
578
693
4858
1036
594
1158236
1294
984
1068
918
578
1069
805
598
695
1204130
1024
1019
874
577
664
556
508
830
657
1203222
1591
1076
1072
1013
565
701
1106
3229
735
1195583
1562
1172
860
769
603
555
550
3559
742
1188499
1108
1080
1058
597
563
689
742
685
593
1178960
3259
653
4960
968
1233
981
991
820
563
15729
1202471
1386
1268
952
741
602
1035
1037
696
1242438
1014
1101
826
933
707
603
556
5476
892
1174617
1023
845
1026
706
599
557
694
4748
771
1228597
1167
772
717
12170
783
759
730
696
707
1158604
3621
999
759
1151
951
1024
1078
1052
604
1185010
1201
1140
629
712
595
550
552
680
3346
1147290
1040
1415
769
605
562
698
606
1155
2543
1126274
1167
1526
1171
1085
723
607
560
831
545
1184160
1141
1020
1080
880
865
1220
805
613
558
1191044
1612
1028
1027
907
565
1307
1077
817
701
1194481
5891
2122
953
891
785
571
1036
1744
692
17262
1164742
1280
1052
881
826
770
559
749
717
1207898
1260
1071
916
975
616
556
552
3116
1078
1171353
1178
1076
1034
817
810
1521
649
702
595
1191975
1018
1088
1089
826
1002
1015
757
599
557
1149730
1309
1012
749
1044
1011
826
969
592
670
1152209
1386
1007
1021
843
872
602
976
624
552
1192757
1515
1097
1084
990
1026
881
836
620
566
1187298
1027
866
907
797
750
790
573
554
1403
1168184
1378
1029
1075
952
1076
829
699
606
554
23905
5370
8758
8979
1162388
1013
1199
760
602
572
1168260
1595
1020
1053
834
888
695
1015
632
2156
1192265
5468
7396
903
1102
847
758
592
583
709
12762
6286
1162968
1016
1763
9060
984
1113
912
693
1187002
1888
1060
1085
874
926
1553
786
764
709
1141203
1631
1038
873
816
796
878
1158
737
708
1171935
1324
792
1083
1018
755
601
567
547
1106
1150583
1812
845
930
1002
623
551
545
1166
735
1196795
1023
1073
1107
846
726
885
937
716
601
1229020
1391
1197
1049
821
775
892
743
717
592
14189
1166944
1216
914
1020
710
606
3769
809
732
1195103
1041
1143
1059
862
560
776
969
611
551
1174027
1025
988
1087
954
817
1177
775
741
697
1216428
1279
1306
1044
882
611
1063
781
693
584
1151874
1156
1119
1059
756
915
1043
735
592
1327
1162992
1577
868
915
711
600
551
730
842
601
1165760
1333
1104
1082
924
573
1295
1080
800
559
1165308
1121
1041
893
1243
926
569
1206
1010
555
1173371
1271
1134
1069
841
875
603
555
709
597
1283358
981
903
888
738
904
753
507
661
886
1264442
1913
1006
810
1019
5464
958
861
732
673
18214
1253859
1165
1091
855
857
760
1099
875
770
1238547
911
4427
4497
683
905
1183
894
706
592
1242099
1254
895
744
12651
1017
1068
742
702
718
1260144
761
1300
906
1064
1018
903
854
1308
612
1179192
1242
1144
1041
1085
995
1016
565
761
590
1212834
1260
1094
1058
840
833
838
1500
643
554
1212527
932
1255
814
1039
924
556
674
639
1553
1207203
1300
980
1027
1159
686
598
942
616
690
1200551
928
1033
711
591
563
695
6598
758
735
21368
5388
7691
8211
1148518
1267
1105
744
620
724
1196742
6913
2707
847
1030
1124
1036
799
595
553
16470
1168480
1311
1076
1038
860
573
759
965
617
1155998
898
616
752
11756
1485
812
754
849
718
1161582
Xput: 8811
