1663
855
730
631
728
593
555
558
707
713
606
698
587
550
686
598
555
932918
11541
77324
909
843914
35813
71456
3239
896712
62349
57458
920
810584
63393
48124
899
821438
55389
69759
889
786381
102821
42938
2820
765570
45006
106315
21435
753168
25215
77807
41013
821984
34764
39752
52502
790197
63277
34131
39053
744594
95981
50957
38122
785988
89567
66642
59691
719440
44493
77053
100335
668172
78778
38815
130868
639364
91617
48486
87458
664125
83155
67949
72383
629488
79751
68038
64720
728803
67462
36703
111715
647643
80443
15276
118268
633428
73582
32115
100886
718911
17433
27565
139505
692023
43088
1388
91109
754453
40708
36309
35706
737392
28766
13464
39689
767515
34994
8526
31090
745829
73902
21726
21321
773654
59952
36097
36699
794631
44414
10658
35664
780649
44743
40708
24990
757425
49577
54014
12093
764044
32466
30392
15316
781269
38132
35600
34226
744092
91725
15780
35646
744646
61994
38712
86984
735299
38645
24285
130731
636765
107327
862
117287
615721
121274
44843
59102
662790
83631
47597
84672
630100
91632
33510
129836
577055
115992
38360
116815
638459
126280
44644
60688
675453
102235
54532
71040
682221
130174
31209
67573
675085
109900
55029
57968
693688
82693
72576
86866
623536
106116
59677
84904
670019
90182
58600
92024
621252
121849
17221
129164
610345
127679
20946
148766
603082
132677
80019
55152
593882
112633
96859
53509
610532
135360
85007
36718
619417
147273
89585
48982
615074
135016
107424
55131
594112
141649
78033
56839
612880
114973
98768
43438
594482
121393
113589
33277
643231
98678
107824
46241
634300
101433
82778
66393
651568
69184
107428
49096
674152
37582
107531
48550
665668
62139
69618
84236
665850
69510
56708
91056
656051
65169
13095
133063
660381
47931
42446
151605
675162
1955
86665
168857
624473
9665
85284
173362
612051
1846
114648
154610
656815
899
78439
175853
631508
894
88535
208006
576102
898
58258
258151
616699
1357
42449
273324
568103
886
42024
221899
633755
888
29941
233430
620753
892
6102
222402
673472
914
626
212416
698055
893
611
251042
618496
774
4939
221270
609899
904
624
227763
663243
906
607
217219
672234
912
623
207679
628301
902
718
226562
585936
880
608
319003
609695
1150
4226
265297
611802
888
18318
254418
596817
911
45163
247742
581400
902
39328
269379
567593
905
43984
289946
556761
1059
2589
344780
574884
894
52364
315860
496093
895
96153
304123
461704
907
105517
280696
425833
898
99997
321041
518067
902
72815
308529
497348
902
53908
310640
532712
911
98672
352906
458139
901
109517
304201
509483
896
85504
308552
522983
907
64286
319758
493875
879
85646
302925
475404
896
71475
306398
493295
904
124749
250229
594199
903
81972
205670
621949
1204
180836
141787
637862
921
105293
151640
641703
880
135300
137021
602858
904
136321
154978
589810
788
162589
94755
634044
899
158428
83816
639208
903
138607
96303
608509
937
128913
95834
613985
911
144768
94840
648185
904
133498
84002
695763
900
147890
64423
655337
777
127066
85169
677136
908
101906
108589
620455
906
118976
105223
665399
902
69517
119934
679841
904
93283
98489
725485
896
56196
123822
682899
892
102117
97830
745722
893
39017
127146
750471
896
28319
99923
753263
905
32631
60737
752733
903
55784
43294
754982
909
36398
101220
796615
770
32937
87395
794070
765
28667
54149
757508
896
36102
77447
738553
902
30083
85646
751085
757
10714
97683
790520
899
34242
63327
735592
889
84543
64413
747078
895
66484
98581
691970
783
57906
116019
713525
908
36026
111068
761928
891
41405
46301
753918
901
64719
39697
751758
919
58998
82788
723028
914
36760
99742
758042
953
4724
86212
814223
932
34775
61540
797623
908
58865
42232
757232
890
77975
94954
725346
887
42151
148519
663209
897
73256
136404
697650
899
74775
147238
662864
908
103410
120127
691816
899
79247
151153
645278
753
84726
136690
642618
903
77961
144927
658576
769
89048
112409
678911
905
82449
135618
651810
897
119485
95727
626254
766
111837
86046
694223
905
58077
135665
634945
771
72515
132425
614907
905
95629
133270
662174
884
95575
147880
633986
911
100663
98875
646861
893
59598
140033
653553
901
83618
169581
608330
903
138157
128020
644094
4202
68495
137590
606228
47012
55997
149045
569377
70701
38882
188092
565625
91006
33371
186065
532996
101892
38282
176830
528287
93179
37232
227653
515095
79315
38133
219079
555656
53011
39123
308309
602158
41375
44946
206003
618869
49442
85871
199614
575363
35684
68751
222466
576699
38000
41704
264432
573893
10272
25670
267607
729739
899
53837
193315
688514
898
32087
171698
670091
905
74533
141468
620126
900
77376
152948
603468
903
94544
137952
614845
898
93823
110931
669067
899
71721
150892
648505
895
83648
124980
641048
895
87697
138056
648000
904
85409
125258
686722
788
110529
118385
676529
897
78799
123320
645798
1693
97099
123452
661789
779
75645
135677
652835
896
89279
137038
640132
902
74960
139733
659825
905
71952
172525
691472
906
63354
152887
652601
910
96912
117229
678449
901
72829
145456
703032
900
72044
150873
730865
922
87762
149910
607202
770
119842
102860
670171
895
72747
142383
657970
904
80186
158266
648223
902
135398
74695
683791
1193
102343
97974
659979
901
65494
139535
620547
906
77684
162586
596427
925
88965
219289
595676
910
64609
201214
613110
774
44858
203904
615852
897
30877
223338
608595
898
34470
264095
583780
903
29063
268423
585793
900
11708
223743
656099
1165
1571
223806
631179
899
38222
255264
566312
910
28353
281670
610124
1125
3187
306175
599284
885
5577
265024
573516
898
30951
275426
598797
902
12823
316892
582285
904
2983
260052
591383
904
32585
224205
601003
910
52381
223242
585797
909
66859
231977
583084
772
34852
298633
535422
895
32487
276097
570173
885
4466
298346
598565
893
740
223367
697241
1139
3239
197688
657379
899
619
239851
662548
903
609
263836
612234
776
1147
315895
568964
930
615
282693
588585
898
607
309659
591751
894
611
312914
593520
930
4420
264222
572061
900
732
273025
558919
1376
938
294241
547181
910
611
315887
606172
910
729
310213
586050
900
620
288302
560137
887
607
267204
604957
890
1184
277834
587775
925
616
272181
590629
899
612
286619
586179
896
725
223810
653855
894
618
217232
685756
926
734
225382
664396
1065
1577
194954
651119
765
4598
223527
646102
934
725
199504
696810
920
616
261034
607434
898
625
280389
642893
899
744
330324
595490
760
752
350334
556938
798
742
295670
590461
897
629
288104
643848
945
630
282184
619066
902
610
255603
638321
899
619
221748
700537
885
612
189753
699525
900
734
185066
745727
752
2624
170183
685807
1005
3198
201164
639900
938
751
228346
706973
899
729
206960
667046
1035
3181
215355
661899
904
4583
267202
629111
909
625
231648
642783
929
740
224775
685409
901
728
211532
666620
913
624
214045
652557
912
617
214595
690397
898
611
202328
681554
909
621
236620
633258
901
611
209188
691945
923
629
188248
695838
918
730
223825
636350
904
735
212937
679839
1681
2600
192060
663095
891
615
198850
687417
972
2166
201515
764642
774
1207
208917
675544
890
614
187644
709453
927
733
197575
686774
905
615
202949
649666
906
741
208873
643246
932
2520
198632
682477
914
611
214583
654610
909
729
210316
660387
892
736
196680
669696
901
628
242732
658060
892
628
210883
618524
898
630
233177
636771
910
2218
190835
682509
893
1120
213625
666318
930
631
250730
611136
909
628
257996
645254
770
2569
271533
643011
906
611
322078
570703
905
20186
298888
591877
883
11632
296734
643657
798
5217
242692
648487
909
734
227499
629431
910
717
254729
636263
910
2638
311665
599765
899
2590
260234
598763
890
21242
200590
692372
883
32927
198146
599904
1001
68944
233823
594268
776
62068
192502
600672
907
95311
203479
579015
907
120877
191464
590098
905
121196
193273
555280
900
86252
219012
533985
897
96505
208448
551078
905
76777
215871
564127
884
70273
234620
554538
917
71962
217747
582517
912
61075
226000
616924
908
48421
228735
618727
910
36488
219120
657818
899
31582
225239
624539
897
57105
232767
596336
901
60416
226640
596193
764
84257
239144
541007
2825
78857
247520
588096
1703
24646
274796
571579
900
31425
260882
559446
908
30492
237961
625805
1004
1719
276551
632611
775
828
277028
652892
903
631
264263
623147
916
626
220477
612922
905
617
244256
627006
1369
762
239912
654274
919
726
241555
600133
906
729
279587
601749
1184
3090
216024
647588
900
611
233238
632283
1137
745
204660
648672
1667
2804
215784
639290
890
623
249600
568428
1356
732
289925
622814
873
4540
243431
609961
895
4484
295101
603887
887
612
270756
627265
898
752
239796
679643
886
746
249092
614248
765
744
237125
594583
900
612
278032
605229
777
2136
267974
604130
894
611
284944
577162
899
737
362540
574753
897
624
255835
640980
905
627
287228
597394
733
4433
300480
579602
897
630
261505
578143
892
609
244133
623982
901
737
255801
704792
772
5759
234740
687447
882
714
248841
601796
905
725
311480
611269
879
621
262885
634567
884
621
253614
608273
892
739
238806
592604
1405
626
263148
629337
893
5132
258223
592660
926
625
334832
594893
905
2279
310242
556539
914
2330
234307
682344
897
620
240525
654380
911
619
218553
631583
900
5876
257318
593128
910
11521
225565
678480
793
12343
218818
656864
907
45004
206011
624698
902
32742
216215
653971
906
37600
187265
647117
911
39448
208505
625379
905
66182
202956
616609
900
29406
271347
576734
909
10845
266115
603856
906
33705
195978
665599
894
50222
198882
639811
943
87621
194046
556965
905
84675
216537
579630
765
74021
229937
584729
768
55011
253971
600667
889
58806
225146
618959
1049
29776
215704
610485
904
78496
214619
609754
1092
62857
238469
629115
903
41984
245698
678392
897
36225
239349
638343
1031
728
217296
704009
999
624
188321
773613
1069
721
222051
655382
909
718
224779
637882
902
612
228622
672210
892
734
183216
687057
890
610
196537
684499
1070
715
200389
723570
901
714
251920
636931
881
605
198661
719426
908
2434
215506
685181
1003
2160
220525
642272
927
2636
201912
721034
903
742
172489
693842
888
627
132857
720540
909
613
163701
709921
898
720
171356
750542
1530
762
148920
826657
765
748
15534
937719
900
629
732
966535
1230
947
2203
826594
902
624
728
876700
890
947
2680
932246
891
4538
899
940052
930
729
723
872180
1636
982
744
888148
1219
744
740
928297
898
738
721
882974
910
618
739
884306
780
749
1949
856907
1149
790
702
926423
907
630
723
844969
1195
904
719
843235
914
736
734
854807
779
5782
897
809693
925
734
710
846152
1182
1002
742
863385
907
729
1107
885887
898
626
742
877900
937
745
717
885983
967
743
717
846443
1306
790
605
876789
935
730
729
891415
1511
1237
1511
924671
927
740
709
862883
923
724
606
905559
897
614
730
897136
929
902
1535
885797
1781
802
758
875126
1909
966
739
908303
927
745
716
889178
916
748
2611
851505
933
729
743
857899
1009
752
715
843727
912
615
586
869701
903
929
1744
863283
887
1119
1540
879208
Xput: 4547
