1962
884
1224
641
969
991
1024
604
883
856
648
965
726
1218
607
835
933
1025415
237472
1133
88889
101330
1128
697
933
11086
1114
30805
1220
1325925
930
59819
1217
83887
1227
87323
1205
771
15164
927
42839
792636
233253
899
115348
1166
671
241905
1216
635
4523
777
54061
883822
187914
1212
31337
779
828
298861
1908
1108
746
1033
40084
926246
162226
1230
45793
1236
103219
205921
1219
1099
4655
920
1057
1284067
1240
59974
930
46139
1210
98734
1258
656
1117
711
58763
966408
276508
1042
771
610
166263
1218
665
35996
136502
930
1019
1009365
199498
969
640
991
154778
1186
978
57753
145621
1217
934
1273739
817
1098
742
1028
21580
1285
1021
43918
1197
751
89792
1463719
1231
781
1020
13128
795
104030
1468
762
1021
603
1071
939618
222528
939
1033
909
232406
953
1232
1133
621
685
112316
949360
149232
808
1060
644
314887
1442
985
1030
754
1005
87747
1040043
922
182454
929
1041
171818
1256
641
846
222710
934
1016
1005909
180002
9160
1413
16696
1224
248172
931
22390
1218
28527
1244
1408952
1285
952
1056
616
16712
1217
671
678
160042
1112
978
1381213
1251
651
1393
758
81482
985
628
990
75180
730
1020
1445286
795
997
562
792
64038
1156
912
1866
88053
1478
47567
1306509
1468
767
994
615
854
112052
1213
10241
967
639
1017
1384359
1322
780
1205
634
114986
792
1031
1022
59752
880
59163
974411
921
244097
1210
655
129982
934
1036
820
39498
1434
83199
950344
1175
193649
812
1041
746
307308
1038
1379
1065
1034
32755
939985
128467
135835
1222
780
105383
130317
1663
908
1030
1017
616
1453078
1585
805
2030
670
1036
605
967
606
71223
1184
133180
1018493
112307
1046
777
87806
101614
916
87174
802
1035
765
99254
1052089
80359
932
631
116130
96064
1214
761
143110
930
1060
68591
1001759
49973
1224
1145
176795
1222
772
193056
61969
1231
803
1021
1466553
964
986
1614
925
1829
84672
1228
642
4265
638
92462
1004927
46287
842
1008
1368
2015
347199
1223
650
3218
1360
93642
1021928
55557
1253
941
711
620
350294
815
1060
609
1445
87137
1042854
5142
2365
911
1024
282403
156012
1431
772
1011
610
878
1369247
1603
1080
727
723
992
131479
1597
637
1216
724
1022
1035982
46347
1062
764
597
286161
1208
665
119898
1218
656
82722
1028384
44584
964
652
1003
290471
939
647
97099
947
1034
621
1383934
809
1078
605
1042
133196
1247
64142
735
1300
784
9175
1352544
1393
786
1003
1002
1810
145936
1607
680
984
741
997
1265540
1451
653
856
998
258791
894
245071
1606
672
697
107616
1043314
1257
775
1305
639
251720
1224
255125
1366
865
1028
73712
1054049
926
129484
911
1068
95630
1249
236033
1232
1027
742
1260
991933
1206
122091
1210
205590
1207
45254
926
127197
1257
783
997
1321122
1543
1028
1035
730
994
989
253627
1202
1123
1042
2333
1291339
1601
1047
1035
616
962
742
165127
1485
48805
867
567
1319870
794
1050
767
62836
918
1029
130478
1136
61945
1154
142914
1184035
1235
761
998
30950
1208
101015
1219
72422
739
565
1363
1288482
1233
755
1017
624
54665
916
134260
1441
60166
1166
157392
768757
944
217793
1253
653
114034
937
146581
926
41029
1220
201680
837487
891
218811
995
1078
619
256752
782
1032
618
1033
220471
694860
102774
224376
1206
760
65443
194736
1230
53094
1228
1087
734
1201086
1220
666
1091
87349
1237
789
106306
936
80722
1194
231966
778291
92209
1194
669
286426
1236
637
84252
938
80773
937
261357
681561
84068
931
741
316017
921
1053
627
199046
925
1060
187156
654849
206066
1219
1034
199776
1197
769
82949
107621
1239
759
993
1240533
937
57327
1244
21596
1207
264595
1248
641
1042
726
160167
736644
197085
918
1086
919
700
568458
1292
638
993
741
86199
718582
178489
1253
4659
931
1293
551301
1079
1449
640
1021
110471
742206
160680
1257
755
1239
115984
406080
1251
888
1756
3215
1453
1232259
1240
1062
643
64213
1225
256518
1422
754
1005
610
163507
725859
196287
1066
768
599
154130
25398
939
280049
1217
657
206152
759782
126529
962
632
1011
140327
54052
910
228998
926
1040
614
1309433
797
1113
607
1015
726
27245
190079
40040
1209
751
270825
1001558
1637
808
1031
71985
939
289745
1645
947
1047
730
992
869907
102057
970
1062
911
240126
20978
187490
1076
767
600
269353
797100
56296
923
8799
797
206662
98173
128206
924
733
1053
273632
770753
909
273051
922
1061
19250
151156
133256
1347
985
575
873
981021
142958
76539
1120
153675
1132
268710
1099
898
959
578
1178
1179275
1439
765
1038
609
950
53037
210820
920
1144
912
686
1247917
1886
919
1045
624
20823
44313
195215
1251
916
1024
730
1261890
790
1054
777
53128
947
1049
183624
1237
651
1033
256569
981213
1225
767
1011
128796
1213
306805
1613
1087
740
609
983
1133191
1227
49389
1235
776
29354
39971
190211
1038
762
600
277977
667827
941
310462
1218
659
12710
127493
130787
801
741
910
291374
664913
888
316431
789
1050
737
394973
834
1082
622
1006
107339
718163
240446
28120
1237
940
60759
361757
1594
863
1040
889
574
1132930
1622
656
1003
97519
1208
646
167135
924
5479
1057
244902
735342
321396
1189
667
142641
1230
635
67465
969
1028
747
362119
642037
261984
930
641
73359
943
1176
621
201800
923
1068
305870
713520
237186
1247
1043
80148
1275
752
123236
74171
1244
758
53556
1224147
948
1263
1217
740
999
177933
1929
816
1042
616
269342
673060
190567
1188
1090
919
686
381398
1273
662
1015
718
303735
654782
214565
1245
910
759
602
397114
807
1058
760
1010
267299
695686
174592
1236
767
1024
111995
286720
1595
773
1186
611
858
1291253
1246
1078
742
24726
1242
209445
1221
25725
1225
762
222584
860216
156346
1240
659
697
177112
1190
668
202193
1235
650
283723
719365
253231
801
735
982
63764
968
759
206786
808
1044
620
1365742
883
1219
616
1031
729
989
179637
1198
1055
636
283667
1116695
1412
756
998
897
570
289718
1450
762
1008
707
1004
1018170
176563
941
1057
894
113211
902
134857
1226
653
684
255706
837658
196568
797
1033
625
97558
1223
135656
960
726
1238
246696
886904
932
222563
905
1049
47966
1204
121025
1229
37341
925
1053
1084413
88760
79732
1232
26618
1209
236569
993
765
1006
623
1057
1420102
1479
773
1612
701
1004
887
24336
878
22060
1196
651
1509657
1435
775
1013
615
979
609
50273
1212
8198
938
624
1478679
822
1232
770
1019
605
1105
75705
1239
770
997
178166
1258502
1263
814
1024
624
979
132690
1214
45391
881
1001
1262
1372945
1233
772
1025
602
60379
923
53324
1210
783
707
107143
1072427
961
122467
1245
644
187648
936
88686
805
725
1047
75820
1020957
765
49979
946
1053
622
387375
801
1086
601
1400
29557
1007577
293437
963
1260
659
21541
192716
1219
20663
1417
1047
722
1678714
1347
900
1266
881
917
568
876
657
45758
1196
100436
1020530
234262
1190
662
673
122969
960
1047
627
18565
923
102097
1019682
319995
951
754
1055
71704
1216
934
151216
924
1029
24952
1003572
203027
1552
1062
625
1005
718
147231
76591
1134
47123
1498
1273943
956
627
1073
635
1021
98300
1222
633
103483
1028
25096
1053837
288019
1295
1137
1090
635
157703
37151
937
42676
949
27479
1066210
272320
1260
933
590
1435
228485
773
1075
622
98302
925
1010769
259102
1719
798
1029
1017
165134
1242
934
1039
244061
1220
1355787
1797
1111
756
724
2964
63396
1212
69443
1777
1158
1054
1055289
158541
1355
804
709
76662
1035
1232
222180
1354
646
1340
959976
228263
924
630
998
40378
920
616
255495
936
1019
606
1423520
1283
1224
638
1042
614
1032
110496
4537
1228
625
12453
1424333
1356
985
1027
1010
595
38143
1237
84770
1203
308975
1223
881809
200943
789
1051
891
62854
907
152044
1188
660
241980
1208
917721
158403
792
1032
701
80070
1206
117455
937
633
312636
919
913380
810
1075
735
1017
262151
1229
94548
1226
1220
219345
1221
990427
73875
858
1057
611
1023
205888
939
87563
1203
214966
1240
1196798
1364
690
1031
780
19100
1184
24664
920
1350
1777
640
1496449
1492
936
911
816
59053
931
43245
1233
921
67488
1142
1441209
7158
1654
786
1011
26061
1231
23575
1226
5494
75433
79738
1254708
1372
970
1042
597
969
28280
1213
100044
920
279739
1209
1150510
1298
774
1024
617
9824
939
46826
1208
56241
37584
72750
1017385
905
598
951
789
255964
927
57969
945
96324
51010
87719
970641
1196
1120
655
1011
601
411029
787
1024
618
58533
50012
1092279
238825
965
1299
755
36136
179815
1226
83761
1216
295345
935
1190422
1224
867
1008
703
1019
613
9899
788
1065
75542
136088
1092232
102498
1011
607
1387
82500
918
179574
939
10835
66880
85443
984849
272147
943
763
1051
40462
1221
642
338144
798
1111
993
999922
214619
1491
1257
708
971
621
157719
266188
1218
181730
1210
1071216
985
743
1053
616
978
106153
1709
801
1014
56378
17315
998663
181758
1229
1299
924
715
259868
1248
642
960
113601
25229
996377
98535
1260
921
704
614
273865
792
1039
615
322348
915
775097
178792
1256
763
1017
151725
78248
1241
959
1040
401606
1228
950105
1396
1172
913
624
6953
22205
1224
145234
1247
26149
1202
1004109
155602
1045
768
595
105263
1198
668
249083
1224
41592
1202
1037841
91995
961
635
1004
235571
933
619
191920
917
30672
924
1254613
936
1229
622
860
49379
1219
133187
75546
1132
1019
1054
1274836
1582
771
1099
1016
611
155428
1471
167299
1225
404112
1220
653141
227354
796
1045
886
266295
897
1277
1059
614
500236
1230
661045
165307
953
1059
633
196595
1216
8741
930
613
454037
791
636648
802
1199
618
1003
410607
1217
61571
1208
45002
370810
1214
659339
129531
938
1039
39427
1217
287291
787
13535
1235
410913
1219
1072851
1383
774
4854
640
3523
2511
3734
2454
64342
102160
1225
1241318
1415
697
3608
614
43310
1249
37421
1459
43445
105420
1162
1273524
1160
1188
767
1011
20240
1213
40446
1211
118315
151291
1099
1307701
1558
782
953
897
981
147313
1117
39401
875
407261
1475
992056
1257
795
1012
621
54180
796
1129
1036
41661
247793
1234
910719
959
629
1018
951
404285
808
1073
625
66059
141423
1205
1042014
935
1088
636
2672
42754
446179
945
1075
607
98037
926
920036
58775
964
1047
665
381307
108726
2260
802
1012
348300
927
882108
1456
847
998
598
959
593
19457
924
161215
121240
1212
910272
68863
998
716
556
336631
801
1074
610
58218
235477
890
874330
163678
933
639
1076
181395
1229
649
94927
934
197676
916
833868
166881
1228
1076
624
966
62815
34988
212682
1220
390866
1216
866769
1033
622
1036
768
1020
257843
1270
970
1032
91424
1210
938470
157031
1217
1122
1033
603
363405
1240
666
1043
88414
1220
980944
130497
1285
941
704
873
355403
964
1050
632
414437
925
595700
88360
1236
771
1218
299897
193619
1224
750
1010
389245
1682
864324
1235
1038
767
765
1969
203751
1226
763
1009
161487
1200
745655
195951
1064
778
931
168577
1174
647
92888
54039
180560
1198
807877
199436
978
647
985
182451
939
627
24999
19221
294341
935
1022999
800
1134
743
1033
73555
1239
1207
100352
1470
245636
1218
1086816
1581
787
1008
1007
602
383651
1235
650
1049
350499
1234
412222
320588
806
2260
1093
78530
58106
1244
917
721
756800
1239
452058
266683
957
1030
691
45298
93473
1082
775
857
626100
780
530960
815
1460
758
1028
208433
165657
917
1031
92671
588013
1210
473037
227067
796
1039
613
1018
442474
949
749
1053
336688
1221
868371
1533
1153
1056
625
966
43803
929
726
92030
215629
930
1116409
66329
1035
1260
653
1184
163777
921
1077
905
199176
887
1129928
89109
1292
771
1440
646
151537
793
1056
745
228744
1190
1025550
1240
946
1076
3235
1051
613169
1224
955
582
221559
1223
728890
1225
629
1077
745
89635
159868
1238
1209
624
241814
128823
585031
152022
918
1068
667
274300
200924
1260
757
601
253886
97457
598663
143270
1246
670
979
608
737307
802
1042
614
1404
58423
660040
395200
1055
1042
614
1469
403319
1245
1092
1311
244130
951
755061
1249
768
1017
42254
1225
185309
1222
746
1236
233548
93040
690210
341425
1420
831
838
1024
145098
1218
754
990
199796
65519
695793
333063
967
735
1032
619
305552
806
1100
588
104445
75362
811978
297487
1272
1043
626
894
168640
1243
757
1205
505628
1234
861402
973
765
1062
620
992
530788
1341
761
1022
714
979
706265
287673
944
1111
1010
4822
509468
1401
660
975
780
994
744782
335472
1342
941
1273
3234
435598
791
1064
615
235860
922
516516
198962
1241
749
1206
105498
409340
1392
930
1035
210272
1233
886416
1387
1109
2089
634
1555
464620
1218
652
1025
730
13686
723981
211201
1063
775
607
119648
144995
933
788
1229
222922
111493
654114
234006
810
735
1244
75125
139895
755
1107
749
229836
950
1014985
803
1605
766
1019
74691
153346
1195
662
855
235549
237691
941885
1386
762
1025
903
568
415320
1231
654
1023
222221
1225
592820
196698
775
1025
905
86733
185377
29998
1229
657
546920
1247
534789
178196
808
1056
624
42603
206735
1508
674
708
542251
787
589114
857
1031
754
1009
282923
205560
53718
1213
55931
429528
1247
600009
285391
804
1043
625
857
424125
809
732
1064
256878
1238
916536
1237
693
1398
630
1024
66296
70630
926
1094
223795
1293
1093380
1249
650
1208
727
11305
94002
24696
1232
47621
209267
901
1098073
800
1077
627
45125
928
62878
43315
1224
121012
217612
165607
788680
1250
769
1014
33488
1219
347549
1247
1035
851
399841
1232
664134
1266
631
1233
738
30895
102414
14892
1206
197081
193625
159175
499143
948
630
1066
10156
268801
83092
34403
942
189311
249820
151900
533680
906
1307
758
27479
932
658110
942
1246
642
101933
137822
530795
132559
962
1045
639
148546
371877
1314
782
1031
414556
928
758909
1275
652
1029
27140
1219
76474
64929
1038
71554
292370
153180
607982
258501
1208
657
80586
1207
34170
58267
1201
92616
285119
180037
582873
307716
935
637
31877
933
109011
939
13177
105422
221791
188846
548662
321812
1763
1079
1466
1021
92200
86146
869
1361
608713
1536
728612
880
683
975
41031
1512
364724
1227
762
1243
101846
219282
523476
244353
947
1294
921
718
496263
1248
658
993
82129
201851
500293
284466
1258
1298
764
629
392270
800
1034
601
460919
929
380896
226066
1241
770
1025
94357
313780
1236
778
1236
424956
1221
686357
1417
1206
624
852
1003
443392
1247
658
1146
96565
204278
520946
163742
1496
2785
821
171111
157665
1227
769
1008
346302
159648
602320
67485
790
761
912
209399
150094
912
1057
731
358146
919
1139184
930
1102
825
1015
598
95466
118613
937
1037
204630
203035
859436
1361
1156
1015
887
566
471617
1230
641
1034
356968
1238
424024
56556
948
1046
1036
257473
102658
126116
1203
660
505430
1233
419040
74195
958
1041
619
312874
1208
154378
928
628
512344
928
446013
945
1245
727
1020
439360
65332
104066
1232
1037
551043
1204
437912
92926
927
1056
232806
1219
431442
931
618
1034
276192
1229
706699
1222
1439
1426
1283
80009
198595
44968
896
1066
297742
934
859296
1230
635
1033
749
87801
203788
49166
1222
1099
283005
888
845319
808
1040
629
222281
912
110633
39683
1224
970
326637
159906
720891
1219
765
1008
140415
1234
469209
1253
1060
778
348539
1672
476446
1228
632
1086
606
79666
298429
105031
1196
660
212976
232906
331462
980
752
1047
213607
97592
300088
23998
936
649
305033
204283
349594
1148
1102
753
148714
921
781182
792
1055
753
63232
177284
386850
116525
938
1057
33087
164355
571951
1262
772
1219
367074
792
527723
1223
645
882
197758
1307
148989
42193
933
1029
329745
255292
363810
112725
1182
644
335722
1244
109474
78654
938
1066
352436
157408
356590
151884
944
727
310509
788
94861
810
1442
762
500158
150417
376933
199919
1244
1035
341681
1212
97707
133568
930
1020
664054
1196
477675
1003
1026
1060
96887
1240
411924
1224
648
1019
151335
221008
377628
178494
915
1059
1250
620
682813
1256
660
845
139461
239223
350094
119951
1612
989
969
608
661398
776
1039
606
431060
931
288158
142935
1237
767
1215
237482
420020
1236
757
997
409942
1237
595726
1218
1037
724
75365
1213
463631
1241
757
1230
135607
209030
331799
213086
1077
781
618
153946
197995
955
670
1054
494354
165759
359925
181798
781
717
909
178665
158934
887
1057
24320
536386
916
797789
946
1076
738
1013
34684
152570
135818
927
1047
355653
130308
617607
1245
777
1220
6585
663
542251
1424
796
1017
498848
1220
203712
109666
959
1039
901
208725
209461
115976
1255
701
613296
1226
168735
254870
809
1037
761
115484
189372
193828
929
629
612920
1271
214754
802
1718
766
23199
264526
120735
192410
1232
1022
729133
1210
256321
109508
1662
1122
159080
1235
450521
944
652
1131
536522
1235
523728
1707
993
1043
621
62896
157048
166242
913
1075
324834
938
772701
1267
771
1009
618
75274
126748
183798
1227
929
387406
918
760086
801
1037
1073
1135
34711
282632
17205
1247
775
322053
78228
612872
1245
762
1213
62785
1202
673093
1357
3105
772
316636
1229
507014
1262
765
1033
602
86942
310131
1240
1073
660
262761
252763
230480
951
753
1049
17434
452524
299551
1229
779
706
173972
270628
278034
969
1094
931
1016
160427
882039
968
1029
605
1018
285815
194611
236369
963
1152
621
196291
581873
1229
753
1223
384852
938
396289
1234
640
1443
752
1018
411524
1282
646
965
360154
193823
201578
249533
1225
677
80987
103595
293677
1244
808
1013
300436
249244
202573
309038
938
653
39465
60027
321476
802
1057
612
358887
241759
170997
282225
1630
1119
45123
1224
474944
1268
766
1220
667772
1219
232047
937
640
1041
164223
1230
663241
1223
654
1038
175241
160278
77261
446456
963
1094
1047
617
668718
1237
759
1006
116162
218102
80441
490359
1300
915
797
575
704301
960
1041
632
468061
791
1093
368274
1326
781
1018
105229
489223
1223
766
1003
506471
1222
364170
1246
1055
612
117756
1237
682144
1259
650
1031
193930
154020
107592
390886
1064
763
602
120741
218682
806
108855
1241
441821
86392
138974
477141
979
636
1009
95004
245240
902
61325
933
415099
927
554005
Xput: 7780
