23616294.285714
21983185.714286
21999111.428571
21673460.000000
21329827.142857
21642255.714286
21309618.571429
21752013.809524
20474244.285714
18120335.714286
17446857.142857
18004822.857143
18901769.047619
18807126.666667
17831638.571429
17516121.428571
18204494.761905
21111483.809524
20688024.761905
20353880.000000
20200464.761905
20322910.476190
20165108.571429
20225000.000000
20064283.809524
20627520.000000
21145582.857143
20917956.190476
20663561.904762
20444680.000000
20143824.761905
20305826.666667
20251180.952381
20215087.619048
20401891.428571
20881462.857143
20532100.952381
20945485.714286
20522813.333333
20326801.904762
20391264.761905
22647078.095238
22811281.904762
21138070.476190
21369329.523810
21379464.761905
21266540.952381
21197609.523810
21502874.285714
21253146.666667
21063022.857143
20634739.047619
20995280.000000
20812815.238095
20853569.523810
20755586.666667
20929980.952381
21103476.190476
21291192.380952
21461771.428571
21261312.380952
20738619.047619
20948744.761905
20880752.380952
20852175.238095
20923561.904762
20851965.714286
21153480.000000
21290024.761905
21050123.809524
20479824.761905
20390135.238095
20692057.142857
20805582.857143
20956194.285714
20922527.619048
21051674.285714
21026249.523810
20790062.857143
20587432.380952
20691582.857143
20332102.857143
20835034.285714
20764996.190476
21335506.666667
21301573.333333
21254699.047619
21229320.000000
20808546.666667
20858521.904762
20627565.714286
20716380.952381
21033495.238095
21313356.190476
20849211.428571
20958878.095238
20896388.571429
20925902.857143
21161971.428571
21505535.238095
20650807.619048
20970093.333333
20784899.047619
20583320.000000
20521923.809524
20952904.761905
20624744.761905
21092556.190476
21124607.619048
21499001.904762
20980691.428571
21227619.047619
21116920.000000
21216167.619048
21013815.238095
21001914.285714
20929396.190476
21283022.857143
21283394.285714
21245144.761905
20689413.333333
20674314.285714
20755963.809524
21037053.333333
21012043.809524
21071186.666667
21059340.952381
21147396.190476
20853813.333333
20560750.476190
20551295.238095
20489504.761905
20605533.333333
20855470.476190
21158914.285714
21179832.380952
20967655.238095
21022897.142857
20907165.714286
20744441.904762
20698824.761905
20429516.190476
20817632.380952
21223752.380952
21043579.047619
20794634.285714
20917840.000000
20784281.904762
21033024.761905
20990430.476190
20877916.190476
20914440.000000
20996167.619048
20739255.238095
20579662.857143
20652645.714286
20606236.190476
20868544.761905
21168805.714286
21308403.809524
21289744.761905
20954219.047619
20847024.761905
20858247.619048
20728337.142857
20782767.619048
20790451.428571
21080840.000000
21249544.761905
21002382.857143
20573243.809524
20705609.523810
20652028.571429
21008154.285714
21029765.714286
21246788.571429
21121060.952381
21229245.714286
20785598.095238
20803131.428571
20611975.238095
20569100.952381
20947577.142857
20901413.333333
21208276.190476
21395127.619048
20881649.523810
21112982.857143
20591893.333333
20755055.238095
20525678.095238
20769055.238095
20815228.571429
21356565.714286
21146527.619048
20707379.047619
20860657.142857
20774560.000000
21189718.095238
21086617.142857
20894500.952381
20753731.428571
21034504.761905
20505998.095238
20444253.333333
20431527.619048
20644009.523810
21096982.857143
20966240.000000
21104302.857143
21152426.666667
20907104.761905
21167961.904762
20952304.761905
21113379.047619
21014451.428571
21076127.619048
21336820.952381
21519838.095238
21393672.380952
21820268.095238
21399191.904762
22625833.809524
21633391.904762
21169979.047619
21115790.476190
21517288.095238
22064288.095238
20774790.476190
21265238.571429
20585352.380952
21070973.333333
21308631.428571
21347159.523810
21267165.714286
21243765.714286
21531184.285714
21479632.380952
21382443.809524
21029691.428571
20959240.000000
20920973.333333
20977969.523810
21499916.190476
21110398.095238
21058022.857143
20864268.571429
21139019.047619
21210081.904762
21315156.190476
20704375.238095
20824066.666667
21043792.380952
20671960.000000
20612807.619048
20703550.476190
20809055.238095
24257247.619048
22412794.285714
22161156.190476
21750045.714286
21661180.952381
21520346.666667
21357272.380952
21287131.428571
21449026.666667
21346613.333333
21813949.523810
21513739.047619
21382777.142857
20842695.238095
20843535.238095
20963081.904762
21201937.142857
21136051.428571
21234729.523810
21369716.190476
21399874.285714
21062525.714286
20861106.666667
20738198.095238
20745944.761905
21264584.761905
21172956.190476
21602226.666667
21489499.047619
18062477.142857
20725197.619048
20335425.714286
19061320.000000
17993917.142857
18217104.285714
18255491.428571
18082651.428571
17595901.428571
17773883.809524
18490485.714286
19065412.857143
18186468.571429
18415966.190476
17517642.380952
19126779.523810
17986725.238095
17711151.428571
21022992.380952
20967520.000000
21645851.428571
21384651.428571
20946434.285714
20775415.238095
20675411.428571
20893552.380952
20650180.952381
20676440.000000
21088268.571429
21580080.000000
21347944.761905
21173820.952381
20790868.571429
20845916.190476
20807634.285714
20565807.619048
20654933.333333
20930733.333333
21600887.619048
21301453.333333
21304666.666667
20824674.285714
20874140.952381
21082331.428571
20695600.000000
21013760.000000
21270979.047619
21406377.142857
21533323.809524
21330891.428571
21091403.809524
20783740.952381
21005624.761905
21040811.428571
20850645.714286
21247019.047619
21283813.333333
21336120.000000
21437554.285714
20961139.047619
21114116.190476
21167977.142857
20992043.809524
21171918.095238
21017544.761905
20876529.523810
21298878.095238
20872013.333333
21035041.904762
20982070.476190
21166918.095238
21332666.666667
21339998.095238
21203782.857143
21290013.333333
21104217.142857
21052335.238095
21048948.571429
21315744.761905
21063474.285714
21115546.666667
20813638.095238
21063194.285714
21191325.714286
20696074.285714
20993140.952381
21041451.428571
21118043.809524
21084040.000000
20896605.714286
20919560.000000
21082950.476190
20899236.190476
20899590.476190
20675022.857143
21176497.142857
21110064.761905
21090710.476190
20721318.095238
21153582.857143
20861792.380952
20954565.714286
21095693.333333
21034815.238095
20871163.809524
20866554.285714
20873264.761905
21014506.666667
21239426.666667
20925643.809524
20921843.809524
21026535.238095
21085742.857143
20934636.190476
20634091.428571
20875784.761905
21150213.333333
20993746.666667
21119112.380952
21205758.095238
21563274.285714
21417394.285714
21264411.428571
20933361.904762
21183015.238095
20918891.428571
20942146.666667
20990708.571429
21222727.619048
21089769.523810
21103205.714286
20865579.047619
21009293.333333
21167586.666667
20783539.047619
20927449.523810
21026531.428571
21188260.952381
21085034.285714
20833342.857143
20859356.190476
20988647.619048
20899040.000000
20821194.285714
20945720.000000
21207681.904762
21291335.238095
21019314.285714
20730510.476190
21069264.761905
20946712.380952
20875561.904762
20845735.238095
20959135.238095
20942129.523810
21002662.857143
20856152.380952
20834750.476190
20990240.000000
20800550.476190
20872209.523810
25718986.190476
20971948.571429
21153742.857143
20722057.142857
20859440.000000
20982207.619048
20967321.904762
20814965.714286
20940700.952381
21173565.714286
21325727.619048
20982893.333333
20683238.095238
20889480.000000
20889706.666667
20642683.809524
20811247.619048
20819093.333333
21060742.857143
21092015.238095
20809895.238095
20716885.714286
20861725.714286
20795291.428571
20619700.952381
21004074.285714
21095600.000000
21408491.428571
20994118.095238
20937645.714286
21052459.047619
20917944.761905
21061539.047619
20948285.714286
21241933.333333
21511544.761905
21171634.285714
20873333.333333
21106087.619048
21283748.571429
20901302.857143
20941478.095238
21139641.904762
20990363.809524
20983142.857143
20823775.238095
20911603.809524
21052236.190476
21171760.000000
20803026.666667
21279586.666667
21267380.952381
21325668.571429
20596182.857143
20717542.857143
21191531.428571
20851514.285714
21220392.380952
21022194.285714
21337043.809524
21542851.428571
21316281.904762
20795891.428571
20999794.285714
20792927.619048
20843270.476190
20799853.333333
21233807.619048
21118979.047619
21127240.000000
20883104.761905
20873739.047619
21014601.904762
21078312.380952
20790628.571429
21046028.571429
21127150.476190
21358371.428571
20927815.238095
21029500.952381
21181939.047619
20891811.428571
21105874.285714
20794468.571429
21561430.476190
21609883.809524
21337468.571429
20885687.619048
21152382.857143
21055280.000000
20996104.761905
20831819.047619
21058419.047619
21012790.476190
21221900.952381
20732670.476190
20918895.238095
21059920.000000
21139451.428571
20781904.761905
21216247.619048
21233925.714286
21179445.714286
20791470.476190
20846125.714286
21114622.857143
21164516.190476
20970521.904762
21005826.666667
21447746.666667
21465841.904762
21341942.857143
20779552.380952
20915527.619048
20842994.285714
20934893.333333
20877659.047619
21270043.809524
21239424.761905
21137887.619048
20809693.333333
21133849.523810
21110908.571429
21049706.666667
21117893.333333
21227100.952381
21422415.238095
21472940.952381
20873960.000000
20783702.857143
20986043.809524
20824939.047619
21121188.571429
20950161.904762
21406356.190476
21435003.809524
21251411.428571
20769440.000000
21182106.666667
20924455.238095
20862971.428571
20793015.238095
21231657.142857
21000840.000000
21308790.476190
20723740.952381
20944040.000000
20875024.761905
21055683.809524
20977729.523810
21021632.380952
21366820.952381
21297459.047619
20695165.714286
20763363.809524
21059891.428571
20740434.285714
21028057.142857
20970320.000000
21506716.190476
21679982.857143
21357996.190476
20863198.095238
21164862.857143
20828344.761905
21045880.000000
21009580.952381
21365422.857143
21270201.904762
21392512.380952
20891691.428571
21217188.571429
21125420.952381
20798828.571429
21116900.952381
21226447.619048
21433335.238095
21457432.380952
21056283.809524
20979933.333333
21388333.333333
20821998.095238
21351704.761905
21054632.380952
21812093.333333
21713400.000000
21476836.190476
20895841.904762
21399186.666667
21174632.380952
21080984.761905
21049219.047619
21210657.142857
21391933.333333
21287889.523810
20850213.333333
20940167.619048
21081761.904762
20934811.428571
21017460.952381
21033443.809524
21135249.523810
21175765.714286
20858617.142857
20841285.714286
21226712.380952
20792272.380952
21053034.285714
21068641.904762
21331245.714286
21249384.761905
21178455.238095
20750805.714286
20986853.333333
20773763.809524
21011666.666667
21084729.523810
21194706.666667
21203499.047619
21123984.761905
18348570.000000
19380300.000000
20013055.238095
18986858.571429
19580315.714286
18948174.285714
18361766.190476
18160232.857143
18685147.619048
17741201.428571
18314008.571429
18523869.047619
18538290.476190
18664242.380952
21477779.047619
21275640.000000
20927626.666667
20904325.714286
21008921.904762
20925428.571429
20787243.809524
20810306.666667
20793840.000000
21379487.619048
21399283.809524
21104127.619048
21183935.238095
21322083.809524
21254979.047619
21000946.666667
20781921.904762
20973365.714286
21183398.095238
20932516.190476
20657179.047619
20950323.809524
21021060.952381
20791676.190476
20899003.809524
20860434.285714
20935925.714286
21135243.809524
20664453.333333
20579916.190476
21095139.047619
21224175.238095
20910506.666667
20937241.904762
20960251.428571
21053382.857143
21039127.619048
20946198.095238
21133723.809524
21177041.904762
21066975.238095
24702283.809524
20716340.952381
21087660.952381
21356299.047619
21064489.523810
21174702.857143
21298024.761905
20932590.476190
21023847.619048
20733163.809524
20839552.380952
21172864.761905
21095095.238095
21235049.523810
21254175.238095
21461980.952381
21376123.809524
21331020.952381
20838276.190476
21279068.571429
20967194.285714
21135066.666667
21205401.904762
21265144.761905
21299954.285714
21341500.952381
21057438.095238
21270822.857143
21169550.476190
21180165.714286
21176851.428571
21256984.761905
21211843.809524
21248504.761905
21042718.095238
20957828.571429
21214114.285714
20956020.952381
20925137.142857
21081520.000000
21453327.619048
21254314.285714
21271173.333333
20826832.380952
21136139.047619
21036681.904762
21250584.761905
21196740.952381
21233211.428571
21057249.523810
21433289.523810
20867302.857143
21052937.142857
21050160.000000
20990443.809524
21112095.238095
21090480.000000
21137390.476190
20988521.904762
20830529.523810
20788851.428571
21134146.666667
20845158.095238
20996539.047619
21209990.476190
21445540.952381
21341137.142857
21283146.666667
20679575.238095
21084567.619048
21043270.476190
20900952.380952
21050721.904762
21127051.428571
21136931.428571
21256889.523810
20877392.380952
20953070.476190
20895228.571429
20922908.571429
21126820.952381
21077253.333333
21126601.904762
21111459.047619
20869438.095238
20970700.952381
20929580.952381
20900617.142857
20691895.238095
20928550.476190
21183150.476190
21127782.857143
21037201.904762
20722384.761905
20973619.047619
20886390.476190
20826173.333333
21023666.666667
20927659.047619
21072043.809524
20948948.571429
20910262.857143
21084729.523810
21034668.571429
21042590.476190
20977954.285714
21276434.285714
21044904.761905
21162695.238095
20630371.428571
20984078.095238
21108411.428571
21114335.238095
20996489.523810
21195019.047619
21249590.476190
21357283.809524
21164700.952381
20719182.857143
23059135.238095
22149302.857143
21521154.285714
21707700.952381
21827845.714286
21834080.000000
21733293.333333
21395992.380952
21545373.333333
21414114.285714
21416893.333333
21272740.952381
21752807.619048
21422106.666667
21510024.761905
21071348.571429
21426386.666667
21375300.952381
21434836.190476
21257748.571429
21595864.761905
21745792.380952
21957325.714286
21701998.095238
21339653.333333
21435394.285714
21361506.666667
21461796.190476
21534965.714286
21484422.857143
21558615.238095
21509773.333333
21262358.095238
21523819.047619
21487200.000000
21568780.952381
21939165.714286
21804704.761905
21755420.952381
21628323.809524
21240497.142857
21531260.952381
21553801.904762
21545405.714286
21584377.142857
21703080.000000
22038310.476190
21984249.523810
21725213.333333
21117059.047619
21584365.714286
21566097.142857
21430502.857143
21554053.333333
21805763.809524
21700240.000000
21756472.380952
23346051.428571
23192022.857143
22423413.333333
22249782.857143
21755607.619048
22315961.904762
22246998.095238
22144268.571429
21645430.476190
21775140.952381
21891840.000000
21705203.809524
21919660.952381
21730777.142857
22361464.761905
22349333.333333
21989131.428571
21496632.380952
21993217.142857
21598653.333333
21604352.380952
21606984.761905
21967769.523810
21886872.380952
21918990.476190
21276316.190476
21734725.714286
21845365.714286
21784933.333333
21456247.619048
21913811.428571
21818129.523810
21748803.809524
21323683.809524
21686780.952381
21784327.619048
21544979.047619
21549617.142857
21686645.714286
22237620.952381
22245620.952381
22072910.476190
21182542.857143
21772720.000000
21602763.809524
21522580.952381
21480815.238095
21677788.571429
21716571.428571
21752535.238095
21140127.619048
21589070.476190
21608958.095238
