63679030.000000
73473628.571429
56055251.428571
65989839.523810
54781891.428571
64996167.142857
52704991.428571
62147302.857143
43713037.142857
52753452.857143
43398030.000000
53339658.571429
28252937.142857
27012130.000000
32860110.000000
34154207.142857
33021010.952381
34584536.666667
44089190.476190
60423440.952381
33083226.666667
32299789.523810
34153961.904762
47543358.095238
50049834.285714
56107045.714286
41858622.857143
53240946.666667
40938411.428571
52300575.238095
41438807.619048
52706411.428571
41591697.142857
52922332.380952
59033611.428571
62001007.619048
45797510.000000
58405783.809524
32606186.666667
32479904.761905
46074053.333333
58179964.761905
26510173.333333
25159251.428571
46065700.952381
57958805.714286
26784250.952381
26904440.000000
25664545.714286
25785175.238095
24342689.523810
24548150.476190
24204920.000000
23283371.428571
41482674.285714
54065452.857143
40786142.857143
52254737.142857
60114252.380952
64192918.571429
48891580.952381
63113640.476190
33872354.285714
34122680.952381
57130288.095238
63496530.476190
46528939.047619
52907771.428571
48378940.952381
61665508.571429
38363950.476190
39478597.619048
33100897.142857
32726124.761905
25669912.380952
25053165.714286
43089805.714286
55523346.666667
43169952.380952
55382644.761905
41415767.619048
53116553.809524
44087196.190476
56125460.952381
47931919.047619
59804555.238095
34488819.047619
35842293.333333
48838457.142857
58886251.904762
32277653.809524
32479453.333333
27146032.380952
28159101.428571
47700798.095238
58859561.428571
26402047.619048
27023940.952381
24926093.333333
26577373.333333
24606828.571429
25153811.428571
41383518.095238
52789866.666667
25400415.238095
25389594.285714
41673019.047619
53565453.333333
44981169.523810
56687910.476190
48199808.095238
60031765.714286
47904032.380952
36884198.095238
48050499.047619
56539295.238095
32708615.238095
44765268.571429
44818935.238095
56831104.761905
32743451.428571
33818434.285714
47065846.190476
58950474.285714
25833620.952381
26415354.761905
23938318.095238
25365580.952381
55719381.428571
58758048.571429
42027451.428571
54185537.619048
42252468.571429
53885602.857143
46555407.619048
58254417.142857
31483912.380952
32406986.666667
26450296.666667
26341339.047619
46482849.523810
57017351.428571
24902337.142857
25855771.428571
46292474.285714
58292162.380952
26152620.952381
26621410.952381
45192563.333333
57167671.428571
26104514.285714
25802870.476190
39859057.142857
51436714.285714
25473560.000000
25869586.666667
40624982.857143
52178815.714286
43988426.666667
55698807.619048
46333247.619048
58357516.190476
31321390.952381
32264724.285714
25402794.285714
26447124.761905
24593087.619048
24592611.428571
25690617.142857
26615809.523810
26050380.000000
25801480.000000
46382694.761905
57996837.142857
30823824.761905
43064914.285714
42038938.095238
53832358.095238
39208939.047619
50423794.285714
41882520.000000
54317740.952381
42184036.190476
54892649.523810
45380305.714286
57388984.761905
30767278.095238
31479493.333333
33659697.142857
35798332.857143
27856391.904762
27437686.666667
24502451.428571
25138472.380952
46051051.428571
58344791.428571
26955179.047619
27689986.666667
44703252.857143
56812001.904762
27310689.523810
28517744.761905
41769860.952381
53828252.380952
28000904.761905
30560587.619048
43643910.476190
58371156.190476
45729131.428571
56780857.142857
47290979.047619
58344529.523810
46879517.619048
59959960.000000
25710445.714286
25615569.523810
24914381.904762
24836030.476190
45375718.571429
57386702.857143
28550483.809524
29628752.380952
45873931.428571
58994585.714286
29112397.142857
30401243.333333
24703544.761905
24938106.666667
39550198.095238
49436563.809524
40976874.285714
53151264.761905
41474234.285714
53570693.333333
60097455.238095
60835622.857143
45729866.190476
57745591.904762
40704926.190476
37116853.333333
42207003.809524
52360043.809524
24315474.285714
25833112.857143
44285487.619048
56096736.190476
26033546.666667
25757299.523810
45296900.952381
57055933.333333
27873796.190476
27977095.714286
44718588.571429
55034232.380952
41255860.952381
53120915.238095
39389049.523810
49751615.238095
42289386.666667
51795600.000000
44726874.285714
55041588.095238
44447952.380952
57235870.476190
29624687.619048
30291497.142857
24025800.952381
24511417.142857
43799476.190476
55464240.000000
24892226.666667
24156687.619048
49692531.428571
58154034.285714
33916546.666667
47406549.523810
39087760.000000
49801377.142857
43186652.857143
55111641.904762
25028038.095238
25917591.904762
42261438.095238
54419266.666667
42403060.952381
54127062.857143
32989838.095238
35736078.095238
45155425.238095
55243854.285714
29243161.904762
31187992.380952
24883731.428571
25881944.761905
43808680.952381
55226717.142857
24649344.761905
23609923.809524
44149346.666667
56901710.476190
26928790.476190
26483798.095238
42771354.285714
55757080.000000
24305533.333333
24439438.095238
40747706.666667
52418255.238095
41991001.904762
54655087.619048
44486143.809524
56542304.761905
32854388.571429
35635124.285714
24463605.714286
25632940.952381
24119531.904762
24239914.285714
43976519.523810
55636260.952381
27688914.285714
29548919.047619
60628413.809524
61088594.285714
42992845.714286
52312940.952381
40671201.904762
52402287.619048
56356067.142857
58982727.619048
40579554.285714
50116047.142857
41825171.428571
53781394.285714
42445655.238095
54245275.714286
24831691.428571
24605636.190476
29289147.619048
30095140.952381
41477006.666667
51983296.190476
23462563.809524
24006379.047619
42734784.761905
54543383.809524
24573845.714286
23975308.571429
45323871.428571
58145478.095238
27132304.761905
28031797.142857
25057339.047619
24699613.333333
40779521.904762
52177440.000000
37878505.238095
47906146.666667
41261000.000000
51380868.571429
44106974.285714
54612621.904762
43919893.333333
56090579.047619
31371237.619048
33289622.857143
23948384.761905
24402152.380952
42969180.952381
55157681.428571
24110234.285714
23806580.952381
43492798.095238
55576731.428571
42647030.476190
54327125.714286
39868834.285714
51006121.904762
46331613.333333
55997590.476190
41732920.476190
53717403.809524
46472815.238095
55507594.285714
42673095.238095
54922411.428571
44573206.190476
56459137.142857
44228386.666667
54645415.238095
28371807.619048
30041386.190476
23966668.571429
24155409.523810
43561394.285714
51458032.380952
22016837.142857
22817954.285714
36569484.285714
47264207.142857
33971507.142857
44029025.714286
36550875.714286
47366985.714286
40604082.857143
50505441.428571
40041591.428571
51498754.285714
41173155.714286
50259178.571429
28148028.571429
30761990.000000
21766502.857143
21003368.095238
40116701.428571
51857994.285714
28800520.000000
29578487.142857
40457818.571429
52239215.714286
22036592.857143
21976227.142857
45236058.571429
49360432.857143
36070220.476190
46393995.714286
24385827.142857
26206532.857143
20953341.428571
20813874.285714
25427702.857143
25867378.571429
41092425.714286
51017072.857143
26996782.857143
39855111.428571
37705553.809524
46953128.571429
39305735.714286
49748847.142857
21548897.142857
21859488.571429
39553419.047619
51608867.142857
41428808.571429
53441810.000000
24559179.047619
25052666.666667
38378171.428571
48708881.904762
39458767.619048
50529628.571429
44061276.190476
54676039.523810
41387636.190476
52262679.047619
30137190.476190
31920034.285714
24715407.619048
25889331.428571
54359815.714286
59396006.666667
39761548.571429
49771312.380952
30580165.714286
33589539.047619
23812352.380952
24635388.571429
28177144.285714
30358559.047619
28830386.666667
30778744.761905
26427551.428571
24520295.238095
49710217.142857
56202497.142857
41917681.904762
54161514.285714
23478200.000000
23861299.047619
24286535.238095
24252613.333333
44468885.714286
56293348.095238
24693283.809524
24695520.000000
23433253.333333
24127653.333333
43946571.428571
56086749.047619
41898607.619048
53624632.380952
23363949.047619
24952887.619048
23692885.714286
25173948.571429
23724830.476190
23460731.428571
22850883.809524
23983228.571429
39965523.809524
51643340.952381
40333108.571429
52364581.428571
42375342.857143
54377434.761905
59326808.571429
60744401.904762
47117106.190476
54365268.571429
32977912.380952
36953356.190476
23634935.238095
24568464.761905
43163841.904762
55440890.952381
25549535.238095
25354508.571429
42425769.523810
54603295.238095
23477750.476190
24671150.476190
24234496.666667
23246695.238095
48541982.380952
56245902.857143
42117255.238095
54493794.285714
23484241.904762
24291293.333333
25621630.476190
26415402.380952
44019967.619048
56013803.809524
28160567.142857
27992763.809524
23461939.047619
24289958.095238
43011500.952381
54983205.238095
41644308.571429
53240942.380952
26291715.714286
27958360.000000
28359536.666667
29771634.285714
24267779.047619
23686855.238095
25044847.619048
26659135.238095
41134160.000000
53094990.952381
40162674.761905
51667596.190476
54473210.952381
58487808.571429
43810463.809524
53768856.666667
41682220.952381
55986735.238095
25732036.190476
25573641.904762
23707906.666667
24610629.523810
31139771.904762
33440152.380952
25953620.952381
27415015.238095
27763857.142857
29576552.380952
28236790.476190
28970097.142857
28201540.952381
30156735.238095
41348891.428571
52959735.714286
24307270.000000
24544207.619048
23393895.238095
23911457.142857
24500186.666667
24536464.285714
41459518.095238
52857177.142857
25051855.238095
24671264.761905
23368681.904762
23716481.904762
41748805.714286
53759500.476190
41040043.809524
52801841.904762
23121198.571429
25238329.523810
23629264.761905
24226074.285714
23808180.952381
24310295.238095
40151160.000000
51829516.190476
41439607.619048
53374108.571429
40850862.857143
52788687.619048
43116234.285714
55248141.428571
43275481.904762
55135488.095238
27712940.000000
28640409.047619
24126040.000000
23742331.428571
23294847.619048
24056737.142857
23783264.761905
24896782.857143
41761706.190476
53316765.714286
23265308.571429
25512445.714286
23832447.619048
25432124.761905
24199234.285714
23322613.333333
42936342.857143
55281287.619048
41437843.809524
54236182.857143
40810457.142857
52728007.619048
24012374.285714
24252020.952381
41936127.619048
53787441.904762
27611220.000000
28530864.761905
23313904.285714
23930072.380952
42107407.619048
54094808.571429
42311325.714286
54547280.476190
23095558.095238
26199002.857143
23932022.857143
26935198.095238
40282483.809524
51317339.047619
23753440.000000
24971468.571429
40754219.047619
52409232.380952
53579262.857143
57020398.095238
38280462.857143
48752030.476190
43719611.428571
55217586.666667
50243236.190476
58371876.190476
44645167.619048
56363576.190476
39628081.904762
48204855.714286
42733191.428571
54306278.571429
26781876.190476
27062272.380952
42105602.380952
54448110.476190
23358563.809524
25665693.333333
25120571.428571
25458268.571429
40401411.428571
51929537.142857
24090091.428571
24800792.380952
22965845.714286
24396634.285714
24217320.952381
24289533.333333
42521234.285714
54760813.809524
24816066.666667
25251474.285714
23453859.047619
24120335.238095
42128072.380952
54440809.047619
42610653.333333
54871143.333333
23083064.761905
25363769.523810
24541881.904762
25703982.857143
24047502.857143
24868464.761905
23621257.142857
24258089.523810
40843360.000000
52731198.571429
40263996.190476
51974948.571429
40660931.428571
52613509.047619
58614658.095238
60504422.857143
51321990.476190
58763000.952381
38001714.285714
42470638.095238
25332449.047619
26434613.333333
27313372.857143
28288448.571429
27043889.523810
28388127.619048
26520325.714286
27765913.333333
26814156.190476
28317219.047619
26277569.523810
26443179.047619
41339766.666667
53060395.714286
23573516.190476
23965676.190476
23485710.476190
24484841.904762
28953310.476190
30304632.380952
41377980.952381
53141885.714286
31453024.761905
44745472.380952
44661533.333333
54526040.000000
41794389.047619
54174880.000000
41381356.190476
53425453.333333
26822354.285714
29676342.857143
26637010.952381
27386457.142857
25410112.380952
26870634.285714
40218681.904762
50603672.380952
44569304.761905
54383884.761905
39789281.904762
48756653.333333
38796196.190476
49208088.571429
43082653.809524
56125225.714286
23774110.476190
25959331.428571
23991062.857143
24051563.809524
23652600.000000
24080573.333333
28031497.619048
30203186.190476
23154116.190476
24913203.809524
23612632.380952
25227232.380952
23874923.809524
25668403.809524
24345380.952381
23397984.761905
40823662.857143
52517700.952381
23878455.238095
24830331.904762
23492899.047619
24108314.285714
30819733.333333
33957002.380952
54910426.666667
58120681.904762
42205700.952381
53949714.285714
25487445.714286
27795202.380952
41528923.809524
53734129.523810
41183982.857143
53418345.714286
26367908.571429
28102032.380952
24765589.523810
25970198.571429
25565813.333333
26929018.095238
25456408.095238
26748940.952381
41030390.476190
52760725.714286
40938552.380952
52803196.190476
41536668.571429
53539405.714286
42302009.523810
54921554.761905
23644165.714286
24915377.142857
24609520.000000
24351963.809524
23975219.047619
25993269.047619
24096030.476190
25812605.714286
42978112.380952
54077655.714286
34340001.904762
45941111.428571
42660300.476190
54481432.380952
26680746.666667
28315236.190476
40746556.190476
52080211.428571
23816346.666667
24076093.333333
23673413.333333
24650920.000000
24488891.904762
24816308.571429
42386878.095238
54061904.285714
28777603.809524
30607213.333333
23530236.190476
24217700.952381
41913937.142857
53872137.142857
49100342.380952
56564434.285714
42421973.333333
54449980.952381
28903062.857143
32076223.809524
23762476.190476
23703676.190476
23432579.047619
24266506.666667
39936556.190476
52696359.523810
40700270.476190
53770912.380952
41024140.952381
53337484.761905
40885998.095238
52924170.476190
23520539.047619
25193127.619048
24269998.095238
24394194.285714
24350280.000000
24573222.857143
24144998.571429
26218181.904762
43460264.285714
54905053.333333
23412880.000000
25700299.047619
24686009.523810
25768081.904762
24169429.523810
23330977.142857
41632059.047619
53096626.666667
25698820.952381
27649137.142857
24107118.571429
23918582.857143
26312445.714286
27902939.047619
42812515.714286
54810923.333333
40371211.428571
42795893.333333
38838942.857143
42338101.428571
71681439.047619
72591659.047619
56330796.666667
69402003.809524
36404601.904762
36919894.761905
38051902.857143
39533211.428571
34765249.523810
34527659.047619
35182403.809524
34430413.333333
49704080.476190
61604311.428571
51075881.428571
63076899.047619
50741050.476190
63316285.238095
52123286.190476
66247186.190476
35405081.904762
35962682.380952
34087230.476190
31362335.238095
45734906.666667
42566017.142857
39325851.428571
41732613.333333
34801030.000000
38497996.190476
33018013.809524
37050180.952381
31985261.428571
35300312.857143
32215454.285714
29343640.000000
50579990.476190
62775647.619048
47078459.047619
41565269.523810
46649131.428571
53095266.666667
41732267.142857
42712780.952381
50823116.190476
62979714.285714
37042108.571429
37076489.523810
37452070.476190
38688177.142857
49674636.190476
61305779.047619
50361989.523810
62067860.000000
34390114.285714
47940716.190476
50331151.904762
62033473.809524
47677577.142857
57876971.428571
32968607.619048
32199381.428571
47858937.142857
59266708.095238
48844822.857143
60576835.714286
43295815.714286
53654561.428571
45857531.428571
56188664.285714
43272215.714286
52810958.571429
37449890.000000
39625115.714286
28627317.142857
26172940.000000
42937545.714286
51803207.142857
44506490.000000
52674392.857143
42873877.142857
52721108.571429
39518178.571429
49480728.571429
43963755.714286
51783210.000000
41717262.857143
51717080.000000
43825518.571429
54062345.714286
48623635.714286
56982307.142857
39929630.476190
44480965.714286
49380257.142857
60032573.809524
31327158.095238
31750423.333333
45436556.190476
57540040.000000
44376641.904762
55498843.809524
43016015.238095
53985899.047619
46951396.190476
56273702.857143
47564302.857143
59465664.761905
48206963.809524
58112842.380952
28995108.571429
28951714.285714
48367672.380952
59807582.857143
47917647.142857
59773097.619048
31768453.809524
32690513.333333
46675186.666667
57233480.952381
42808161.904762
53480347.142857
45271861.904762
56839003.333333
45170276.190476
56818020.952381
46127112.380952
57538322.857143
44803257.142857
56578055.238095
46854379.047619
56375714.285714
55618863.809524
61476940.000000
42191520.000000
54310800.476190
