44747211.428571
30485589.047619
28162387.142857
26944114.285714
28392988.095238
27461675.714286
26887248.571429
28440747.142857
27148668.571429
27982612.380952
27768161.428571
27388538.571429
28359791.428571
28552800.476190
28226115.238095
29018177.142857
31099419.047619
30713734.761905
30300069.523810
29175610.476190
29874802.857143
29150766.666667
29237228.571429
28033409.523810
29794426.666667
27963876.190476
29882319.523810
29011750.000000
29382650.476190
27979002.857143
30270100.952381
28890073.809524
29073510.000000
29171159.047619
29382566.666667
29411323.809524
28774728.095238
29706216.666667
30766187.619048
29876979.047619
30017912.380952
28775301.904762
29144837.619048
28801996.190476
29475237.619048
29778807.619048
28703909.047619
29578637.619048
29865585.714286
30373778.095238
27821981.904762
29777096.666667
28727430.952381
29213552.380952
29737129.523810
27896587.619048
28913114.285714
28532760.000000
29406768.571429
30853255.238095
28874465.714286
28316500.476190
28434967.142857
29088415.238095
28150616.190476
28173640.952381
28810789.047619
29072403.333333
29849410.476190
29267340.952381
30203855.238095
29053560.000000
29824637.142857
27872332.380952
27454573.333333
28359080.000000
28065502.857143
30101056.190476
30438886.666667
28129133.333333
29611231.428571
27949224.761905
27575857.619048
27376316.666667
27745266.666667
29139847.619048
28614930.476190
30724521.904762
29326988.571429
29730294.285714
26841881.428571
27971898.571429
26425779.523810
28651247.619048
27294267.619048
29882037.142857
28321471.904762
28451739.523810
35737562.857143
30581632.380952
28970958.095238
29064126.666667
30350998.571429
29146141.428571
29552949.523810
29522819.047619
28578572.857143
29031896.666667
29241676.666667
28801025.714286
28816263.809524
28358529.047619
28820496.190476
27779234.761905
28798407.619048
27800445.714286
27779134.761905
27296439.047619
28879008.095238
27577614.285714
27584830.476190
27943507.142857
28180349.047619
27617509.047619
26669593.333333
27805335.238095
28132176.190476
27740693.809524
28185315.714286
28001180.000000
27283745.714286
29615594.285714
27445080.476190
28290520.476190
27448592.380952
28032295.238095
28733552.380952
27647810.000000
27526075.714286
27786026.666667
29290735.238095
28637389.523810
27705442.380952
28227357.619048
28923770.476190
28943688.571429
27930530.476190
28839720.476190
27822857.619048
27802514.761905
27919869.047619
27947481.904762
28833657.619048
30548770.000000
28320945.238095
28044740.476190
27501222.857143
30584822.380952
28831926.666667
26868402.380952
27663453.809524
26690055.238095
28787700.000000
27881278.095238
28569794.761905
27639267.142857
30554191.428571
27503960.000000
28733541.904762
29034407.142857
27916687.142857
27970278.095238
29762919.047619
27463265.714286
30752157.619048
27569908.095238
29146534.285714
29058225.714286
29076435.238095
28565511.904762
30099708.095238
28892818.095238
28744125.714286
27656437.142857
28706345.238095
27895839.523810
30507301.904762
27929954.285714
27144985.714286
28672178.571429
29305011.904762
28845919.047619
27760668.571429
27624775.238095
28825429.047619
27516202.380952
27712187.619048
27970182.857143
27720466.666667
31485939.523810
29484191.904762
29515076.190476
29368011.428571
29551671.428571
29175830.000000
28482891.904762
28697804.761905
30541326.666667
27680339.047619
27648813.809524
27572571.904762
28719477.142857
28659964.761905
28188837.142857
27762362.380952
26906815.714286
28775136.190476
27475762.857143
28751365.714286
28116938.571429
29170565.238095
27185649.523810
28838356.190476
27473116.190476
28441961.428571
27493895.714286
27823361.904762
27799719.047619
28132022.857143
28944864.285714
28181831.904762
28951468.571429
27639379.047619
27884287.619048
28659963.809524
30124860.000000
28826346.666667
27677768.571429
27720793.333333
28666070.952381
27382968.095238
30486211.428571
27685257.142857
28968679.047619
27430835.714286
28000203.333333
29411582.857143
27029423.809524
29229084.761905
27524080.476190
28522020.476190
28317407.619048
28087834.285714
28945092.380952
27630612.857143
28016838.571429
27732703.809524
27423240.000000
28568364.761905
27799355.714286
28478160.476190
28841662.857143
28021237.142857
30551716.190476
27478219.047619
27589132.380952
30557878.095238
27838824.761905
28780595.238095
28022586.190476
28359946.190476
27458030.476190
30505846.190476
28774377.619048
28023398.571429
28945852.857143
29002472.380952
30341024.761905
28875662.857143
28021438.571429
28080005.238095
27719544.761905
28326637.142857
27277984.761905
29216459.523810
27257604.285714
28556646.666667
28570844.761905
29091734.285714
27623943.333333
28735189.047619
28675348.571429
27457694.285714
26215251.428571
25826861.428571
26755336.190476
27685911.428571
25900054.285714
26720286.666667
26818210.476190
29133454.285714
25921295.238095
26695238.571429
26592644.285714
28430399.047619
30382179.047619
27995883.809524
27566606.666667
28640262.857143
28048704.761905
29028579.523810
28613263.809524
27861077.142857
27639987.619048
27270980.000000
29453440.000000
27435067.142857
30066566.666667
27440218.571429
27668263.809524
30589398.095238
27408843.333333
28733031.904762
27962052.380952
28298272.380952
27385253.333333
28809891.904762
30508160.000000
26793761.428571
28772687.619048
30394670.476190
27898015.714286
28026703.809524
28287951.904762
30486626.666667
27580862.857143
30200428.571429
28950637.619048
27842811.904762
27904074.285714
28674217.142857
28966535.238095
27180510.476190
30419156.190476
28128664.761905
30035256.190476
27578325.714286
28717292.380952
27969711.428571
27899352.380952
27426975.238095
27597365.714286
27373526.666667
28110224.761905
28237058.095238
28040294.285714
30515235.238095
29520824.761905
27841217.619048
30408057.619048
28062513.333333
28513590.476190
28217903.809524
27959093.333333
27964420.000000
29549827.619048
27260496.190476
27647512.380952
29556577.142857
27992847.619048
30160831.428571
27731771.428571
27583320.000000
29737876.190476
29570237.142857
27955634.285714
27152805.238095
28754064.285714
28409249.523810
30353041.428571
28291931.428571
27778995.238095
28538200.000000
27359715.238095
27494843.809524
27316291.428571
28731872.380952
27609647.619048
28800463.809524
27637460.000000
28592020.000000
28844250.476190
28363113.333333
29524011.428571
28598876.190476
27778632.380952
28599623.809524
28973421.904762
27772764.761905
27413411.428571
30330453.333333
29434020.952381
28792491.428571
28864142.857143
27998751.428571
28244747.619048
27706960.952381
27437387.619048
27640307.619048
28638281.904762
27445588.571429
28716570.476190
27946249.523810
27605743.809524
29659000.952381
27845979.047619
28155374.285714
27778043.809524
28986976.190476
28109593.333333
30123547.619048
27632811.428571
28017107.619048
30544645.714286
30379649.523810
28728656.190476
28383932.857143
29277651.428571
27500486.666667
29908695.238095
27702728.571429
28038353.333333
29587547.619048
27428418.095238
29471763.809524
28060016.190476
29492318.095238
27607756.190476
28839279.047619
28777461.904762
27991306.666667
28121538.095238
30242125.714286
27633551.428571
30420280.000000
28880671.428571
27479877.142857
28146270.476190
27979251.428571
29563011.428571
28627772.380952
30242211.428571
30007423.809524
27622994.285714
30339722.857143
28185932.380952
27702480.000000
28482802.857143
27313539.047619
29846342.857143
28864320.952381
28069979.047619
27914290.476190
28763278.095238
27928085.714286
28804418.095238
30511060.000000
27127774.285714
29245688.095238
27782307.619048
28718925.714286
28035737.142857
28064450.476190
28036416.190476
29245080.000000
27644213.333333
27585035.238095
26927259.047619
27281328.571429
27195265.714286
30401523.809524
26897803.809524
27588018.095238
28301066.666667
28312075.238095
28562299.047619
29124130.476190
28059919.047619
29651768.571429
27748965.714286
28245112.380952
27510623.809524
28093995.238095
28458045.714286
30349920.000000
28185521.904762
28947039.047619
28094551.428571
28193882.857143
28053960.952381
29697208.571429
30326942.857143
27953068.571429
28956642.857143
28101783.809524
30723881.904762
27770509.523810
27988713.333333
27466461.904762
29051633.333333
27906265.714286
28803945.714286
28103784.761905
29795548.571429
27108464.761905
30359380.952381
28471810.476190
27669216.190476
27674078.095238
28534720.000000
28250677.142857
27819902.857143
28768088.571429
29928698.095238
27857481.904762
28178845.714286
28860022.857143
30918045.238095
27039484.761905
30407688.571429
27414034.285714
29604763.809524
27843244.761905
28895749.523810
28469120.000000
26439293.333333
30557648.571429
27782931.428571
26867423.809524
27084720.952381
28145982.857143
27490764.761905
27921490.476190
28268670.476190
29461174.285714
28286942.857143
27691062.857143
27010509.523810
27712127.619048
28651855.238095
28101335.238095
29650555.238095
26999287.619048
28671319.047619
27353860.000000
30461787.619048
30492199.047619
28148713.333333
27751971.428571
30902457.142857
27942327.619048
28762589.523810
27567486.666667
29715997.142857
26088070.476190
27083992.380952
29137109.523810
27522522.857143
27732266.666667
29165509.523810
27970616.190476
28751706.666667
29453719.047619
30020238.095238
27176735.238095
28929149.523810
28123672.380952
28844321.904762
30508098.095238
27468707.619048
27978890.476190
27458206.666667
29690788.571429
28203340.000000
29153528.571429
29529149.523810
27569210.476190
27675256.190476
28119770.476190
27693979.047619
27717304.761905
28005606.666667
26764518.095238
27746400.000000
28082329.523810
29336657.142857
27619241.904762
29585390.476190
30626571.428571
29168745.714286
28925151.428571
28036249.523810
27833042.857143
29690665.714286
27953848.571429
27154229.523810
29635515.238095
27590098.095238
27818141.904762
32170167.619048
29895020.952381
29545832.380952
29240540.000000
29786656.190476
28452269.523810
28625396.190476
28796302.857143
27738560.952381
28963530.476190
27574271.428571
28773924.761905
28031401.904762
28086251.428571
28067817.142857
27902411.428571
27930754.285714
27965766.666667
28015876.190476
28605609.523810
30395116.190476
27423285.714286
27247121.904762
28434000.000000
27858371.428571
28261297.142857
28848060.952381
28549767.619048
27537552.380952
28805521.904762
28329549.523810
28095746.666667
28108124.761905
26981018.095238
28117795.238095
27874725.714286
30444731.428571
28195883.809524
28527597.142857
27861060.000000
27563974.285714
29344551.428571
29708388.571429
27552327.619048
28561960.952381
27716945.714286
27893913.333333
27851745.714286
30927899.047619
28806077.142857
29308426.666667
28077952.857143
28046373.809524
29256608.571429
27382100.000000
26804649.523810
28747091.904762
27849747.142857
27335874.285714
27298555.238095
28409091.904762
27760779.047619
27370107.619048
27050172.857143
30589822.857143
27505410.476190
27716938.571429
29550357.142857
27074916.666667
28802014.285714
27638927.619048
28128816.190476
26986092.857143
26434228.571429
26324454.285714
25648118.571429
26541035.714286
25979662.380952
25850630.000000
27082347.142857
26981472.857143
26456564.285714
28684297.142857
28352403.333333
26929676.190476
27350958.095238
27267731.428571
26939129.523810
28685702.857143
27367168.571429
27924852.380952
27925398.095238
27970415.238095
27823697.142857
27931284.761905
27439867.619048
27126546.666667
27030239.047619
30565517.142857
27531086.666667
27704069.523810
27583300.000000
28542642.857143
27447222.857143
27589204.761905
29840706.666667
30865731.428571
31066569.523810
29108300.000000
30877475.238095
28295723.809524
29710781.428571
27624231.428571
28899218.095238
27294356.190476
27636614.285714
28287026.666667
27518072.380952
28827552.380952
29071539.523810
27644881.904762
28542731.428571
28510458.571429
27802898.571429
27856486.190476
27844273.333333
28462799.047619
29171981.904762
27858924.761905
28788737.142857
27806115.238095
28408733.809524
28168684.285714
27564197.142857
27916471.428571
27874264.761905
29282577.619048
27462115.714286
29195750.000000
26062370.476190
26700878.095238
28102323.809524
28018022.857143
28717220.952381
29660073.333333
27690820.000000
27400735.714286
29101676.666667
27881322.857143
28404465.714286
29077066.666667
27977213.333333
29008020.952381
27409092.380952
28512512.380952
27325464.285714
28961908.095238
30114582.857143
27262972.380952
28081377.142857
27436379.047619
29888877.142857
28082131.428571
27133544.761905
27945881.904762
27264201.904762
27936086.666667
27746789.523810
28030131.428571
30258293.333333
27445411.428571
27108924.761905
27965497.142857
26782453.333333
28565843.809524
27839141.904762
27713946.666667
29607331.428571
28665557.142857
27800625.714286
27702644.761905
27760193.333333
29406838.095238
27358120.000000
27566606.666667
27741228.571429
29483603.809524
27309966.666667
27804943.809524
27807955.238095
29709943.809524
27709867.619048
26860059.047619
27223508.571429
27014389.047619
27006542.857143
29256587.142857
27449017.142857
29890447.619048
28894168.095238
28818068.095238
27444297.142857
27587557.142857
28040188.571429
29478247.619048
27718459.047619
27953734.285714
28332238.095238
28056627.619048
27254843.809524
29635274.285714
28712234.285714
27030604.761905
30434335.238095
27573175.238095
27348455.238095
27860918.095238
27608767.619048
28044860.952381
29195906.666667
27940091.428571
28523642.857143
28716870.476190
30466366.666667
27742127.619048
28594364.761905
28155835.238095
28030579.047619
28243635.714286
27252468.095238
27760499.047619
27244060.000000
30016420.952381
28512801.904762
28490833.333333
27350605.714286
27989939.047619
27153173.333333
27325302.857143
27529575.238095
28733198.095238
30118152.380952
27245539.047619
30221227.619048
28304708.571429
28285725.714286
28670669.523810
30460113.333333
27530933.333333
30111512.380952
28068546.666667
28521781.428571
27731743.333333
28738859.047619
27683403.809524
28413078.095238
28079203.809524
27508009.523810
27564020.952381
27633393.333333
28204305.714286
27127771.428571
30265376.190476
30593024.761905
27504854.285714
27861981.904762
28799078.095238
27393011.428571
29624642.857143
28678854.285714
27394199.047619
27037012.380952
27725079.047619
28711381.904762
28388847.619048
27423097.142857
27970823.809524
27349226.666667
29587365.714286
28299855.238095
28672231.428571
28747667.142857
26889105.714286
26473508.571429
27132807.142857
27612114.761905
27616520.000000
28367834.285714
30308961.904762
27493035.714286
27492273.809524
28958157.142857
27159939.047619
29171875.238095
28451148.095238
28213510.000000
27118574.285714
28582361.904762
27815946.666667
28779589.047619
28110711.904762
27341734.285714
27633518.095238
27419833.333333
27487810.952381
28644132.857143
28636018.095238
27200774.285714
28405598.095238
27961089.047619
27400856.666667
27686574.285714
27062347.619048
28031675.238095
27663627.142857
27497171.904762
28727030.476190
27106657.142857
26998495.238095
27565468.095238
26286061.428571
27344935.238095
27615149.523810
27196321.904762
27423199.523810
28007205.238095
28877445.714286
27548511.428571
27548393.333333
27878897.619048
28307150.952381
26893466.666667
28659772.380952
29226339.047619
27840049.047619
28571293.809524
27540580.952381
29292343.809524
28142546.666667
29349127.142857
29698332.857143
27895746.666667
27565926.666667
30537990.952381
27613154.761905
27855565.238095
26776908.571429
26426923.809524
27720554.285714
27919911.904762
27504171.904762
27368826.666667
27829026.666667
28656664.761905
27944990.476190
26874074.285714
30168777.142857
27293917.142857
30106645.714286
28410421.904762
28531974.285714
26591678.095238
27770171.428571
