52135831.428571
32785577.142857
31259027.142857
29616304.285714
27882725.714286
27286885.714286
29094947.142857
29779270.000000
27820867.142857
29275165.714286
27505056.666667
27809388.571429
26749961.428571
26768434.285714
26762818.571429
28323714.285714
29436498.571429
28149821.904762
28415971.428571
30290367.619048
27310274.285714
28268568.571429
30998862.857143
28710486.666667
28131589.523810
29190351.428571
29034263.809524
28151833.333333
28675318.095238
28140480.000000
28384557.142857
27432741.904762
28473950.476190
29194997.142857
29159253.333333
28286331.428571
28261843.809524
27725741.904762
28163523.809524
27587643.809524
31629260.000000
29233223.809524
29755143.809524
29727108.571429
29400633.333333
30192467.619048
28474904.761905
30333291.428571
28468262.380952
28152590.000000
28115071.428571
28504437.142857
28298920.952381
28993700.000000
27584965.714286
30176577.142857
28246454.285714
28462680.000000
28717501.904762
30687874.285714
28501436.190476
28158659.047619
28657682.857143
28068396.190476
29899345.714286
30851924.761905
28609757.142857
28037655.238095
27657788.571429
28144741.904762
28073581.904762
28264340.952381
27840902.857143
28023722.857143
28302623.809524
28363902.857143
28372046.666667
28669599.047619
28458124.761905
28480279.047619
28929688.571429
27737107.619048
30952851.428571
28301881.904762
28737048.571429
29038669.523810
28096700.000000
28305416.190476
28130260.952381
29923803.809524
27897372.380952
30352625.714286
28146518.095238
28421478.095238
28398428.571429
28537691.428571
28282575.238095
28106521.904762
28097803.809524
28916265.714286
29403427.619048
29329134.285714
28175160.952381
27993309.523810
28373547.619048
29680838.095238
28287104.761905
28705968.571429
28161034.285714
28401600.000000
28115025.714286
27855100.952381
28919425.714286
28564114.285714
29209786.666667
28104965.714286
28585827.619048
27720224.761905
29503615.238095
30103423.809524
28203089.523810
27863425.714286
28711761.904762
28407356.190476
28053757.142857
29980107.619048
28020429.523810
28890413.333333
29528827.619048
28102952.380952
28513136.190476
28461441.904762
28533628.571429
29355441.904762
28166428.571429
28357137.142857
27865446.666667
28087081.904762
28248860.952381
29363802.857143
27993451.428571
27909411.428571
28431418.095238
29136378.095238
28489495.238095
29187604.761905
28482133.333333
28894295.238095
29760476.190476
27911523.809524
28149471.428571
27852982.857143
28703182.857143
28507585.714286
28363525.714286
28765431.428571
28353897.142857
29044774.285714
28740018.095238
28611629.523810
27923576.190476
29623463.809524
28043060.000000
28144089.523810
29073808.571429
28418729.523810
28255744.761905
29532060.952381
28942449.523810
28690355.238095
28413045.714286
28985838.095238
27936587.619048
28652980.952381
28428708.571429
28509220.952381
28609510.476190
28581103.809524
28688652.380952
28541263.809524
29571416.190476
28983164.761905
29505830.000000
29119570.000000
30869472.380952
28149065.714286
28428581.904762
28818501.904762
28811404.761905
28134596.190476
29501469.523810
28961802.857143
28560657.142857
29959272.380952
28006452.380952
29421443.809524
28600332.380952
29220551.428571
27846154.285714
27943080.952381
29526745.714286
28451586.666667
27789284.761905
29014998.095238
27884171.428571
28738608.571429
28847188.571429
30242330.476190
28511430.476190
29878645.714286
30609708.571429
28089243.809524
27973466.666667
28793831.428571
27803326.666667
28645682.857143
28760606.666667
28276459.047619
30751557.142857
34950265.714286
32635187.142857
30172114.761905
30556219.523810
31190790.476190
29103080.000000
29732794.761905
31062123.333333
31092378.095238
29330939.047619
29087711.428571
28508635.238095
28742195.238095
28944432.857143
28452012.380952
28488700.000000
31417937.142857
27966341.904762
28622572.380952
27893071.428571
28488708.571429
27820744.761905
29044349.523810
28443187.619048
28812161.904762
29367318.095238
28061573.333333
28390492.380952
28298629.523810
28096357.142857
27969504.761905
29372807.619048
28924718.095238
27665100.952381
28990632.380952
28158839.047619
28919636.190476
29397902.857143
30274024.761905
29458866.666667
29420880.000000
28901356.190476
30873859.047619
28171438.095238
28605949.523810
30856458.095238
31579427.619048
29857928.095238
30102321.904762
28472046.666667
30977484.761905
28545463.809524
28342887.619048
29846611.428571
28534340.952381
29385474.285714
30171450.476190
28476928.571429
29639987.619048
29507012.380952
29600360.000000
29415674.285714
28017324.761905
28645114.285714
29410990.476190
30043664.761905
29730944.761905
28076934.285714
29313262.857143
27535332.857143
28550278.571429
28045284.285714
27072842.857143
27691005.714286
28815020.000000
27293992.857143
28042895.714286
27203942.857143
28689404.285714
27144990.476190
25863428.095238
27937242.857143
29559376.190476
26878882.857143
26234019.047619
31176077.142857
30381828.571429
28372889.523810
29674212.380952
28112506.666667
28466859.047619
30302960.952381
29220915.238095
29372018.095238
28303756.190476
28315812.380952
29339795.238095
29319865.714286
29163940.000000
29275231.428571
30173145.714286
28358617.142857
29262908.571429
27957452.380952
27762764.761905
26968860.000000
29158181.904762
28418249.523810
29562306.666667
28092245.714286
27980400.000000
28721778.095238
29058505.714286
29374677.142857
28213711.428571
27255748.571429
29409738.095238
28477938.095238
28235687.619048
28471593.333333
27464298.095238
27705997.142857
28241248.571429
28553699.047619
27765850.476190
27014482.857143
28925204.761905
29155414.285714
28235632.380952
28030788.571429
27498512.380952
28299120.952381
29651624.761905
29113096.190476
29147782.857143
27368546.666667
28365313.333333
30772987.619048
29467978.095238
31278320.952381
29080540.952381
29025509.523810
30729629.523810
29381113.333333
28017594.285714
28102370.476190
28501504.761905
31129560.952381
28452255.714286
27472835.714286
28381702.857143
28882392.380952
29167588.571429
30308750.476190
29325022.857143
28544499.047619
29080300.952381
28571885.714286
28707918.095238
28113446.666667
27909490.476190
27979654.285714
27931160.952381
28205090.476190
28572101.904762
28722400.952381
26995446.666667
28515066.666667
28138406.666667
28085760.952381
29938650.476190
27742052.380952
28977807.619048
29585076.190476
27875618.095238
28995223.809524
27495996.190476
29120340.952381
29235454.285714
30219728.571429
27327875.238095
26890020.000000
28406947.142857
28582827.142857
28687187.619048
28785289.523810
26894728.571429
28148483.809524
28025806.666667
30218736.190476
28303372.380952
27478405.714286
31289360.000000
29493503.809524
28436212.380952
27557709.523810
27032377.142857
28777623.809524
30672014.285714
29725558.095238
27525800.000000
28334329.523810
27925419.047619
28113856.190476
28833322.857143
27758580.952381
27215743.809524
28900886.666667
29020627.619048
28654120.000000
28445971.428571
26824833.333333
31177672.380952
30624394.761905
28103465.238095
26572735.238095
26242259.047619
29982535.238095
29066740.000000
27771702.857143
28717550.476190
26728417.142857
28135647.619048
29326740.000000
28477099.047619
29360915.238095
28201863.809524
28731871.428571
27821305.714286
31042420.952381
28924140.952381
28611882.857143
28110474.285714
30805547.619048
28721558.095238
29747266.666667
28518558.095238
30993416.190476
30950194.285714
28233435.238095
28327549.523810
28531974.285714
28534919.047619
28657575.238095
28407924.761905
28427655.238095
28743421.904762
28076927.619048
29444841.904762
28376343.809524
28784800.000000
28486721.904762
29160747.619048
28238063.809524
29416605.714286
28789197.142857
29502748.571429
28679621.904762
28410304.761905
28400651.428571
29885477.142857
28545491.428571
27992020.000000
27660208.571429
28198911.428571
27903128.571429
27727538.095238
29568879.047619
30921073.333333
28452554.285714
28830870.476190
27550494.285714
28596007.619048
29650832.380952
27916832.380952
28427493.333333
29166540.952381
28750171.428571
31045372.380952
29902791.428571
27869676.190476
30906306.666667
28689271.428571
29173615.238095
28149890.476190
28607421.904762
29522962.857143
28137550.476190
28207527.619048
29111263.809524
29388297.142857
28405936.190476
29503529.523810
27933469.523810
31309609.523810
29328408.571429
29562608.571429
28534152.380952
28159780.000000
27929368.571429
28401185.714286
28564365.714286
27772768.571429
30451820.000000
29310070.476190
28201828.571429
29271449.523810
29327689.523810
28009946.666667
28211662.857143
29368054.285714
29364054.285714
27965095.238095
27953964.761905
30506845.714286
29254495.238095
28004684.761905
28684242.857143
29451226.666667
28543413.333333
27833612.380952
29469325.714286
29685566.666667
28577184.761905
28335209.523810
28136048.571429
29567927.619048
28183752.380952
29139542.857143
28480963.809524
28485361.904762
29270262.857143
29258106.666667
30097345.714286
28164857.142857
28254265.714286
27916028.571429
27652171.428571
28355113.333333
28311445.714286
27608746.666667
29350316.190476
29590987.619048
29563356.190476
28070510.476190
29193921.904762
28354734.285714
28729457.142857
30149737.142857
30464354.285714
29448804.761905
28224770.476190
30178390.476190
29684090.476190
29432883.809524
28102048.571429
29430727.619048
28657111.428571
28838295.238095
28675845.714286
29556182.857143
26727211.428571
27643635.714286
29578964.761905
29179200.000000
28232900.000000
28812557.142857
26801025.714286
31257227.619048
28742938.095238
28194674.285714
29147503.809524
27623281.904762
29577743.809524
28868239.047619
29104364.761905
29458023.809524
29374959.047619
28695225.714286
30850321.904762
28457208.571429
28822682.857143
28740575.238095
28706754.285714
28938375.238095
28807696.190476
27759393.333333
28634966.666667
28968240.000000
30865003.809524
29282835.238095
28259307.619048
29495411.428571
28563514.285714
30537585.714286
27636865.714286
27658326.666667
28096075.238095
31083252.380952
29583090.476190
29184637.142857
27898004.761905
29280383.809524
28206240.952381
31361930.952381
29333214.761905
28839012.857143
29429682.857143
28230563.809524
28748874.285714
29412190.952381
28316268.095238
29229717.142857
28270213.333333
28329758.571429
29358357.142857
30262666.666667
30547502.857143
30235036.190476
28802614.285714
29314791.428571
28570901.904762
32155944.761905
29544226.666667
29421184.761905
29423629.523810
29307992.380952
29338603.809524
28501035.238095
31217932.380952
27669344.761905
30630153.333333
28150010.952381
29301399.523810
28237185.714286
28425314.285714
28243166.666667
29171391.428571
28992779.047619
30527844.761905
29196011.904762
29570316.666667
28588779.047619
29408395.238095
29554488.571429
30096289.047619
29169727.142857
30526803.809524
26763840.000000
27596031.428571
27243534.285714
26800184.285714
26572317.142857
24112521.428571
29197415.714286
28154974.285714
27709940.000000
27502415.714286
26438910.952381
29430937.142857
26931297.142857
27614965.238095
28566474.761905
28049619.047619
30299057.142857
31209730.476190
28228549.523810
29407296.190476
28542093.333333
29464645.714286
29239794.285714
28143920.476190
28902297.619048
28431235.238095
27700654.285714
28017377.142857
29322127.619048
29430341.904762
28084924.761905
28267422.857143
28176237.142857
28589120.000000
30894289.523810
28419104.761905
28128839.047619
28318429.523810
29495894.285714
29735451.428571
29386393.333333
28340930.476190
28443407.619048
29178567.619048
29524819.047619
28000255.238095
31019073.333333
29678664.761905
27923213.333333
31179076.190476
29279682.857143
28244916.190476
28403024.761905
31108444.761905
28677689.523810
29226875.238095
29451979.047619
28366385.714286
29673888.095238
29161180.476190
28043858.095238
30453719.047619
29690655.238095
28362448.571429
29446635.238095
29296820.000000
29462710.476190
28265063.809524
29579103.809524
29043351.428571
28102265.714286
29140846.666667
30041807.619048
28290216.190476
30872682.857143
29477296.190476
28269905.714286
28381014.285714
29249718.095238
29229342.857143
30034126.666667
29319913.333333
27928684.761905
29441402.857143
29829197.142857
29415363.809524
29367002.857143
28251501.904762
32044418.571429
28891823.333333
28241667.619048
28727900.952381
29880365.714286
30218578.095238
30252922.857143
27788923.809524
28234785.714286
30474511.904762
28147818.095238
28971926.666667
28417427.619048
28557688.571429
28643581.904762
28003347.619048
30988627.619048
29415542.857143
28292384.761905
28089341.904762
28792560.952381
30228040.952381
30916290.476190
28343883.809524
28939910.476190
29838989.523810
28951535.238095
29583300.952381
27712414.285714
31242767.619048
29481482.380952
29618215.714286
30917791.428571
29022172.380952
30868837.142857
29338005.238095
29385946.190476
31173099.047619
29100420.000000
29551549.523810
27558066.190476
31480893.809524
30295168.571429
28918245.714286
29588265.714286
31033953.809524
30701332.857143
27862826.666667
27797570.476190
29674245.714286
28655658.571429
29129591.904762
30234476.190476
28473665.714286
28806756.190476
28867238.571429
28937418.571429
28292476.190476
27695201.904762
30150117.142857
27965999.523810
28713556.666667
31316746.666667
28041499.047619
29002882.857143
28196585.238095
31230951.904762
29079018.095238
28660512.380952
29875287.619048
28982598.571429
29885990.952381
28341871.428571
29959560.000000
28243564.761905
29326830.952381
30511671.904762
29483019.047619
28185425.714286
29270546.666667
28994650.952381
28268653.809524
28246630.476190
27993561.904762
29333297.142857
35362776.666667
31431122.380952
31041523.809524
29925651.428571
31062868.571429
29368555.714286
31002917.619048
29168712.380952
29418396.190476
28601557.142857
28561140.476190
29190603.333333
29587618.095238
28563581.904762
30404824.761905
28371464.285714
30527255.714286
28419995.238095
30447452.380952
29685255.238095
28260957.619048
30018674.761905
30874791.428571
31080924.761905
28293541.904762
28953107.142857
30480872.857143
27946090.476190
29206376.190476
28107959.047619
29354779.523810
29933107.142857
30207657.142857
27972395.238095
28030631.428571
28566236.666667
29419858.571429
29160110.476190
27440759.047619
29364645.714286
28124011.904762
31586290.000000
28240900.952381
30495126.666667
28527080.952381
28883641.428571
29707747.142857
28464167.619048
28564546.666667
28013847.619048
28138393.809524
30751465.238095
28357361.904762
27230037.142857
27784040.952381
29179570.000000
28568708.095238
28923584.761905
29927018.095238
29455496.190476
31715451.904762
32401690.000000
29458414.285714
28291708.571429
28806310.476190
31918097.619048
29752457.619048
28649515.238095
27718027.619048
28271213.333333
29858137.619048
28186742.380952
29121772.380952
28245257.142857
29305850.476190
29849354.761905
29705501.428571
28330749.523810
29603850.476190
28118721.904762
27861255.714286
29836168.095238
28285280.952381
28768298.095238
28426434.285714
28643581.428571
30213919.523810
27949530.476190
30308811.428571
28276104.761905
28906409.047619
29542316.666667
27965834.285714
31440646.190476
29565375.714286
28637530.000000
29380038.571429
30246428.571429
28234068.571429
29896678.095238
29579101.428571
31820039.523810
31145089.523810
29621190.476190
28338363.809524
30135286.190476
29248536.666667
28479264.761905
28964929.523810
28369870.476190
29636748.095238
