45238644.285714
30739124.285714
29721477.142857
30142845.238095
29762490.000000
29954427.619048
30459568.095238
29739712.857143
32272537.142857
28680598.571429
28189678.571429
28992160.000000
29138337.142857
31445098.095238
28952876.190476
31257228.571429
28663474.285714
30264813.333333
30174329.523810
30015333.333333
31565820.952381
29064269.523810
28955153.333333
28805909.523810
30533464.761905
30605066.666667
28080510.476190
29836465.714286
28065555.238095
28974555.714286
29396397.142857
28929051.428571
31331749.523810
28506902.380952
28411483.809524
31255436.190476
28266544.761905
29689399.047619
29898161.428571
30306600.952381
28306851.428571
31357073.809524
28777751.904762
28754795.714286
32007983.333333
28244440.000000
28785326.666667
28662969.523810
31509178.095238
28651320.952381
29408153.333333
29086971.428571
30457258.095238
28294116.190476
29786205.714286
28096739.523810
28353223.333333
28823076.190476
28609556.666667
29664994.285714
28997408.571429
27872941.904762
27865219.523810
28479555.714286
27793055.238095
29649561.428571
29840351.428571
32839024.761905
30454664.761905
31288666.190476
28533585.714286
29866322.857143
27709617.142857
27909788.571429
28568444.761905
29979995.238095
29377889.523810
28893931.428571
28697045.714286
28680915.238095
29968310.476190
29204694.285714
29712502.857143
28325816.190476
28093456.190476
28631703.809524
28429383.809524
28628307.619048
28541388.571429
29714959.047619
28318292.380952
29149846.666667
29379499.047619
31091751.428571
27929468.571429
28756632.380952
27796436.190476
28718994.285714
28032425.714286
31172892.380952
27864381.904762
32809099.523810
28200453.333333
28963827.619048
27710207.619048
29592901.904762
29665747.142857
28742814.285714
27896923.809524
30356633.333333
30324741.904762
28117388.571429
28267644.761905
30269246.190476
29462294.285714
28134674.285714
30133303.809524
28875919.047619
29212483.809524
28733732.857143
28332892.380952
29155014.285714
29476040.000000
29608819.047619
28182607.619048
27799774.285714
29997652.380952
29605334.285714
28363407.619048
29636996.190476
28372960.000000
28891658.095238
30946201.904762
29733505.238095
28654872.380952
28707693.333333
30185694.761905
29671897.142857
27207679.047619
28417726.666667
29553712.380952
29425126.666667
29357601.904762
29163939.047619
28735842.857143
30080410.476190
28539220.952381
28784704.761905
29539230.952381
29214814.285714
28423825.714286
30102866.666667
29738368.571429
27195138.095238
29705751.428571
28147836.190476
27855853.333333
29250759.047619
29930350.476190
29170790.476190
28052578.095238
30901119.047619
27477034.285714
28957039.047619
30749035.238095
27899833.333333
28401065.714286
28803163.809524
27814913.333333
30361092.380952
28665820.000000
31189573.809524
28441660.000000
29264098.095238
30060314.285714
28499154.285714
28914560.000000
29702365.714286
28735698.571429
28125718.095238
28696717.142857
31115925.714286
31285151.428571
30305903.809524
28109872.380952
28430724.761905
28229534.285714
28413860.000000
28516112.857143
29280218.095238
27878113.333333
30273692.380952
30269228.571429
28051396.190476
29822528.571429
29400916.190476
28363089.523810
27804204.761905
28530774.285714
29127854.285714
30842460.000000
29361420.952381
28473601.904762
29325880.000000
28487056.190476
30913089.047619
28437793.333333
28434421.904762
30166076.190476
31372184.761905
28706188.571429
28916284.761905
27956916.190476
28654639.523810
29406680.952381
27779356.190476
29548524.761905
27700911.428571
31136877.142857
27948258.095238
31825320.952381
28360208.571429
30092075.714286
28136913.333333
30917646.190476
28740600.952381
28237188.571429
28420149.523810
29502645.714286
27523000.952381
30113778.095238
27911136.190476
28812150.952381
28739627.619048
28033202.857143
28725038.095238
29527363.809524
30293560.952381
31268789.047619
28344005.714286
31044924.761905
28480580.000000
28617617.142857
29549479.523810
28318961.428571
27759837.142857
30888559.047619
28835346.666667
30243888.571429
28499674.285714
28064094.285714
29283960.000000
29520442.857143
28156548.095238
27634860.000000
29783820.000000
31045569.523810
28085140.952381
30104395.238095
29481479.047619
28701549.523810
28776220.000000
29255112.380952
27900643.809524
28814252.857143
28100148.571429
28440337.142857
28436174.285714
27853237.142857
28573184.761905
29835090.476190
28210089.523810
28370841.904762
29906005.238095
28290774.285714
28507583.809524
28488111.428571
29169905.714286
27851600.000000
28566577.142857
28662857.142857
28085213.333333
29404524.761905
27723310.476190
28855753.333333
29910867.142857
26459120.000000
26801440.476190
29727135.714286
26654134.285714
28063588.571429
26793486.666667
27272530.000000
26679302.857143
26594018.571429
27116369.523810
28403677.142857
29578447.619048
28099248.571429
28149357.142857
28557986.666667
28290185.714286
28406512.380952
28783317.142857
30053447.619048
30110146.666667
28241963.809524
27662215.238095
28412732.380952
28603066.666667
27875956.190476
30616132.857143
27858987.619048
28086797.142857
28063442.857143
28087808.571429
28140675.238095
28538405.714286
28038616.190476
28506616.190476
29143085.714286
29297764.761905
28088509.523810
28647981.904762
28380601.904762
27294024.761905
29161800.952381
27977371.428571
28331642.857143
30246207.619048
28654290.476190
29513419.047619
26547300.952381
29902575.238095
27780993.333333
28823293.333333
28742606.666667
28645051.428571
28160365.714286
30469418.095238
28760240.952381
28048514.285714
28286500.000000
27986048.571429
28406129.523810
28938148.571429
28188568.571429
30784892.380952
28243897.142857
29528848.571429
29638307.619048
28635569.523810
28470869.523810
28393985.714286
28636821.428571
27899780.000000
28066497.142857
28224523.809524
30023343.809524
27808098.095238
28830613.333333
27911798.095238
29610919.523810
29626312.857143
28035849.523810
28230607.619048
28987587.619048
28463373.333333
28782788.571429
29272812.380952
27822424.761905
28324217.142857
29888729.523810
29571811.428571
29852172.380952
31093231.904762
28645802.857143
28699239.047619
27808215.238095
28766291.428571
28597082.380952
28306720.000000
28547564.761905
29489412.380952
28374841.904762
27920351.428571
28611405.714286
28679389.523810
27973929.523810
27789294.285714
30299771.428571
30738452.380952
29134083.809524
27712041.904762
29017566.666667
31013360.000000
28552520.952381
28460998.095238
31048646.666667
29317309.523810
28141389.523810
30483243.809524
28101640.000000
29597670.952381
28033998.095238
28253437.142857
29871716.190476
29738803.809524
30146803.809524
29419011.904762
27786008.571429
30140930.476190
28256440.000000
28010768.571429
26258344.761905
29307358.095238
27272765.714286
28355807.619048
28409713.333333
29859962.857143
29162100.000000
31173514.285714
28285088.571429
28483621.904762
30010564.761905
29699000.000000
29251100.952381
31035069.523810
29320452.380952
28891434.285714
27875180.000000
31302600.000000
30259379.047619
28451938.095238
29250281.904762
28449122.857143
29912245.714286
28102737.142857
28652225.714286
28295516.190476
29265460.000000
28635082.857143
28065160.952381
27893562.857143
29672339.047619
27953069.523810
29456250.476190
28521467.619048
29089200.952381
27905383.809524
28672595.238095
30300448.571429
30421418.095238
27927912.380952
31421226.666667
27734552.380952
29959131.428571
29460741.904762
28329614.285714
30127471.428571
30451006.190476
28244291.428571
29316932.857143
29608404.761905
27626198.095238
29716819.047619
28385924.761905
29744139.047619
29990366.666667
28483971.428571
31148873.809524
29779580.952381
32265779.047619
28606121.904762
29440558.095238
27679300.000000
29828877.619048
28000690.952381
28328949.523810
28820745.714286
27924280.952381
30793546.666667
28305581.904762
29222362.857143
31051720.476190
29505789.523810
28641437.142857
29728696.666667
28254318.095238
31146956.190476
28415648.571429
29436159.047619
28416123.809524
29758920.476190
28497567.619048
27062825.714286
27943224.761905
28466731.428571
27806781.904762
28350088.571429
29362410.476190
28053203.809524
29707591.428571
28859523.809524
28267199.047619
30037553.333333
28231253.333333
29015039.047619
28715310.476190
28319013.333333
27461535.238095
28140692.380952
29515424.761905
27971210.476190
30503522.380952
28953636.190476
28508940.952381
29317563.809524
28138826.666667
29329437.142857
30401983.809524
29344725.714286
28164951.428571
27764500.000000
29496174.285714
28795809.523810
28177408.571429
29092205.714286
29472970.476190
30857312.380952
28230560.952381
28423827.619048
29657065.714286
27817771.428571
28130563.809524
29461778.095238
28586663.333333
28138004.761905
28602105.714286
28184757.142857
28639595.238095
29521573.333333
28139290.476190
31200390.476190
29269556.190476
29138639.047619
29301715.238095
28570460.952381
28986393.333333
29537068.571429
27700559.047619
30744847.619048
27772991.428571
28249995.238095
30598373.333333
28355177.142857
28387517.142857
28699874.761905
28120945.714286
31007027.619048
28384438.095238
28371660.952381
28532829.523810
29080866.666667
29542544.285714
27382656.190476
30667381.904762
29201853.333333
28025953.333333
29825865.238095
28019323.809524
31247373.333333
30057021.904762
28498433.333333
28596834.285714
29143140.952381
28078377.142857
28331666.666667
29264284.761905
28457363.809524
29919086.666667
28053671.428571
28276180.000000
28541663.809524
28740585.714286
27899473.333333
29769795.714286
28649951.428571
28164187.619048
29966239.047619
30871209.047619
27652553.333333
29722266.666667
28334617.142857
28208908.571429
29067497.142857
28663026.190476
30245431.428571
28351974.761905
30433945.714286
27722215.238095
29785106.190476
31005106.666667
31276364.761905
27777906.666667
30281261.904762
28104850.476190
28434506.666667
30101895.238095
28346498.095238
30976471.428571
30855679.047619
31481734.285714
27679549.523810
30767778.095238
27948294.285714
28573214.285714
29289271.904762
29414619.047619
30293076.190476
28394066.666667
30154901.428571
28634931.904762
29475310.476190
31241098.095238
28281799.047619
30539854.285714
28113698.095238
28624243.809524
29121992.380952
27805027.142857
30704141.904762
28594509.523810
30450597.142857
27876626.666667
28431339.047619
29922339.047619
29415768.571429
27964021.904762
28409291.428571
28466121.904762
30723307.619048
28573020.000000
30176867.142857
28245690.000000
29093053.333333
31082033.333333
27989919.047619
28610785.238095
28223257.142857
29228001.428571
29352210.000000
28121984.761905
28517126.666667
28214644.285714
30821980.000000
30048886.666667
28532475.238095
27264746.666667
28907721.904762
27899395.238095
31224013.333333
29610143.333333
30172084.285714
26962261.428571
25875081.428571
27098691.428571
27380854.285714
26603924.285714
26223237.142857
27939228.571429
27312698.571429
27786301.428571
27249250.476190
27836212.857143
26868490.000000
27208998.571429
29330564.285714
28169884.761905
30790124.761905
29851859.047619
29494319.523810
27679803.333333
28090128.571429
29594599.047619
28756530.952381
27879594.761905
29528812.380952
26873596.190476
28271123.809524
28336173.333333
28983096.190476
28309728.571429
30768861.904762
29927642.857143
28322430.476190
28959480.952381
30341739.047619
28299768.095238
27701380.000000
30942666.666667
28860366.666667
29059736.190476
27927320.952381
29464565.238095
28953840.952381
29200724.761905
27929219.047619
28329321.904762
29018228.095238
28316515.238095
28433000.952381
28186952.380952
29602431.428571
30315042.857143
28242194.285714
28922627.619048
28321836.190476
27620059.047619
29434246.666667
28019582.857143
28601918.095238
28512593.333333
28378731.428571
28407421.904762
28630688.571429
28320358.095238
27999603.809524
28493120.000000
31110265.714286
30060785.714286
28766078.095238
28493159.047619
28811418.095238
31334062.857143
28597174.285714
29075697.142857
29413528.095238
28020339.523810
28022230.000000
29450872.380952
28089231.428571
30800933.333333
31233298.095238
28719824.761905
28886466.666667
28047881.904762
29616325.714286
27866104.761905
29153173.333333
29345730.476190
29665384.761905
27932348.571429
28283836.190476
30194731.428571
30189927.619048
29587900.952381
28558628.571429
27832316.190476
30190286.190476
29604026.190476
30161826.190476
29392307.619048
31039633.333333
28773354.285714
28160796.666667
30916520.952381
29560354.285714
27855830.476190
31203963.809524
28386267.619048
29039209.523810
29023986.666667
28695396.190476
28218284.761905
28369602.857143
28009232.380952
29131588.571429
28834290.476190
30023340.952381
28074402.857143
28126160.000000
28653621.904762
28399202.380952
28591328.571429
29163739.047619
28332361.904762
28526306.666667
30305494.761905
28426632.380952
27930149.523810
28011537.142857
28102102.857143
28504421.904762
29197226.666667
28555683.333333
28615313.809524
28911044.285714
31056324.761905
30290782.380952
29298226.666667
28455730.952381
28176760.952381
28975021.904762
28266377.142857
28109402.380952
28520952.857143
27834529.047619
29482975.238095
28100748.571429
30084549.523810
28114692.857143
29853221.428571
27872149.523810
30618841.428571
28125561.428571
29340147.142857
28290674.285714
27953909.047619
30382452.380952
27965269.047619
28878548.095238
29826395.714286
29791606.190476
30502010.952381
27995217.142857
28889429.047619
29448231.428571
28096334.285714
29837812.857143
29438116.190476
29563023.809524
29863249.523810
27817205.238095
28517454.761905
28588371.428571
28202167.142857
30165396.666667
28123287.142857
27906284.285714
28993131.428571
27874450.476190
30943282.857143
30415698.095238
30262061.428571
28153342.857143
28605364.761905
28098450.476190
29438380.476190
30256650.476190
27764406.666667
28721346.666667
27841224.761905
29705995.714286
30344370.476190
28688065.714286
31197170.476190
28079040.000000
27877151.428571
29035860.476190
30029784.285714
28000753.333333
29817722.857143
27750970.476190
28595406.666667
28301078.095238
29309053.333333
30485256.190476
27678268.571429
31113124.761905
31072491.428571
31200334.285714
29522507.619048
29377530.952381
28344214.285714
29136609.523810
29505189.523810
29436291.428571
27846753.333333
28645249.047619
28152170.476190
31031364.761905
28576685.714286
29890531.428571
28344034.285714
27595246.666667
28376213.333333
28413053.333333
28009815.238095
30959851.904762
28943556.666667
30481390.476190
29914229.523810
27810303.333333
29095868.095238
31252696.666667
29230615.238095
31105846.190476
28831620.000000
30927921.904762
29717798.571429
27692670.476190
27470525.714286
27917937.142857
29689362.380952
27889855.238095
29446792.380952
28502288.571429
29815066.666667
28600153.809524
27825573.333333
29768232.380952
27713418.095238
28589372.380952
28579280.000000
29735120.476190
30217690.476190
31307282.380952
28374572.380952
28450003.809524
29079061.904762
28057808.571429
28458071.428571
28864704.761905
31364720.000000
28197527.619048
28133753.333333
30961248.571429
30075017.142857
28482263.809524
29433023.809524
28476706.666667
28080643.333333
28577684.761905
28636522.857143
28567359.047619
29107384.285714
28980991.428571
27671279.523810
28396474.285714
28837328.571429
31225101.904762
30199269.523810
