463
683
210
545
198
822
186
252
181
264
187
256
160
846
241
182
598
39281
19721
115864
18813
78969
18499
74727
18973
86880
16471
93692
20596
75360
18636
92243
48666
18978
91728
19494
93159
19260
77028
20144
62570
110293
18535
92992
47342
18654
73556
19030
85046
18686
76901
19827
87801
17852
93026
18393
73559
18241
92447
48347
16838
63498
74458
42348
14927
92949
16890
76064
15982
94627
16219
70948
14932
94030
18042
73817
17612
94536
17110
74046
19205
72407
42607
15053
84429
16658
93767
15876
73359
16493
44719
92387
16657
77601
43088
15777
86477
16891
77154
14894
72781
17139
72821
16460
78969
15392
93389
15317
112537
54172
15751
59830
74818
43874
17379
72615
16832
84316
15274
73001
15907
72770
16791
74964
17376
78319
15185
73264
16840
86928
15703
72245
46233
17357
71507
15798
83055
15203
72509
15021
67942
74231
15362
106666
50475
15178
72473
17711
83729
15275
93321
16527
74312
15926
75248
15371
71772
16201
84806
44043
15876
64906
73314
44626
14646
92545
15108
73421
15600
109292
17032
73498
15967
106791
17325
82079
17391
93515
17617
73621
15356
71366
65210
17439
71100
14687
97986
16101
75109
17984
45995
75040
16270
80992
44482
16433
90415
18607
72482
16260
92945
15400
72641
15191
97591
16261
73711
16806
93200
44318
18273
89871
86895
43906
19022
70011
17278
69822
17097
73435
16334
82623
16265
94581
17357
72233
15690
92322
16253
74776
15544
95141
45036
15764
70645
17472
93405
17290
72383
18407
44941
74643
16837
76589
43628
14792
74301
16819
72353
18132
83716
15717
91129
17126
74532
15726
74389
14860
74285
45728
16481
53901
93154
45349
18024
73109
17909
72334
16443
81379
15869
72501
15632
95859
16500
71631
16511
93368
17162
74716
15830
93751
46466
15380
75974
16431
75103
15097
76425
16880
44470
76037
16680
74825
47394
16866
107840
16348
74448
19091
72836
17053
82180
14880
70395
16990
92978
16903
74937
78984
21815
41727
71208
47652
18709
73569
16061
75858
17159
72826
16994
72881
15708
76284
16078
92744
16227
74700
16668
93497
17609
71211
44070
17083
93296
16823
75347
16713
74889
16881
56921
75980
17343
75686
48907
23552
92717
15013
75709
15571
76910
16026
70488
18029
83596
14695
91924
15866
76341
45068
16151
43091
73736
45411
15692
81401
15171
73701
16167
73091
16405
73318
15449
77425
14921
75213
16533
75155
16818
78357
15606
106857
52286
17238
72472
17270
81881
16054
93906
16379
45588
96543
15800
109546
80258
14844
71286
15532
94276
16394
74904
15628
92877
16574
75134
16268
111330
16755
89512
45348
15135
63877
73903
44799
15638
71807
16073
74795
15992
86869
14754
73305
15903
73269
18339
84065
15715
93234
16030
73149
15473
76172
44661
16876
80366
16203
73042
15667
93196
17344
84888
94228
16824
75117
68231
16771
75095
16692
74118
16569
74435
17647
72503
17369
70877
16174
91198
16959
73695
68604
16116
44390
73626
43994
16131
89867
16640
98353
15982
75491
16091
73423
16604
72757
16911
73622
16503
121398
17339
86171
17875
74002
43793
15391
91733
17856
74699
17927
73151
18000
96028
76113
17328
74916
56882
15675
72046
17272
94280
18091
94695
15876
72929
15652
72813
17038
91162
17514
93930
44443
15816
45614
71264
64645
16574
73004
15524
72560
17875
76049
16922
81402
15555
94073
16249
73213
14929
71526
16558
93073
18177
112986
47341
16677
74791
18442
75667
16443
108636
21404
45419
73045
16577
75840
45223
15039
94296
17674
73873
15915
93507
16064
72700
16945
92810
16812
72992
15543
75517
45194
16551
47270
73435
47887
20717
72924
18160
107806
17837
73718
18079
71656
16274
113272
16922
72924
16900
74348
17301
95727
16277
73268
44613
15802
93257
16436
75174
15984
95238
16888
45440
75424
15157
72843
56160
16984
72005
18014
74758
17302
74935
17463
73036
15920
74627
16747
83594
16292
73508
66598
16238
46878
111900
62885
16335
73197
16524
112294
19565
72442
16487
109747
17523
79815
14771
75535
16611
74391
16787
84188
17523
96512
44919
15624
93841
15215
75320
17928
74355
15722
45302
76729
17302
73909
82101
18731
73874
17023
74298
15298
73187
15206
76255
16989
73613
14183
76681
16868
76050
47232
15329
47948
71607
44295
16480
99581
24996
71495
16132
75565
16397
86144
15907
94596
16698
73886
15100
97333
17361
72097
15320
93913
45736
17514
94146
16571
74053
15573
75086
16431
43873
86669
16623
110782
47657
15509
89096
14865
94092
15564
76021
15712
75571
17101
73274
18599
81631
16501
93173
45270
18239
81593
92490
44408
18492
71553
15235
77296
17609
75777
16235
74101
15470
77829
16959
74248
16901
73809
17180
75120
18588
71925
45277
18102
78919
15901
94203
16466
102293
15928
47925
73805
17246
93811
45622
14952
92787
16978
74481
17187
90774
16272
73559
17144
74682
15990
73474
16424
81865
81390
22784
85100
74927
44677
16531
72770
15901
91930
15639
76656
15788
74218
16484
73504
17586
75502
17235
146815
15486
94339
16262
73791
45057
15879
92054
15799
74959
15942
74797
16108
45415
74479
17465
74693
44217
17849
72652
15305
85067
15145
77226
17504
92413
17807
92261
16246
76364
16087
75716
44731
16645
45250
81957
46406
16544
73590
16547
75264
16849
75392
15409
93879
16574
73784
16122
73659
16043
76560
16514
79797
19111
73422
45255
17845
83064
16039
94542
15756
75124
15317
67100
75707
15347
76547
45740
17979
75826
16316
74781
16114
95111
17191
73075
18585
73669
16538
75249
16280
76545
44785
19469
43381
75365
44187
16624
73826
14508
73194
17136
92875
17477
95013
15753
108296
18055
114065
16631
93615
19006
94156
16651
75319
44745
18702
72208
18331
113629
15375
76152
16588
89473
89175
17487
73504
65048
16213
78798
22923
86011
16345
96566
17123
73700
16178
73640
16250
72965
17767
75213
47610
15980
46405
72803
44830
17854
81220
16791
93051
16387
75035
15865
74531
16509
73253
18159
75176
16236
73148
18550
74252
18447
77065
45323
16349
92935
15896
76059
14792
72535
16873
65877
112669
15355
94751
44124
19100
90951
15931
76331
16773
75858
16170
72609
18345
84451
15879
91313
15874
74761
68557
15860
44338
74995
46501
15912
72532
17267
76040
17499
74250
18692
72090
15674
75276
17087
76366
14523
75619
16258
74186
18653
79814
44869
15190
93431
17036
74949
18925
73703
16336
45478
77205
17043
94588
45566
17220
73119
18668
72733
16330
127597
15224
92105
16791
76196
16781
73083
17349
112662
45596
17390
49294
72432
64606
16086
73243
14909
75862
16258
73882
16045
75708
17483
74573
18302
73265
17838
75596
16351
74803
16128
96207
46208
15557
74957
16741
73929
17676
82179
16049
43710
115488
16569
115282
46171
15931
73425
15493
95560
16713
97026
15699
74646
16749
75481
15072
74371
16549
84266
44798
16893
62292
72843
68302
16181
109891
16257
73780
14861
76777
16435
84323
16263
73667
16933
93833
17522
93856
16264
74283
15598
73710
62588
16103
75145
14325
94953
16532
75957
18759
43856
74600
16742
85054
50861
25128
80321
17038
116871
16841
80710
23423
91471
16020
76822
16829
73396
15992
73622
57395
17739
42690
93183
44010
17250
113006
14445
92627
17809
72594
15912
92909
15659
75847
15089
94870
17595
71983
17100
112243
17465
73228
47039
15999
74557
14296
75717
16269
72566
16829
46812
112757
16640
96156
44736
17932
73113
17897
72708
16314
80204
24202
73654
17473
73987
18279
74605
16465
74040
48503
15016
44939
72775
44093
15831
75581
15400
93084
16522
74260
15067
94946
15835
74667
16161
94060
16400
73411
14024
98859
25478
75094
47164
16559
74271
18491
73702
17165
74149
16080
95640
106934
20536
119934
46220
17727
107077
17727
77166
19703
73977
16453
128630
15800
77237
16751
82759
16865
73656
45659
14989
43933
75904
50865
15510
74736
15190
87438
15170
77110
16031
93874
16372
75761
14540
93252
18149
117415
24003
84923
17892
117399
45914
18081
124892
16806
83927
17287
77591
16471
43746
93129
16563
120151
46496
17507
79608
23444
94559
14791
75543
14985
73401
17325
92456
17126
94019
15635
74739
42851
16205
44321
92536
44556
15408
74478
16366
73292
18488
74115
18618
70949
15642
92822
16873
75535
15441
95106
18135
73565
19395
71315
47043
17335
81153
16714
77158
16616
75408
16221
43453
76147
16119
75949
44592
17501
81278
16021
122807
25069
74746
17827
92571
16567
73829
15269
75756
16023
74078
55864
16412
43916
75513
43561
16242
77976
25217
92446
16818
74543
15244
74512
15979
76067
18076
74094
17251
73046
14828
93829
15985
74435
66647
15357
74245
15810
74670
17307
74573
16271
54023
75226
17000
92464
43722
14861
73993
15949
73987
18389
75585
17558
71428
16087
91007
15511
73846
15194
76212
45647
16035
44225
74379
46699
15716
71957
17284
94295
18074
94285
15306
74604
15130
76092
15826
73215
17933
82416
15476
92568
16553
74242
43197
15026
93850
15814
75464
15889
94570
17326
45955
75602
16428
74791
53193
15498
72181
17206
94511
19042
92954
16063
75575
14708
77341
16455
72877
16461
82568
44045
16163
65012
72405
44229
15181
93347
16513
74505
15247
95814
17313
72283
15206
94320
16168
83283
15999
74955
14696
80544
16293
94049
44296
15596
75504
16607
79081
23851
74591
16130
47700
76358
26292
75610
42963
16689
112812
16655
89002
14950
96184
16436
75097
16884
92985
16822
75754
18067
73565
84148
16674
45289
79515
42990
18324
91826
16573
97030
15621
75339
14887
73710
18281
90005
18541
94173
16410
74093
15870
75499
16251
74071
47563
15918
74921
16702
74537
15350
75217
17304
54073
111167
19269
75742
43804
17440
72925
19059
72951
18687
75409
17075
122838
16341
118353
18203
85098
16754
93383
45491
18363
84246
95112
45899
17003
93069
15671
75586
17116
75543
18528
71715
15131
82534
15946
92963
16009
110326
16826
112960
17784
75325
48712
16996
73378
14616
74014
17365
93729
17039
45517
93880
17159
74980
45518
17597
78293
26229
94193
16482
74306
14766
73974
18219
88869
19257
93597
15545
76281
44992
19257
43837
109614
45339
15287
80294
14811
94784
16275
110462
17700
94901
15928
74956
16587
75380
14629
73139
14922
75784
15808
77177
43761
16704
93073
16561
93692
17019
73540
15179
43977
95173
16355
74983
66279
16112
74587
16485
94214
16621
79074
17900
89945
17697
73032
18294
92058
16853
96053
43976
17583
41484
73507
45164
16954
72885
15713
85686
14768
95210
18443
70905
16087
93708
16027
72779
15771
95565
17609
113774
16959
94413
46156
15603
95128
17934
72918
18889
72190
16170
42655
78892
17280
73017
82936
19296
73503
17561
79868
16984
112772
17120
74050
16130
75294
16147
74986
14698
89036
45687
14845
48636
72902
48177
14645
73397
14800
73189
15526
76176
15712
72419
17345
73031
17046
79771
16370
112426
18879
75635
17009
73027
44689
18742
71837
17071
89697
15698
75507
14890
47219
88366
16122
74342
49320
17065
74326
16578
77678
16083
96859
14292
74739
17985
77718
26544
102604
17897
73755
44819
15978
63019
82861
46590
16868
72550
14837
121363
17822
90494
16333
73875
15632
112163
19378
78396
16945
74601
16399
74850
15578
74171
57556
15698
74649
15675
76743
18458
84886
16328
47047
73622
18322
75188
47987
16663
75746
19046
86565
16335
76375
17641
77793
14848
112392
17678
93651
15863
77859
43593
17411
56307
75264
46845
15598
75764
17152
74775
16051
74775
18886
72994
16621
73545
17067
73157
15549
76610
15231
77178
16774
72350
47565
16120
73304
15813
112294
16929
73579
17153
44253
77827
18473
93329
47284
15646
73624
19109
75806
16411
81908
16141
73125
15233
73069
18342
83317
15222
77373
45123
16921
44476
76948
43971
15771
75709
16407
75878
16499
77087
15241
74096
15749
74627
18456
73705
17884
74126
15962
76759
16508
75623
44470
16495
73996
16212
77348
15043
77512
16505
46827
74949
16592
73184
43295
18051
74041
18258
73628
19065
74512
15362
82983
16652
78627
17091
73567
17445
79471
44523
15349
46390
75025
48629
24596
71593
16139
74569
17249
75792
16447
118804
20127
84568
16481
74755
15774
76433
17138
74321
15428
76500
47811
14630
75227
18360
75878
15144
78041
15867
45871
79763
14556
76150
46551
15002
75052
18219
87825
15280
77985
16268
86253
15405
74287
17498
72953
15400
78603
46936
16342
43225
76156
45583
15142
76216
16834
74286
15072
76998
17003
74715
16585
73788
16462
77375
16491
72721
16692
74663
16751
74280
45946
17580
75766
17112
75665
18085
74711
17649
43230
76219
18053
79423
44289
15276
75224
18710
84860
17000
120069
16685
76784
19869
73861
17668
72420
16313
73329
44012
16349
43459
73591
43568
17286
113672
17085
88181
16251
92584
16115
74553
17066
95427
17389
75698
17513
75349
16073
73544
15649
73329
45197
17694
73074
16371
75473
16413
76441
15586
47047
73985
16429
79215
45008
16842
73856
16884
74197
18064
113523
18283
100738
17465
75009
17086
93142
17464
75554
45746
17742
56828
72994
67751
15810
108203
17470
73609
19141
74916
16688
74856
16024
77720
15650
76986
15742
77513
16504
77384
16264
75426
45986
15770
78177
15206
76662
18075
76521
16116
45753
78451
16407
77705
45566
16454
76354
17623
76176
15886
75634
15967
75512
15178
73969
14877
74134
15018
77206
46941
15465
45331
72661
44188
15681
75183
16127
75598
14613
75779
14779
75294
16893
76221
15549
77459
15978
77509
15376
75820
15356
76557
45765
15741
75587
15885
77064
16350
77826
14436
46113
77686
14896
78174
44029
16684
72744
15500
77157
16048
77760
15396
74137
16693
73972
14900
74907
15582
76434
46946
14491
44121
74242
44669
15461
74105
14958
75142
16737
75117
15762
74621
16509
76663
15526
75305
14928
74410
15863
75510
16540
73670
45719
14402
73520
15769
77053
15814
76538
16668
44748
74795
16300
75156
45700
15489
75920
15440
75731
15311
75653
15788
74733
15752
73233
16014
73470
15571
76562
44476
15938
44329
73607
45737
16315
74258
15753
76049
15360
73882
15558
73103
16342
73172
15548
73846
16745
72858
16712
76531
15922
74991
45086
15410
73494
16656
75693
15690
76322
16320
46651
75760
16748
76627
44881
15154
75399
15537
77631
15282
75540
15152
73728
17061
76004
16022
72781
16155
74036
43837
15451
46548
74350
45457
16516
71377
15720
73814
16587
75516
16632
73918
15568
74221
16701
75296
15243
76446
15994
74126
16146
74537
44412
16982
75630
15131
74666
16527
74536
15330
46289
77727
15984
78478
45906
16690
75547
15382
78756
15413
73591
16406
73757
15853
75151
15642
75150
15009
75995
43727
15784
44106
77296
44454
16755
75087
15685
75580
16221
77581
15687
75109
15260
76956
14621
75503
15352
73044
16555
76240
15487
75997
46148
16301
73769
15162
75531
15185
75611
15485
49064
77571
16466
76615
45042
17348
74080
17068
75828
15600
77174
16778
74857
14828
76786
16834
74624
16573
73933
45493
15921
44796
75764
44332
16871
72796
15539
75988
15565
76938
15319
75763
16099
77461
15341
77322
14883
74787
17489
74771
15873
74033
44310
16456
72201
16214
73668
14999
73305
16877
44510
77744
16561
74774
44476
15283
75555
15522
75920
15805
75071
15762
71905
15629
75821
16927
75360
15613
76330
43452
15272
44425
76471
45047
15923
73425
15197
74260
16265
77198
15841
73210
13865
74798
16204
75392
15629
75453
15902
76201
15393
73993
43262
15981
75322
16981
76021
15165
75862
16229
46332
76085
15828
75612
45113
15485
73493
15317
74958
16372
75068
15981
73788
16132
74540
15329
75892
15634
77861
45784
16081
44706
75267
43961
14822
74249
14821
72528
15959
73982
15407
73640
16363
77193
16373
74571
15761
74225
16553
77510
16241
72172
45314
14821
75909
15646
78295
15203
77515
15852
44968
77123
15928
78296
47321
16489
74860
15985
76810
15556
78119
15974
74319
15584
75470
17818
75350
15982
79190
51358
16148
45738
73732
45127
16429
72853
17766
75990
17307
75858
17862
74587
16884
75964
17606
74020
17015
74851
16512
74181
18006
76162
46282
18163
75165
17915
78365
17908
74985
17274
46246
75283
16679
78668
46167
15926
74442
15935
76669
16066
75409
16111
73676
15974
75878
15611
73953
16065
75931
43913
16627
44274
74157
45542
15514
72107
16167
73487
15655
75456
16320
74984
16043
76872
17203
72710
16053
73852
16271
75495
16544
73932
45415
15596
73965
16152
77041
15710
74706
15355
45841
74815
15346
75267
43198
15921
72646
17839
74784
16091
76582
16221
73563
15622
73386
15802
74672
16037
75757
44363
16008
43508
75309
43564
17550
74815
15502
75489
16536
71665
17504
71482
15885
75869
14827
73559
15996
73517
15536
74866
15912
75349
46695
15975
75657
14164
74854
15839
75313
15773
48552
75291
15819
75434
44519
16023
73506
15884
75486
15601
75247
16096
76050
15892
76107
16980
71590
17203
74501
44633
16343
46131
74664
43607
16719
72934
15753
74662
15703
73650
15895
73268
15855
75743
15763
76346
16480
76243
16017
74588
16399
73592
45491
15920
77078
15941
72865
17124
72815
16172
46602
78248
15972
73485
45121
15922
74394
15671
81471
16775
74839
16383
74868
16016
72712
16243
73537
16020
76526
45665
15635
44772
75825
43910
15703
74948
16409
76333
16006
76434
16334
72640
17544
71644
15792
76001
16106
74855
15937
73638
15719
73158
44384
15950
74071
15480
73670
15541
75772
15240
47356
74677
16190
74971
43134
17479
72647
16094
76158
16002
76758
16001
75807
15608
74327
16313
76594
15991
76580
45754
15393
45920
74734
45355
16501
73101
16517
73433
16004
74954
15503
74979
16478
76353
15814
74656
16319
74836
15979
76070
15688
72405
46426
15540
75244
14678
77641
16392
72843
16896
44648
76338
16027
77963
44193
16274
76254
15553
77799
16622
76785
18259
75580
16697
73751
16026
73324
15770
75145
44014
16222
45735
76053
44448
15670
74804
15912
75819
15982
75618
18102
74993
17192
75052
15490
74660
15520
75020
15725
74218
16199
74427
45340
15823
76116
15974
75727
15745
75302
15714
48131
77269
15974
76986
44292
16181
74893
15828
75924
15729
75684
15744
76224
15853
76466
16686
73136
16478
73455
44549
16140
46859
75523
43577
16943
71457
15751
73220
15494
74962
16004
72880
15487
77499
17474
75562
16757
110644
17974
147525
27789
128408
61984
26128
151092
17400
151070
17596
151023
17430
87974
153472
20006
166394
91298
18715
125867
26455
154387
17518
156119
18025
154846
18485
124684
28246
103307
18137
121983
85229
16678
59304
150202
81146
18662
151798
17938
157586
26524
152721
17695
148983
18318
153981
17679
154453
18025
154461
15357
99809
18247
151004
84025
18010
152479
17777
155182
20357
108964
27428
77501
131803
25455
156577
82908
18053
152054
20665
165606
26251
155997
18351
155354
17921
153664
18378
155798
17495
155637
83494
19350
95249
147283
82040
17812
152619
17827
153389
18203
160555
21280
146464
18498
159048
25782
155048
18026
152269
18864
121361
18180
153512
83749
18021
152935
18169
158050
16796
97973
17751
88882
154494
18584
156618
90256
22517
158853
27929
142794
27685
134297
27299
114909
26449
155343
18278
154348
17418
155835
82426
18594
87724
157856
89426
17702
152189
27755
116243
26314
153487
18683
150312
17188
129065
18063
151681
18642
130755
17848
152381
17589
149189
82144
17191
150339
17891
153254
17116
122279
25496
56681
152152
18196
153944
83412
17791
150603
18173
122850
26262
123922
18205
154125
17288
150462
18409
152492
18575
155634
88130
17381
99784
143381
62292
26477
152183
17962
154504
17591
152371
17939
150774
18671
153603
22869
156828
26343
143453
18043
154067
18763
152310
84410
18610
151233
17816
157564
17151
124185
17399
90193
166584
26275
144457
78744
18757
151340
18051
135440
18461
155835
18459
151655
18672
151609
18266
150776
19998
162572
91470
18286
87598
149607
81663
18140
151555
17720
154144
18445
161799
27124
152335
18198
153176
17695
152255
17873
153401
18661
151986
18986
122087
63429
17756
149354
17406
151072
17069
151591
18448
89322
154096
20449
151747
83297
20721
157899
18476
152881
18247
152155
17959
151307
18203
155241
17959
97016
17905
154142
82799
17622
87065
119622
80343
18185
148603
18017
150063
17541
151870
18253
119180
17333
153313
18345
154281
17696
151479
18173
123091
25967
104834
48429
16517
164155
17121
164485
27661
136297
27520
79065
134083
27171
133006
80441
27767
125067
27201
138443
28269
133307
27489
130741
27546
132450
26883
131690
27507
133945
81168
27477
79111
126438
84472
27713
123636
17521
141295
17405
150764
27707
133707
27360
134151
27693
131921
27341
131893
27536
133442
27764
131636
62409
26363
150686
20593
153657
17768
149619
17115
88511
160744
19233
135615
93140
19370
151071
17998
151349
16866
154131
17827
152595
18026
152848
18136
147802
20202
108978
77390
27468
77975
132268
80212
27082
133108
26567
133864
27639
113821
25804
153005
17856
153215
17597
153219
17156
147748
17486
160592
25573
153247
90499
17404
149112
17933
152862
16755
150661
17264
89149
151246
19902
159059
82586
15896
148191
18855
127594
20751
150593
17610
121321
17481
162312
25908
143155
17374
145157
81312
16855
83851
145454
80730
18010
148957
17700
154266
17500
153817
20042
111207
27439
131411
27896
107894
16767
117638
25810
119128
26230
150963
83129
20099
162186
25911
155063
17025
150989
17156
88212
155996
17982
119015
85565
19420
153422
17829
161653
20181
153340
16159
162357
18246
152366
17354
149679
18207
153766
81477
17750
86778
119071
64649
18600
149843
19695
152255
18494
150950
17960
147349
18030
155728
16129
164134
16950
142465
15470
141053
16344
146916
82978
17067
144594
17900
149249
27494
135213
27152
78970
125889
18763
156984
86270
18002
153917
17287
159504
13770
161970
18758
122586
17667
161312
25833
154319
18042
153428
82033
17557
85373
147636
83023
18755
115623
19329
134401
18269
139213
20670
149554
17427
134703
19711
138876
18725
151778
17706
132680
17595
150983
69452
18323
140013
17178
143192
17060
142644
19583
87773
138023
19666
137282
84485
17569
149876
17474
142491
27767
127368
27617
131055
28102
131505
26637
151405
17206
124717
82585
17178
85685
130345
82527
18540
135037
26632
153533
19010
127278
20764
134493
17512
140076
17901
142148
20199
154656
18024
131826
17450
132662
78732
19200
152868
27434
136373
27555
131692
27427
78424
134033
27668
132733
80743
27635
130135
27042
155551
19234
157562
18490
157705
19190
147840
16674
146775
15281
152892
84493
17700
71899
136527
76255
16837
159785
20078
136006
17558
140801
18170
140578
19806
154737
18881
131016
17630
138226
17597
141145
19465
151062
82086
20029
130952
17149
154273
18565
155056
17576
88989
118469
18848
157100
83776
17131
159782
23637
150876
15867
145102
17002
144162
16995
147602
16893
159041
19640
123665
75863
17386
86373
148050
75546
18631
144030
17533
144529
18011
143537
17974
141750
18341
152430
18592
153664
17286
125349
17617
137565
18280
154570
85514
17796
128367
17566
139138
17694
155267
17810
91722
155388
17217
156866
83164
16803
159338
19762
144304
19985
141711
20506
154142
18824
129688
21165
151943
17686
129982
82561
17202
86134
132190
82060
18820
139983
26843
150885
18712
125956
19480
150984
18148
134294
27749
130923
28033
131472
27669
133173
26899
151518
58572
20237
135512
17773
141569
19680
152776
18259
88131
153115
20606
160429
92740
26999
150055
18190
151404
20068
156009
20025
119359
19551
134014
19771
137680
17719
154053
83308
17927
85592
117902
80693
17986
145656
17363
139537
17348
142396
18147
137154
18426
153506
27391
134267
27373
132376
27687
133398
27440
132037
91756
17469
127037
17792
153744
18844
150324
17060
86587
121755
19949
133914
82169
20127
149965
17794
129304
17662
153377
20151
152605
17642
150289
18052
115338
18073
152650
80967
17269
84750
122827
83342
18159
150210
17333
148472
18609
144413
17472
121769
17534
150501
18782
130905
17564
136858
16913
149836
18548
149917
67499
18104
135012
14883
166285
26462
149831
17486
87512
121554
26141
154308
49851
17292
148089
18252
152671
18492
123523
17694
136359
18063
139592
17960
146111
15019
77675
46460
16550
45922
77762
46050
17442
72747
16800
76220
16262
77912
16487
74572
16844
77319
17440
76230
15029
75592
15842
76958
17163
75365
45252
16978
75223
16540
75116
15734
74237
15384
45219
76834
16616
75742
47093
17452
76104
16203
76863
15384
76194
15589
77284
16014
73707
18043
74119
16741
75111
46100
15537
43763
74407
45388
16642
73719
16465
74895
15332
75381
17001
72737
15677
76891
17378
75200
15810
73416
14716
76278
17093
73190
44035
15823
73389
16655
73941
16841
76140
16017
44290
74755
17725
74278
45804
17210
75045
15571
76821
16768
75355
17541
73853
16574
73456
15706
72311
14873
75802
45350
15911
46135
73543
45607
17465
74287
15532
74809
17090
73283
16898
73758
16032
75776
17264
73644
16719
72047
14971
75588
15665
73551
46264
15629
74101
16540
75303
15639
75770
14760
46592
74419
15672
74229
46353
15755
73844
16655
75761
16886
74929
16969
73877
17105
74483
16592
73063
16888
75780
45687
15909
47321
72722
44497
15848
72714
16613
75160
17395
74128
16515
72479
15946
75284
17374
75383
16678
75264
17043
75715
18031
74602
45232
15219
75838
15716
74203
16402
75531
15924
44769
77378
15786
77116
45693
16802
75601
16367
76112
18655
75618
17522
73817
16544
74419
15955
72378
15682
77484
46215
16310
45129
74021
44162
15638
71132
17333
75287
15798
76695
15502
74122
16649
74284
17618
75365
16237
72982
16037
76007
15716
74817
46435
16143
73306
15595
75396
15775
75026
15911
46844
75326
15793
75990
45832
16528
73641
16745
75286
16477
75526
16725
73510
17405
75655
16578
72571
16740
74672
45833
17185
45916
73874
44585
17719
71010
16215
74479
17404
74469
16485
73074
15423
75633
16883
75386
17349
73937
16551
73695
16888
73005
45097
15840
73633
15541
75652
16172
73739
17191
45767
77064
17119
76017
45844
15811
76269
16110
75479
15574
73561
17597
74226
17573
73196
16457
74471
15733
74061
46056
16815
43901
74762
45300
16220
72663
16179
75473
16586
75371
17260
71912
17214
74135
16498
76191
16309
73417
16185
74467
16688
75262
47035
16356
74920
15777
74922
16377
75141
17258
46381
76413
16051
75224
46098
15906
74746
15759
75813
17342
75317
15280
74976
15979
76145
17151
73322
18550
75653
45109
17189
45850
74258
45113
16194
72845
15973
76301
17669
74478
16122
73231
15903
75767
16560
75663
16783
71329
16949
74119
16287
74432
45338
16703
75211
16293
74426
15716
74519
15806
44961
75595
15855
77264
45300
16722
74384
15723
75544
16003
76682
18298
74658
16232
73992
15665
73226
15624
76116
45716
16758
42956
74081
46710
16636
73534
15448
74294
16578
74419
16857
74162
16828
74816
17738
75110
16752
73851
16333
74296
15804
74198
47279
16433
72941
16563
74355
15852
75366
15187
46313
74769
15898
76524
43567
15564
73752
17089
74835
15614
74310
16132
73899
17575
75437
16090
72851
16474
74235
44706
15720
45051
73589
44607
16670
72612
16771
73450
18181
74294
16991
72009
15410
76243
15794
74367
15786
75443
15805
75412
16983
74891
45023
15669
73781
16454
74730
16322
72707
16829
44372
75838
16065
76779
45982
16235
73867
16139
74792
17226
75389
16989
73593
18162
72650
16953
74228
15849
75344
45369
16903
44476
74422
44867
16274
73825
15782
74090
16817
75376
15965
74870
15524
75544
16526
74388
17666
73371
16040
74957
15505
72386
45952
18402
74167
16459
75849
15757
74565
15605
47181
74048
15530
76672
45175
16175
72594
16910
74925
15624
75423
17631
74859
16644
73645
16051
73665
15667
75978
45648
15234
45663
72469
44572
15986
75574
16430
75103
16701
74959
17272
73934
15934
74393
16465
75161
15981
74432
16346
74108
15520
75806
44803
16233
74921
16456
75679
16795
75416
15974
46496
74604
15560
76650
47496
14834
74460
17508
75552
16275
76815
16423
73918
16331
73449
17283
73061
16536
75134
44579
14696
44410
73560
44451
16694
75291
15794
75045
15472
75104
15910
77014
15594
74276
16689
75486
16462
74075
15842
73995
15980
75000
44607
15211
76798
16106
74671
15331
76725
14957
46694
77421
16260
74899
47223
17096
75763
15639
76706
16201
74618
16370
75088
16024
75012
16244
72445
15812
72913
44663
15688
44547
75754
44864
16214
72530
16195
73436
15912
78119
16962
76986
16624
78155
15767
80159
16298
78865
16494
76514
16807
74658
45548
16423
76205
17026
74691
16212
75409
16388
46510
75181
16465
76308
48700
16421
76222
15396
76424
15618
76225
16604
77417
16673
78135
16178
77960
15087
76747
45293
16176
44834
74219
47105
15148
74533
15994
75067
15235
77616
16702
76520
15959
78337
16576
76235
16278
75819
16487
77108
16604
78967
46119
16158
75509
16789
77729
15631
78952
15791
47100
75681
17279
76897
47845
16686
76263
16653
74830
16558
77442
16673
78426
16552
77302
16680
78537
16719
76020
46015
16462
47696
73682
45832
16486
75086
16771
73143
16214
78794
16578
74781
16373
77678
16184
76538
16436
75175
16617
75035
16911
76846
46952
15232
76318
15812
76073
16725
73780
16495
47324
76997
16500
79258
47401
15312
74793
15953
75466
15870
77990
16819
77141
16428
78410
16893
76631
15897
75965
45232
16228
45326
76689
47421
14884
73461
15885
76445
15873
74706
16599
75058
15712
77715
16223
78641
15046
77018
15686
76132
16691
76605
47809
16254
74957
16191
79584
16784
77270
16357
46293
77707
15905
75980
47821
15216
74996
15871
78061
16700
75389
16649
76221
16212
77495
15848
77926
15324
76571
45293
16393
43081
75525
46261
15096
75174
15908
75551
16546
76805
16637
75073
15644
75847
16447
76625
15422
75473
16045
73711
16676
77806
48800
16254
78508
16430
77293
17894
76387
16378
46121
75375
17421
75442
45573
16572
75948
16518
79088
15633
78542
16492
75714
16240
75580
15533
72459
15456
79411
43698
16096
45344
74519
47585
15765
76592
16715
77699
16507
79616
16780
75638
16448
75872
16360
77921
16455
74909
16625
75662
16876
76445
48549
16207
77060
16582
78862
16445
75442
16419
47504
79029
15978
76962
45901
16439
75369
16168
76163
17290
77879
16603
77641
15775
77971
16416
77425
16319
77298
46103
16591
45090
74992
46232
14842
75587
16184
75529
16885
74676
16343
74860
16284
75959
16144
76566
15175
77156
15918
80802
16052
77070
48123
16092
77578
16481
76286
16721
77694
16558
48315
80586
15128
77887
45981
16574
77654
16410
77947
16674
77454
16539
77540
16495
78450
16574
76140
16488
82208
46341
16502
43770
73049
44528
17179
77860
16478
74032
16236
74267
16360
72420
16212
75800
16194
77166
15579
73414
17034
78219
15208
77342
47907
16449
76798
16366
77208
16590
79128
16397
47581
76906
16054
77109
44597
17109
79486
16332
75278
15696
76367
16336
77458
16714
77054
16534
75772
16814
77242
45965
16598
45008
75926
46586
14949
77563
16795
74885
15680
75726
16459
77451
16092
77790
16458
75816
17226
75973
16341
79731
16283
76447
45329
17066
75124
16538
75284
16430
79140
16463
48563
74914
16302
76948
45756
15632
77663
16414
75475
16678
75775
16348
77872
16216
79358
16556
76623
16487
78386
47541
16472
46325
74742
47411
16914
72590
15435
74903
16514
76648
16364
76349
15400
73043
16381
75407
17327
76896
16885
77717
16322
75540
46068
16046
77254
16672
77509
16282
77755
16316
47280
77495
16363
75781
48512
16598
76184
16261
74681
16322
78866
15803
77065
16663
76776
16524
76079
16634
78600
48121
16417
44969
76294
46209
16608
72974
16208
74750
16308
76273
16561
77438
15118
74786
15656
74140
15301
77295
16667
76093
16165
76435
47399
17323
74415
16521
76918
16447
78440
16170
47519
75126
16222
77949
43934
14894
74494
16581
79578
15734
79180
16212
79023
16632
77161
17207
73431
16630
75007
48026
16386
44863
78216
47398
15823
75378
16466
78376
16585
76901
16415
74294
16291
76418
16996
74894
16403
77977
16504
75415
15623
78436
45388
16556
75556
16282
76463
16115
77465
16585
46013
78312
15751
77197
47223
16334
75379
16687
76179
16072
78758
16262
75722
16406
77927
17351
76873
16585
77178
47704
17042
44313
77622
47665
16272
79307
15964
78648
16722
79313
16578
74132
17065
77996
16640
76125
16494
76092
16198
76762
16542
76963
45950
16315
78063
16402
77689
16393
76470
16399
46136
75917
16357
77523
46501
16452
77645
16405
77684
16298
78130
16250
77081
16355
78070
16691
76901
16561
76628
47037
16645
45756
74240
43247
16401
76357
16612
76823
16581
75896
16946
74133
16184
76462
16535
76640
16340
77142
16280
77262
16406
74608
45658
16366
78288
16356
76282
16554
77375
17186
43704
74934
16404
78113
45355
16511
77324
16405
78383
16859
75435
17183
73769
15928
75839
16746
74890
15925
79029
47846
15510
45290
76750
45120
16621
75491
16428
76435
16513
73820
16456
75926
16892
76607
16497
74462
16152
75767
16173
74989
16098
77423
45973
16280
75075
15569
75370
16156
78417
16421
46656
80422
16440
76228
45775
16318
76389
16476
78301
16663
74477
16449
75228
16923
77576
16565
75975
16475
75747
46434
15613
44878
74327
45408
16448
73863
16284
77816
16304
75690
16512
76257
15483
77757
16542
76282
15951
75002
16497
78236
16596
76663
44227
15911
74053
16560
76516
16273
77197
16378
45572
78431
16228
77939
47650
16420
77515
16545
75712
16650
76411
16546
75518
16582
76164
16632
76494
16112
77989
48008
14831
47754
75902
45627
15817
74848
15760
78214
16405
76956
16580
76501
16505
76788
16524
74879
15754
71582
15079
73816
15125
73554
42796
15333
72043
15438
75934
14985
75561
15057
46473
73042
15702
74270
42416
14994
73815
16415
73936
17012
73896
15651
70742
15749
74097
15567
70159
15446
73156
41940
14956
41570
73028
43167
15348
72684
15193
71315
15352
72185
15266
72541
14967
74696
14364
74057
15117
72938
15345
73999
15555
72396
43031
14193
74172
15422
74715
15499
70502
16586
46044
75087
16413
75238
45389
15023
72890
15076
74517
16589
75333
15145
74107
14392
71756
15444
72743
15409
75641
43371
15493
47610
74149
44467
14911
73991
15237
75070
15294
74749
16404
73707
15293
75011
15239
76178
14811
74061
16368
75208
15505
72588
45462
16161
74546
15480
72274
16481
71906
15137
45664
77144
15407
76973
44928
15122
73754
14842
77296
16671
76106
15414
73841
15208
75622
15736
74130
15524
76398
44188
15419
45157
72901
42198
15210
72809
15428
73573
15109
74326
16324
73172
16698
76031
15232
74172
17651
71276
15776
73881
15625
74772
43453
15782
74593
15037
72238
15273
76175
15159
44660
76585
15816
74195
45946
15269
74269
15403
75642
16496
74819
15756
73007
15447
75299
16565
72411
15425
74669
43901
15877
45004
73793
45175
15381
73344
15172
73229
15262
76325
15660
74301
16374
74496
16207
75541
15458
73127
15726
74108
15742
74399
44474
14856
72292
15574
76319
16294
74372
16409
47367
78049
16445
78927
45477
15624
74637
15989
76417
15836
76809
15835
75078
16421
74550
16113
74657
16591
73684
46182
15898
45707
77213
45477
16339
74867
17595
75477
16723
75868
16123
75332
16261
76090
15939
77660
15688
76999
14980
73643
16456
72069
44831
16278
76078
15876
74436
17563
72442
14945
45961
78049
16065
75683
48094
15766
73730
15703
77121
16290
75980
15932
78259
16049
75242
15982
74643
15973
75918
45088
16140
44423
75675
44699
15998
74987
15335
74001
15962
77064
17539
71831
17803
75309
16113
75837
16066
76233
15601
75614
16158
75623
44744
16200
74740
16000
76521
15864
76103
15512
47417
76733
15875
77162
45790
15867
73627
15934
75407
16324
76367
15974
76792
16919
76079
17858
72827
16666
76273
45043
16032
44968
73950
44327
17281
74991
16600
73801
16350
76291
16122
72396
15885
76574
15690
74051
15342
73760
16241
76977
16336
74124
45435
16094
74893
16407
78307
15925
75030
15751
45698
74487
16144
77088
43910
16134
75513
15528
74315
16079
75278
15863
75391
16089
74677
16013
74081
16182
76431
45005
15742
43260
71696
45865
15754
73810
16317
77130
16562
73234
17653
72525
16196
77702
16180
75799
15756
75668
15910
76769
16691
75723
44553
15294
75535
15745
77688
15700
77297
15870
45073
76830
15773
77670
46286
16075
74511
15833
77826
16537
78168
16811
72206
16772
73508
16018
75265
16048
76574
43984
16660
44236
74153
44298
16226
74065
15482
76194
16035
76418
15906
74904
16669
77570
15303
74907
16142
75396
16118
74650
16716
74735
45571
16125
73925
15754
77186
16085
75339
15796
46339
77273
15914
77042
44354
17547
72781
16262
74779
16405
75786
15865
74278
16204
74188
16563
76832
17223
77390
45297
16148
44142
75716
44177
16830
74566
18609
74432
17306
78464
16810
74559
17406
76903
16930
76337
15860
74746
16080
76262
17770
75201
45737
16891
76649
17526
75333
17127
75687
16949
46559
76774
16443
77802
45255
17694
76092
17194
79078
16948
76248
16757
75211
18229
75836
16411
73507
17085
78560
45397
16371
46929
74816
46268
17692
75062
18678
76632
16792
76618
17776
75184
16375
77121
16565
78565
16515
75636
17829
75762
17803
75335
46635
17401
74892
15942
74281
17894
75188
16538
47917
77972
16555
75802
47101
16706
75682
17440
77090
18039
74897
16286
73857
16296
77230
17195
73102
15764
76637
47852
16165
47479
76144
45412
18335
73102
17389
76006
16718
73992
17825
73461
16416
79727
16689
75899
17113
74440
17678
73574
17867
73697
46343
16520
74043
16651
75570
15840
75991
16806
45894
78300
17557
80691
46841
18155
73953
18015
75630
17235
77274
16110
76456
17264
79079
16936
74725
16858
76166
45326
16259
44653
74785
44204
18035
72278
17352
77050
17265
75369
16089
73587
16792
75125
16813
76516
15192
76070
15982
76290
16046
74282
45310
16765
76458
16536
78724
17287
76804
16699
46296
78623
16427
75658
45935
15980
75842
16637
78276
18720
75285
17238
74945
17154
74811
16372
73740
15762
75918
48520
16039
43702
75475
45342
17433
75331
17604
77671
16703
77601
16304
75164
18034
75447
17383
78664
15680
75332
17510
77032
16886
73973
45478
17826
74531
17368
77928
15797
74266
16411
46493
79223
16312
79680
45806
17458
76286
17699
78098
17471
76031
16591
73957
16907
79113
17165
74632
16073
77194
46125
16651
49198
75008
44769
17633
76762
16027
74716
16390
77850
16266
73554
16345
80335
17236
76180
18469
77017
18772
75862
16109
72398
44546
16409
75852
15938
75298
15912
75109
17161
47391
78972
17233
74497
46498
16232
73519
16190
75854
17288
74880
16531
75845
17169
77816
16121
75832
16696
77082
45425
16141
44409
73298
43813
17867
74123
16568
74095
17149
75576
15703
73247
16891
75595
17455
78979
16608
75710
17795
75643
16190
74489
44918
19014
74448
16772
76700
17252
74390
18046
45412
76223
16573
76899
46161
16539
72572
16949
75736
18495
75241
17071
76343
17331
75154
16602
76843
16879
78816
46044
16594
44589
75255
45609
17265
74468
17222
76392
17149
76963
16064
73436
17088
74360
17509
76652
16943
75278
17557
77120
16748
75593
45765
16626
73050
17191
76202
16616
75510
17174
47846
75995
16824
76044
47860
16325
76381
17566
78392
17000
77266
16429
73160
16793
76608
16310
76552
17159
77450
44893
16529
45409
75656
44587
17523
73257
16847
74658
16606
76459
16673
76120
16347
75784
17252
74958
16908
74210
18372
74826
16755
75852
45466
16878
76916
16857
78107
16663
77128
17324
46753
78529
17153
76543
48484
16058
76689
17374
77166
16834
77851
15808
73826
16163
76376
18429
74789
17372
76204
45963
16191
47097
73619
46212
14272
74282
18728
74181
15833
77010
17862
74305
16227
76710
16566
75467
17625
72509
15541
76466
17933
75029
46264
17883
75573
18453
75102
17204
77569
16872
45231
77116
17594
75976
46105
17170
75146
17143
75921
17107
78084
16358
75247
16333
76142
16327
74793
15816
74491
45830
17205
46091
74151
45282
16267
75075
16105
75429
17553
75412
16714
75515
17313
75282
16292
76095
17129
74461
17270
74028
18205
73187
46690
17098
75649
15971
76729
17075
73193
17178
47101
76087
16274
77326
45901
16967
74246
17787
74844
17619
76984
15933
75086
16045
76155
18049
73643
16379
76478
46844
17958
45161
73694
44494
16313
75378
16744
75258
16019
76872
18007
73956
16496
74824
17226
75012
16269
75633
16387
75932
17374
75798
45676
16506
75118
18443
75011
17535
75606
17031
47088
75612
15746
76010
45757
16454
75396
16170
75760
15993
76339
15095
74662
17015
74953
17248
75048
16885
75854
46193
17088
44724
73912
44714
16700
75546
16392
74626
17474
74921
18580
73270
17091
75021
16338
76734
16275
76156
16772
76046
17383
74572
44272
16385
75326
16901
75330
16191
76995
16053
46789
76213
16672
75861
47150
17797
74359
16220
75677
16501
76495
16420
75543
17925
76951
17104
74217
16001
75952
45456
17020
45026
76146
45059
17016
74723
16540
74773
16436
76354
17628
73872
17969
76605
17099
76504
16532
75329
16105
75090
16820
74082
43984
16443
72799
16040
74804
16040
75792
15872
47826
77883
16224
76970
45801
17609
74887
16537
76244
17057
76845
16626
74953
17617
75142
18071
75934
16382
75500
46107
18220
46404
73144
45074
17176
73665
17144
75985
17253
74264
16814
74284
16229
75106
16774
76679
15422
75876
16601
75202
16089
73982
46643
15607
74285
17469
75165
16149
75730
16545
46737
76904
16150
76742
44527
16799
74536
17301
73256
16543
76923
16224
75272
15807
74143
17682
73104
16638
74455
47353
15689
45693
72958
45560
15880
74650
15984
74108
15812
75142
17824
74743
17045
75381
16264
76301
16462
75058
17462
75676
17967
75853
47024
16248
75894
15585
74756
16656
75871
16858
46115
77176
17455
77100
46658
17404
74484
16379
76949
17563
77141
17108
74897
16574
74700
16831
74441
16285
75811
46317
16653
46578
73099
43442
16089
76987
15883
74411
15873
74473
16508
73488
17135
76143
16521
77067
16433
74160
16896
76213
18269
74094
47457
17055
73544
16057
86992
17229
75570
17039
46839
76725
16150
75493
46593
16852
75793
16346
75158
15909
76006
15380
74771
17281
74822
16036
73850
16346
75102
44619
17906
45224
75193
45947
17240
73645
16310
76186
16503
75064
17545
73773
15572
76460
17024
76676
17007
75430
16392
75888
16462
77579
47923
17501
75190
17434
74681
17854
77143
16924
48041
79529
15066
77915
46853
16563
77778
15315
76923
16599
75915
15251
77197
17892
76370
17337
73904
16335
80206
47582
17443
45601
76162
45933
17621
74919
16739
75284
17614
77224
16988
73702
16696
77081
16677
78610
15618
77324
15495
75159
18144
76368
45772
16375
73910
18252
75727
17692
74580
18105
45863
76231
17176
77135
45776
18132
73375
16563
77051
17584
76855
17839
73847
16768
75174
16654
73304
17079
74423
46527
17872
45262
75904
44588
16691
73788
17927
74115
17296
75217
16315
73910
17211
75462
17132
77050
17052
74380
16640
76206
17353
75592
46360
16774
74594
17550
77820
16462
75956
15908
47179
76291
17590
75900
45174
18205
72512
16815
75288
16848
77461
17099
74208
18231
76051
18125
74057
17346
74413
43840
18713
44406
75463
44975
16592
73349
16708
72904
16338
75683
17649
75367
16342
75611
17168
75861
17129
74347
16910
73568
17175
73253
47420
16779
75430
17733
75677
16747
75289
17122
47919
75781
16244
75613
45113
17087
75443
17130
75394
17079
76272
15763
75165
16480
79049
16915
75195
16904
75633
45747
15840
44916
75435
46314
17949
75357
16858
74379
16575
75242
17842
75344
17596
75976
16096
74900
17249
74390
17550
75424
17583
73773
45705
17349
75594
16863
77395
16401
74759
16881
47089
76631
16619
75491
45030
19492
74014
16953
77302
17669
75438
16400
72605
17389
74526
16551
76012
16871
75084
45955
18057
46199
73651
44137
18351
75600
17487
75037
16591
74615
17355
73444
16764
77591
16566
75739
17347
73885
17862
76049
16671
74787
45301
16046
74880
17328
75831
16524
74919
17305
47804
76095
17560
76770
46494
17802
75464
17005
76905
16414
75540
16478
75491
16896
76702
17187
74834
17396
75169
45254
17545
45260
74233
44920
17231
73469
17657
75504
17029
76151
17722
73714
16765
76432
16732
79288
16040
74772
18436
77481
17688
75300
45018
16483
73039
20032
76056
15642
75690
17225
46734
75881
17484
75177
44763
16985
74146
18818
76363
16168
77121
16641
72651
17129
75078
17850
73770
16169
77042
46313
16722
45706
74037
43694
16610
75703
15439
77249
16736
75557
16644
72842
16650
76478
17851
74387
17338
74966
16483
75877
17585
74203
44355
16821
76613
17972
75172
17523
73785
17409
44630
76593
17354
75605
45722
17818
75104
15877
76823
17263
77205
17389
74685
17093
74548
16517
74133
16929
76266
46723
17268
45874
73971
44977
16454
75988
18353
73917
19128
79538
15732
74072
16692
75266
16794
76967
16923
74006
18244
75084
17109
72556
45956
16944
74199
16386
76429
16532
77456
17147
46355
78118
16016
76450
45685
17325
73870
17079
75675
16400
76242
18440
74532
17224
75546
17785
74772
16673
76125
47106
17650
44357
72703
52531
25887
114474
19664
134377
18185
116882
20191
150196
18970
150911
16917
152641
16409
77961
17269
75874
17164
78581
45955
17706
73659
18343
75812
16444
74978
15531
46745
76582
17437
76011
45537
17087
73835
16526
73528
16607
78788
16149
75504
17548
74659
18183
75726
17260
74968
44440
17774
44948
75059
45110
16473
75913
16968
73671
17260
75947
17613
74951
17556
76611
17354
76054
17131
73707
16522
75919
18315
74492
47721
16912
74018
17901
76516
17186
75644
15178
47022
76526
16473
75774
46964
18014
74401
16939
75242
16744
76860
15677
75221
16817
75269
17433
74193
16722
74686
45552
18251
45252
74784
46166
17405
74811
16555
74544
17439
75349
17715
74690
17518
75168
17482
74882
17244
75375
16779
75849
17908
73739
46934
16872
75901
16924
74618
17101
75091
16501
48940
77184
16553
77589
45799
17358
74948
17430
76172
16719
75751
17291
74847
16902
74827
18194
73473
15944
76246
45298
17493
46180
74708
44231
17375
74583
17477
74814
17233
75161
17360
74905
16585
76003
17532
77732
16714
75511
17046
75646
16580
74071
46885
16909
75350
17643
76879
17421
75004
17141
48749
76067
17232
75646
46485
17256
75301
17170
77526
17206
76344
16862
77601
16783
77133
18940
74001
17478
76609
45977
16450
45027
73311
43713
17730
76269
17320
74586
17102
74053
18059
73342
16502
75774
16007
75687
17484
72464
15307
74960
17696
73876
44785
18449
72236
17968
77178
16552
76429
17881
48348
78569
17553
76019
43728
18927
75006
17790
76075
17653
77423
16713
77763
18130
75488
17186
74007
17477
76663
43860
17293
46211
73762
45917
18049
75370
17193
74137
16028
75652
17096
73364
16681
77603
16161
77075
15919
77835
17935
76510
18454
74875
46538
17741
75463
16931
76929
16835
77841
17554
47782
76693
16818
76292
45712
19598
73783
17452
75719
16228
76804
17254
75806
17095
74919
17622
75008
17632
76918
44792
17360
45202
74498
45250
15711
77515
17323
74623
16871
75273
17721
73366
16069
77373
17985
76164
17169
76669
17360
75571
16827
75309
46555
17647
75345
17756
76153
17502
75296
16406
49072
76668
17086
75853
45897
16549
75655
16410
77090
17522
75113
17206
75991
17206
74159
17696
73610
16003
76618
45810
17796
44878
73994
45077
16478
76750
17163
76140
17204
76370
18185
75487
15266
77288
17532
74717
17086
76889
17510
76121
17887
75835
46353
17707
75074
17929
77811
16307
77042
16551
47115
86205
16980
78016
46076
18061
76215
15826
77336
16890
78387
16400
75357
17569
73784
15973
74950
16979
76147
45875
17845
44776
75715
45606
16483
75681
17199
75067
16954
76310
17311
75082
17721
75646
17643
77233
17618
74180
16654
76250
18237
74861
46362
16200
74804
16601
76946
16716
76465
16913
46571
76400
17421
77200
45850
16478
74851
16377
75118
17176
76437
17363
73413
16910
73908
17524
75327
17265
76369
44947
18619
44110
74807
45710
16742
72604
17051
74147
16979
75899
17841
74203
16772
76944
17018
78499
16906
73280
16159
77143
16557
75357
47451
17350
76559
20098
77770
16584
77855
16879
48309
77440
17073
77789
46278
16558
75531
16145
77386
16607
77587
16443
75514
18478
74927
18182
73651
16270
76424
46425
17273
44305
74592
43959
16690
72338
16986
70976
17316
74816
16856
77293
17641
76965
18218
76156
17986
74966
17819
77750
18781
76460
46079
16242
74745
17457
77462
17389
76603
15993
46141
79042
17173
78519
45134
18236
74343
16326
75507
17032
77123
17570
74856
17834
75530
17316
73550
16643
74793
46762
18239
45175
75942
45182
16725
75982
16700
75256
16338
76167
16132
75737
17191
75958
16567
77648
18100
73908
16582
72463
17347
75299
45022
17456
73544
16620
77101
17361
75673
17386
45995
78026
16949
78031
44368
18029
74316
17386
75555
16963
75553
16081
76153
17846
74300
18216
74855
16914
75461
44610
17445
44329
75072
45443
16984
74529
17268
75236
17462
74115
17921
74592
16937
73713
17704
77421
15503
74535
17363
75233
17053
73544
46962
15826
74733
18164
75191
17528
75188
17358
47215
76673
17301
75890
45280
16733
76554
17208
75561
16896
76313
18064
74425
17201
76416
18747
74602
17507
75645
46233
18247
44552
73958
46440
17245
75741
16339
74184
17136
75068
17803
74345
15727
77502
16838
75307
16060
76920
17137
76055
17752
75420
46762
16802
76112
18218
75624
17528
74655
16883
47684
77238
16857
77774
47152
17988
74538
17153
75702
16042
78286
16361
75066
17776
75019
16437
74747
16642
76624
45748
17779
45229
74275
45960
15835
75471
17224
74620
16944
76213
16752
76318
16520
75213
18158
75974
17524
74626
17461
74601
17445
75825
46803
17398
75360
16631
74238
16376
75308
16804
48601
78460
16802
76104
44697
17752
74834
16806
76529
17032
74859
17052
75028
17016
74759
17807
73478
17675
76610
45918
17780
45221
75897
44421
17532
74047
16773
74560
17299
74064
17297
74032
17340
76290
15907
77738
16404
74991
17598
75569
16428
73980
45356
16989
74464
18201
74105
17227
74694
16548
48214
77006
16672
76447
45006
17882
74536
17381
76958
17497
77393
16859
75324
16043
75713
17529
74627
18159
76019
45094
16323
46064
73372
43574
16879
73784
16042
75516
16779
76222
17908
74645
17439
86135
17239
73562
17868
75315
17047
76726
18223
73753
45611
17137
74386
16958
75060
17242
75085
17585
45161
78577
16874
75835
44276
18436
74266
17418
76985
16478
76831
16802
81506
28389
176808
28029
175215
29280
180012
103546
28941
102023
157070
101641
28850
173744
29137
178479
29378
178850
28905
140108
29196
83954
28498
165824
28975
175904
29128
84385
Xput: 19573
