1628
819
729
604
1532
609
557
545
766
541
708
597
654
894
590
594
544
920429
1097
800
525
638
672
965940
883
606
692
602
561
974394
1195
865
732
606
705
940499
949
815
561
695
1087
938762
988
1113
746
699
705
938295
882
612
706
636
903
981043
898
626
701
590
563
960761
971
611
704
586
561
987296
1264
637
716
603
1011
976290
1164
853
578
698
737
941415
1180
861
713
957
729
981217
1138
889
714
730
696
959348
950
830
697
605
706
1054193
1278
829
567
768
723
1030123
1199
878
1342
696
690
1056152
1254
1139
716
591
583
1027455
1288
649
704
600
1148
1028027
1030
1037
724
593
681
1038516
1279
747
597
562
1047
1047589
1155
801
699
1088
715
1020494
915
614
692
591
557
1075727
1100
1009
604
1147
695
1080073
1184
773
714
611
890
1016598
1292
884
563
709
735
1054261
1109
959
617
568
899
1029903
1274
805
713
589
980
1020822
1291
850
732
589
961
1053239
1288
828
716
592
990
1023848
1251
838
715
722
694
1030648
791
739
596
549
910
1020852
917
621
559
591
717
1026302
1282
844
902
757
707
1027083
1186
813
1377
741
587
1041890
1165
841
705
590
1184
1036550
1123
640
710
591
1159
1046890
1265
844
709
610
862
1024042
1058
688
710
645
944
1025255
1202
817
907
1091
714
1033943
1270
850
710
597
1696
1058500
1308
848
729
594
747
1055264
1416
755
598
594
600
1024978
1186
855
706
590
1097
1033832
1284
816
716
590
1037
1012514
1225
1051
607
552
881
1064078
1278
876
726
614
706
1069750
1264
811
711
595
1077
1034134
1190
1061
611
1343
695
1042583
1217
867
718
914
1109
1047137
1311
848
730
593
931
1028958
797
748
593
562
882
1038222
1002
785
1002
618
554
1031134
1146
848
568
573
703
1052077
1279
855
716
710
688
1024900
1004
1097
602
728
718
1021897
1232
865
723
604
871
1026173
1287
1071
755
589
704
1022287
1174
867
716
590
704
1045503
1032
1129
615
717
717
1026224
1139
819
701
594
1155
1022605
1163
877
707
592
698
1035207
1431
638
709
737
724
1002583
965
855
963
569
705
1044835
1144
822
922
579
710
1054880
1141
861
574
581
734
1040635
1249
873
707
719
701
1022047
1321
754
598
557
966
1022057
1200
841
1052
1132
688
1031416
1245
893
918
732
693
1019095
992
730
616
559
730
1030869
1177
810
699
650
1005
1043015
1291
863
1617
714
596
1027317
920
616
568
701
726
1025782
1254
864
711
606
843
1026386
1283
843
701
594
787
1035673
1186
985
612
559
957
1045832
1354
661
719
591
1119
1027735
1210
876
715
716
701
1037253
1259
857
731
596
648
1042691
1114
853
721
603
1038
1039442
1133
860
713
594
1052
1021514
1223
847
737
706
708
1027159
1274
807
559
743
715
1046104
1196
792
599
772
721
1036372
957
1118
647
657
736
1046078
1250
864
1149
595
582
1037750
974
850
563
701
732
1058067
945
611
730
712
722
1046083
1192
814
712
584
1114
1034609
1336
638
569
718
726
1046965
1218
862
563
707
738
1011753
1229
1051
624
559
1032
1017573
1156
864
723
726
693
1029545
1204
897
559
574
708
1048670
1194
766
591
980
700
1029934
905
743
697
619
1477
1027340
1159
866
712
602
875
1029390
1334
987
618
556
1080
1046427
1262
859
1137
591
701
1025691
1332
836
867
1158
593
1020302
1316
741
607
549
912
1118228
1145
630
558
687
724
1026832
1239
864
571
703
708
1028400
1263
879
564
711
576
1032076
1283
882
869
583
727
1037366
1279
858
708
588
862
1051365
1217
868
725
710
702
1049401
1272
946
735
864
742
1026346
1156
858
718
601
836
1009195
1001
1112
614
566
793
1062501
1208
855
707
747
714
1023127
1245
860
709
586
909
1011661
1240
864
712
590
980
1056420
1573
694
730
590
782
1050943
1294
831
724
587
1017
1024999
1227
813
700
591
1091
1029150
1336
677
578
713
745
1014679
1180
841
703
596
1103
1046047
1189
867
729
586
759
1044224
1211
1002
599
556
1112
1020105
1234
885
712
591
981
1029635
1292
880
713
608
728
1047260
1271
998
734
710
682
1027831
945
610
560
686
720
1032291
1267
916
569
759
720
1026115
1237
1047
614
583
576
1034413
1163
798
575
695
730
1010916
1167
682
711
594
692
1070190
1198
873
710
590
1065
1014677
911
610
574
683
714
1084604
1157
797
696
584
1108
1027098
1245
871
712
586
986
1028958
1161
871
755
591
761
1032706
1133
749
694
686
598
1029683
808
741
615
1065
715
1034020
1205
869
565
707
727
1022825
1280
866
709
593
839
1036827
1097
671
695
726
591
1037857
1271
809
937
581
715
1030905
1291
817
567
725
714
1050408
976
880
602
984
723
1045210
1150
815
1028
575
720
1058310
1272
884
709
593
866
1051956
1225
863
634
1049
927
1066309
920
1092
631
561
933
1027054
1178
846
573
698
707
1026458
952
619
711
715
734
1031045
1357
1014
1013
624
567
1051704
1212
868
563
720
718
1045662
1193
829
566
843
577
1025526
1008
802
601
552
1189
1044283
1192
860
709
591
850
1031359
1301
639
560
699
737
1047083
1293
828
712
603
1031
1029749
1066
801
560
685
714
1018535
992
1069
609
554
804
1030354
1141
614
560
666
728
1037682
1259
856
1050
706
701
1073227
1252
881
715
714
705
1025942
1198
838
708
600
898
1060724
1681
655
708
596
721
1039602
1122
640
578
668
709
1015325
1185
901
1080
566
763
1025534
1144
1060
721
600
687
1043813
1362
639
572
574
730
1070762
1156
817
563
684
746
1033511
1015
718
608
755
747
1033110
1285
862
561
718
729
1049191
1199
863
1077
696
700
1039508
1007
1086
634
551
819
1052193
992
820
712
585
691
1028609
1280
830
983
1174
605
1035108
1123
740
700
584
1029
1031101
1186
812
706
599
1158
1047642
1297
868
711
592
859
1018282
1323
747
594
563
1177
1068849
1295
830
1003
705
692
1071589
933
634
875
739
695
1036001
1271
842
702
708
695
1027600
1178
882
709
589
935
1063489
1196
788
606
718
729
1023928
1309
634
704
591
904
1079135
1161
833
721
590
1044
1063800
974
1098
616
953
705
1023733
1138
877
932
556
759
1033296
988
1218
591
1069
606
1037350
1310
882
708
596
724
1052590
1283
638
706
598
1032
1084468
1164
1031
732
694
696
1048287
979
624
554
684
735
1029145
1084
671
580
1592
942
1067371
913
616
569
717
734
1062051
1182
1106
731
694
700
1035238
1190
869
560
782
726
1032581
1128
1012
604
865
702
1044483
1184
860
723
585
1067
1027911
1204
783
613
755
589
1047532
1306
1016
621
568
847
1015415
1185
871
714
631
860
1022027
1278
879
577
673
575
1076857
1288
958
718
596
920
1024243
1244
877
710
615
856
1022967
1069
779
583
768
731
1014916
1166
792
563
691
722
1057795
1311
816
725
611
841
1047353
1269
824
718
586
964
1040264
1208
864
725
606
880
1068266
1155
797
587
695
741
1022536
995
1141
771
688
681
1037122
792
749
735
587
715
1040232
940
732
704
604
699
1047459
1290
868
724
592
840
1011161
989
724
818
725
698
1024532
966
639
725
566
575
1370211
1684
795
1395
832
556
1152302
1231
1087
753
592
687
1188593
1306
1026
604
556
791
1142309
1396
683
712
602
926
1170646
1281
805
715
585
829
1176004
1011
739
615
717
708
1065307
1147
1235
785
700
684
1065775
897
1053
608
559
865
1068544
1299
835
560
1210
713
1081619
919
628
561
726
716
1118959
1194
860
714
598
898
1043234
999
792
597
594
577
1060723
1196
883
713
590
869
1068026
1289
815
721
598
740
1055535
896
624
707
736
702
1041352
1226
1078
831
1010
620
1057956
1210
861
703
601
758
1033791
1289
812
706
603
1109
1044944
1297
641
709
601
1059
1058538
1202
619
713
706
712
1030648
1246
867
708
596
1004
1047479
1668
831
717
721
587
1016452
1082
814
724
588
710
1033424
1281
1017
732
600
557
1027158
1213
864
714
720
705
1044899
1177
872
705
588
1068
1101727
1082
805
716
596
969
1040576
1210
1119
730
586
577
1066351
1232
876
569
739
723
1038960
1243
885
705
593
791
1064003
1161
1104
619
583
721
1030480
1297
829
714
700
689
1017545
1549
814
741
607
588
1027903
966
725
700
758
729
1021735
906
608
698
609
981
1022165
1296
818
730
592
954
1027050
1374
742
603
557
919
1008375
907
633
575
684
609
1073020
1318
842
718
606
855
1015593
1068
804
567
699
720
1031844
1279
842
584
749
719
1063981
1594
646
724
594
735
1065182
1258
859
709
696
681
1021638
979
636
575
703
723
1026912
1214
859
719
805
701
1062011
1243
874
724
593
705
1026625
1318
867
710
711
692
1054195
1263
897
740
599
706
1023418
788
740
750
629
593
1018177
1614
892
707
718
689
1021947
1075
811
706
597
1147
1033294
1270
833
709
591
916
1029186
1189
1019
617
553
995
1043850
939
634
564
707
727
1076572
1363
648
701
585
1145
1037977
929
741
611
594
1000
1043156
1233
888
719
591
1006
1040118
1280
1005
722
591
716
1030596
1179
855
563
723
708
1078233
1360
657
559
993
721
1035751
974
806
709
595
704
1072352
1187
1036
603
571
1081
1037839
1187
898
722
594
938
1079712
1204
911
717
596
906
1080580
1190
862
1061
709
708
1050006
1275
886
703
603
930
1066674
1281
827
710
588
940
1051817
1361
634
559
769
719
1032623
1281
839
918
727
721
1042940
1127
808
702
594
1160
1035568
1187
869
726
589
1002
1081449
1081
790
697
900
724
1052345
1175
871
708
593
1080
1039720
924
609
702
601
720
1047201
960
868
706
603
555
1060724
1322
644
573
700
731
1095171
1266
798
566
707
718
1013105
1198
1103
612
556
1019
1035724
1268
859
714
593
781
1090008
1252
840
563
1390
824
1048319
1195
1027
740
706
701
1050850
1304
653
565
687
733
1050214
1256
878
703
585
997
1034052
1170
1027
615
555
1007
1054435
1346
639
717
616
1047
1053859
1279
1055
832
712
591
1038422
1063
773
807
603
587
1064245
1092
812
745
594
707
1055168
1186
1021
718
687
685
1034639
1269
814
723
657
642
1052646
1287
847
696
584
1044
1059329
965
1112
747
698
698
1041808
1171
873
562
834
746
1056773
1284
867
712
618
773
1042158
1279
872
722
590
1082
1026094
1267
876
733
591
921
1023292
1277
883
729
586
970
1076073
1140
826
716
598
700
1031577
1183
1076
718
711
604
1048232
978
1238
599
1177
717
1075369
1314
602
671
846
800
1037432
1294
884
717
597
875
1044361
1290
983
604
553
1166
1033247
1170
811
695
588
1169
1058771
1376
642
720
725
719
1018420
1273
1016
722
598
702
1031669
1267
864
713
713
693
1044256
1216
866
716
587
1045
1117683
1122
976
618
555
921
1010931
1300
960
715
597
563
1045498
1145
806
705
594
710
1024865
1196
1042
621
560
1015
1049037
1256
868
709
773
696
1073984
1258
855
562
702
736
1058823
1270
1188
739
598
688
1047190
1195
851
711
595
883
1028940
1218
1003
716
681
694
1028991
1185
854
1079
701
689
1040458
1208
868
730
602
1020
1045054
1272
881
702
592
1065
1025466
1237
872
711
587
903
1056054
1291
845
562
723
719
1052406
1328
643
702
594
1068
1043829
784
749
596
1295
710
1038600
1300
834
735
609
915
1078830
900
615
563
656
764
1021921
1276
890
722
609
878
1043486
1204
1033
712
591
578
1013725
1126
653
696
599
552
1064060
927
610
712
715
694
1069592
1294
740
591
563
1098
1024143
995
631
698
601
578
1034690
5678
756
770
1483
562
1037012
1846
770
726
712
718
1032912
1365
642
1786
725
705
1063817
1144
864
566
692
719
1033656
1244
1042
606
559
930
1045010
1202
879
710
618
977
1021765
1293
854
721
611
741
1084001
1155
870
562
802
596
1034580
1002
818
718
713
689
1062422
1188
833
699
611
812
1043047
1591
651
708
915
693
1043829
1245
863
874
732
737
1040983
1198
876
711
606
936
1042618
937
904
709
587
1338
1013402
955
617
710
598
707
1044979
1016
1070
735
605
691
1020283
758
817
611
955
617
1087344
989
856
566
613
717
1045800
1692
862
704
598
772
1029792
1206
618
696
717
702
1089460
1181
1075
724
594
579
1061190
1109
659
706
586
725
1091459
1220
878
709
819
699
1020102
1296
1094
618
570
980
1049686
1245
876
702
720
691
1022026
1391
636
740
610
925
1073738
1284
1057
618
557
951
1059419
1171
865
712
602
1067
1081373
1242
833
724
588
868
1049251
1270
1040
636
658
583
1085356
1278
856
716
594
764
1057374
1192
832
566
893
724
1087186
1202
857
723
592
1014
1020989
941
610
553
771
749
1047816
1378
657
699
599
973
1022995
1093
846
745
591
707
1044139
1241
865
708
600
1056
1027185
Xput: 5765
