134796460.000000
135667117.142857
120105988.571429
128342671.428571
123866083.809524
135821749.523810
108584948.571429
121743539.047619
97366451.428571
96895420.952381
90396638.095238
110917261.428571
108405574.285714
124035207.142857
103386643.809524
128179782.857143
104205758.095238
103207611.428571
96893895.238095
94207670.952381
88477470.476190
113738238.095238
106494451.428571
118722443.809524
79987737.142857
75805906.666667
80036670.476190
76043796.190476
73682165.714286
69800051.904762
90157915.714286
88034131.428571
87807782.857143
88276123.809524
94941062.857143
93968365.714286
102620702.857143
99221102.857143
99479295.238095
95311490.000000
100003940.952381
101234030.476190
107984961.904762
104923725.714286
96116623.333333
96254484.761905
104987066.666667
103939895.238095
103959011.904762
99913848.095238
89386133.333333
86850546.666667
104251678.095238
100917670.476190
94259952.857143
94961540.952381
102806939.523810
98193026.666667
100402800.952381
94706152.380952
119398173.333333
121080158.571429
108927826.666667
105393942.857143
94038674.285714
123341290.476190
113277291.428571
132013033.809524
92729331.428571
92310586.666667
93981048.095238
93831353.333333
101621034.285714
97097834.761905
100621378.095238
130885406.666667
111368440.000000
128482996.190476
99280198.095238
98952472.857143
93340969.523810
93490817.142857
109989110.476190
105493586.666667
96091703.809524
132827720.952381
107441419.047619
119927973.809524
95366784.761905
98970664.761905
110179912.380952
109316369.523810
99906767.619048
128250286.190476
106036478.095238
121416735.238095
103646413.333333
98236359.523810
99111306.666667
100152988.571429
103053843.809524
127021365.714286
101628686.190476
117599489.523810
98530251.428571
91830851.428571
108315684.285714
111991083.333333
101547670.476190
99576153.333333
85456114.285714
83010097.142857
97145860.952381
92178745.238095
105357360.476190
102714084.285714
112578447.619048
110520789.523810
110619232.380952
109173003.333333
102410899.047619
105316062.380952
104046613.333333
96146982.857143
104055052.380952
96579278.095238
90126769.523810
89522544.761905
93520714.285714
90668403.809524
98872773.333333
126788491.428571
103339373.333333
117471954.761905
86967713.333333
86638800.000000
90012445.714286
89722432.380952
98113444.285714
94880783.333333
91389538.095238
87368335.238095
97893328.095238
91933720.952381
94966037.142857
95630682.380952
89766845.714286
89666471.904762
120076648.095238
102258729.523810
105395430.476190
121282805.238095
81891923.809524
77042240.476190
91340878.095238
92323915.714286
105873112.857143
100931344.761905
103776528.095238
103282075.714286
101097411.428571
98016091.428571
94287720.000000
91958217.142857
101482405.714286
99061719.047619
101708507.619048
98401872.380952
100343314.285714
100411388.571429
97226116.190476
127993000.000000
103591895.238095
119348194.285714
82213800.000000
80444642.380952
111648131.428571
112459561.428571
113994759.047619
108055263.333333
108843628.571429
103817860.952381
112101086.190476
108963449.047619
111037695.238095
106891485.714286
92565114.285714
89360327.619048
106947915.238095
103704171.904762
99708784.761905
132196487.619048
109824794.285714
125902907.619048
88320414.761905
86735521.904762
95927004.285714
96849137.142857
100580203.809524
92589697.619048
100833784.761905
129310648.571429
108569072.380952
123623553.333333
92287226.666667
92325175.238095
103067706.666667
128871164.761905
108607280.952381
129756220.952381
101113007.619048
101352198.095238
104502080.000000
103208696.666667
102815971.428571
101893824.761905
103004135.238095
98540386.666667
108772514.761905
104036402.380952
110030089.523810
104928851.428571
112523988.571429
107459698.095238
115625756.666667
139700629.523810
109248525.714286
124333703.333333
102822683.809524
133944321.904762
112544899.047619
128512188.571429
101836159.047619
100645480.000000
105563668.571429
128657009.523810
125874068.095238
134555274.285714
104678638.095238
118414259.047619
95695470.476190
95107909.047619
91351621.904762
91281417.619048
105452272.857143
101751914.285714
93863335.238095
93515167.619048
101869806.190476
96330354.285714
102564681.428571
98354737.142857
92067796.190476
92711610.000000
96178386.666667
94565135.238095
100336838.095238
99969804.285714
105082689.047619
103754540.952381
111234232.380952
109726761.904762
90113099.047619
92926123.809524
101005460.952381
98164131.428571
96834743.809524
93616147.142857
99332958.571429
91892182.857143
102727502.857143
98258308.571429
86854110.476190
83614594.285714
101698885.714286
94817224.761905
102059492.857143
99196333.333333
88074822.857143
85278223.333333
101584080.000000
135390460.000000
113191615.238095
130676855.238095
99665405.714286
99960180.952381
95893419.047619
94752485.714286
104315569.523810
100848268.571429
105110203.809524
99251129.523810
112646005.238095
112264483.333333
107143492.380952
105101393.809524
93747550.476190
91599147.142857
104369558.095238
98781984.761905
91933110.476190
89680466.666667
101940721.904762
100554432.857143
110381906.666667
110132342.857143
98480988.571429
100849621.904762
100209335.238095
92453556.190476
81677869.047619
77529232.380952
86400569.523810
81708546.666667
89674138.095238
87850565.714286
101462615.238095
98761912.857143
85137215.238095
91254686.190476
76674251.428571
72733798.095238
84901211.428571
80866888.095238
98204758.571429
124397467.142857
112207935.238095
130809758.095238
101002400.952381
98022973.333333
99998308.571429
134139153.809524
103578571.428571
117794455.238095
93998876.190476
119246377.142857
107524487.619048
122748798.571429
90799532.857143
92320089.523810
93619739.047619
95051598.095238
93801712.857143
95548847.619048
109154811.428571
103287348.571429
109015855.714286
106920483.809524
90207390.000000
91132600.000000
96081779.523810
93440306.666667
100470875.238095
97285268.571429
98477567.619048
91283929.523810
102153537.142857
98919127.142857
103979822.380952
98617889.523810
118723603.809524
109009337.142857
117961299.047619
115169633.333333
116571264.761905
112316902.857143
106713749.047619
141625397.619048
117008933.809524
137005323.809524
107908870.476190
112967091.428571
110845943.809524
107142802.857143
112071201.904762
109433759.523810
108174588.571429
103851116.190476
108099752.380952
103326471.428571
108241956.666667
103878771.428571
98730151.428571
93475360.000000
104221606.666667
99349072.380952
110626622.857143
105680055.714286
106773290.952381
102386078.571429
96366489.523810
94909695.714286
99858725.714286
95235992.380952
105058808.571429
103644184.761905
106854660.476190
102755390.476190
99156076.190476
131328521.904762
126259346.666667
140699663.809524
100536409.523810
100235133.333333
110149619.047619
106426502.857143
105507725.714286
135664633.333333
114323477.142857
132552384.761905
105562708.571429
104299782.380952
99705013.333333
100378312.380952
105590085.714286
102198714.285714
101648057.142857
101427556.666667
108016110.476190
103634626.666667
90731099.047619
87952417.142857
91466594.285714
88644137.142857
104127920.000000
99720895.238095
107074507.619048
103993126.190476
107505091.428571
105168880.000000
102125977.142857
132623687.142857
110695720.000000
126228689.523810
108349487.142857
104895994.285714
110572485.714286
106957148.571429
107192262.857143
102411746.190476
106109019.047619
104851784.761905
105786015.238095
104144062.857143
111556478.095238
108684845.238095
110750480.000000
106431792.857143
93108493.809524
89269232.380952
87528287.619048
84164779.047619
85364480.000000
82171907.142857
105960940.952381
101335660.952381
108946619.047619
103105664.761905
108757807.619048
102692847.142857
108503299.047619
106319723.809524
93762897.142857
93253404.761905
101168569.523810
95496973.809524
102986575.238095
97792714.761905
99215933.333333
132482335.238095
105120110.476190
118358820.952381
102290216.190476
98596819.047619
94618097.142857
93952752.857143
101544744.761905
96851573.333333
99852798.095238
130418890.000000
109135026.190476
121258986.666667
97241889.523810
94997131.904762
115326419.047619
145586283.333333
106273906.666667
126733537.142857
104697712.857143
113915893.333333
91935282.857143
92288451.428571
94135641.904762
94406841.904762
101032082.380952
95334782.857143
93112963.809524
89345889.523810
99721550.000000
92098032.380952
104534895.714286
98931925.714286
91280687.142857
88262899.047619
84733575.238095
81001426.666667
88048906.666667
82884158.095238
87396724.285714
84241396.190476
88222314.285714
85100005.714286
96656573.333333
125632445.714286
105445317.619048
121155937.619048
102198489.523810
104563944.761905
92242815.714286
90582860.952381
99350179.047619
98704920.000000
92621904.761905
88696102.857143
94515213.333333
91235445.714286
92181015.238095
87991788.571429
88723125.714286
86501228.571429
89061417.142857
83537009.523810
89511112.380952
86997302.857143
103368813.333333
100966365.714286
101717245.714286
99009257.142857
99233344.761905
94541462.857143
103933392.380952
99704270.476190
110052955.714286
104938071.904762
96521664.761905
92329948.571429
96715272.380952
96133521.904762
134176165.714286
111214580.952381
113418321.904762
132677427.142857
97177375.238095
97192535.238095
100416116.190476
99217069.047619
105333478.095238
94519618.571429
105351285.238095
104437167.619048
93154329.523810
91049009.523810
111393449.523810
105314467.142857
94668533.333333
90911182.857143
103948557.142857
98744798.095238
97457363.809524
95590731.428571
93817784.761905
123894820.952381
119120461.428571
132424596.190476
105233720.952381
123017514.761905
109840831.428571
105594215.714286
94609941.428571
93650782.857143
108876320.000000
134691023.333333
123461973.333333
142233388.571429
102152468.571429
100271036.190476
104673998.095238
106295184.761905
111542999.523810
109242874.285714
110647659.047619
110073634.285714
109493289.523810
107417944.761905
113392878.095238
109338121.904762
114897289.523810
113401143.809524
116244329.523810
140715564.285714
112110556.190476
127459190.000000
89284485.714286
86942852.380952
104872055.238095
128039088.571429
112710876.190476
129766300.476190
104700066.190476
99707905.714286
108006925.714286
117723992.380952
99931624.761905
100643944.761905
109804777.619048
108409379.047619
107689946.666667
103650028.571429
109539584.761905
106222201.428571
105280666.666667
99834613.333333
95350058.571429
92158024.761905
106717411.428571
105074482.380952
107204320.000000
104218784.761905
105048356.190476
134644807.619048
109763102.857143
