1925
884
1044
618
1217
1051
975
594
1416
883
951
1679
623
1000
709
981
608
1198
971149
1145
964
980231
1466
942
954
549
798
978562
1872
1073
737
598
1007
996184
1634
1031
1022
605
847
18631
1008776
1064
769
591
1320
20918
7441
974562
1247
648
1245
31620
947098
799
738
895
1719
34620
8993
961597
778
1048
615
995218
1204
1098
762
995
606
20179
1228
973365
1212
762
975
25039
8412
984862
1414
1876
785
1004897
1655
940
1007
714
1004
28090
945594
974
1034
883
1133
23997
5238
4818
13777
2407
9672
1078271
1534
11584
6201
8752
8236
1109662
1152
11165
9100
5698
9103
1088030
4574
10246
1066174
1235
772
34418
1039601
1346
1030
622
968
22931
1063380
809
1053
609
1265
1079800
1399
769
1227
618
1361
1051868
1377
753
997
764
996
19047
1089399
1320
1091
906
687
1045526
1629
853
1537
627
1035
26036
1019934
1321
917
596
1112
1089110
1018
1388
744
1014
737
21718
1057701
1338
755
1008
882
1082094
1623
1037
1018
602
836
29598
9003
4084
9305
1057397
1237
36333
6660
6007
11792
8840
4996
1061082
2095
12627
1077198
893
1087
32822
6788
6513
6569
10210
3920
1086748
1648
9089
8053
11034
7973
1087387
3527
9435
3440
13229
7814
2162085
873
1438
737
1021
604
26063
1032649
952
1033
626
874
1062509
1279
749
1657
901
577
1101415
1285
755
1000
617
986
25663
1056512
956
1033
885
1079
29991
1040962
1107
757
614
1261
28735
1079598
860
1034
602
1132
26988
1027872
1857
752
1067
619
23063
7084
1039508
828
1049
604
22510
4710
7980
6482
1055427
1140
40664
5228
1052282
1227
778
1037
28513
7939
1033158
1244
652
965
35844
8614
6678
8281
8629
1078953
44449
1063709
1304
1094
913
1167
33118
4912
9124
1080785
940
1046
39783
1883
12381
8699
9035
8620
1054797
1788
10547
10427
1051189
950
28832
1394
12658
1001164
1224
1055
1073888
2063
1010
1865
639
864
1069064
1317
1026
747
596
995
1042272
1840
789
1216
730
998
19560
1065728
1086
760
601
1182
22342
7915
1018119
1262
642
861
27393
1069064
814
739
897
1279
19709
8621
1050669
794
1051
753
1097742
869
1297
622
1040
968
26660
5712
1046317
1216
772
1054
25964
6096
1023773
1231
1036
691
1122953
1267
756
1011
608
1025
26005
1030860
806
1035
906
844
37992
1646
10104
12018
5946
6847
1058657
1149
10508
8705
9142
6768
1134836
1534
10028
9264
6420
8911
1092035
6019
2308
1025311
1225
776
35777
1062569
1256
1040
646
977
28666
1037267
787
1014
740
989
1065092
1166
975
1080
618
1265
1044307
1394
659
1010
714
981
27406
1076656
1205
1097
924
709
1079286
1432
649
1595
746
971
18402
1046660
1372
924
696
736
1064231
1167
1074
758
994
607
19107
1025913
1316
758
1002
887
1105017
1587
970
1034
598
853
25162
8054
6267
7856
1076164
1205
29030
8548
2716
13852
7917
6688
1063242
1664
11643
1041042
950
1095
27180
6340
4572
7413
12184
3390
1047096
1659
9149
8241
11532
6102
1057922
3403
9436
3209
11909
8817
2039204
802
1031
616
1259
2088
30238
1050560
971
1060
628
1596
1104973
1920
793
1019
991
599
1099489
1338
767
1001
603
981
25028
1082731
815
1030
877
742
23360
1031858
1061
773
599
1027
22071
1033278
799
1040
619
1207
22061
1026692
990
628
1051
634
23850
7606
1020548
959
1059
723
22275
4992
7953
4724
1012736
1221
35298
3674
1019833
1230
764
1096
25067
7843
1064511
1257
656
861
26193
8005
6593
5152
10947
1066186
31880
1103427
1117
1082
875
698
24893
2965
9593
1069654
947
1054
32022
4541
9780
7743
8378
9073
1083391
945
1028
620
1017854
944
30943
1536
11748
1026770
1245
1040
1045536
1618
790
1021
1504
3182
1064777
1957
1076
674
687
2198
1042256
1283
1353
1316
1087
1219
16344
1038843
1591
681
698
1017
22471
6409
1023602
1260
662
936
21033
1037773
955
831
1106
1043
27717
8131
1064587
806
1045
752
1101739
963
1226
626
1704
769
23216
6094
1017216
1244
935
1018
30170
9024
1042858
1721
1106
746
1045091
1275
1012
1028
742
2355
26113
1049677
972
1393
1051
734
27486
4917
8964
7554
6046
6014
1086833
1243
11566
1226
10744
3895
1053903
1036
10545
2073
9220
4216
1041102
2823
11170
1027931
1497
3288
25600
1062174
1274
1016
634
992
23170
1053503
796
1029
748
1020
1059996
1241
1293
1081
735
985
1054734
1265
770
999
624
1014
19041
1027708
1554
1158
884
832
1053865
1925
832
1034
739
976
16264
1022209
1271
920
731
610
1089906
794
1033
610
2494
680
19054
1027377
1474
756
990
906
1049133
1269
780
983
621
846
22700
9365
7898
6393
993683
1235
30065
5836
9692
8323
9235
5137
1032220
2416
11697
1017056
942
1095
34408
4537
5089
10122
8541
7739
1010667
1998
9476
7459
8191
9536
1036162
3626
8950
8049
9835
8270
2126736
1348
1064
620
1385
4722
29344
1022671
963
1043
782
980
1037518
1586
956
1040
996
610
1034966
1872
806
1023
613
959
20665
1015860
1014
1079
1052
636
25032
1013306
1066
771
602
1242
23514
1015260
791
1035
753
728
21365
996078
948
740
1019
613
26295
9322
1032782
799
1073
614
21427
3452
11165
3939
1035488
1234
34017
3159
993587
1222
806
1027
31234
4583
1032517
1257
763
981
27563
7286
8419
8013
8264
991967
27720
1062561
1264
1116
893
686
26773
3257
11923
1002833
943
1046
30294
3334
11590
3901
12302
8406
1060029
1397
11824
6318
991444
933
35756
3269
8669
1037556
1241
1052
1073774
2280
839
1013
716
997
1043403
1622
1079
615
691
896
1031898
1848
783
1050
606
984
18388
1067015
1965
845
730
1008
22311
7961
1017209
1215
638
980
26011
1026629
790
758
912
1078
22381
10747
1007670
794
1078
617
1056392
981
1088
623
1183
784
21490
2691
1035592
1229
1145
1016
30036
6914
1005307
1251
7618
794
1042637
1572
754
989
721
993
31699
1041199
835
1025
892
1015
28933
5388
8580
10053
5900
3428
1040808
1661
9476
8396
8138
6198
1051269
3571
9459
8055
7241
3770
1047017
5859
6626
1008978
1223
768
32623
1026691
1247
1053
615
1143
21468
1026134
814
1063
757
1032
1051370
1037
743
1004
960
1016
1028787
1836
810
1041
641
993
20187
1032582
939
1069
1015
634
1032912
1545
775
1032
613
975
21811
1024141
1624
1061
728
606
1024615
942
1066
623
1157
721
19492
1028245
1308
648
1036
886
1016045
1613
1065
1043
609
860
24307
8244
6268
8323
996857
1242
29436
7100
5591
11482
9211
6923
1081383
1353
10237
1017270
892
1108
26656
6445
6342
8426
6373
8168
1076309
1672
10492
8396
8617
3907
1082887
4888
5862
8911
9284
6396
2084710
859
1091
735
1246
617
27326
1024414
979
1022
619
976
1033708
1636
1004
1044
1021
616
1034894
1633
1019
1063
791
985
17813
1054330
793
1043
1022
735
22183
1020766
1511
832
619
1130
20568
1069787
855
1040
607
1077
20479
1005427
1223
768
1031
821
21393
8404
1014383
795
1062
617
22430
2137
14975
1426
1007737
1230
36246
2112
1016445
1277
760
1032
29041
8948
997905
1228
643
1094
29086
8289
8614
8674
6358
1002658
35816
1016922
972
1079
881
1057
26602
2092
15187
1011755
959
1047
33111
1490
15017
1221
12359
10698
1021695
1412
11913
7619
983157
6245
30834
3292
12874
1003100
1234
1052
1044736
1286
758
1005
599
839
1030375
1705
1065
753
596
1004
1031505
1345
647
858
804
1021
21548
1011829
1052
778
756
1003
24791
7025
1002264
1230
628
971
28521
1007848
821
729
1039
1299
20618
10725
1006697
814
1099
628
1029973
895
1041
758
984
590
18641
7155
1001661
1257
766
1019
27873
7912
1047666
1242
1048
617
1050262
1641
1010
1020
709
1023
30187
1013183
1240
1097
1006
625
32052
4300
9884
12159
2866
7996
1031260
2010
12101
3746
13640
2325
1062618
1640
10181
8642
4102
6059
1020792
5991
3507
998727
1240
768
31040
1043356
1302
1037
618
1258
22275
1056451
806
1044
612
1029
1031227
1002
749
1023
602
1196
1035909
1819
815
1197
714
1001
19134
999069
1003
1103
1073
712
1080621
1865
670
1031
606
968
17976
1005369
1364
911
839
616
1042775
1200
1087
778
1005
615
21384
1014150
1286
760
1019
898
1173255
1741
777
1017
618
859
25908
10881
5787
10984
1082585
1230
30094
7183
9768
11608
7793
8407
1099871
3257
12675
1031776
902
1112
36315
10578
2700
8635
10663
8049
1067450
1668
9866
7320
9560
3704
1081796
9094
1265
9121
10517
10974
2158890
8955
1690
933
1032
708
27807
1052342
988
1027
945
888
1065026
1730
1104
1016
873
570
1061472
1445
636
1362
712
1007
21243
1023953
800
1023
871
859
22391
1019854
1062
757
752
1014
23159
1011206
849
1037
744
730
19132
1062760
999
738
1034
602
23799
8347
1011949
779
1046
743
24386
5637
8944
4833
1036235
1582
31171
5482
1065269
1244
656
1029
25730
7608
1025257
1270
635
971
28034
9588
9093
8645
10878
1057764
32068
1018865
1183
1104
878
938
25166
4587
11153
1026191
934
1068
31869
5502
11394
7670
8640
10651
1021139
796
12420
7454
1015883
918
31379
5157
12187
1062931
1238
1060
1034949
1300
760
1172
610
856
1056494
1417
912
1237
724
990
1045088
1277
754
1198
622
975
19236
1027712
1078
775
614
1355
22383
9825
1021664
1237
647
977
24272
1020381
1015
747
1041
1011
22660
10190
1021118
796
1045
613
1030588
878
1321
614
1347
736
20549
2970
1022625
1231
775
1012
29644
9565
1021793
1254
1148
634
1063088
1681
1083
1004
740
971
28415
1026703
832
1044
890
775
20456
3262
11882
8544
4683
10752
1051257
1676
13021
5419
9568
7659
1030031
1664
10687
8347
4293
9865
1027984
4132
9600
1021641
1237
768
26961
1030883
1658
1065
628
969
22120
1019970
803
1023
623
1159
1040275
1022
1038
1071
615
994
1023493
1674
1045
1032
626
993
18717
1028955
1291
1314
1076
750
1013278
1677
921
1025
727
1003
23527
1051356
1239
924
711
617
1019655
1242
1075
614
1038
739
18134
1046414
1511
744
982
879
1053662
1675
770
1031
599
976
26574
8138
8354
7776
993282
1221
29991
7471
9282
7978
5228
9396
1034322
3595
13553
1058627
886
1082
32558
9602
2824
9897
9986
8099
1063155
2061
10976
6332
10600
5815
1020781
8382
3590
8271
12312
9596
2038475
980
1095
774
1013
593
28910
1032798
1058
1405
1358
1027
1035383
1266
764
1019
976
593
1045949
1271
760
1020
617
1033
18248
1010429
800
1020
876
953
20783
1043050
1047
757
605
1364
20713
1023815
811
1033
620
960
20028
1009453
884
710
960
657
29713
10314
1003507
782
1042
766
21933
5598
9413
3244
1030337
1207
31743
4827
1017295
1243
772
1030
26484
8327
1065004
1246
667
977
27821
9136
10436
8112
9227
1049564
34996
1026272
1131
1091
880
802
27893
4781
10598
1013080
947
1047
36350
1456
11597
7615
7858
10561
1042043
1409
13641
7278
1041779
773
35120
3262
11524
1016181
1233
1046
1049784
1709
1110
1023
604
864
1048647
1283
1043
732
707
1288
1081921
1273
630
1252
768
984
20226
1018548
1064
768
601
1031
19711
12149
1017225
1230
650
981
23518
1017327
801
725
889
1473
19351
11222
1037917
811
1064
783
1063787
814
1590
630
1345
719
20681
3786
1068387
1245
777
1143
29866
11246
1015096
1255
1032
627
1072070
1413
978
1098
796
998
28437
1041986
800
1024
1027
610
29276
3105
12018
8463
8090
3834
1051025
2155
9712
7125
8046
7675
1033461
3591
9777
10465
7128
6554
1071098
3366
8798
1011138
1245
777
31299
1041775
1401
1020
618
1474
20542
1045583
859
1033
607
1228
1047625
1195
1106
1038
604
1005
1042462
1259
767
1031
604
963
18353
1019990
1147
1094
903
718
1043306
1776
1085
1027
601
947
18289
1032836
1230
917
836
601
1035675
1051
1099
613
1004
589
17569
1115692
1427
754
1012
889
1085655
1269
763
1104
597
835
23137
10681
3755
12065
1079473
1205
24314
8268
9716
9436
8260
9021
1066860
2039
12516
1078622
907
1078
31341
10376
5196
10771
10519
8528
1093639
4644
9961
7604
9782
6585
1086595
9280
5754
6958
11205
9942
2100171
920
1019
763
1425
718
30290
1045713
944
1023
604
1731
1063386
1708
1014
1039
1039
618
1058246
1281
762
1208
740
1010
17223
1016974
823
1036
891
957
22382
1047135
1073
792
604
1051
21257
1015588
793
1015
618
1085
22020
1033652
959
632
1052
640
22659
7497
1019585
818
1140
740
22477
5248
9296
7240
1036984
1142
35905
1160
1029833
1260
761
1012
30593
6565
1053001
1239
651
984
27579
8995
8699
7967
4462
1009399
33049
1045410
1141
1096
879
1188
28108
4915
9082
1027840
933
1056
33749
3348
8899
7739
6352
12390
1035155
828
9538
13305
1021168
928
34561
3279
9200
1012511
1240
1040
1080401
1574
1102
1035
613
976
1044732
1298
1028
728
626
962
1055310
1789
1036
1260
604
970
21264
1023211
1046
783
603
1191
19389
8979
1023293
1230
665
853
21144
1063386
962
734
1027
1006
19412
9098
1022155
790
1044
608
1054983
1012
1059
616
1230
742
20425
1218
1049834
1244
778
1019
29313
8109
1027132
1212
3760
1430
1101118
1736
1074
1070
713
997
28605
1070012
797
1036
874
1052
31096
3681
8391
10796
2385
10417
1069987
1159
8555
7435
8645
3774
1041489
1629
8666
11487
1217
9768
1019571
2844
4721
1018988
1228
758
32307
1011320
1443
1019
621
962
21516
1026581
1423
1264
614
1014
1061144
996
1172
1068
604
954
1052812
1397
765
1019
804
960
20653
1029363
1138
1075
896
989
1042510
1439
642
988
734
1009
24708
1030749
Xput: 5634
