795
324
205
251
183
246
181
242
178
252
150
206
151
215
217
188
19448
117443
69937
83335
47958
52985
52539
58687
44256
58634
41479
43983
34912
53192
39842
53474
45202
41275
39992
40391
52425
37404
51815
40882
43420
41839
38046
53342
58618
47589
56324
32338
54514
44205
55437
45578
56031
43361
43901
41845
55630
45156
55580
49604
29813
50032
51161
44870
42944
51877
44424
40475
44359
53951
41217
52648
41718
41361
41621
53562
43107
50957
44978
51574
31145
50684
52166
42970
52459
41492
44599
42821
56485
42424
52112
56034
43128
45208
47209
44527
56218
42196
55092
28764
62376
42991
56200
43303
54108
40153
43531
41238
54987
45681
40987
49166
43664
45005
40765
56107
40516
54248
41456
44303
40439
53752
40423
53599
41296
42022
42238
53558
43136
56070
42281
58421
41908
51306
64704
44802
61116
41601
48871
47223
51274
56879
47916
59321
54296
36956
55622
41985
57447
45489
60713
29322
54218
41257
51601
40012
55771
50634
56105
49163
45234
52263
57649
47783
31250
61215
52696
59048
43473
57134
42295
44853
44391
70794
56638
68151
48939
54213
48310
63915
46903
60458
49348
52925
46476
39416
62745
44496
55834
46867
50413
65693
41994
56091
48075
46262
56174
34723
60220
39957
56303
42179
68372
33350
58063
42589
58739
40887
61469
47968
30386
51980
56860
47904
41561
62933
36126
59734
42368
56353
40472
59832
44997
54826
43252
56155
40480
55593
43808
53121
48344
58398
48970
40722
56871
45499
48627
42485
57829
41096
51037
56114
32584
62323
55163
43374
56466
42871
60242
31714
123590
51723
57413
42602
58789
34733
74043
48335
60548
48875
41742
49121
46309
49073
47304
60227
41252
56885
31067
58117
47243
65084
41237
56498
40501
44878
42894
59437
41518
60715
44712
45878
48981
45619
56150
41592
56313
38352
47232
42820
57303
62156
43454
56319
37870
42399
66402
51548
57600
42508
56491
30625
56249
43020
58208
45113
70457
35737
57593
45261
49317
56635
58821
52838
41039
68178
53197
62528
48491
67590
41982
68922
48204
67200
50208
64658
48675
52126
47067
66706
52480
61971
56395
39028
64314
48327
70431
49711
70845
48513
46281
69305
49653
66248
53160
46176
48960
48926
67772
52130
68559
47957
71468
37281
64170
48057
74095
51708
68523
45636
52297
60694
70270
57281
54630
68151
36940
72202
52704
68329
55492
68144
35965
65588
48932
65738
48641
63629
49998
54363
51045
63833
57972
52583
69931
34594
65444
50792
69083
53068
62262
67553
35363
62490
52152
43993
59649
43567
47987
42992
64150
45508
58193
41374
52606
29930
54665
40939
56901
47136
43452
40014
56484
47272
43384
56599
44877
58838
29539
56422
42490
59785
43351
55593
29615
57231
41917
56847
43155
56710
42921
47875
48589
43093
58816
44572
57535
29711
57157
42291
52822
57377
43357
58320
37601
41679
56498
42841
55364
57431
47863
46858
58168
38244
50810
41886
53515
29200
54734
45500
37864
48899
49863
34237
37701
54440
39270
53818
41180
52680
26538
68054
50261
60065
44138
58131
32813
59861
44450
59701
41940
58857
50021
33627
59619
44556
61842
44877
58992
31682
51096
60781
45514
58151
61310
51310
44163
43378
56155
41367
55482
42299
44217
41788
54638
41934
55155
41135
53974
36117
41741
50494
55228
46132
41651
43918
41668
56251
43159
56733
43038
55056
31356
55069
41612
55682
39808
55261
30007
56818
40949
55101
46666
42707
55771
30698
56530
40811
54867
43122
50867
44689
41901
56178
47085
41583
54191
41388
44973
41603
56381
42005
54425
43640
42925
41596
56530
39123
53789
47809
45555
43907
60637
52509
40680
55018
40612
49684
41564
56452
41368
55347
41383
55091
28455
55773
42506
54953
42276
55653
31243
54193
48659
42436
55461
42429
56324
30477
57814
41299
51609
57432
42938
45796
46217
41057
56857
43037
56764
43643
46847
41588
56641
44730
55414
43706
45825
44286
60400
58763
43419
58618
63068
37117
101805
89277
52223
65152
64581
87339
52125
76414
54480
77856
54701
74962
38488
79843
61454
106815
77918
93609
60797
75830
107841
87562
115098
72234
72841
38649
70469
76218
51503
67605
65987
44197
72767
51190
63196
46411
62278
45554
48253
45577
59550
47130
59948
45598
47050
50861
48921
56209
60174
51193
49224
56116
49458
67680
48785
70047
56981
60530
54668
72572
50125
66387
47151
57388
44621
75433
49031
68286
56387
47383
58295
63598
84674
66934
78951
67969
55005
48953
47646
61455
52319
48838
67609
34161
70896
45617
69606
57611
64787
54561
52167
57748
62362
46523
61389
53814
33383
74418
71615
56845
45117
77945
50572
53695
81127
93603
61813
81561
57949
72553
62810
75032
57012
62292
48244
114446
66150
124070
105379
91587
123960
88996
99177
88603
125887
91569
110424
121058
88455
96999
101917
87987
122013
90599
122226
63198
126296
89907
123662
89937
124131
89549
99209
89457
124404
105948
87516
111311
98245
101218
90616
125527
88847
124468
91285
99380
89943
124075
90672
122851
89139
95299
88743
124498
92022
124176
87522
120705
77722
89161
125665
89059
125928
91097
99351
90271
110536
125607
91508
127179
104571
66717
122279
93568
125445
91706
125491
65589
124213
90763
122745
90266
124463
90179
79428
66492
58216
69983
70681
57032
30312
71776
54326
71107
45781
59553
51703
49981
44981
80583
43958
59307
44356
47290
60066
69672
51729
60196
65221
53615
53592
46348
72707
42062
69352
56187
39906
60443
57664
59450
48883
46140
63011
32505
60486
47423
62908
46465
63882
35722
70264
53514
77155
47341
70063
52998
42550
64515
65974
70739
47238
68929
42576
83091
46132
70161
47182
67371
58512
56091
56515
58572
45570
68104
53570
51653
61864
64116
54159
49622
60102
53403
64323
54327
67265
45938
66233
73358
31704
67489
54432
45416
70978
54765
63781
43678
83449
49024
75682
48295
73529
32926
72491
52655
65141
55050
53543
64267
48613
56847
60248
76142
53793
72272
39744
78276
48404
64331
49825
62518
57758
61107
52874
77383
50203
80616
53946
66369
62449
55698
78182
58068
73379
50808
56344
54061
59737
72405
52419
72459
45690
54848
76640
49565
72066
46288
69379
33880
59411
44788
58574
44010
68627
36134
60776
51273
43113
59526
76238
62498
58700
111713
67291
109821
74446
114201
53805
100626
68427
100680
76643
91478
87508
91567
68496
115259
69689
91743
85644
42646
108199
72003
92014
62246
107789
74684
75275
122223
82590
110540
71698
77928
91200
81983
98650
76105
111421
79553
124642
38128
62851
50274
55975
53000
63762
43505
48848
58776
58457
48579
45973
53584
29880
58715
47702
62946
44483
57931
31255
72225
50276
68318
55316
64331
47041
46664
45569
60032
49663
46284
61037
33238
60303
43350
61591
46537
54358
59914
31419
57803
47857
42374
54933
44251
42818
41536
57194
43621
56772
43573
52991
30079
55464
43205
55055
45261
39455
38183
56859
47731
42884
56729
44887
57464
32309
60237
44020
59771
43172
55804
31184
59657
42339
57888
46544
62046
47040
49973
53933
46520
61101
50226
66185
35290
65825
49613
57750
66005
49865
63310
41609
48281
61997
49292
63055
46280
50646
49739
66290
45574
61863
47732
63477
37276
62332
53745
48184
61564
65864
42510
48777
64017
47338
66028
47189
65597
34392
65588
49146
64963
48310
64215
35917
70487
48266
73416
47225
73424
55704
43893
74085
47084
82839
48462
70571
34983
69460
76098
48266
66921
53215
48376
51888
52048
73751
49108
66302
49535
52684
50466
66273
50020
65290
48256
72004
43625
47990
62691
66055
61815
47379
52319
58877
73799
49041
77912
59498
76133
35602
77773
52745
67213
49422
66122
36012
66283
48422
66768
55501
47911
67138
32437
65042
47265
63243
47295
56027
49738
53984
76704
54158
45236
63903
47585
50420
45556
68871
58609
78025
46452
54229
54423
78922
49208
70036
60541
65410
53401
73640
61294
45726
75726
49298
50262
45296
59655
53456
64163
47880
61684
33583
61271
47028
67068
52200
61555
32385
61780
51396
45785
62992
51026
58905
34468
61292
45850
57998
61090
48577
46979
50322
43272
60458
45865
60642
48394
47146
46966
60911
46516
59393
48295
47443
54824
72055
57820
44512
59246
65245
42160
50070
68035
53216
64199
49567
48236
45952
64106
44207
62335
47706
61244
34998
62808
45005
65936
46128
61359
42842
47418
63021
50532
64511
45081
62195
38775
55759
60085
54202
66008
56549
34105
60442
47347
62363
43919
63114
43321
55167
51160
61960
46198
64035
51870
54110
55405
46040
54525
62549
55267
50319
51210
46237
65948
52776
63688
48675
51115
47409
63840
46394
62639
47919
53563
39699
56614
47064
58771
48888
43175
45896
43959
59666
41909
58175
51286
61500
49715
44983
59065
54598
48168
59161
33470
61381
43494
61333
43710
59913
45211
46996
44270
61131
43233
58649
50868
31956
54208
60192
52653
47869
62203
45973
47004
43518
60526
45724
61060
45141
46655
43820
59743
43820
59202
45245
57682
32626
58557
49533
44777
58567
45192
47177
46087
59687
45760
54456
59295
45865
50062
72204
62972
70566
54884
75791
36354
61648
44399
68016
80505
131242
51866
66980
57385
79991
65674
54328
61402
56330
63347
55254
78721
62542
83898
55953
49588
45229
61641
49695
69401
65154
71604
54118
68791
50515
66878
50326
59514
38991
45499
60595
46220
62856
42943
50277
48151
60694
64458
46809
67893
53121
34457
69011
55108
71437
52069
61655
31501
54497
41536
65350
47366
61154
42431
46966
48864
41523
50852
57029
48000
29906
57339
42540
59004
42267
57250
42031
45848
41929
58972
43043
57193
43499
46467
43352
63685
52376
63296
53677
48170
53760
48466
65000
45315
59127
51488
42799
64510
50164
58823
47486
45937
64329
36306
69859
48656
70263
57969
68219
34572
70635
58003
62389
46465
60005
52899
33206
57666
60279
52162
47371
77554
30599
60350
44572
60014
43677
59021
46879
46200
45869
60553
44039
59499
46576
47245
50405
62095
46590
49417
59910
49356
54874
43759
57522
42345
53881
56229
31373
58269
48599
43101
56309
45366
56936
30228
57012
43982
57022
44381
55485
32704
57614
44137
56825
48951
43044
49078
46858
48821
42996
65196
44426
60813
32737
58541
43720
55729
45568
56756
41607
45381
41911
59445
45213
56947
43696
45686
49250
43767
56489
43297
56313
41405
45353
42162
53314
56722
44526
57285
35937
42206
57317
45929
56311
43408
57168
31185
57566
42941
56428
45279
57204
32724
58127
47205
45615
54249
57813
48048
29993
57444
42831
56679
43754
56288
32571
58909
45893
60600
42131
55477
44583
47001
45260
57627
43401
57955
48000
32128
57267
43574
58153
42572
58449
42679
39734
60829
46383
62315
47708
44552
44012
42527
56926
45926
59856
44427
58718
37460
67084
42788
55235
41754
53632
35551
40380
48577
54018
45622
41562
58678
30807
59785
44253
68496
46533
62290
32030
60309
46687
61944
46284
62867
45915
50457
43666
63897
52744
47820
58295
30585
57553
44785
65340
48213
57459
61495
32596
63408
59192
49918
68880
63243
57679
54820
69933
55419
74271
54240
72938
42146
76500
54242
70335
62558
52821
50293
68446
62035
55376
65216
54411
70483
41705
73413
51412
73786
55342
74619
40882
71417
53547
73871
57440
69665
55732
58308
59046
51188
72037
54887
72864
40606
74258
54614
66502
71938
54137
72211
47302
55016
74578
56730
74085
55329
55858
49533
64286
44453
64007
46890
63394
34051
79725
57584
54962
62076
62090
41788
46876
64312
46000
65284
48948
64212
35332
65213
72631
98558
70529
111277
49120
105891
73958
95004
73230
108108
59658
41818
72099
57019
77625
44074
81865
51338
54565
65330
56413
61705
48458
48277
46436
51089
67438
44417
60001
46474
52184
47973
58342
41507
62223
41721
55916
37732
44302
51157
58456
52865
41453
45149
42103
57799
40490
57669
42333
56524
31207
60647
43023
58390
42253
57439
31102
56448
41512
58108
54730
40978
56250
30173
58083
41949
58808
45029
55283
46336
42643
58417
58476
47064
65275
69885
73946
81599
73098
53302
85999
53693
53758
46961
126513
92553
105049
68188
61695
95986
73879
59283
58399
76911
54411
51335
46814
65784
50566
98914
55405
69037
37384
60697
51133
69748
51447
72191
52280
134478
110123
96154
119988
89017
136353
65396
130733
96301
120851
132703
93553
109465
61989
87052
128076
97429
133081
86056
99841
93088
127030
90033
125400
55251
58550
49125
67190
56450
50290
69626
68485
38402
50939
62780
47514
60620
48649
51057
50199
62437
55389
69184
44405
69169
40502
65202
45742
58861
51291
68567
41911
62323
71634
58836
81787
58516
70544
37419
68861
75639
55907
104174
62554
38826
66949
54024
59254
44681
58948
46132
45613
45827
59749
42880
62187
46298
48299
48673
44956
54721
59389
45959
40634
44377
42550
57274
41626
54816
41647
42652
40890
55835
43359
55538
42238
47102
38427
56174
41892
56191
45888
41955
44077
41370
57590
40380
57564
41015
50290
44881
45288
58034
49531
42208
57743
33374
58256
39932
57135
42525
57030
42030
44526
42194
57184
40386
57673
47933
30697
52155
58436
52665
41692
57641
44210
46928
41738
58534
46993
58068
41829
46529
42722
57605
44020
58034
43469
57242
30221
58030
48479
42131
58357
41867
48131
41216
58189
41359
51425
58828
42627
47214
48466
41610
56203
43319
56459
30256
57828
42302
56833
42551
57107
42087
47230
42693
59233
48922
40175
50868
45504
47888
42518
58688
43658
58869
43358
47026
41323
57898
42603
57081
43789
45782
41843
58756
43008
60920
42963
56647
37329
45608
56749
42371
57227
41057
44656
41191
51580
58066
42420
55048
47661
30974
55572
45260
54514
42234
56294
33952
67215
50441
67512
48389
69332
51837
56000
54996
49960
54045
59597
48725
33847
59407
43494
62577
44824
59062
44495
46336
46447
61551
45843
59586
39997
42491
42357
56826
42334
55888
46052
41824
42835
41299
56613
40745
54837
40008
39255
54055
40941
54495
45219
45018
57156
32051
55962
43810
57849
51432
57564
30981
58384
44777
60535
44016
57563
49874
32583
65821
63330
49617
52074
62560
34909
63002
49846
66173
56850
73146
47082
47865
44410
59291
45664
59770
45589
48170
43978
58714
49579
44809
58472
59280
55620
47693
61262
44404
53768
60936
33290
62283
52086
48292
61562
45467
57863
31725
60291
47406
60449
45376
65412
39394
62535
46222
63778
51690
44074
58671
46226
52563
47450
74524
43173
58669
37861
60073
41122
56942
46867
61729
47324
45577
47489
60147
45335
63243
47931
49456
51424
65190
125494
88147
143741
94292
111622
96245
117350
133623
97813
124287
83975
96129
113249
82645
134533
89308
141290
58946
137515
100132
137733
94723
133338
71437
123778
107655
96057
118509
135137
115119
59075
138269
97224
139972
89669
102115
39122
75003
53777
72692
51883
64447
84708
63146
75431
76713
49958
109901
78107
45250
90479
61163
84792
50895
83475
53952
51209
69675
59089
86327
60316
58664
58627
54620
66669
45336
59461
44199
60453
31896
56788
45098
58269
46457
63631
45907
49354
58278
63030
52583
89584
130088
66135
132007
97676
136027
102357
135830
37421
68511
55062
70617
50826
65644
56034
55037
52232
63477
60279
58684
63229
43148
71740
57926
63735
58404
60306
61923
35242
61300
53392
45435
57513
46503
45391
49780
65345
47396
60075
49230
58656
32176
67144
71762
84203
60235
47022
46161
59864
58946
47690
60094
47898
62621
32721
66088
53263
67710
46539
68837
37255
63835
46300
63940
48871
65915
52380
48793
52758
46128
62957
48206
71434
37290
66080
51294
55688
57032
47786
58406
37693
48445
63490
49032
59981
45030
48922
47462
64024
50468
68691
48963
64074
34576
64505
59652
46450
61037
66784
45107
48441
67342
53304
64220
53049
68373
34150
64371
47781
63025
52757
68059
36421
63396
49068
62528
46038
61190
52468
32938
60791
43600
59983
43555
60092
30236
52332
59958
44461
58693
49401
45069
45629
44540
59641
42939
59289
44792
48309
44670
62530
45059
59217
48497
59096
37684
46936
55752
59921
48985
43283
47412
42739
60767
43955
58421
49593
61648
32073
62330
44512
56938
48550
60756
33041
58821
43371
59669
52858
44679
76201
31946
58632
45993
60680
52351
62145
52663
50496
67736
57828
47893
55980
44654
45487
43081
57110
41236
55876
43789
44015
43403
57783
43861
58069
48564
44159
41632
55290
48477
42744
56502
42309
45337
43536
58397
42935
57706
44704
56784
29014
55933
42567
57212
45151
56611
32292
55898
48382
45870
61446
45518
63691
31712
60603
45193
54073
63325
47316
50564
53094
47143
63844
47188
54860
45021
46490
41527
56162
44251
54471
43453
44546
44277
57485
48786
43133
56656
54110
34253
40427
54969
41776
54746
45311
51309
49200
59319
41651
52973
42497
53904
30365
54832
43925
57701
40018
55162
35652
41400
55750
43320
58344
40732
55236
29973
50940
54306
42190
54324
46492
30939
54009
41108
53553
40579
53680
41448
41912
44182
54845
41472
54921
42238
44693
47633
41891
51862
57617
54062
43906
45869
46557
60444
47210
58590
43882
46087
43585
58554
46800
61195
45061
52759
41897
60786
44394
69572
64143
45218
56859
46406
72670
55808
74740
44766
52263
44214
42685
56837
47178
42607
56360
29845
56053
41760
56532
41924
56454
44004
44221
43800
57129
42715
55978
46876
32884
51211
52546
47719
42949
56546
42167
45332
42033
57848
48780
57454
55250
48935
43424
59494
51362
63554
48786
63015
32991
64435
53846
48460
63473
50240
49539
45945
64631
47379
54766
64541
49673
49506
54155
46751
63037
50961
63406
31590
63338
46197
61789
47488
61345
48470
55458
45307
63969
53982
43896
53120
49756
49247
53695
71454
51310
67190
55472
54655
91017
97811
56572
62396
51039
47156
60299
87494
51001
66631
51839
65749
40353
47743
66951
48012
72163
49482
49708
51534
66442
67556
69261
108743
97872
56408
70965
54953
64588
50833
64129
35280
69238
52985
67810
54533
75287
56414
57451
62508
52659
57111
60933
52962
34050
62834
46493
62990
63091
65415
48986
51112
45578
60552
45194
57863
44467
46767
43219
58746
42546
58035
52501
50339
51451
47030
67688
52594
64552
46962
48607
67347
48748
65732
53046
44270
60946
45989
61477
45197
61263
50885
68378
38681
68936
46874
61516
47274
62081
86347
51726
91235
106038
89604
60580
61310
34285
60659
46712
60508
43702
61146
45294
46873
46182
58667
46154
56869
43762
45627
44826
62752
52305
43811
56255
41959
51521
44295
57776
41892
49292
58065
36284
63011
51997
45163
57105
43499
54872
34371
70511
46570
60724
45429
58790
34665
64362
47556
62448
48095
40081
56338
50324
49550
44868
62318
46719
61391
34883
61429
45907
59967
45652
59649
46976
47732
50142
73066
48908
68058
50240
47646
54759
51862
71499
44484
57865
43887
46735
44736
63085
64101
42716
56267
36499
42099
56615
42834
54895
41376
57082
54063
136019
99829
136461
87189
138978
59013
138881
114914
97560
108016
135870
114638
69578
111529
83321
123658
96373
133196
68118
132115
96324
123661
84644
126772
94588
109010
82975
124950
97914
126427
114583
70875
135611
82020
136394
94118
135220
87871
75356
121723
86440
111441
66039
58864
57260
48432
59736
49523
64794
46570
63473
32584
60156
46604
58938
46513
60344
37527
46008
55986
58832
52361
47598
59391
34857
61403
45798
63290
47114
62382
34469
60706
50181
62253
46701
59684
46661
45861
43645
108284
105762
97395
132128
69618
137482
92877
125125
96937
121080
130017
68012
136380
110427
93026
131917
97097
101419
89558
129965
91278
130054
97002
131117
67001
132684
93786
127548
109511
93646
83751
132810
112264
97969
126572
94633
131156
68973
130281
91993
135331
94934
131810
63905
137278
98707
130629
101092
130935
94463
107232
114617
98606
134625
91726
129969
68412
134746
97731
116442
134675
100841
131645
87645
104484
111439
67716
89080
69410
88452
109725
143207
98500
81314
74955
117420
70756
111346
108215
94353
121049
127648
85444
63674
77727
77965
113640
82605
115176
43199
105317
76357
106989
74979
100087
63319
111723
75027
112875
71520
93005
79828
41473
94013
53540
65495
53393
68561
31878
56454
59054
49726
63743
62296
55109
58536
54810
68290
51986
66713
46493
46387
44631
58495
55917
73806
57961
76778
43363
54610
63909
61412
61958
48295
49061
46033
61303
47181
61939
57734
61456
36562
62013
44525
61195
43952
60449
34713
58771
44643
58495
48704
43249
55541
31439
57529
39968
55743
46761
60086
48359
41799
55866
46000
41173
53901
43484
45089
41527
56816
43509
54928
42126
43195
43060
55237
42293
52682
45764
41842
39582
54136
47413
41842
55127
41686
43608
43045
59684
43955
57843
44015
57821
31244
57900
42542
59150
44941
58619
30798
58444
47790
45661
58044
45500
60042
33516
60289
44392
56390
59586
44222
49371
49403
42931
61070
48567
60507
75920
97711
87957
125904
90707
117474
89097
99616
93988
119672
107723
90961
107411
122848
79672
89289
121659
90105
126377
89893
99960
93581
131086
92888
127983
92399
124846
62952
125510
88930
125484
90800
127638
83557
91566
125659
90263
130407
90221
124120
60709
108875
115636
85652
125078
106880
68311
121956
89567
129203
88873
125405
87893
101363
75037
79612
88397
128949
101942
104655
100385
91340
119981
123186
110077
100454
101272
85845
123452
60534
68847
50891
47429
45191
59865
42689
58477
43244
50322
38598
59379
43643
59051
48009
43113
45386
42315
59819
80378
121967
89170
107992
95956
89511
123946
104103
90926
119437
59870
118911
87371
121555
90860
124138
87365
97817
85670
123860
85218
123320
105085
63472
108823
121089
57108
45876
63230
46966
45670
44764
61920
42854
58398
41270
46759
43530
57610
44713
56125
42633
57280
31622
58888
50828
41823
57927
42841
47902
42291
61254
44120
50900
57972
42950
46376
49185
42133
56426
43558
55345
33322
56847
42597
58644
44338
68013
48665
48661
48447
73816
61619
46539
55786
58596
55847
48927
65307
46962
66129
51446
56694
45667
77785
58154
65453
54260
51181
95672
133551
96603
134674
95028
136064
90682
86750
74407
53400
78603
57293
56494
84543
116721
129496
88272
110965
91320
38868
113357
87730
110032
50000
63043
57074
99832
67332
93540
97754
142330
105252
108289
63758
57142
60878
65207
58360
36172
67214
46908
62977
45312
64549
46334
53442
47257
60482
45125
59258
44602
48197
47185
60336
43073
57456
48040
44152
45027
43045
59695
42242
57837
42856
39650
57707
43603
58300
48367
43898
57288
32451
59122
93646
141291
100464
139841
71592
133858
86164
119197
74134
65727
52568
36563
64649
58919
49349
45909
57740
39653
63521
45619
62943
46378
57693
50349
49224
48419
69414
49636
66888
49532
45844
42100
57415
47972
44060
55290
41643
46673
42943
57465
45753
53385
55749
31825
57280
47433
42599
55118
45927
53647
32749
56964
44115
57981
43586
55046
31535
56936
43285
55392
47193
42222
52020
48279
49553
45197
58387
44593
58881
34140
59966
45374
60100
50640
61621
46222
47566
46733
60945
48414
60861
47006
48489
52026
45883
61392
46273
61056
46503
48901
44417
56380
59742
45271
60377
38281
46296
60322
46758
58350
44404
59380
33830
67098
49121
59366
47242
60044
33571
60948
53179
46103
55214
63460
50106
32172
61663
48838
65015
48031
63063
34983
65137
46651
63678
52431
63511
46930
49915
45005
63053
49753
64612
57237
34820
63297
46161
65675
46617
62110
48980
42230
63214
49866
61016
52225
52640
48807
45733
64774
44269
61200
93703
69968
37647
68591
48387
67834
55468
63437
42946
51635
60231
68014
55481
51007
62090
35067
65507
49245
63744
47993
65385
38570
63795
48138
63867
44202
62957
46025
47374
45638
60671
51109
43486
59080
31741
62247
41796
57857
44351
51241
57805
33630
62043
50511
43384
59367
45278
48664
40323
61223
46433
57785
44952
58808
30789
61001
41684
55368
48803
41238
40602
57143
50950
43735
55776
44490
60068
32515
60209
43645
63181
46780
58302
34071
63578
45595
60205
47716
59554
45629
48185
52914
49836
60931
44582
59249
31365
61320
44789
61286
74838
50642
65467
40247
61020
63987
65752
73673
58718
58752
52030
70558
48200
59238
49021
69418
34213
62835
62485
48106
55462
62377
43305
46861
66929
54160
62027
46721
63436
33080
63626
47400
63041
47962
63692
34434
63721
52112
63021
45186
70028
54149
35505
66873
48145
66261
48876
65276
35913
58597
67537
49758
68388
54529
49833
51239
48446
65040
51331
68667
49994
52157
46723
64748
48179
64947
51007
64088
46609
57855
61127
60202
47313
44223
45144
42037
57680
42095
56705
46360
60778
34936
60503
45217
60305
47168
75967
44072
64889
47671
80479
67139
47870
78558
35140
63333
43106
59692
43525
54653
47241
51866
65515
51616
48166
60590
45459
49816
46381
62607
45768
63610
50144
60165
54929
74116
46869
66420
63272
52721
45033
67675
67883
45482
71157
55553
54349
47791
78134
68188
71373
58505
73802
43476
65344
63909
73583
61303
96302
61924
114187
105208
75714
98445
76371
103847
40288
96067
57564
66061
65231
78503
72910
76248
56383
76906
50741
59879
41731
43674
43454
56964
56542
60358
49864
49888
47485
64282
60078
54649
60242
64209
44886
49575
65839
47599
67347
53541
54059
51484
71691
53588
64422
53106
70422
36927
67708
49863
69291
52095
67815
43697
50429
66888
52899
72909
47577
66226
38712
62880
68982
57587
67945
59200
37631
67113
53777
64593
48936
70647
53940
53682
47617
62287
46712
66124
60112
52220
55875
50759
61288
67550
51929
52821
55368
52743
66918
47158
59313
45300
47021
56739
92513
60514
102606
54682
72286
62850
95435
66959
82398
78929
82422
66607
75654
119624
82578
119817
85699
100511
84719
84086
122088
94187
78492
113537
52218
113232
80321
108366
88371
95572
55253
50596
55206
74459
51074
60070
49376
32759
68081
68599
53068
44295
58024
45812
46438
43740
59101
45832
60147
43736
51906
48444
57757
46329
55452
51872
66108
37191
62104
46460
46414
55169
44572
42924
44965
55503
45218
61412
61446
46274
47394
48311
45564
59789
47919
60469
34798
60553
46631
58040
41565
58871
43357
49545
46301
58496
48581
44159
52736
48844
49576
41769
61039
42695
58280
44816
49029
44218
61320
43871
56644
44173
47597
43381
60242
44848
60367
42752
58297
40139
44128
58905
44284
56924
45686
45752
42691
53216
57594
47426
53803
47739
32718
59805
44902
57195
45330
56911
32264
59625
43217
58830
45614
61606
45593
46728
54472
43664
51902
58424
49900
33833
59076
44003
60068
45009
59416
44474
47931
44337
60761
45515
58313
41976
45543
44435
60767
46454
70607
49335
43876
46261
41560
58514
42821
56250
43485
40618
56976
43789
56656
47571
44386
56226
34140
55616
41857
55981
42996
56415
30888
65939
53310
68458
42905
58055
61681
32158
53933
52907
45716
43070
54243
30515
59779
45153
60766
44370
61354
93182
107963
111664
137631
111368
138147
112169
109655
108231
139041
120009
107793
135760
92649
89035
67377
73305
50684
55199
60268
36465
67621
55649
49446
64363
57342
71651
38072
68353
51002
66138
55257
69218
38706
72193
46327
63404
59471
53642
52215
44479
49535
53709
63708
45707
56592
32391
56702
41077
55893
43559
55664
41279
44362
45820
62165
49554
62546
54950
53394
54313
46477
60624
46180
56623
44458
50519
58882
61554
91723
78865
116822
74103
46815
85550
97871
72526
53688
65601
38397
61486
46757
56367
43721
55721
30021
55222
45878
44205
51306
55760
50378
29248
55986
42350
57983
45596
56885
31353
58987
52314
78037
67616
66093
55090
52374
47684
64899
48630
65432
57773
35538
104491
81553
66671
74666
71960
84010
71873
76412
55378
87111
85762
71933
58647
57255
74343
60259
67582
47026
68729
32939
62106
46595
55943
42171
55015
36507
42435
54381
55950
45979
43007
56620
30334
56766
49822
65251
45908
60888
29012
62692
50063
65352
52502
62764
49250
52998
47122
62309
53821
48317
63263
33940
67493
48566
63633
49471
61971
63008
36857
67561
54993
48681
63792
47580
48224
48324
66749
48818
63595
46756
63650
38738
65957
39571
53966
51218
50914
40896
56242
46970
43847
54389
44227
61346
32251
63190
43877
62736
45977
59504
33490
62015
47979
61469
41927
64030
45091
48177
49664
46558
61504
47181
60802
30791
62942
44531
55839
64698
44512
61041
37312
41553
55123
42222
53458
41933
43272
44151
57906
44294
56774
44288
57348
33334
58027
47809
44289
52901
56483
37539
44248
57598
43251
58930
43712
60365
32144
58171
45047
58206
44565
60074
30812
58007
52867
72069
52474
59918
50761
34841
62388
47516
63246
46238
59255
31817
63512
60975
43115
58883
46553
44907
44624
43459
58145
42750
55544
41216
46245
42010
57372
44833
56925
47224
57147
37224
42812
51120
58466
48328
42929
44944
42166
58417
42957
57769
46336
56835
31312
59281
41076
59858
43845
57781
32119
57124
59237
78729
58645
47992
60359
37725
56922
41960
55587
42523
53083
43975
43777
56408
45885
44480
55782
45683
44809
41334
54780
41089
56609
43442
43305
43517
56386
44041
56146
46230
45290
41511
55734
48629
45262
61473
48497
48759
46530
60952
44685
60697
47590
59670
35278
60054
45748
58334
45036
61738
34034
63289
52446
46138
59382
46921
60383
32425
60306
45991
54016
61147
45302
47916
52108
47197
61570
49601
59085
49058
50119
44090
60323
44800
59512
45814
48041
47237
61659
51387
41597
51753
58437
38641
46287
58450
42436
58499
42789
47517
40894
58361
42067
56662
44628
57811
32274
58957
44832
58024
42548
58070
38470
43512
60988
41774
59509
44954
60156
32137
53407
60269
43891
59805
54197
30802
58850
45741
60666
45377
63377
47752
45031
45904
55298
44194
55088
45740
43786
45193
43993
51055
73831
54652
44369
42160
44776
54827
42824
56088
40132
42169
42741
57707
42277
54091
42509
47358
39058
54501
45335
61157
49780
48081
45856
43055
60701
55062
63151
48914
54001
45214
43707
56416
46291
44304
55458
31901
55999
42426
56767
44055
56485
44599
44558
42596
60832
45384
58353
52544
30995
53750
58864
51057
45965
60398
44938
48261
45864
60770
44612
59540
47326
48659
47232
59814
47741
61514
46829
59559
34477
61619
51448
51377
61089
46803
47654
45212
59690
44505
59835
64153
45795
49572
49119
45113
60878
49538
60746
36789
64177
50145
64128
50533
64862
50505
54090
63189
63265
52822
49538
59826
50852
53377
45663
74138
50033
88888
85734
85770
64185
98894
66365
95583
77435
81510
65902
78254
60128
76569
60674
97051
45808
59442
77557
58705
74260
55419
57060
52873
71900
87481
52494
80652
59124
34539
73541
54843
63019
49617
64600
36245
63072
53319
81786
61726
65083
46393
60983
56144
48333
59252
64607
58451
31443
63489
55577
73348
48256
64396
48666
52171
47458
65199
45885
63246
48495
52344
51437
64824
46380
65464
71804
54955
92023
52374
66911
56059
68651
51283
49746
71327
60445
85133
57654
52643
78889
40246
75622
50919
66452
97652
129851
63205
134831
98818
136856
102159
132398
115916
69665
121254
131788
112808
97694
134702
67459
137262
97500
132067
101442
134893
102352
106631
65287
67876
57998
69022
64482
62149
58201
73306
68743
51011
68548
60514
47898
49935
63241
48352
60501
73989
37572
64161
51935
50076
78507
55963
67334
36901
62737
50995
67749
54230
64479
36055
61303
45731
62723
56380
46291
59959
47473
56934
45638
72446
56264
58756
33200
61131
42352
57457
42660
57968
43567
43118
49794
63991
48890
60506
43470
46165
47565
43553
59602
41660
60570
43008
47468
45203
53657
64223
47208
107533
90439
104274
127893
100695
119753
89915
131388
72192
126844
97361
119547
90114
139753
61408
137056
110217
86414
101837
122095
108814
60998
114766
81319
127843
93365
123284
54577
127467
82947
118481
109097
122217
89718
115315
100189
133332
59227
68579
60340
38574
70541
49246
71310
52053
69249
59325
51904
71462
51031
71819
63176
53929
55271
54857
61860
41343
59754
48358
59434
34645
61012
46368
62226
48825
58199
42752
46736
72871
67484
50289
46778
61833
34606
123829
85850
114217
53783
64870
51764
91661
83910
104997
84414
102184
87835
82160
54598
84097
116069
90544
131959
71341
139216
106459
138773
107340
111421
140104
72026
137058
118700
90973
138648
93614
108896
97611
123378
100987
136673
98469
127427
65407
139457
90932
137598
116182
98023
81262
113885
113572
99239
128828
88802
137821
66299
123042
101967
129810
98511
136098
70839
135529
87277
125872
91686
138671
91623
111508
117596
90710
127122
99021
142805
65603
141068
101947
115108
121063
89275
142559
89778
92747
127095
104916
135839
92502
100876
99296
144598
91355
119497
87429
131575
63105
140818
117039
100986
116722
135768
95503
102475
116419
72478
97148
73312
105321
61249
80666
78659
99712
86071
101643
47501
112795
81409
110327
73209
102558
103728
69082
97677
77746
100724
66907
107878
56132
99499
104233
77736
92565
95681
83344
88444
84243
101201
85653
113934
79158
78296
68008
122912
91462
114899
69856
113631
69786
87191
109960
113413
77398
64766
99798
87449
107244
89033
115847
85519
123746
64927
121677
83377
115857
90858
102800
61158
110338
88532
105891
90767
88279
113882
57931
116820
63193
121699
74507
99718
98609
90887
122609
79043
76345
104151
69998
89658
70777
97557
78284
102737
65287
90866
64389
97658
66445
96309
89171
84743
68713
91724
84524
77167
108798
70021
91467
79406
113435
73812
104642
91564
113957
50397
101876
83129
111421
92545
103116
49016
115930
85430
66071
109383
80558
116001
61623
109548
75000
78536
120626
68534
87831
86877
68940
105989
79858
97960
79439
76876
72874
95456
83965
117719
67312
90118
69298
107894
80655
84312
98632
118538
60847
91276
88755
71058
113638
77326
78424
75345
97239
85187
100852
88049
109437
52550
112535
89266
100189
79249
119793
71964
65536
107790
90283
116631
79037
105786
51025
95055
117217
76022
111352
104930
61917
115776
82826
102469
78416
122177
90544
79737
77848
96385
85483
112728
89310
81754
88979
74551
94813
114425
84390
76846
86162
77254
103733
66678
110930
88419
87781
73099
119527
76808
104295
74184
98787
81399
98952
64654
110303
89677
77685
93201
65475
97285
61283
109862
57671
88082
92939
67390
96120
88781
70285
111906
55025
89295
81988
111002
62738
91378
71802
64574
69626
112069
79222
111301
88965
38460
94261
108501
96792
87665
105037
85042
91434
70270
104546
74626
99495
83876
88425
78770
121669
82028
109617
56037
80237
37278
101691
64878
71018
78421
63707
64909
54403
65897
61750
70785
76329
57808
77726
58680
52693
67241
48314
65875
35477
68914
50568
67779
51298
68552
52856
55882
50789
70706
58456
49563
78337
50508
80948
75787
58697
46071
61240
47595
49382
48245
61438
47078
59945
45900
47266
44885
59514
42094
57502
46630
56791
38007
43108
57560
45277
61585
44395
46441
45135
55704
59299
44238
57829
48905
33299
60008
48266
60870
44236
65488
33662
58240
47704
63224
46927
60964
49423
47571
50438
46478
53324
58888
48647
28927
59746
43663
59957
45751
59398
44886
46813
45488
58190
44038
57921
41890
46901
46073
59016
43948
58521
47920
44933
45897
41582
59865
47318
57706
45050
37227
57874
44343
58510
49838
45753
63336
35528
62420
45657
61192
45144
59544
34201
61707
49492
61842
46603
58830
51585
31520
57066
58418
51542
47153
57476
33916
62222
43113
58499
42214
58265
48299
49828
47288
59712
44828
59811
42978
47847
48846
61971
50999
47083
57050
45014
49993
46382
59643
45521
56722
59359
33869
61455
52988
46389
59289
49033
59951
33254
63174
43155
62544
48052
66912
38311
63133
50787
64701
47902
41629
51344
42530
45889
40858
56029
41847
54407
30578
52831
41878
55192
41067
54180
43335
43070
39717
54135
43513
53045
42487
41778
45508
40864
53986
44036
55017
40576
42552
42657
50394
53994
41881
52482
33703
41276
54216
40403
56072
46249
57525
34751
58852
48022
61312
48395
56740
34946
58638
48471
43792
52865
60723
49209
32138
61397
43108
59233
46135
58529
31673
59898
41990
58733
44566
57937
45381
48314
45197
61169
46416
60545
49990
32178
59850
45693
60343
43974
60627
43825
42082
60614
44288
60793
51981
48301
47979
44552
61085
44565
60093
46802
60413
34966
59629
55977
60149
46922
58024
42431
46098
57340
59527
47953
46365
60951
30464
59502
43840
59714
47823
59532
34602
58122
43063
57715
42810
56106
45851
46325
43692
57710
47391
40925
54093
31281
58846
43428
58759
44552
54118
58909
32582
58287
50231
43389
56078
45528
46380
42476
59161
43653
58815
44768
58292
32403
60406
43748
58278
49431
42580
42020
59272
48857
44420
55114
44159
60463
32976
57904
41822
56690
45185
55021
31503
55475
41321
56163
44134
55515
43105
43098
46730
43103
55598
44377
55353
28380
53453
43016
50850
54854
44762
54086
35597
41239
57222
43914
52367
40788
45012
41776
54402
44792
56019
43462
56082
30360
57351
47279
42993
53021
56457
36475
40066
56320
41293
54046
44210
61032
31123
64669
41659
57880
47227
58367
34331
62641
44829
61222
46287
58279
51842
31039
58517
44517
60899
44246
59501
31889
51322
56288
43271
59027
48901
45650
47131
45869
59165
43620
59024
43927
45818
45568
60023
40534
59293
47139
57831
40981
44254
54481
59269
50715
45205
48844
46007
63062
45931
62528
46850
61456
34308
61701
42570
62073
46710
58817
33266
62151
45110
61368
52241
43768
61013
32927
62924
48918
63650
49738
54309
50633
45833
61627
53399
44914
59189
46221
49415
46082
60928
47401
60080
45062
50151
46041
64074
49507
72318
74417
62700
47236
70387
60452
48353
68604
56578
69888
58916
72198
52513
63855
51532
63780
34151
69204
50034
64205
53568
66512
46933
73504
61716
61699
65053
58475
68074
36244
67748
47250
59999
70103
52384
69576
59073
52452
72125
53243
81300
68336
62058
84807
119460
79204
112692
86776
76030
75858
98100
96490
82122
96697
114651
73695
78440
92998
78093
98997
82800
85177
78447
119946
79750
115170
71839
102877
51177
110639
84054
107554
80222
88369
71648
72360
108989
79669
93984
73577
117168
41997
95486
96250
71587
110058
90864
54290
94490
70043
112583
65866
100820
84124
91210
76708
112485
84708
103127
75799
85502
79387
75765
95463
85856
77949
63942
82739
80356
99498
78545
105921
64176
81719
69705
99107
70256
109003
71550
103477
64055
97657
71726
96229
90152
56979
56264
52094
63413
47435
69580
52142
61344
48894
47381
63325
56266
49376
58244
33622
59819
43557
58320
42751
54399
42061
43418
57796
63575
49709
71334
52797
36373
61291
57715
55009
47964
60313
45008
46082
44226
63726
43748
57372
44428
45012
44858
65056
46106
59727
44914
57770
34222
59589
63048
52887
69018
48121
46956
44980
60423
47819
56840
57325
48153
49739
53246
47737
59393
52123
59402
32242
64898
57751
64911
47456
58623
46978
47466
46901
59590
50357
46915
54457
46632
49378
47062
63066
45356
60326
47131
46392
46750
63424
47151
61980
43623
46449
45878
61727
56895
78253
54347
61854
39262
48435
59325
48068
60309
46996
45630
45231
57984
61113
47233
59156
49058
34760
59416
49135
57602
47697
62097
31139
57033
45187
59025
46279
61660
44618
48337
49999
44042
56716
59194
49098
32315
59058
44827
64101
92221
125892
76038
103244
93922
128193
81271
136718
90670
111606
98665
141171
102036
136776
114967
73545
59455
53485
73553
57608
71515
55771
47742
67827
50591
65791
57916
67990
72609
39786
70817
44009
59917
46758
60145
33559
60501
47046
60207
43190
54764
47461
32320
52477
52145
46143
43662
54677
29103
55514
40890
54920
42968
55288
43052
43249
42843
55286
43076
56044
43783
43052
42231
54538
45935
40000
53218
44410
43070
41584
54773
41091
50758
55695
31351
56135
47896
42356
53123
44789
53618
30510
53972
42955
55593
43509
54218
31244
55437
45827
59509
49185
44185
54808
45175
48742
46466
59116
47665
58685
32410
60983
45339
59897
47823
60169
45851
46187
45619
65347
52236
78712
53298
63146
75147
59313
76875
57085
67871
59473
55218
60901
64369
69796
48164
74602
54981
55545
73360
53188
71301
57108
73076
37048
71808
47787
60999
49679
64523
38018
65850
55071
49629
62051
65629
55655
37787
66045
50521
66984
54214
65596
36400
65691
48152
75807
52624
72643
48572
57911
53339
92624
48220
71640
62484
37927
69113
52169
74168
51027
69048
62626
53155
76574
78896
106584
99545
76880
83560
63207
68496
58495
74885
60886
73367
39379
91775
53103
103301
66024
77994
44789
62070
69303
73967
51942
56262
72628
34866
63456
47656
63081
49496
74221
33647
60506
97924
132956
100605
138772
100223
99345
83776
140848
114999
95488
128144
69617
140344
85711
135627
99594
109292
137148
73683
139512
117670
86020
123583
102097
104722
101301
139835
104714
115396
93217
136651
72685
140871
89857
125742
116973
84193
93449
128384
114087
100569
116057
98537
127803
70642
137595
102892
143689
101653
131544
73721
121085
89113
133501
101894
129012
99120
110732
114589
98685
136538
104594
136075
71447
133579
65538
66895
71870
52259
70470
39199
43735
57517
61833
80153
64431
74474
77060
116404
80915
113555
89028
100325
67416
92393
93462
73648
96452
106011
57892
84472
108407
90299
115924
78243
103969
47713
115379
56418
62231
55444
70839
39153
66236
55486
68578
50481
61367
52984
41998
69995
54168
72413
47379
60018
35380
65834
62584
47093
69821
53373
52023
54944
48282
63177
50036
66144
54413
53240
48760
62513
47663
59034
53844
68153
43357
54533
57555
60222
54941
55421
48391
49247
73250
50979
60589
47139
60543
32783
61005
45128
60304
45117
58036
34987
59983
43069
62239
48375
51223
59628
31760
63446
47611
59900
46693
56133
47208
46909
59921
48687
47898
59590
46161
48538
43861
60832
47117
56495
47250
48430
52857
68720
63622
70660
58021
53526
48353
62695
59168
56732
65784
47099
53123
57803
73397
57025
62450
48117
60995
35443
64113
46760
60767
46893
55291
31391
55141
46284
43605
58388
44531
58167
29366
57211
41749
48302
57193
45871
60994
59542
52255
60225
46645
56094
43026
45009
42989
56568
42952
55858
44811
45799
45574
59756
47659
41704
53113
54834
37284
44359
58635
41928
58111
45581
44612
43389
58249
46315
55726
42268
55338
31027
58498
45937
57341
40934
54896
36171
42021
56875
45142
57594
42734
57552
30603
51448
55884
43797
56225
46284
33778
56597
45256
57171
41681
56913
43185
48677
49942
58868
47569
59824
46959
48118
50799
53350
63859
63698
53173
53711
48634
42607
58822
43929
56830
45936
45169
43091
57372
44481
56507
43491
48501
40237
57988
43844
57689
47370
56332
63352
52294
58992
42538
59452
41443
58635
60149
54235
70545
68786
62831
76864
40523
62756
42924
69703
56607
76443
50488
53122
46007
62613
50614
67263
Xput: 16395
