28372297.142857
26081017.142857
27351961.428571
26288751.428571
26457277.142857
23542882.857143
23542700.000000
24592610.952381
22952262.857143
22433327.142857
22581029.523810
22759928.095238
24481287.619048
24591830.476190
24302700.952381
24583971.428571
24396348.571429
23900306.666667
24203561.904762
24079262.857143
24472320.000000
25296025.238095
24773878.095238
24056645.714286
24671863.333333
24054745.714286
23937782.857143
23489737.142857
23194434.285714
23519601.904762
23741392.380952
23492737.142857
24064712.380952
24278965.714286
24301211.428571
23933563.809524
23949127.619048
24318476.190476
25532824.761905
24655866.666667
24322278.571429
24728251.428571
23782771.428571
24197828.571429
23481594.285714
23349927.619048
23566121.904762
23648358.095238
23885411.428571
24925364.761905
23572618.571429
22979525.714286
22784935.238095
22781935.238095
23464584.761905
23009680.000000
26256365.238095
23085097.142857
23764720.000000
23707979.047619
23641550.476190
23552668.571429
23611493.333333
23525453.333333
24134418.571429
23874342.857143
24355871.428571
23618020.952381
23423032.380952
23605537.142857
23580371.428571
23294150.476190
23415910.476190
23382000.000000
23898554.285714
23030436.190476
22888459.047619
22798592.380952
22885828.571429
22925925.714286
23035409.523810
22681600.000000
23172984.761905
23384594.285714
23962106.666667
23869078.095238
23702660.952381
23769409.523810
23853401.904762
23593100.952381
23528276.190476
23714752.380952
23262219.047619
23762990.476190
23631619.047619
23383954.285714
23481706.666667
23627752.380952
23596940.952381
23554540.952381
22811777.142857
22594780.952381
22985765.714286
23271144.761905
22518028.571429
22730224.761905
22626596.190476
22954167.619048
23002822.857143
23350666.666667
23775238.095238
23624466.666667
23543900.952381
23614895.238095
23994481.904762
23775169.523810
23796142.857143
24643578.571429
24604729.047619
23883165.714286
23508761.904762
23491933.333333
24084902.380952
23187306.666667
23437603.809524
25248736.190476
22921454.285714
22413967.619048
22619921.904762
22532457.142857
22575285.714286
22838794.285714
23109801.904762
22791794.285714
23255337.142857
23234139.047619
23129300.952381
23096468.571429
22997344.761905
24658129.047619
23025226.666667
23383598.095238
23442213.333333
23259893.333333
23401304.761905
23465380.952381
23590638.095238
26549366.666667
23940691.428571
23992188.571429
23170064.761905
23266977.142857
23174878.095238
22810809.523810
22881291.428571
23038436.190476
22945708.571429
22777287.619048
22841026.666667
23520095.238095
23639882.380952
22843060.952381
22762116.190476
23118657.142857
23446815.238095
23389426.666667
23462826.666667
23295533.333333
23696730.476190
23038175.238095
23428265.238095
23157594.285714
23479625.714286
23947094.285714
23688544.761905
23046499.047619
26004010.952381
22879600.000000
23525007.619048
22673866.666667
23150993.809524
22554135.238095
22752270.476190
23371657.619048
23452573.333333
23774022.857143
23466230.476190
23722459.047619
23591416.666667
23533074.285714
23234961.904762
23113413.333333
23057996.190476
23056763.809524
25886840.952381
23659527.619048
23175419.047619
22983920.000000
22971483.809524
22933914.285714
22812129.523810
22859525.714286
22569929.523810
22392733.333333
22570546.666667
22688055.238095
22617788.571429
23013253.333333
23660558.095238
24424664.761905
23479055.238095
23526780.952381
23747811.428571
24029630.476190
23802177.142857
23469992.380952
23371902.857143
23364457.142857
27002313.333333
23378213.333333
23409887.619048
23493664.761905
23531596.190476
23711024.761905
23878582.857143
23580975.238095
23311575.238095
23143175.238095
23317866.666667
23456245.714286
23730135.238095
24292081.904762
23852902.857143
23603640.000000
24020640.000000
24218354.285714
23750133.333333
23776834.285714
23800619.047619
23948382.857143
23612979.047619
23245881.904762
23852562.857143
23331685.714286
23536375.238095
23560680.000000
23879872.380952
23361765.714286
23438610.476190
23232756.190476
22849535.238095
22596089.523810
22734803.809524
22821238.095238
23662432.380952
23381779.047619
22963619.047619
23122489.523810
23462989.523810
23111200.000000
23530390.000000
24458710.000000
24248042.380952
23520459.047619
23601087.142857
23195062.857143
24289186.190476
23419615.238095
24268486.666667
23755822.857143
23844015.238095
24399004.285714
24016117.142857
23749925.714286
24582083.809524
22874445.714286
22673605.714286
23443056.190476
22647400.000000
23378340.476190
22913297.142857
23419503.809524
25996291.428571
26258152.380952
26343938.571429
25523769.523810
25582922.857143
25134862.857143
23832468.571429
23096220.000000
23261494.285714
23923640.000000
24033003.333333
22751771.428571
22026295.714286
25916600.476190
22668051.904762
22780755.714286
23827961.428571
22102597.142857
26081487.142857
25310556.190476
24891830.476190
24702533.333333
24502304.761905
25423448.571429
24692531.428571
24578914.285714
24405211.428571
25035504.761905
24518350.476190
25338975.238095
25421531.428571
24930588.571429
25364088.571429
24781512.380952
25115563.809524
24660102.857143
25207250.000000
24587289.523810
25201289.523810
24446912.380952
25165150.000000
24702076.190476
24764763.809524
24320224.761905
24344512.380952
24092630.476190
23933921.904762
24790689.523810
24339382.857143
24004428.571429
23921666.666667
23969935.238095
23731817.142857
24532101.428571
24993055.238095
24532582.857143
24522249.523810
25118419.047619
24821053.333333
24495520.000000
24417828.571429
24619729.523810
24783512.380952
24970196.190476
25281829.523810
24351392.380952
24843577.142857
24576041.904762
24173628.571429
24213662.857143
23959177.142857
23610704.761905
23830883.809524
24031499.047619
23961542.857143
24084880.000000
23974763.809524
24659194.761905
24033182.857143
24855994.285714
25223099.047619
24546824.761905
24092175.238095
24094502.857143
24266961.904762
24115379.047619
24056445.714286
23883257.142857
23994920.000000
24523089.523810
24294091.428571
24017081.904762
24076066.666667
23971960.000000
24320083.809524
23641422.857143
23637000.000000
23546693.333333
23710032.380952
23510401.904762
23682552.380952
23628085.714286
23428485.714286
23600676.190476
24312392.380952
24110240.000000
23757779.047619
24164544.761905
24181104.761905
24681992.380952
24414483.809524
24442851.428571
24319607.619048
24827189.047619
24491777.142857
24415340.952381
24113580.952381
24231720.000000
24099462.857143
24303567.619048
24302921.904762
24011942.857143
23946937.142857
24329594.285714
23917213.333333
24097645.714286
24078295.238095
23902316.190476
24364975.238095
25335897.142857
25031493.333333
24745739.047619
24717969.523810
24878411.428571
24385807.619048
24752388.571429
24504952.380952
24431217.142857
24422388.571429
24708801.428571
24560720.000000
24656634.285714
24265106.666667
24404487.619048
23923900.952381
23691990.476190
23465270.476190
24266906.190476
23854026.666667
23302908.571429
23433866.666667
23650994.285714
23259325.714286
24423897.619048
25132160.952381
24529102.857143
24429944.761905
24349786.666667
24903106.190476
24098388.571429
24132845.714286
24218792.380952
23847047.619048
23927921.904762
24580884.761905
24271459.047619
24089405.714286
24000462.857143
24095653.333333
24300329.523810
24382165.714286
23999940.952381
23864746.666667
23887499.047619
23538699.047619
23984300.952381
23803272.380952
24148159.047619
23702200.000000
24826000.952381
24002996.190476
23877382.857143
23868167.619048
24158737.142857
24026474.285714
23899215.238095
24650290.952381
24217076.190476
24526674.761905
24646403.333333
24499465.238095
24134320.000000
23922106.666667
24106796.190476
23887116.190476
23626020.952381
23330375.238095
23216379.047619
23599470.476190
23131097.142857
23277733.333333
23370733.333333
22986259.047619
23237211.428571
23834200.000000
24145238.095238
23752809.523810
23757672.380952
23826299.047619
23695013.333333
24714896.666667
23840853.333333
23602840.000000
23634015.238095
23773283.809524
23916598.095238
23862097.142857
24129205.714286
23459573.333333
23465859.047619
23436836.190476
23255449.523810
23524264.761905
23694708.571429
23293862.857143
23468748.571429
23516041.904762
23287998.095238
23574680.000000
23758594.285714
23732106.666667
24036268.571429
23950329.523810
23699289.523810
24124403.809524
24388872.857143
24367134.285714
23736493.333333
28630268.571429
23676198.095238
23640196.190476
24374238.095238
23693609.523810
24259335.238095
24072373.333333
23495262.857143
23256649.523810
23163422.857143
23151910.476190
22916346.666667
22993013.333333
23356161.904762
22906400.000000
23111689.523810
25498009.523810
24072939.047619
23778687.619048
23565537.142857
23371331.428571
24463986.666667
24613523.809524
24337582.857143
23845483.809524
23831958.095238
23925085.714286
23640373.333333
24105315.238095
23580533.333333
23700800.000000
23742407.619048
23237057.142857
23421158.095238
23523868.571429
24020868.571429
23419809.523810
23409798.095238
23547360.000000
23202060.952381
23753180.952381
24476640.000000
24255038.095238
24572440.000000
24352180.952381
24166737.142857
24305161.904762
24442211.428571
23935215.238095
23884700.952381
24188851.428571
24054081.904762
23885748.571429
24319508.571429
24591313.333333
24282996.190476
24028276.190476
23333426.666667
23166152.380952
23318375.238095
23290948.571429
23196201.904762
23500537.142857
23554830.476190
23300988.571429
23573584.761905
24440594.285714
24199883.809524
23967516.190476
23933289.523810
24005129.523810
24050196.190476
24388400.000000
24751110.000000
24672285.714286
23909714.285714
23918697.142857
24271760.476190
24087929.523810
23963234.285714
23996278.095238
23882889.523810
23678323.809524
23271034.285714
23358000.000000
23404131.428571
23389897.142857
23612630.476190
23769291.428571
23387217.142857
23582342.857143
24055017.142857
24371776.666667
23915156.190476
24001603.809524
24173533.809524
23747302.857143
24038161.904762
24178363.809524
23972226.666667
23891860.952381
24005131.428571
24283034.285714
24431979.047619
24827718.095238
24704114.285714
24396337.142857
24037019.047619
23777192.380952
23643285.714286
23344175.238095
23367828.571429
23526958.095238
23364822.857143
23159800.000000
23315045.714286
24039478.095238
24074371.428571
23813148.571429
23827874.285714
24447317.619048
24007160.000000
24247081.904762
23884998.095238
23822668.571429
23866801.904762
24355885.714286
23965436.190476
26662547.619048
23900946.666667
23686148.571429
23815584.761905
23325356.190476
23289371.428571
23236531.428571
23523024.761905
23700508.571429
23404683.809524
23491563.809524
23166238.095238
23522731.428571
23781670.476190
23730718.095238
23862348.571429
24014868.571429
23858531.428571
23817624.761905
24025984.761905
24096617.142857
24331860.952381
24180190.476190
23964245.714286
23987123.809524
24307080.000000
24775560.000000
24461434.285714
24231984.761905
23779300.952381
23586066.666667
24008866.666667
23507779.047619
23615685.714286
23532331.428571
23642194.285714
23573986.666667
23379584.761905
23675933.333333
23859184.761905
23737969.523810
23999062.857143
23972104.761905
24367150.476190
24915879.047619
24218291.428571
24146666.666667
24140000.000000
24289141.904762
23941120.000000
23984017.142857
23634167.619048
23769127.619048
23722560.000000
23478270.476190
23308420.952381
23237251.428571
23280390.476190
23600699.047619
23436731.428571
23794514.285714
23358982.857143
23217548.571429
24155980.952381
23936815.238095
23835927.619048
23978601.904762
24028152.380952
24056173.333333
24064773.333333
23956034.285714
24246032.380952
24523851.428571
24359992.380952
24700150.476190
24839891.428571
24790327.619048
24476403.809524
24917962.857143
24142320.000000
23620636.190476
23773577.142857
23620203.809524
23686476.190476
23887819.047619
24173186.666667
24072129.523810
24410676.190476
24941346.666667
24720798.095238
24971521.904762
24804520.000000
24909800.000000
24640255.238095
24734373.333333
24713184.761905
24828394.285714
24745457.142857
24584394.285714
25152624.285714
24663579.047619
24495963.809524
24558659.047619
24483013.333333
23980095.238095
24134518.095238
24209451.428571
24026649.523810
24164975.238095
24059556.190476
24282340.952381
23816409.523810
23945365.714286
24538371.428571
24345417.142857
24251876.190476
24310872.380952
24435293.333333
24531142.857143
24329929.523810
24403664.761905
24332638.095238
24697299.047619
24806276.190476
25081565.714286
24815840.000000
24755499.047619
24579373.333333
24383897.142857
24215474.285714
23915171.428571
23688445.714286
23575325.714286
23309826.666667
23672883.809524
23517828.571429
23381820.952381
23451817.142857
23976939.047619
28855055.714286
24412158.095238
24506445.714286
24235992.380952
24233811.428571
24178139.047619
23806499.047619
24014921.904762
24109020.952381
23844828.571429
24106592.380952
24670626.190476
24372849.523810
27206751.904762
26578708.095238
25195768.571429
25587694.285714
24787890.000000
25286334.761905
26066120.476190
24907823.809524
24574332.857143
27029920.000000
25472953.809524
27383521.428571
27019198.095238
24849042.857143
26629116.190476
24013497.142857
24944360.952381
24634897.619048
24101473.809524
24512975.714286
24854268.571429
25620538.571429
24294373.333333
26722404.761905
26255259.523810
25084269.047619
24635486.666667
24255857.142857
24814325.714286
24530184.285714
24147342.380952
24031998.095238
23440569.523810
24384645.714286
23441260.952381
23617815.238095
23860767.619048
23888680.000000
24036910.476190
24729823.809524
23943539.047619
23871438.095238
23909518.095238
23907302.857143
24217106.666667
24002078.095238
25183875.238095
27969072.380952
26967200.000000
26720299.047619
26427908.571429
26252066.666667
26525758.571429
27029972.380952
25486855.238095
25630146.666667
25353904.761905
25503689.523810
25483510.476190
25089784.761905
29432143.333333
25771432.380952
25741491.428571
25709005.714286
25357287.619048
25281986.666667
26043259.523810
26385093.333333
26111395.238095
25177464.761905
25375506.666667
25705120.952381
26152837.619048
25426405.714286
25621022.857143
25177005.714286
25774800.000000
24504325.714286
24354382.857143
24215175.238095
25203402.380952
24325925.714286
24330420.952381
25892964.761905
24278123.809524
27073496.666667
25914073.333333
25168080.000000
25091320.000000
25098912.380952
25471056.666667
25218186.666667
25533068.571429
25864549.523810
25288396.190476
25771778.571429
25064693.333333
25052137.142857
25864514.761905
25669874.285714
25265533.333333
25350121.904762
24304144.761905
24854355.714286
24643142.857143
23962171.428571
24070579.047619
24427407.619048
24638417.142857
23959131.428571
24090681.904762
24651620.952381
25105638.095238
24947420.952381
24746491.428571
25620918.571429
24875413.333333
25027411.428571
25878191.428571
25048956.190476
25305393.809524
24740411.428571
24938645.714286
25718982.857143
25033975.238095
25344617.619048
24871472.380952
24646857.142857
24626905.714286
24217186.666667
24126123.809524
24521883.809524
24387729.523810
24451607.619048
24011611.428571
24562281.904762
25022192.380952
28646166.190476
25309339.047619
25361641.904762
25133603.809524
25402339.047619
24985447.619048
24936883.809524
25042342.857143
24813047.619048
24922700.952381
24795630.476190
24904758.095238
24968893.333333
24798352.380952
24795582.857143
24229373.333333
24807960.476190
24542060.000000
24171430.476190
24047560.000000
24373939.047619
24684419.047619
24385735.238095
24575769.523810
24728375.238095
24992910.476190
24939771.428571
24594859.047619
24452125.714286
24741948.571429
24599598.095238
25046300.000000
25965911.428571
25512620.000000
25657252.380952
26358615.714286
25182433.333333
25008690.476190
25632885.238095
25605875.714286
24276835.238095
23721693.333333
26713423.809524
23718672.380952
23827000.000000
23913702.857143
26159260.952381
29151384.761905
24471746.666667
26543068.571429
25306818.571429
24707058.095238
25038833.333333
25722986.190476
23959390.476190
25163146.666667
24083550.476190
25199657.619048
24857875.714286
24267455.238095
24351043.809524
25920834.761905
24263862.857143
24992600.476190
24354188.571429
24563584.761905
23611840.000000
24323939.047619
24160993.333333
23987520.000000
23781870.476190
23678281.904762
29654803.809524
27942508.095238
26747276.190476
30532200.952381
27039334.761905
26054739.047619
26226011.428571
26549843.809524
26236080.000000
26115087.619048
26201864.761905
27099955.714286
25850521.904762
26300902.857143
26316369.523810
25683598.095238
25923720.952381
26552689.047619
25358544.761905
25954250.952381
24978569.523810
25180000.000000
25671436.190476
27268476.190476
26634273.809524
26633561.428571
26475441.904762
26137024.761905
27881836.190476
26061557.142857
28198291.904762
27072391.904762
26039743.809524
28548038.571429
26315260.476190
26981862.380952
31608359.523810
27901745.238095
25998610.476190
26954343.333333
25736879.523810
25710407.619048
25490796.190476
25563776.190476
25166744.761905
25718273.809524
24564556.190476
24895845.238095
24288365.714286
25208995.238095
24830628.571429
24918231.428571
25811087.619048
25071929.523810
26329619.523810
25727134.761905
25200740.952381
26076309.523810
25823091.428571
25278940.000000
24536721.904762
25232189.047619
24790276.190476
24596935.238095
26286952.857143
24667573.333333
26242077.142857
24523982.857143
25934704.761905
26185721.904762
24562235.714286
24622107.142857
24078544.761905
24125963.809524
24258634.285714
23930760.000000
25060567.142857
24399579.047619
25512191.904762
24407072.380952
24633796.190476
24596470.476190
25482272.380952
25573494.761905
24538375.238095
25775022.857143
24384689.523810
24479628.571429
26247307.619048
24766554.285714
25018013.333333
25764387.142857
26175496.666667
24152019.047619
23881798.095238
24026859.047619
25287694.761905
24354514.285714
24439811.428571
24398304.761905
24129544.761905
24692882.380952
24293857.142857
24419573.333333
24333887.619048
24432860.952381
24624312.380952
25745365.714286
26014389.523810
25363260.952381
25039116.666667
25643698.095238
24398881.904762
25087046.666667
25153525.238095
24263379.047619
25373673.333333
25334606.190476
24238931.428571
23798184.761905
23726643.809524
23617409.523810
23795596.190476
24692217.142857
24046822.857143
24780695.714286
23869036.190476
24131219.047619
24429074.285714
24121651.428571
25627292.857143
24235855.238095
24655660.952381
24642186.666667
25699555.238095
24462441.904762
25127691.904762
24998556.666667
23994230.476190
25462670.952381
24709430.952381
24088851.428571
25133760.476190
25280880.000000
25075669.047619
24240348.571429
23805927.619048
24738636.190476
24065561.904762
23382415.238095
23220914.285714
23834276.190476
23273274.285714
23804255.238095
23760908.571429
23602380.952381
23978889.523810
23717316.190476
24033822.857143
23915754.285714
23849129.523810
23944786.666667
23829824.761905
23882531.428571
23875097.142857
24083720.000000
24166116.190476
27558829.523810
23537935.238095
23363278.095238
23301822.857143
23336281.904762
23615036.190476
23583163.809524
23589173.333333
23617870.476190
23696459.047619
23859878.095238
23961531.428571
23797630.476190
24709751.428571
23894870.476190
23774110.476190
23808190.476190
23893281.904762
23799988.571429
23996740.952381
23834017.142857
23715584.761905
24034902.857143
23727744.761905
23856721.904762
23828504.761905
26372965.238095
23375613.333333
23567377.142857
23784481.904762
23579468.571429
23627580.952381
23787689.523810
23470266.666667
23698659.047619
23947725.714286
24030588.571429
23920649.523810
23815887.619048
23950304.761905
23865474.285714
23905815.238095
23887912.380952
24205923.809524
23824384.761905
23835264.761905
23861813.333333
23704685.714286
23974575.238095
23951038.095238
26989464.285714
23555885.714286
23431893.333333
23798902.857143
23499285.714286
23623215.238095
23540142.857143
23597375.238095
23621106.666667
23584232.380952
23982144.761905
23957514.285714
23810708.571429
23830560.000000
23666761.904762
23674760.000000
23929697.142857
23930975.238095
23788876.190476
24062872.380952
24117333.333333
23990502.857143
23781575.238095
23854329.523810
23788859.047619
23793325.714286
23586620.952381
23482140.952381
23515297.142857
23449516.190476
23319428.571429
23514182.857143
23488346.666667
23403567.619048
23425365.714286
23542727.619048
23896030.476190
23947855.238095
23857205.714286
23857605.714286
23783655.238095
24119567.619048
23785674.285714
23760556.190476
23876845.714286
24227342.857143
24199580.000000
24391454.761905
24335678.571429
24100792.380952
23967081.904762
23447457.142857
23345779.047619
23526428.571429
23530030.476190
23984906.666667
23415335.238095
23639691.428571
23478043.809524
23622921.904762
23798121.904762
23778904.761905
24137028.571429
23663980.952381
23648605.714286
23620175.238095
23611278.095238
23827702.857143
23664680.000000
24477509.047619
24175006.666667
24189859.047619
23750758.095238
23784862.857143
23881537.142857
24056234.285714
23760344.761905
23466201.904762
23354600.000000
23419952.380952
27065575.714286
23641382.857143
23603647.619048
23588460.952381
23777750.476190
23978135.238095
23926965.714286
23845455.238095
24135331.428571
23656428.571429
23629786.666667
23713472.380952
23908857.142857
23757680.000000
23793106.666667
23853584.761905
23715173.333333
23823371.428571
23681335.238095
23945205.714286
24358863.809524
23545043.809524
23757382.857143
25275070.952381
24003617.619048
23359360.000000
23431154.285714
23636462.857143
23600156.190476
23417961.904762
23709394.285714
23891125.714286
23882483.809524
23795838.095238
23866843.809524
24051179.047619
24003228.571429
23827474.285714
24295075.714286
23882577.142857
23792300.952381
24082700.952381
23808889.523810
23767822.857143
23870441.904762
24058710.476190
23384059.047619
23319740.952381
23237512.380952
23289980.952381
23486965.714286
23437348.571429
23638720.000000
23480950.476190
23418133.333333
23899809.523810
23763860.952381
29636612.380952
24441512.380952
23824302.857143
23792274.285714
23739792.380952
23800935.238095
23798133.333333
23910272.380952
23669619.047619
23728013.333333
23651144.761905
24251062.857143
23913893.333333
23812043.809524
23920121.904762
23738255.238095
23564958.095238
23601544.761905
23951322.857143
23532055.238095
23543870.476190
23488794.285714
23666676.190476
23915380.952381
23856308.571429
26695974.285714
23815251.428571
23692137.142857
23620472.380952
23633601.904762
23654099.047619
23825982.857143
23715906.666667
23740158.095238
23700668.571429
23803367.619048
23893906.666667
23791093.333333
23740320.000000
23593860.952381
23604382.857143
23563653.333333
23565280.000000
23444055.238095
23468761.904762
23654455.238095
23240078.095238
23412864.761905
23647487.619048
23740563.809524
23891114.285714
23754167.619048
24820634.285714
24106975.238095
24055655.238095
24034011.428571
23806487.619048
23823700.952381
23909049.523810
23998179.047619
23890367.619048
23895699.047619
24025270.476190
23980474.285714
23400331.428571
23281089.523810
23283184.761905
23279729.523810
23510567.619048
23598670.476190
23544095.238095
23402062.857143
23606788.571429
23737577.142857
23879062.857143
23718405.714286
23849565.714286
23712893.333333
23808514.285714
23843784.761905
23846074.285714
24143659.047619
23886723.809524
23684678.095238
23491495.238095
23613013.333333
23612024.761905
23892059.047619
23667057.142857
23550207.619048
23502057.142857
23420264.761905
23399868.571429
23406563.809524
25139097.142857
23590990.476190
24094696.190476
23688041.904762
24045139.047619
23951299.047619
24032240.000000
23782980.952381
23933093.333333
23881268.571429
23691118.095238
23683160.000000
23776055.238095
23823104.761905
23869927.619048
23878102.857143
24022320.000000
24359621.428571
23923026.666667
23909102.857143
23571716.190476
23375430.476190
23561099.047619
23660544.761905
23585525.714286
23542152.380952
23534230.476190
23518666.666667
23392173.333333
23719697.142857
24175818.095238
24377310.476190
23893889.523810
23838087.619048
23888064.761905
24105407.619048
23857123.809524
23828754.285714
23846512.380952
24094908.571429
24097885.714286
23925975.238095
24515718.095238
24408513.809524
23811969.523810
23655003.809524
23434003.809524
23316299.047619
23509958.095238
23954174.285714
24016834.285714
23517253.333333
23441415.238095
24200268.095238
23889527.619048
24539493.809524
24109853.333333
24023300.952381
23993567.619048
23990965.714286
24066640.000000
24123097.142857
23780213.333333
24006895.238095
24063910.476190
23724626.666667
24115144.761905
23737390.476190
24380527.142857
23794805.714286
23761199.523810
23488365.714286
23515226.666667
23448241.904762
23628097.142857
23425053.333333
23625988.571429
23599594.285714
23564933.333333
23790051.428571
23861687.619048
23850331.428571
23825478.095238
27791055.238095
26322420.952381
26111678.095238
26063590.476190
25941918.095238
25835857.142857
25730304.761905
25733417.142857
25524533.333333
26448092.380952
25504264.761905
25289853.333333
25261209.523810
24847521.904762
24713316.190476
24610323.809524
25195274.285714
24733083.809524
24654142.857143
24390590.476190
24633144.761905
24810857.142857
25359501.904762
24618857.142857
24805857.142857
24630923.809524
24763158.095238
24629161.904762
25227028.095238
24818121.904762
24747681.904762
24686822.857143
24958865.714286
24684019.047619
28396065.714286
25029099.047619
24343114.285714
24238607.619048
24645978.095238
23928607.619048
23973281.904762
23875186.666667
24024563.809524
24810432.380952
23918300.952381
24547831.904762
24466038.095238
24454413.333333
24460889.523810
24679477.142857
24378657.142857
24015272.380952
24181238.095238
24094689.523810
24306106.666667
24604550.952381
24687650.000000
24268112.380952
24519220.952381
23917005.714286
24037577.142857
24757361.904762
24354388.571429
23847460.952381
24020148.571429
24430704.761905
24256240.952381
23808573.333333
23852998.095238
23764228.571429
23849373.333333
24317868.571429
24228070.476190
24154691.428571
24128822.857143
24557174.285714
24079142.857143
24370764.285714
23968760.000000
23906971.428571
24256379.047619
24311853.333333
24435992.380952
24137213.333333
24650346.666667
24780757.142857
24129160.000000
23757449.523810
23894095.238095
24264476.190476
23860445.714286
23613474.285714
23839259.047619
23900611.428571
24095074.761905
24206542.380952
23788251.428571
24447148.571429
23796702.857143
24135638.095238
24442745.238095
24013262.857143
24180064.761905
24091087.619048
23976472.380952
24569801.428571
24075550.476190
23964243.809524
23975605.714286
24163704.761905
24443897.619048
23897702.857143
24042920.000000
23603723.809524
23484775.238095
23451840.000000
23999916.190476
23360822.857143
23718514.285714
23484161.904762
23657059.047619
24011660.952381
23851352.380952
23859984.761905
23984438.095238
24007902.857143
23904582.857143
24430839.523810
24012567.619048
23943714.285714
24335727.619048
24149569.523810
23895598.095238
23697723.809524
23908483.809524
23729236.190476
23782241.904762
24565220.000000
23536150.476190
23503891.428571
23430026.666667
23454356.190476
23615860.952381
23472899.047619
23553299.047619
23611001.904762
23867529.523810
24019062.857143
24117934.285714
24535408.095238
24323694.761905
24036304.761905
23674841.904762
24199156.666667
23683598.095238
23996235.238095
24602022.380952
24568483.809524
23864680.000000
23936257.142857
24067670.476190
24370812.857143
23579131.428571
23643841.904762
23589009.523810
23656510.476190
23471895.238095
23535259.047619
23581083.809524
23508371.428571
23560352.380952
23819169.523810
23655569.523810
23772580.952381
23696683.809524
24011876.190476
23795120.000000
24391399.523810
23770653.333333
23853478.095238
24455723.333333
24341989.047619
24505220.000000
24366461.428571
23790194.285714
24454418.571429
23882220.952381
23660426.666667
23626175.238095
23925958.095238
23359066.666667
23932073.809524
23280116.190476
23528561.904762
23924453.333333
23548880.000000
23900367.619048
24309083.333333
29384059.047619
26506020.952381
26236592.380952
25882855.238095
25543504.761905
25321293.333333
25244420.952381
25330731.428571
28078416.190476
25666245.714286
26583215.714286
24923792.380952
24937695.238095
24839255.238095
24871373.333333
24528120.000000
24553281.904762
24997668.571429
24192226.666667
24503624.761905
25086739.047619
25092990.476190
24368219.047619
24767384.761905
24702453.333333
24766710.476190
25206024.761905
24522636.190476
24538300.952381
24437763.809524
24359887.619048
24327306.666667
24455948.571429
24800912.380952
24609742.857143
24503245.714286
24504603.809524
24926420.952381
24396638.095238
24298280.000000
23885009.523810
23956291.428571
23938076.190476
24076811.428571
24017097.142857
24274815.238095
24052205.714286
24105249.523810
24338540.952381
24338700.952381
24610828.571429
24135832.380952
24366662.857143
24604551.904762
24818023.333333
24855005.238095
24836761.904762
25126371.428571
24395447.619048
25050849.523810
24356104.761905
24734187.142857
24420990.476190
24786473.333333
24839173.333333
23984813.333333
24010457.142857
23805106.666667
24237281.904762
23691085.714286
23773230.476190
23947480.000000
23935628.571429
24113108.571429
24851699.523810
24144872.380952
24176388.571429
24028525.714286
24105148.571429
24071744.761905
24116840.000000
24059695.238095
24055398.095238
24135931.428571
24801260.952381
24086392.380952
24187944.761905
23869996.190476
23861005.714286
24701130.476190
23818550.476190
24128693.333333
23860247.619048
23720234.285714
23704047.619048
23826883.809524
23606956.190476
23711015.238095
24067146.666667
23953057.142857
24064017.142857
24054447.619048
24145651.428571
23892706.666667
24175179.047619
24091714.285714
24306086.190476
24347131.428571
23996080.000000
24038542.857143
24022308.571429
23960125.714286
24018081.904762
24470660.476190
23641712.380952
23752609.523810
23612409.523810
23520613.333333
23723584.761905
23683129.523810
23654167.619048
23875954.285714
23650373.333333
23996285.714286
24002601.904762
23854360.000000
23909552.380952
23864417.142857
23958354.285714
24034422.857143
24530740.000000
23924230.476190
23885245.714286
24296699.523810
24540798.095238
27578785.238095
24245275.238095
23948036.190476
24360490.000000
24846664.761905
23592308.571429
24034068.095238
23417933.333333
23928302.857143
23512704.761905
23530278.095238
23561769.523810
23873059.047619
24008440.000000
24523734.761905
23787310.476190
24034340.952381
23840809.523810
23676205.714286
23843874.285714
23707219.047619
23752516.190476
23723340.952381
23664775.238095
23714150.476190
24104542.857143
23790714.285714
23538965.714286
23590681.904762
23605504.761905
23767544.761905
23560272.380952
23491032.380952
23486847.619048
23539217.142857
23593047.619048
23565942.857143
23596318.095238
23935384.761905
24349499.523810
23871228.571429
23853363.809524
24665711.904762
24008857.142857
24885950.000000
24740762.857143
24826199.523810
24598256.666667
23651880.000000
23959360.000000
24770755.238095
24983601.428571
23734360.000000
23891820.952381
24588006.666667
24260189.047619
23524205.714286
23534864.761905
27687898.095238
23528163.809524
23961103.809524
24169922.857143
23522573.333333
23973782.857143
23825700.952381
23548340.952381
23713885.714286
23560702.857143
23876817.142857
24910211.428571
23891270.476190
24473040.952381
23892419.047619
24882843.809524
24764939.047619
24981714.285714
23850518.095238
24322478.571429
23709280.000000
24273473.333333
24440728.571429
23497470.476190
23665859.047619
23242935.238095
23916178.571429
23437605.714286
23488434.285714
24070788.571429
23772518.095238
23797081.904762
24425640.000000
23805321.904762
24407673.333333
24255241.428571
24546456.190476
23772600.000000
23794975.238095
23716746.666667
23672944.761905
23804731.428571
24056089.523810
24263977.142857
23619184.761905
24646461.904762
24264086.666667
23551923.809524
23905481.428571
24218117.142857
24129910.476190
23387900.952381
23546460.952381
23575209.523810
23592493.333333
23843483.809524
23718809.523810
23797169.523810
24897122.857143
23759739.047619
23689291.428571
24407066.666667
23778765.714286
23548756.190476
24723926.666667
24525445.714286
23747927.619048
23862838.095238
23778260.952381
24569939.047619
24330218.095238
23566512.380952
23649798.095238
24173480.000000
23884199.047619
24013849.523810
23537979.047619
24630156.190476
23675851.428571
23584436.190476
24122170.476190
24368688.571429
24661064.761905
23629104.761905
23940445.714286
23818577.142857
25069327.619048
23757600.000000
24333668.095238
24162698.095238
23868163.809524
24380261.428571
23738504.761905
23726641.904762
24488982.857143
23820636.190476
23774140.952381
23642937.142857
23609775.238095
23739373.333333
23687260.952381
23420963.809524
23504099.047619
23410878.095238
23576558.095238
24403962.857143
24082980.476190
24318956.666667
23779390.476190
23799862.857143
23651727.619048
24411384.761905
23824567.619048
23699899.047619
24332535.714286
23684740.952381
24364475.238095
24513117.142857
24409834.285714
24177693.333333
23545422.857143
24056421.428571
23709580.952381
23429739.047619
23433125.714286
23526068.571429
23385276.190476
23462068.571429
23527428.571429
23485765.714286
23852049.523810
24157419.523810
23889556.190476
24271091.904762
23906681.904762
23747255.238095
24393370.476190
24388640.952381
23596441.904762
24126282.857143
23582967.619048
23848175.238095
23866041.904762
24118669.523810
23651746.666667
23806649.523810
23705040.000000
23539419.047619
23474803.809524
23580777.142857
23459104.761905
23708196.190476
23668434.285714
23627895.238095
23660533.333333
23865034.285714
23731493.333333
23514226.666667
23635727.619048
23538760.000000
23833680.000000
23670800.000000
23752954.285714
23769542.857143
23969293.333333
23830878.095238
23807472.380952
24123471.904762
23784407.619048
23881708.571429
23896009.523810
23587150.476190
24126427.619048
23535843.809524
23474373.333333
23223150.476190
23333660.952381
23355171.428571
23281537.142857
23979539.047619
24971380.952381
24260713.809524
23833320.000000
23759575.238095
23722657.142857
23843830.476190
24417624.761905
23684220.952381
24344485.714286
24401706.666667
24159180.476190
23848203.809524
24022773.333333
23950241.904762
23461388.571429
23620455.238095
23276304.761905
23853702.857143
23570733.333333
23432638.095238
27972058.095238
23499575.238095
25580801.904762
25246577.142857
24634242.857143
24973126.666667
25280143.809524
24554070.952381
25152986.190476
24957755.714286
25219753.333333
24746550.476190
25033622.380952
24382560.476190
25787654.285714
25105888.095238
25839827.619048
25420168.571429
24915439.047619
24836191.428571
25383041.904762
25658675.238095
25209580.000000
25072493.809524
24063381.428571
24445174.761905
24154210.000000
24621271.428571
23982751.428571
24572198.571429
24256853.809524
26307480.000000
23964277.142857
24217924.761905
23973315.238095
24449963.809524
23766708.571429
24186440.476190
23822921.904762
25475295.714286
28446043.809524
25416317.142857
24429460.952381
25149680.000000
26033162.857143
24974174.285714
24266312.380952
25484540.952381
25831950.476190
25453094.761905
25314070.952381
24522461.904762
23881359.047619
24990305.714286
24989180.952381
24509939.047619
25474747.142857
24444422.857143
24919906.666667
25380978.571429
24215525.238095
26549171.904762
24632705.714286
24008485.238095
24494264.761905
24203093.333333
25026613.333333
24234579.523810
26044651.428571
24810991.904762
28559179.523810
23845565.238095
23953092.380952
23926133.809524
23424078.095238
24560363.809524
23384647.619048
23416963.809524
24339893.333333
24431501.904762
26202553.809524
24294363.809524
25320150.476190
24444447.619048
24533711.428571
27693201.904762
24045864.285714
24834259.047619
25860779.047619
24561590.000000
24073292.857143
23788150.476190
25438287.619048
23754440.000000
23690236.190476
24200137.619048
24045720.952381
23907619.047619
23804873.809524
23579476.190476
23691673.333333
23632192.380952
23520312.380952
23458874.285714
23505177.142857
23601327.619048
24958044.285714
25023962.380952
24066327.619048
24451679.523810
24576616.190476
23741521.904762
23712788.571429
23679620.952381
24315660.476190
23798813.333333
23726998.095238
23700144.761905
23774900.952381
23690470.476190
23884556.190476
24505882.857143
23630066.666667
23269196.190476
23485786.666667
23464881.904762
23683560.476190
24093739.047619
23310152.380952
23572403.809524
25098640.952381
23852958.095238
23733024.761905
23922213.333333
24411441.904762
23874030.476190
23734617.142857
25412525.714286
23721127.619048
24636349.523810
23760203.809524
23840415.238095
25292374.761905
23836758.095238
25645111.904762
23672506.666667
26099027.619048
24709780.000000
23356864.761905
23423695.238095
23298053.333333
23395097.142857
23399683.809524
23406123.809524
23394369.523810
23804066.666667
24727155.238095
23801422.857143
24644659.047619
23635192.380952
23866272.380952
24174157.142857
24459840.476190
24787972.380952
23923240.000000
23541318.095238
23831678.095238
24840912.380952
23765815.238095
24599850.000000
23749575.238095
23688992.380952
23838180.952381
23907769.523810
25893654.761905
23383041.904762
23488209.523810
23864409.047619
23407819.047619
23461590.476190
23692114.285714
23832213.333333
23836188.571429
23824742.857143
23510598.095238
23668588.571429
23890904.761905
23703478.095238
23706664.761905
23812430.476190
23813906.666667
23691152.380952
24361184.761905
23725695.238095
23858609.523810
23773321.904762
24095845.714286
24643297.142857
23509609.523810
23427081.904762
23337198.095238
23481354.285714
23352196.190476
23422388.571429
23563849.523810
23918706.666667
24238201.428571
23697918.095238
24393426.190476
24012763.809524
23826226.666667
23923649.523810
24145885.714286
24088390.476190
23751272.380952
23720146.666667
23643300.952381
23835192.380952
23716845.714286
24072360.000000
23768123.809524
23418074.285714
23189161.904762
23410754.285714
23584944.761905
23400727.619048
23571201.904762
23561845.714286
23440556.190476
23571497.142857
23704653.333333
23832851.428571
23639777.142857
23712289.523810
27485952.380952
26608308.571429
26395889.523810
26111283.809524
25790230.476190
25591093.333333
25536419.047619
25543834.285714
25754451.428571
25570603.809524
25525213.333333
26128963.809524
24968660.952381
24829007.619048
24718777.142857
28679020.952381
24544331.428571
24493093.333333
24951847.619048
24620470.476190
24718121.904762
24984188.571429
24745556.190476
24790925.714286
24687247.619048
24576708.571429
24472900.952381
24662312.380952
24701030.476190
24636182.857143
24618565.714286
24477864.761905
24525268.571429
24663400.000000
24669826.666667
24564584.761905
24476460.952381
24927241.428571
24054335.238095
24186601.904762
24086860.952381
24073323.809524
28404983.333333
23997438.095238
23752567.619048
23939495.238095
24276306.666667
24453076.190476
24350325.714286
24863076.190476
24429820.952381
24471958.095238
24440120.000000
24910338.095238
24410047.619048
24271996.190476
24504481.904762
24143699.047619
24366228.571429
24266645.714286
24520643.809524
24828285.714286
23892043.809524
23844190.476190
27867220.952381
27883620.000000
23656739.047619
23807710.476190
23889716.190476
23697321.904762
23903478.095238
24169775.238095
24140291.428571
24155643.809524
24071102.857143
24142982.857143
23931276.190476
24081480.000000
24088902.857143
24083510.476190
24058125.714286
23917327.619048
23903091.428571
24061266.666667
24150798.095238
24511338.571429
24077582.857143
24297070.476190
23647737.142857
23797561.904762
23567643.809524
23764697.142857
23699744.761905
24053188.571429
23768832.380952
23733523.809524
24039720.000000
23988320.000000
23867434.285714
23888457.142857
23749118.095238
23876779.047619
23783996.190476
24053853.333333
23866826.666667
24012485.714286
23980302.857143
23899594.285714
23926535.238095
23949798.095238
24163196.190476
23900584.761905
23696695.238095
23697809.523810
23557120.000000
23550072.380952
26721413.809524
23587939.047619
23395030.476190
26576017.619048
23431739.047619
23476365.714286
23827546.666667
23744883.809524
23883666.666667
23648209.523810
23620640.000000
23798161.904762
30375696.190476
23857963.809524
23721929.523810
23981009.523810
23611146.666667
23861121.904762
23979365.714286
23844306.666667
23881782.857143
23384895.238095
23309001.904762
23255015.238095
23459834.285714
24095017.619048
23411005.714286
23586441.904762
23432994.285714
23569080.000000
23812300.952381
24344029.523810
27286914.285714
23768093.333333
23909693.333333
23698680.000000
24327253.333333
23894506.666667
23876558.095238
23947849.523810
23609714.285714
23619154.285714
23716036.190476
24014129.523810
23868198.095238
23811121.904762
24069456.190476
23497647.619048
23488878.095238
23439940.952381
23440228.571429
23581485.714286
23651043.809524
23855601.904762
23590819.047619
24254895.238095
23785592.380952
23654308.571429
23801535.238095
23595634.285714
23637586.666667
23552087.619048
23865207.619048
24485422.857143
23912841.904762
27220257.619048
23759080.000000
23915209.523810
23760967.619048
23815712.380952
23683175.238095
23544630.476190
23631826.666667
23381219.047619
23607316.190476
23408420.952381
23961640.000000
23717916.190476
23850348.095238
23476609.523810
23732878.095238
23662908.571429
23760950.476190
23802731.428571
23854100.952381
23671200.000000
23758428.571429
23631436.190476
23827177.142857
23662822.857143
23898647.619048
23843483.809524
23830102.857143
24169866.190476
23661504.761905
23719160.000000
23331864.761905
23298173.333333
23376161.904762
23226721.904762
23566798.095238
23494504.761905
24041951.428571
23590504.761905
23430626.666667
23729253.333333
23728325.714286
23658899.047619
23658076.190476
23721540.952381
23757051.428571
23697219.047619
24024548.571429
24245483.809524
23955219.047619
23528615.238095
23604405.714286
24251340.952381
23661474.285714
23870200.000000
23637746.666667
23961004.761905
23370342.857143
23475371.428571
23607095.238095
27818002.380952
23570786.666667
23570108.571429
23594598.095238
23608740.952381
23680215.238095
23770226.666667
27821792.380952
27181558.095238
25960577.142857
25456417.142857
25587659.047619
25174371.428571
25426843.809524
24976019.047619
25166994.285714
25078207.619048
25064779.047619
24993257.142857
25107087.619048
24909049.523810
24639561.904762
24442026.666667
24388906.666667
24472506.666667
24588923.809524
24254895.238095
24541556.190476
24417365.714286
24276419.047619
24574417.142857
24837450.952381
25169184.285714
24446893.333333
24611647.619048
24325986.666667
25055087.142857
24621514.285714
24480992.380952
24502780.952381
24540786.666667
25027584.285714
24435912.380952
24310620.952381
24495270.476190
24880625.238095
24306960.000000
24368954.285714
23885727.619048
23708106.666667
23812375.238095
24664940.952381
23990782.857143
23949824.761905
24128960.000000
24306878.095238
24443407.619048
24141935.238095
24328763.809524
24693645.714286
24197931.428571
24181369.523810
24376963.809524
24204409.523810
24517935.238095
24030638.095238
23949377.142857
24029198.095238
24103291.428571
24363927.619048
24069965.714286
23911622.857143
24025918.095238
23812049.523810
23876453.333333
23735472.380952
23826171.428571
23844940.952381
23821135.238095
27836331.428571
24183920.000000
24185163.809524
24143950.476190
24132407.619048
24822282.857143
24155904.761905
24035687.619048
23895508.571429
24709540.952381
23872767.619048
24335060.000000
24174651.428571
24148710.476190
24709226.666667
23980133.333333
24377279.047619
23787295.238095
24209334.285714
23966975.238095
23720070.476190
23914775.238095
23883822.857143
23818251.428571
24254114.285714
23630561.904762
23865725.714286
23862577.142857
23980956.190476
24027822.857143
27228826.666667
24027329.523810
24543301.428571
23992285.714286
23904198.095238
24482834.761905
23927527.619048
23942944.761905
23830643.809524
23843849.523810
24086657.142857
24398266.666667
23714293.333333
23325026.666667
23524954.285714
23533691.428571
23298308.571429
23700963.809524
23627045.714286
23556811.428571
23730308.571429
23750918.095238
24471044.761905
23830594.285714
24472690.476190
23806800.000000
24518931.904762
23853723.809524
24377082.380952
23902034.285714
24380678.571429
24116615.238095
23778948.571429
24206441.428571
24303745.714286
23876948.571429
23800822.857143
23679457.142857
23568670.476190
26056328.095238
23569502.857143
23545695.238095
23886930.476190
23769897.142857
24075867.619048
23666939.047619
24030632.380952
23915834.285714
23868817.142857
23722495.238095
23964531.428571
23653289.523810
23733784.761905
25815775.238095
23769904.761905
23943828.571429
24544812.380952
23694558.095238
24059523.809524
24053786.666667
24429238.571429
24174520.952381
23809108.571429
24118812.857143
23670179.047619
23601990.476190
26621874.761905
23440064.761905
23437487.619048
23326971.428571
23223457.142857
23557697.142857
24204470.476190
23668173.333333
23703076.190476
24166560.476190
23673274.285714
24016657.142857
23628550.476190
23588015.238095
23603377.142857
23720419.047619
23625560.000000
23637304.761905
24036570.000000
23588030.476190
23687360.000000
28303725.238095
23539041.904762
23291209.523810
23482948.571429
23308628.571429
23265592.380952
24206500.000000
23246251.428571
23557497.142857
23765611.428571
24227585.238095
23821742.857143
23827771.428571
23905636.190476
24143090.000000
23876548.571429
23747765.714286
24322576.666667
23712691.428571
24449793.809524
23592946.666667
23642893.333333
24068836.666667
23547588.571429
23730569.523810
23458632.380952
23551080.000000
23397775.238095
26354300.476190
23538043.809524
23477356.190476
23573876.190476
23621375.238095
23455449.523810
24191079.047619
23651443.809524
24336900.952381
24232830.476190
24227330.476190
24170512.857143
23588384.761905
23646516.190476
23470291.428571
23761060.952381
23779710.476190
23786299.047619
23695866.666667
23898080.000000
24379482.857143
23675306.666667
23536916.190476
23532767.619048
23844212.857143
28464750.952381
23449470.476190
23628213.333333
23495680.000000
23404912.380952
23413567.619048
23490659.047619
23586771.428571
23741667.619048
23773832.380952
24285170.952381
23719240.000000
23798087.619048
23717209.523810
23734807.619048
24129729.523810
24265915.714286
23700028.571429
23972744.761905
24232685.714286
23761032.380952
23709620.952381
23577217.142857
23679165.714286
23229447.619048
23230615.238095
23387590.476190
23241615.238095
23492683.809524
23432087.619048
24086026.190476
24059361.904762
23810365.714286
23762224.761905
23594116.190476
24209111.904762
23669308.571429
24260912.857143
28417628.571429
23742485.714286
24059367.619048
23747260.952381
23767131.428571
23543289.523810
23671169.523810
23519192.380952
23826346.666667
23620590.476190
23485064.761905
23512744.761905
23336771.428571
23331066.666667
23565323.809524
23602247.619048
23670230.476190
23512365.714286
23740518.095238
23909784.761905
23715078.095238
23723786.666667
23582005.714286
23738230.476190
23486443.809524
23595377.142857
24015350.000000
23648352.380952
23816228.571429
23763540.952381
24074165.714286
23676441.904762
24478138.095238
23674990.476190
24484663.809524
23394666.666667
23498577.142857
23640161.904762
23722942.857143
23487184.761905
23708420.952381
23350350.476190
23620432.380952
23561819.047619
23643240.000000
23613527.619048
23702607.619048
23808184.761905
23782824.761905
23843596.190476
23710500.952381
23747965.714286
23661975.238095
23761249.523810
23712459.047619
23904902.857143
23823628.571429
23793540.952381
23757453.333333
23584860.952381
24187786.190476
23251600.000000
23651850.952381
23408820.952381
23474539.047619
23501356.190476
23522895.238095
23467232.380952
23809571.428571
23634980.952381
23826720.000000
23761744.761905
24298027.142857
23738131.428571
23743946.666667
24235115.238095
23765872.380952
23714695.238095
23706489.523810
23891634.285714
24004260.000000
23456893.333333
23531175.238095
23593007.619048
23609354.285714
23664896.666667
23377100.952381
24065316.190476
29470991.428571
23451754.285714
24032869.523810
23478192.380952
23639744.761905
23902392.380952
23630971.428571
23630230.476190
24446788.571429
23787906.666667
24078737.619048
23964671.904762
24086496.666667
23659434.285714
24022750.476190
23770300.952381
24120198.095238
24328423.809524
23871160.000000
23720133.333333
23623853.333333
23586737.142857
23635622.857143
23363224.761905
23357340.952381
27074018.571429
24035654.285714
23614689.523810
23420506.666667
23540316.190476
23742409.523810
23604059.047619
23630251.428571
23699777.142857
23742245.714286
23902291.428571
23708767.619048
24221467.619048
23829847.619048
23890640.000000
23945133.333333
24286582.857143
24026146.666667
23722108.571429
24240475.238095
23711700.952381
23647891.428571
23566824.761905
23356695.238095
23308108.571429
29958655.714286
23867715.238095
23434820.952381
23443150.476190
23405531.428571
24473155.238095
24227317.142857
23580840.000000
23758034.285714
24177408.095238
24386490.476190
24213422.380952
24301736.190476
23596249.523810
23840746.666667
23633914.285714
24502940.952381
24122276.666667
23524830.476190
24099908.571429
24201357.142857
23767299.047619
23458272.380952
23794600.952381
23591906.666667
23643141.428571
23501339.047619
23614156.190476
23552584.761905
23937318.571429
23757980.952381
23700259.047619
23776672.380952
24164357.142857
24056881.428571
24141769.047619
23822078.095238
23956385.714286
24207112.380952
24029243.809524
23814643.809524
23701575.238095
23721897.142857
23667297.142857
23955323.809524
23734255.238095
28006906.666667
23442548.571429
23372083.809524
23974226.666667
23511657.142857
23346247.619048
23489800.000000
23320110.476190
23974953.333333
23549533.333333
23341697.142857
27095690.952381
23311514.285714
23583697.142857
24031121.904762
25000350.476190
23998467.619048
23534409.523810
23598586.666667
23940319.047619
23821880.000000
23893704.761905
23959148.571429
23597815.238095
23574662.857143
23507750.476190
23771254.285714
24758721.904762
23323224.761905
23281241.904762
23320767.619048
23308619.047619
23402264.761905
23823263.333333
23816480.000000
23716137.142857
23748796.190476
24220946.190476
24407536.190476
23735521.904762
23721660.952381
24171052.857143
23746920.000000
23729628.571429
23903156.190476
24292149.523810
23878020.952381
24296910.476190
23634000.000000
23464876.190476
23565036.190476
23507066.666667
23515906.666667
23618643.809524
23978700.000000
23444184.761905
23514247.619048
23506984.761905
23475083.809524
23832062.857143
24284538.095238
23845561.904762
23804680.000000
24317889.523810
24278879.047619
24317111.428571
23700851.428571
23573780.952381
24047672.857143
26988058.095238
23861438.095238
23857603.809524
23768643.809524
24083455.238095
23702203.809524
23440632.380952
23944977.619048
23366171.428571
23384979.047619
23614819.047619
23455407.619048
23578961.904762
23660251.428571
23405859.047619
23924860.952381
23605127.619048
28184513.333333
24240365.238095
23950730.952381
24140107.142857
24249503.333333
23827118.095238
23769607.619048
24220977.619048
23707704.761905
24259559.047619
23741161.904762
23888653.333333
23641440.000000
23613198.095238
26216119.047619
23467499.047619
23885851.428571
23260657.142857
23859733.333333
23355885.714286
23272283.809524
23410440.000000
23687691.428571
23836710.476190
23705089.523810
23712603.809524
24626901.428571
23830184.761905
24467712.857143
23865390.476190
24335522.380952
23797156.190476
23882935.238095
26964581.428571
23795030.476190
24511480.952381
23708725.714286
23605765.714286
23549878.095238
23424868.571429
23604998.095238
23852973.809524
23428918.095238
23360011.428571
23326565.714286
23631171.428571
23377316.190476
23507742.857143
24371568.571429
23748920.000000
23804866.666667
23668718.095238
23826537.142857
23607352.380952
23774188.571429
23684051.428571
23922411.428571
23928845.714286
23684447.619048
23945744.761905
23725739.047619
23685400.000000
23696468.571429
23763436.190476
23568019.047619
23403506.666667
27874102.857143
23338361.904762
23496211.428571
23585552.380952
23604179.047619
23509786.666667
23503935.238095
23833241.904762
23760908.571429
23481150.476190
23565091.428571
23654140.952381
23813647.619048
23858342.857143
23846093.333333
23699462.857143
23836106.666667
23758287.619048
23878529.523810
23831331.428571
24003958.095238
25370624.761905
23889430.476190
23625051.428571
23583100.952381
23430304.761905
23489483.809524
23308102.857143
23316742.857143
23434508.571429
23752615.238095
23485306.666667
23685215.238095
23761339.047619
26830432.380952
23914190.476190
23913024.761905
23871040.000000
24099051.428571
23647161.904762
23684474.285714
23807091.428571
23654001.904762
23733811.428571
24140752.380952
23855382.857143
23446070.476190
24032043.809524
23431005.714286
23468422.857143
23330603.809524
23502455.238095
23426093.333333
23407611.428571
23575005.714286
23396561.904762
23499950.476190
23924291.428571
23735920.000000
23758624.761905
23779908.571429
23825300.952381
24051604.761905
27068222.380952
26435914.285714
23809832.380952
24049796.190476
23847961.904762
23942820.952381
23777904.761905
23778775.238095
23850622.857143
24044354.285714
23911888.571429
23567828.571429
23413641.904762
23511405.714286
23381681.904762
23474348.571429
23527961.904762
23519897.142857
23519171.428571
23671047.619048
23822133.333333
23577089.523810
23617786.666667
23630419.047619
23894350.476190
24436605.714286
23696638.095238
23624685.714286
23782234.285714
24223013.333333
23740083.809524
23742811.428571
23745798.095238
23724634.285714
23579121.904762
23594798.095238
23442986.666667
23356767.619048
23533081.904762
23103304.761905
23344405.714286
24806150.476190
23256939.047619
23549180.952381
23702228.571429
23796323.809524
24403274.285714
23782813.333333
23743598.095238
23832165.714286
23803180.952381
23773245.714286
23781382.857143
23702308.571429
23699902.857143
23768120.000000
23928944.761905
23762927.619048
23532613.333333
23761100.952381
23604756.190476
23446714.285714
23304855.238095
23377476.190476
23446443.809524
23337800.000000
23608342.857143
23377617.142857
23543500.952381
23810763.809524
23709832.380952
23818449.523810
23763891.428571
23801497.142857
23596777.142857
23748386.666667
23755636.190476
23518358.095238
23707598.095238
23879689.523810
23782001.904762
23729474.285714
23706973.333333
23627702.857143
23709624.761905
23674902.857143
24085613.809524
23470262.857143
23277409.523810
23655729.523810
27964955.714286
25967582.857143
25720302.857143
25523748.571429
26847459.047619
25864706.666667
25321108.571429
25771970.476190
25122756.190476
25442630.476190
25215040.000000
25077681.904762
25068855.238095
25082725.714286
25050150.476190
24934373.333333
24825681.904762
29493527.142857
24681348.571429
24632756.190476
24479415.238095
24231306.666667
24148569.523810
24448601.904762
24311897.142857
24272034.285714
24136984.761905
24058752.380952
24426340.952381
24622765.714286
24740139.047619
24587459.047619
24619137.142857
24448712.380952
24543253.333333
24590295.238095
24493449.523810
24463460.952381
24362344.761905
24410180.952381
24646478.095238
24618327.619048
24493561.904762
24360598.095238
24356304.761905
23927179.047619
24096836.190476
23950859.047619
23994824.761905
24079620.952381
23825443.809524
24123253.333333
23850043.809524
24060725.714286
24302662.857143
24701036.666667
24265801.904762
24360721.904762
24245335.238095
24212028.571429
25666556.666667
26206135.238095
25692134.285714
24855804.285714
25308132.380952
24824466.190476
24580950.476190
26379327.619048
24137769.523810
25234720.476190
26701498.571429
24231227.142857
25241346.190476
25027906.190476
23970152.380952
23853693.333333
23786866.666667
23807177.142857
23880920.000000
24141992.380952
24051965.714286
23874455.238095
24372397.142857
25420902.380952
24111083.809524
23851927.619048
24359334.761905
24900616.190476
24155670.476190
24115687.619048
24573443.333333
23941525.714286
24329920.952381
24021413.333333
24383915.714286
23751891.428571
23601662.857143
23761377.142857
23457481.904762
23384584.761905
23498563.809524
23745628.571429
24993276.190476
23612430.476190
23959801.904762
24032798.095238
24031384.761905
23918811.428571
24054015.238095
24067249.523810
24301430.476190
24445001.904762
24227579.047619
24216009.523810
27804625.714286
23850613.333333
23995017.142857
23978573.333333
23826186.666667
23850683.809524
23718921.904762
23439712.380952
26776743.809524
23547356.190476
23584026.666667
23694657.142857
23732742.857143
23557266.666667
23607855.238095
23980537.142857
24088489.523810
23932005.714286
24112746.666667
23815580.952381
24063687.619048
23747339.047619
24040664.761905
23883944.761905
24035497.142857
24066173.333333
23950973.333333
24421813.333333
23785676.190476
24210692.380952
23661817.142857
23726413.809524
23510219.047619
23409365.714286
23510419.047619
23349036.190476
23716691.428571
23647735.238095
23424506.666667
23639786.666667
23795001.904762
23730066.666667
23872314.285714
23758760.000000
23855942.857143
23721544.761905
24386249.523810
23733403.809524
23710620.952381
23780413.333333
23960641.904762
23999860.952381
23929693.333333
23806887.619048
23755937.142857
23876975.238095
23460912.380952
23598695.238095
24054604.285714
23480653.333333
23572228.571429
23623192.380952
23614737.142857
23392940.952381
23464495.238095
24340234.285714
23843403.809524
23578291.428571
23671348.571429
23708729.523810
23900420.952381
23903398.095238
24169259.047619
23925609.523810
23902222.857143
23873697.142857
23744321.904762
23850049.523810
23790971.428571
23944481.904762
23780567.619048
23696940.952381
23467527.619048
23603567.619048
23842001.904762
23320253.333333
23466339.047619
23401765.714286
24286573.809524
23920187.142857
23712727.619048
23819228.571429
23736582.857143
23746011.428571
23701638.095238
23666247.619048
23907851.428571
23792026.666667
23750643.809524
23699373.333333
23763192.380952
23794925.714286
23900611.428571
23735588.571429
23631712.380952
23664358.095238
23432975.238095
23464902.857143
24996637.142857
23456906.666667
23583933.333333
23374485.714286
23775554.285714
23466293.333333
23587883.809524
23834125.714286
23681805.714286
23801916.190476
25720902.857143
24431523.809524
23680579.047619
28594165.714286
23639417.142857
23595843.809524
23631674.285714
23497834.285714
23686478.095238
23876539.047619
23636918.095238
23821017.142857
23803752.380952
23634786.666667
23407798.095238
23448662.857143
23376129.523810
23434392.380952
23514043.809524
23420409.523810
23365910.476190
23404342.857143
23788190.476190
23753620.952381
23685645.714286
24234149.047619
23522120.000000
23740470.476190
23683363.809524
23820348.571429
23803125.714286
23882186.666667
23836670.476190
23745099.047619
24175653.333333
23787000.000000
23971009.523810
24645573.333333
23594546.666667
23605645.714286
23590775.238095
23448344.761905
23302769.523810
23382845.714286
23389596.190476
23384041.904762
23509198.095238
23847070.476190
23774419.047619
23713636.190476
23654424.761905
23827963.809524
23712140.952381
23790805.714286
27946365.714286
26423742.857143
25844815.238095
25791916.190476
25644497.142857
27760038.095238
25476095.238095
25024177.142857
24987857.142857
24743236.190476
24474931.428571
24781274.285714
24543975.238095
24504950.476190
24391462.857143
24826131.428571
24968850.000000
24304100.952381
24599786.666667
25046379.523810
24375415.238095
24586992.380952
24497552.380952
24620760.000000
24434262.857143
25017014.761905
24345196.190476
24342447.619048
24362264.761905
24489893.333333
24445704.761905
24664662.857143
24683293.333333
24441678.095238
24295988.571429
23934142.857143
24050815.238095
24126594.285714
23968022.857143
24103186.666667
24249662.857143
23968819.047619
24114712.380952
24339613.333333
24392083.809524
24317173.333333
24315718.095238
24631918.095238
24155801.904762
24458373.333333
24432455.238095
24329514.285714
24210674.285714
24570954.285714
24238017.142857
24432521.904762
24247182.857143
24416554.285714
24619405.714286
24003899.047619
25581314.285714
23755830.476190
23843651.428571
23794238.095238
23613140.952381
23844607.619048
23682946.666667
23813405.714286
24099765.714286
24308244.761905
24130120.000000
25352056.190476
24159851.428571
24040672.380952
24136445.714286
24743133.809524
24116561.904762
24020283.809524
23946979.047619
24029929.523810
24031409.523810
24321977.142857
24006173.333333
23855737.142857
23865259.047619
23642417.142857
23655841.904762
23622573.333333
23604586.666667
23680045.714286
23756878.095238
23588188.571429
23829662.857143
24078984.761905
24151489.523810
23869139.047619
24002337.142857
24037620.952381
24022622.857143
23947201.904762
24082428.571429
24374663.333333
23782634.285714
23775276.190476
23776291.428571
23938931.428571
23894948.571429
23940224.761905
23938889.523810
23704881.904762
23592139.047619
23579045.714286
24280205.714286
23469017.142857
24162968.571429
23711748.571429
23639499.047619
23827506.666667
24053895.238095
23973977.142857
24471375.238095
23847038.095238
24379965.714286
23713721.904762
23890721.904762
23911653.333333
23949525.714286
23895438.095238
23928460.952381
24135308.571429
23904699.047619
23729070.476190
23811929.523810
24555074.761905
23642733.333333
23601500.952381
23684142.857143
24108658.571429
23559169.523810
25197627.142857
23435219.047619
23387394.285714
23693040.952381
24470934.761905
24422636.666667
26754783.333333
24081527.619048
23934148.571429
24627240.952381
23868240.000000
24486880.952381
23815603.809524
24366976.190476
24561893.333333
24368734.761905
24360726.190476
24226641.904762
23886577.142857
23774478.095238
23606407.619048
23525462.857143
23512024.761905
23679238.095238
23571868.571429
23648977.142857
23700678.095238
24179761.428571
23693605.714286
24502686.666667
26381374.285714
23837045.714286
23813447.619048
23845316.190476
24343407.619048
23947725.714286
23904718.095238
23843411.428571
23759887.619048
23623316.190476
23684725.714286
23860009.523810
24320252.380952
23816335.238095
23776855.238095
23556445.714286
24079464.285714
23458725.714286
23516565.714286
23508579.047619
23470603.809524
23547535.238095
23713093.333333
23700834.285714
24411925.714286
23834739.047619
23885342.857143
24378453.809524
23712664.761905
23566603.809524
23873219.047619
24443701.904762
24067937.142857
23878588.571429
23960278.095238
24324738.095238
23863982.857143
24432842.857143
23804043.809524
30320957.142857
23762727.619048
23595329.523810
23495329.523810
23466215.238095
23532579.047619
23501487.619048
23402089.523810
23321272.380952
23385087.619048
24097741.904762
28819127.619048
23608024.761905
23848975.238095
23742270.476190
23999217.142857
24256549.523810
23864619.047619
23807167.619048
23667960.000000
24182590.476190
23789135.238095
23873083.809524
24318573.333333
24044923.809524
23751794.285714
23476847.619048
23885105.238095
23221108.571429
23605961.904762
23472630.476190
23551495.238095
23597851.428571
23958344.285714
23659487.619048
23797535.238095
23745748.571429
23767700.952381
23837169.523810
24354215.714286
24305359.047619
23917767.619048
23757716.190476
23856942.857143
23779001.904762
23527240.000000
23514443.809524
24327798.095238
23812573.333333
23637841.904762
23707638.095238
23881947.619048
23489350.476190
23433226.666667
23434689.523810
23590371.428571
23543308.571429
23521188.571429
23435533.333333
23393577.142857
24439600.476190
23812371.428571
24209352.857143
23691308.571429
24237671.428571
23607937.142857
23621609.523810
23792043.809524
23645396.190476
23778251.428571
23762560.000000
23984579.047619
23722681.904762
23747624.761905
23947643.809524
24162175.714286
23574761.904762
23437838.095238
23612990.476190
24144931.904762
23419405.714286
23549422.857143
23352847.619048
23248459.047619
23326725.714286
23979441.428571
23800184.761905
24459324.285714
23741672.380952
24245388.095238
23706502.857143
23780320.000000
24233237.142857
23784693.333333
23827144.761905
23931811.428571
23739432.380952
23881274.285714
24313566.666667
23883476.190476
23793731.428571
23443043.809524
23424405.714286
23122660.952381
23424114.285714
23454586.666667
23404346.666667
23604700.952381
23294038.095238
23471274.285714
24017358.095238
23759845.714286
23675175.238095
23543500.952381
23604243.809524
23517838.095238
23729849.523810
23676329.523810
23590756.190476
23958327.619048
23680041.904762
20289000.000000
20832257.142857
20977850.000000
20663525.714286
21524394.285714
21603639.523810
20593247.142857
21375203.809524
20748617.142857
20729532.857143
20423498.571429
20361068.571429
20424908.571429
20841760.000000
20930807.142857
19995488.571429
20433761.428571
21375766.190476
20928060.000000
21271432.857143
23678801.904762
23785160.000000
23915521.904762
23753939.047619
23966735.238095
23865083.809524
23827841.904762
24315389.047619
23968506.666667
24180996.190476
23882329.523810
23785417.142857
23768796.190476
23583455.238095
23309217.142857
23368169.523810
23279190.476190
23282897.142857
23891480.000000
23170760.000000
23545510.476190
23513407.619048
23811089.523810
23813268.571429
23713860.952381
24413335.714286
23583735.238095
23838346.666667
23757093.333333
24140032.380952
23914729.523810
23951750.476190
23839876.190476
24251015.714286
23699384.761905
23763405.714286
23592779.047619
23555687.619048
23390982.857143
24099401.904762
23404194.285714
23397960.000000
23379348.571429
24011250.952381
23458102.857143
23442318.095238
23490224.761905
23800615.238095
23767796.190476
23983106.666667
24237757.619048
24347169.523810
23679628.571429
23887057.142857
23664085.714286
23685613.333333
23612805.714286
23852967.619048
23821573.333333
23646200.000000
23732569.523810
23771824.761905
23847348.571429
23560186.666667
23363929.523810
23535405.714286
23392120.000000
23466032.380952
23501820.952381
23491834.285714
23631582.857143
23963927.619048
23831369.523810
23622287.619048
23673516.190476
23641952.380952
23557480.000000
23769491.428571
24254855.238095
