1917
869
1100
732
687
1022
886
580
569
856
551
848
1061
1074
593
818
736
568433
206297
1132
711505
63039
1244
558192
165166
933
617295
183571
1243
733806
933
13539
568104
188999
1222
822297
1255
771
783390
930
1071
622162
137734
880
756961
1176
673
804583
1232
659
793812
936
1045
606662
146206
1223
753241
958
750
798633
921
1057
568371
131724
917
595707
203693
1221
679861
1228
1055
704431
1232
766
726269
51392
1214
670726
1219
1043
600419
184306
1234
693567
1233
776
565108
925
1033
733154
147796
1171
758166
876
1077
583294
26885
882
833991
926
1029
578165
160258
789
707164
1202
1079
595854
907
1087
904726
1227
758
698925
6908
1220
709538
1629
777
594564
206147
922
548040
49605
1239
727412
1247
773
563690
225804
941
642638
1214
660
601123
231170
1231
537484
165820
795
716131
1061
786
620157
155533
1179
552141
225591
1212
660111
97603
928
790834
938
635
569937
74356
926
711760
48787
906
728952
919
1058
899703
1217
663
575234
808
1028
913790
793
1077
577094
1211
642
703535
921
1051
1012009
930
636
606942
945
1059
880072
1237
775
770268
926
1035
574940
935
744
834027
1199
675
734967
1237
758
713590
929
1051
532190
880
1100
857013
930
622
722927
792
1030
515755
1228
776
739164
921
1065
816026
1222
1033
737560
1230
772
767322
787
1050
713396
1221
940
615749
886
1084
893374
1237
775
600944
940
1038
734345
1214
1049
789299
897
1096
594898
934
648
807925
921
1057
516585
1220
776
834226
1222
927
510893
906
2691
810396
1237
756
674069
790
1059
641844
1227
778
583574
1531
709
712233
933
1071
918960
1214
640
569940
1175
675
843056
1219
670
561761
944
1050
700136
1216
1022
941597
1041
798
584294
1223
1265
674321
874
1371
745929
1212
772
818240
943
640
547099
1348
1157
721921
1276
661
720120
1108
1073
948457
1290
679
581205
818
1202
842177
803
1369
601125
1367
646
723699
1115
1061
906392
978
637
609795
1108
1064
842112
1258
672
694641
966
1069
633022
1001
757
871124
1306
817
702943
1241
648
669611
996
1063
586118
902
1061
816580
953
637
621465
932
1040
521905
1225
656
712847
966
1061
786365
1222
1027
708492
1369
639
647679
934
1022
753621
1244
1034
617478
1031
1070
833945
1353
645
589791
940
1049
707250
1247
934
841954
1014
1179
594265
939
838
807699
930
1031
568579
1250
642
816759
1254
917
557326
1101
1171
863312
1394
650
797485
952
1049
688132
1243
647
566228
1175
649
679706
966
1103
873281
1232
631
565853
1234
651
884839
1230
658
519625
942
1248
678011
1231
798
823185
1206
657
673770
1223
893
717349
1014
1139
708349
1359
653
808030
955
630
554825
1222
651
698230
1227
634
674755
1111
1054
830086
1232
651
587977
932
1028
878028
929
1044
539971
1242
638
699753
1089
1041
883755
786
939
576320
1082
1016
817174
1260
635
735527
1081
1049
581500
795
995
781690
1218
846
750382
1213
649
813311
948
1195
627305
757
1064
880371
1074
838
808395
804
1368
564660
1258
637
710581
1093
1048
900320
1236
1167
720605
1248
869
723181
931
1049
707331
1261
1055
552982
1065
1137
921855
1353
635
609608
946
1053
767527
1237
931
934365
972
1326
594412
1095
633
808511
1057
1024
580749
1511
826
800646
1231
1226
545953
893
1159
861305
1393
654
677793
945
1043
784730
1212
882
578681
1232
667
673558
950
1038
823988
1246
657
646594
1372
2884
846002
1265
646
597596
932
1024
749970
1260
642
789096
1051
934
609237
1256
1728
715555
895
1177
805869
1359
660
830505
797
733
575328
1348
953
714605
1235
641
740772
1104
1217
939318
1275
661
623643
956
1040
820946
958
1030
522088
1241
658
680780
947
1057
787017
807
941
558373
1087
1030
899757
1267
651
750146
948
1050
607712
818
1063
859118
1058
912
683859
1215
873
754911
961
1025
555855
918
1063
842845
966
630
679507
957
2055
533003
1227
659
688484
919
1048
833747
1242
1045
719066
1360
659
705337
938
1053
693794
1224
1013
586589
1006
1056
877354
1349
641
590799
935
1030
693057
1240
932
804329
894
1173
602070
942
628
1019303
931
1016
568026
1335
848
831360
1359
937
571951
987
1143
783511
1229
874
788728
952
1027
790104
1240
655
610290
1170
1180
704130
953
1019
905106
1240
640
590764
1200
656
900863
1257
646
646885
944
1053
853141
1230
656
862172
1209
669
555147
1226
1188
748262
899
1155
651531
1372
653
808061
966
651
593555
1343
647
724613
1244
643
794037
953
1030
928173
1284
657
645670
784
1344
962203
961
1026
652407
1230
641
760417
959
1031
916998
809
947
637235
1057
1026
907330
1248
657
697734
958
1019
568313
1106
745
851341
1218
651
670174
1224
646
693937
942
1024
562284
763
1326
854542
946
648
711464
935
1031
551668
1245
651
749152
783
2883
901321
1240
1123
698953
1211
872
703900
948
1027
676666
1221
1249
536842
1029
1195
819050
1386
638
540745
954
1022
707100
1223
1257
814782
908
1171
614353
946
622
878693
1072
1022
618644
1202
889
899026
1280
913
567353
906
1176
878088
1232
857
735005
1058
1119
764764
1370
871
628348
1204
668
726176
948
1049
884051
1237
886
598104
1202
649
840306
1241
646
593267
931
1033
718083
1230
875
865002
1219
665
555898
1220
896
704330
892
1160
661038
1341
646
853262
947
627
602634
1307
656
727693
1237
637
827212
951
1022
921545
1234
635
677168
934
1041
838124
961
1080
610531
1217
896
723617
929
1039
888210
948
622
654959
1076
1026
918916
1274
878
727534
924
1018
585578
940
738
923143
1206
669
687783
1211
629
720468
957
1035
542056
898
1066
828527
1090
636
702001
789
1460
551267
1215
846
762784
947
1023
981637
1247
1039
745892
1377
639
764800
957
1053
753063
1235
1018
569197
1058
1062
900458
1372
637
604881
960
1035
769356
1211
942
929631
919
1173
576851
958
831
935912
942
1213
590424
1210
653
936810
1262
922
525870
759
1397
817255
1387
656
739765
938
1040
718501
1224
634
571678
1176
938
743604
948
1041
940862
1476
850
565707
1327
662
857656
1215
636
583435
1059
1041
694970
1235
667
816614
1236
669
554814
1202
1176
707324
901
1159
747522
1357
671
806528
964
639
584446
1063
897
687701
1233
643
728385
955
1051
839668
1217
651
543715
786
1021
789788
1170
1107
554853
1345
640
726363
916
1033
836331
933
617
655689
941
1018
839384
1222
628
641655
929
1034
540007
951
719
841028
1043
760
672756
1348
839
695785
944
1047
564073
869
1083
821051
947
630
673037
929
1027
584936
1234
652
745382
936
1034
877711
1230
1023
700688
1348
856
732577
953
1032
656892
1214
1025
560341
1040
1123
850063
1705
910
525104
945
1049
732731
1240
929
880243
916
1187
557321
946
832
860941
949
1030
562196
1254
644
828924
1252
908
548455
1011
1146
872297
1390
646
695702
909
1052
701721
1244
651
557042
1162
869
728031
921
1023
784727
1232
649
522173
1240
651
833593
1236
646
566890
954
1036
701666
1225
639
852298
1209
703
554997
1214
1145
697113
981
1146
656358
1346
646
914550
941
618
616802
1333
648
703783
1233
643
665116
939
1033
866838
1245
639
548297
1180
1352
861157
960
1047
687899
1227
645
792238
935
1202
911554
795
957
596292
1104
1081
848332
1232
654
713877
950
1037
601074
800
1011
850515
1209
674
750518
1231
641
687243
941
1051
579897
765
1174
804617
933
629
689418
919
1058
584810
1256
652
674184
959
1029
864277
1236
1194
681385
1257
860
779219
940
1039
731823
1234
1029
601904
1038
1061
862624
1370
638
600759
956
1060
969258
1262
946
908661
1036
1168
581342
948
1156
915558
954
1043
619148
1306
871
869173
1259
938
547201
899
1178
877393
1399
659
777080
934
1032
806558
1225
916
630095
1239
666
696599
942
1015
799138
1222
654
563121
1171
876
847575
1241
660
568275
955
1042
675259
1248
659
851694
1064
911
554947
1228
1169
724182
889
1181
750792
1349
659
826268
966
638
594791
1063
1952
633254
1232
654
746579
1034
1138
852193
1369
653
582588
793
1341
868145
948
1022
585428
1225
651
708456
929
1028
853430
801
963
584341
1075
1055
847652
1228
635
765145
915
1045
581662
779
1015
867094
1196
675
728793
1213
635
707220
914
1038
630596
755
1166
929231
949
632
761071
936
1040
603146
1245
660
724659
939
1055
870503
1229
1238
722222
1249
873
691462
948
1033
728061
1219
1007
549319
1038
1565
853228
1362
646
563751
943
1036
690902
1244
911
767094
972
1307
518956
926
626
783588
930
1015
566901
1241
638
796146
1313
1121
523127
907
1184
797944
1383
852
728234
935
1057
624009
1362
840
547581
1219
667
698606
949
1043
831942
1245
648
558450
1181
922
874552
1242
654
641350
936
1019
742113
1233
641
918572
1055
956
590058
1228
918
754137
909
1351
688511
1367
638
809677
792
1044
541234
1329
875
703239
1494
859
753121
940
1052
825978
1240
1019
589736
788
1176
791057
792
1427
580452
1355
661
744395
959
1060
916652
1050
835
638219
962
1034
919150
1256
652
684850
950
1034
535074
969
739
799224
1063
916
738706
1202
904
764350
941
1029
563139
895
1080
870519
960
640
781963
929
1033
583670
1227
655
706493
969
1046
929314
1245
1046
745326
1370
656
719492
951
1061
666728
1251
1022
514597
1037
1159
875312
1361
647
544041
947
1041
717492
1215
933
907013
1291
1176
607603
909
834
844787
956
1198
540544
1222
658
832867
1211
932
555177
1002
1162
866733
1372
637
692868
954
1045
697736
1218
645
659929
1190
914
707678
944
1032
858045
1239
629
563642
1206
662
802710
1212
637
561217
918
1054
710166
1226
637
802542
1177
669
573355
1225
927
719294
888
1151
664800
1376
656
834160
946
621
535797
1318
645
717779
1228
631
675063
941
1046
858923
1246
654
552793
793
1173
815929
798
3205
575315
Xput: 4180
