23281061.428571
22559915.238095
21599410.000000
20818337.142857
21357800.000000
21267059.523810
21231959.523810
22170505.714286
19771509.523810
21908425.714286
18801072.857143
17763380.952381
20048327.619048
20309034.761905
19901935.238095
19909678.095238
19794937.142857
20702167.619048
20311859.047619
19912779.047619
19820893.333333
19945266.666667
20204096.190476
19846916.190476
19666184.761905
20751145.238095
20698668.571429
20481883.809524
20256386.666667
19986100.952381
19862529.523810
19847577.142857
20694947.619048
19837584.761905
20054440.000000
20430360.000000
20071864.761905
20503561.904762
20056120.000000
19977377.142857
20442889.523810
19895716.190476
19891622.857143
20220801.904762
20625845.238095
20451843.809524
20306502.857143
20733814.285714
20568081.904762
20451902.857143
20360420.952381
20012200.000000
20385323.809524
20046542.857143
20211346.666667
20279235.714286
20171339.047619
20747953.809524
20552192.380952
20513154.285714
20461222.857143
20544553.333333
20264041.904762
20454803.809524
20454773.333333
20467394.761905
20221525.714286
20406087.619048
20533582.857143
20725932.380952
20067927.619048
19931417.142857
20140200.000000
20215958.095238
20732350.952381
20381838.095238
20441992.380952
20252800.000000
20123040.000000
20025670.476190
20520937.142857
19871043.809524
19995889.523810
20148539.047619
20581476.190476
20507504.761905
20964910.952381
20564710.476190
20828744.285714
20390832.380952
20706176.666667
19994942.857143
20409660.952381
20556645.714286
20613352.380952
20308373.333333
20208683.809524
20416468.571429
20388548.571429
20619251.428571
20204314.285714
20312257.142857
20469960.000000
20034043.809524
20013777.142857
20646857.142857
20052594.285714
20433188.571429
20441939.047619
20988715.238095
20424091.428571
20558020.952381
20489316.190476
20543497.142857
20393259.047619
20416731.428571
20238946.666667
20533274.285714
20568041.904762
20476019.047619
20269340.952381
20180647.619048
20285649.523810
20387838.095238
20324609.523810
20464735.238095
20447394.285714
20400510.476190
20276123.809524
20087742.857143
20132247.619048
20019493.333333
20466802.380952
20303577.142857
20865547.142857
20484131.428571
20268544.761905
20282535.238095
20745554.761905
20154601.904762
20165617.142857
19913830.476190
20372481.904762
20512238.095238
20316466.666667
20161190.476190
20276331.428571
20186954.285714
20482721.904762
20323923.809524
20336792.380952
20309777.142857
20308611.428571
20176188.571429
20572699.047619
19987352.380952
20094826.666667
20702999.047619
20467868.571429
20647880.000000
20650687.619048
20347190.476190
20245992.380952
20367297.142857
20524430.476190
20349636.190476
20178605.714286
20570165.714286
20552283.809524
20974399.523810
20234697.142857
20216558.095238
20171285.714286
20428937.142857
20428394.285714
20636626.666667
20485674.285714
21015323.809524
20198059.047619
20190100.952381
19908419.047619
20096525.714286
20122354.285714
20393342.857143
20539384.761905
20552299.047619
20270980.952381
20513624.761905
20155529.523810
20227937.142857
20155832.380952
20035188.571429
20268154.285714
20625468.571429
20443112.380952
20235249.523810
20859563.809524
20304095.238095
20527150.476190
20471763.809524
20280531.428571
20241910.476190
20357965.714286
20063053.333333
20419233.333333
19954771.428571
20068419.047619
20299146.666667
20415085.714286
20425497.142857
20497980.952381
20226826.666667
20543847.619048
20583219.047619
21048397.619048
20465900.952381
20416779.047619
20624735.238095
20848594.285714
20686499.047619
20599950.476190
20716402.857143
20620552.380952
20668342.857143
20677356.190476
20493958.095238
20754952.380952
20742293.333333
20322506.666667
20424615.238095
20083834.285714
20116615.238095
20397815.238095
20889619.047619
20663133.333333
20556478.095238
20514306.666667
20758466.666667
20617624.761905
20557660.952381
20500314.285714
20401120.000000
20590906.666667
20894506.666667
20971273.809524
20497409.523810
20353902.857143
20548640.000000
20700634.285714
20731754.285714
20407853.333333
22788487.619048
20691518.095238
20406283.809524
20282441.904762
20345668.571429
20355118.095238
20639588.571429
20696476.190476
20813619.047619
20434826.666667
20556380.952381
20454451.428571
20457422.857143
20277095.238095
20502260.952381
20367542.857143
20680586.666667
20603085.714286
20438108.571429
20303388.571429
20320687.619048
20503400.000000
20483333.333333
20449640.000000
20470443.809524
20625733.333333
20588234.285714
20335986.666667
20169219.047619
20110780.952381
20114081.904762
20386931.428571
20815995.238095
20690295.238095
20613139.047619
20503916.190476
21249049.047619
20507584.761905
20510546.666667
20542588.571429
16942312.857143
17931766.666667
18188898.095238
18471855.714286
17488698.571429
18401520.952381
18281180.476190
18555167.142857
18161892.857143
17899451.428571
18220850.952381
18071798.571429
20404478.095238
20629832.380952
20488060.952381
20607205.714286
20535758.095238
20510855.238095
19998080.000000
20306636.190476
20218651.428571
20418948.571429
20440659.047619
20395782.857143
20306154.285714
20693868.571429
20422845.714286
20450878.095238
20098413.333333
20298121.904762
20169304.761905
20577582.857143
20273539.047619
20396971.428571
20548620.952381
20771763.809524
20362040.000000
20247295.238095
20190832.380952
20439167.619048
20660468.571429
20837973.333333
20562514.285714
20732830.476190
20554518.095238
20304647.619048
20261739.047619
20288620.952381
20274287.619048
20484803.809524
20781373.333333
21125986.666667
20815933.333333
20709327.619048
20706893.333333
20543668.571429
20486794.285714
20397771.428571
20216887.619048
20447921.904762
20769508.571429
20588862.857143
20507342.857143
20330508.571429
20648733.333333
20602518.095238
20659361.904762
20529380.952381
20617558.095238
20470323.809524
20330173.333333
20283428.571429
20283220.952381
20243342.857143
20501933.333333
20517369.523810
20765160.000000
20616944.761905
20593259.047619
20449826.666667
23039379.047619
21416426.666667
21499849.523810
21111361.904762
21479163.809524
21623314.285714
21110660.952381
20896493.333333
20879131.428571
20789548.571429
21186200.000000
21030891.428571
21182782.857143
21362700.952381
21319068.571429
21078057.142857
20922619.047619
20709620.952381
20670217.142857
20817940.952381
21104771.428571
21518607.619048
21333912.380952
21243900.952381
21305373.333333
21010800.000000
20953733.333333
21040754.285714
20651596.190476
21247619.047619
21530299.047619
21285594.285714
20996253.333333
21139483.809524
21105620.952381
21440518.095238
21296670.476190
21151843.809524
21100809.523810
21055520.000000
20903179.047619
20908320.000000
20567649.523810
20845129.523810
20886598.095238
21161304.761905
21268660.952381
21361969.523810
21060165.714286
21136948.571429
20949937.142857
20921636.190476
21014975.238095
20792236.190476
21160420.952381
21321548.571429
21070266.666667
20763154.285714
20811967.619048
20707940.952381
21029043.809524
20984436.190476
21186432.380952
21105017.142857
21151594.285714
20667036.190476
20733702.857143
20395034.285714
20651080.000000
20517594.285714
20815960.000000
21199281.904762
21113253.333333
20925194.285714
21146087.619048
20775083.809524
20835912.380952
20668655.238095
20616049.523810
20754203.809524
21144975.238095
20832457.142857
20684620.952381
20778596.190476
20787900.952381
21132847.619048
21152699.047619
20941466.666667
20818548.571429
20793321.904762
20521382.857143
20608958.095238
20733820.952381
20722337.142857
21099321.904762
25503426.666667
21268704.761905
21172253.333333
20776580.952381
20948358.095238
20749769.523810
20874988.571429
20889546.666667
20858081.904762
21023268.571429
21496758.095238
21059325.714286
20827895.238095
20684822.857143
20746369.523810
20984045.714286
21070106.666667
21068120.000000
21116942.857143
21154154.285714
20673815.238095
20865354.285714
20708712.380952
20442908.571429
20765969.523810
20894076.190476
21230272.380952
21223022.857143
20933129.523810
21086123.809524
20894748.571429
20908350.476190
20868632.380952
20723982.857143
23967699.047619
22485179.047619
21705274.285714
21465160.000000
21240908.571429
21229215.238095
21423441.904762
21541095.238095
21272567.619048
21203257.142857
21098386.666667
20995160.000000
20992099.047619
21018358.095238
20885575.238095
21243104.761905
21266668.571429
21542100.952381
21474937.142857
21242495.238095
21183921.904762
21123041.904762
20980158.095238
21231819.047619
20912293.333333
21197051.428571
21504137.142857
21150565.714286
21005373.333333
20835531.428571
20749327.619048
21187224.761905
21250931.428571
21139912.380952
21205921.904762
21265000.000000
21088569.523810
21006588.571429
20865068.571429
20719314.285714
20886961.904762
21185645.714286
21420687.619048
21770952.380952
21278081.904762
21287407.619048
21154748.571429
21056721.904762
21085318.095238
20922108.571429
21143468.571429
21508401.904762
21344087.619048
21163051.428571
21262331.428571
21030820.952381
21467247.619048
21360072.380952
21406731.428571
21276643.809524
21108030.476190
20829470.476190
20960708.571429
20621914.285714
20774868.571429
20902925.714286
21084624.761905
21318542.857143
21526281.904762
21055283.809524
20997377.142857
20975460.952381
20972502.857143
21127876.190476
20851771.428571
21184535.238095
21355209.523810
21108523.809524
20757533.333333
20970064.761905
20851360.000000
21267946.666667
21089653.333333
21179251.428571
21184106.666667
21188832.380952
20824215.238095
20985316.190476
20783428.571429
20778840.000000
21028508.571429
21208407.619048
21442400.000000
21464438.095238
21269068.571429
21396912.380952
21038340.952381
21133478.095238
21056510.476190
20882843.809524
21078876.190476
21440466.666667
21287462.857143
21000803.809524
21214398.095238
21165560.000000
21455659.047619
21238224.761905
21166893.333333
21241996.190476
21205148.571429
21028950.476190
21028142.857143
20809188.571429
20917891.428571
21210841.904762
21138278.095238
21511994.285714
22025112.857143
21294344.761905
21320643.809524
21053028.571429
20985920.000000
21046647.619048
21079506.666667
21221121.904762
21544375.238095
21307927.619048
20912333.333333
20957857.142857
20892931.428571
21019236.190476
21138550.476190
21086152.380952
21228009.523810
21143881.904762
20822321.904762
20960234.285714
20644440.000000
20543982.857143
20818217.142857
20868432.380952
21371001.904762
21335611.428571
20991615.238095
21223782.857143
20934108.571429
20860104.761905
20860356.190476
20715929.523810
20950249.523810
21344748.571429
20983771.428571
20903131.428571
20780289.523810
20740601.904762
21000420.952381
20983782.857143
20804137.142857
20994920.000000
20902400.000000
20852156.190476
20743417.142857
20664327.619048
20512415.238095
20799268.571429
20842859.047619
21173095.238095
21192182.857143
20829038.095238
20966800.000000
20956043.809524
20909293.333333
20945826.666667
20762367.619048
18091341.428571
18907106.666667
18278994.761905
18348455.238095
18807690.000000
18273587.142857
18639179.523810
18827330.952381
17965502.857143
19545917.619048
17997275.714286
18161792.857143
17529046.666667
20339024.761905
20853059.047619
20501184.761905
20673137.142857
20591552.380952
21130184.761905
21121139.047619
20937634.285714
20636348.571429
20824537.142857
20547001.904762
20691161.904762
20575725.714286
20850560.000000
21220342.857143
21117080.000000
20834462.857143
21006712.380952
20719779.047619
20805556.190476
20756514.285714
20880563.809524
20740066.666667
21026049.523810
21091710.476190
20869055.238095
20818396.190476
20848622.857143
20846232.380952
20792580.952381
20926552.380952
21186059.047619
21404257.142857
21274939.047619
21107179.047619
20806283.809524
20923683.809524
20801040.000000
20906358.095238
20985432.380952
21215249.523810
21225100.952381
21234293.333333
21000072.380952
21137811.428571
20820220.952381
21043699.047619
20763329.523810
21163963.809524
20870946.666667
20971634.285714
20811765.714286
20819142.857143
20862840.000000
20784432.380952
20858260.952381
20828020.952381
21074043.809524
24452834.285714
23397184.761905
22021281.904762
22060931.428571
21291394.285714
21354180.952381
21253323.809524
21709180.952381
21607295.238095
21485889.523810
21107236.190476
21478670.476190
21311961.904762
21324182.857143
21028177.142857
21367721.904762
21421851.428571
21231211.428571
21039314.285714
20991295.238095
21420095.238095
21099622.857143
21279040.000000
21440647.619048
21706064.761905
21560190.476190
21479125.714286
21017876.190476
21478001.904762
21050125.714286
21167222.857143
21187441.904762
21430060.952381
21251333.333333
21222683.809524
20985552.380952
21229457.142857
21338274.285714
21192236.190476
21237255.238095
21372864.761905
21262746.666667
20979184.761905
20873078.095238
20864104.761905
21055506.666667
20815512.380952
21024567.619048
21127009.523810
21567194.285714
21352280.000000
21130234.285714
20762706.666667
21166521.904762
20726984.761905
20887960.000000
20793388.571429
21251180.952381
21288533.333333
21148954.285714
20906548.571429
21138142.857143
21180626.666667
21042184.761905
21028045.714286
21184998.095238
21210154.285714
21181514.285714
20937685.714286
20926175.238095
21109939.047619
20817718.095238
21007219.047619
21249718.095238
21420287.619048
21357775.238095
21088596.190476
20655546.666667
21198099.047619
20765803.809524
20817476.190476
20832190.476190
20997678.095238
21077973.333333
20965411.428571
20717375.238095
20905782.857143
21066838.095238
20870013.333333
20877754.285714
20916428.571429
21003110.476190
20881891.428571
20895771.428571
20796786.666667
21011013.333333
20707352.380952
20735980.952381
21156241.904762
21381912.380952
21257047.619048
21027497.142857
20672504.761905
20904944.761905
20761335.238095
20781175.238095
20965965.714286
21074790.476190
21184754.285714
20996613.333333
20866920.000000
21078445.714286
21021853.333333
21034800.000000
20983529.523810
21088767.619048
21324009.523810
21191329.523810
21000655.238095
21069659.047619
21055070.476190
20977552.380952
20893594.285714
21294518.095238
21397299.047619
21482445.714286
21279466.666667
21017529.523810
21286828.571429
20989051.428571
20961283.809524
21095026.666667
21226895.238095
21220281.904762
20998179.047619
20909392.380952
21027733.333333
21051891.428571
20854045.714286
20959327.619048
21122571.428571
21096093.333333
23990773.333333
21764643.809524
21490512.380952
21538409.523810
21401011.428571
21347767.619048
21447948.571429
21668588.571429
21801380.952381
21379386.666667
21131030.476190
21323152.380952
21101767.619048
21101260.952381
21153853.333333
21282188.571429
21254550.476190
21295455.238095
21004521.904762
21110436.190476
21182720.000000
21087327.619048
20848394.285714
21210358.095238
21241017.142857
21318337.142857
20891318.095238
20935066.666667
21050777.142857
20972577.142857
20879718.095238
21288001.904762
21554550.476190
21439380.952381
21262055.238095
20926241.904762
21122544.761905
20872611.428571
20894771.428571
20944939.047619
21270885.714286
21218371.428571
21227864.761905
20965872.380952
21138920.000000
20970072.380952
21123516.190476
20853085.714286
21140447.619048
21145674.285714
21131533.333333
20819032.380952
20920815.238095
21034560.000000
21011822.857143
20843693.333333
21062106.666667
21335533.333333
21381592.380952
21201594.285714
20882015.238095
20968927.619048
20837990.476190
20864274.285714
20918255.238095
21232914.285714
21034687.619048
21114542.857143
24862403.809524
21020718.095238
20939413.333333
20917201.904762
20746996.190476
21235379.047619
21254422.857143
21474767.619048
