2035400738.095238
2049466208.095238
2346285359.047619
2348679707.619048
2354874439.523809
2358074898.571428
2382841680.000000
2387879151.904762
2389724012.857143
2397410273.333333
2399649282.380952
2399561030.000000
2400996770.952381
2404123140.952381
2403927810.952381
2406992606.666667
194579680.000000
196376918.571429
1405804140.476190
1559742960.000000
1757169076.666667
2099078348.571429
2142806237.619048
2174731703.333333
2056035153.333333
2084834979.047619
2208802817.142857
2223324734.285714
2211432722.380952
2094928047.619048
2111390989.523809
2114189119.523809
1007600529.047619
1149805818.571429
397679326.190476
415116091.428571
197018394.761905
1528712371.904762
1534113977.142857
1580182732.380952
1582968270.476190
1873704513.809524
1960182020.952381
2010929121.904762
1866574612.857143
1926000402.857143
1937178529.523809
2085291070.952381
2138062661.904762
2150161643.333333
1300305065.714286
1253013274.285714
1182221278.571429
778881014.761905
892121686.190476
895006769.047619
943080962.857143
986130415.238095
959932846.190476
1190770965.714286
1159094371.428571
1275721448.095238
1336210298.571429
1446234797.619048
1314597839.047619
1441108456.666667
1405315919.523809
1298557880.476190
1406080458.571429
889393357.142857
1112652041.428571
1254242422.857143
1300017444.285714
1301449842.857143
1298733450.952381
1300491326.190476
1301801168.095238
1104141339.047619
871164652.380952
1105415676.666667
942420891.904762
1036881992.857143
1059366540.476190
1067748777.619048
954845954.285714
1065874014.285714
1374937280.000000
1494332938.095238
1486524318.571429
1522188429.523809
1550583673.809524
1548382415.238095
1549690080.952381
1560919415.714286
1149581376.666667
1576305224.285714
1572035699.523809
493244420.476190
615692829.047619
662268608.095238
643691542.380952
642805270.952381
1439701527.619048
1856589347.142857
1918909608.571429
1940389243.809524
1978152161.904762
1993507252.380952
2030113334.285714
2017214917.142857
2018318203.333333
2018454069.523809
2038714198.095238
2064110696.666667
1221676000.000000
1198595632.857143
1200567720.952381
1077805455.714286
321100382.380952
95830943.809524
1627591024.285714
1538479942.380952
1651962970.952381
1489763038.095238
1795597710.000000
1909789007.142857
1925556623.809524
1923106062.857143
2065543350.476190
1930512419.523809
1679677507.619048
1764440673.809524
1691448363.809524
1720966882.380952
566855392.380952
1701002450.952381
868316958.571429
1014204500.952381
1029448075.238095
1034282083.809524
1059278159.047619
1060778655.238095
1063151692.857143
1096974113.333333
1093990146.190476
973844412.380952
983767885.238095
1037223235.714286
1063294876.666667
1144965579.047619
1079731944.761905
1074591605.714286
1139667353.809524
1356783897.142857
1446637173.809524
1483102386.666667
1481697103.809524
1504284790.952381
1571820852.857143
1247104573.809524
996085588.095238
801848002.857143
1593989353.809524
794219325.714286
844901529.047619
852849992.380952
844034836.666667
859009366.190476
856196788.571429
1276109911.428571
1390895914.761905
1387647047.619048
1574732698.571429
1645198209.047619
1670207893.333333
1678350570.000000
1697444287.619048
1690368532.857143
1712091720.952381
1316435735.238095
898979779.047619
787661565.714286
910581086.190476
827266925.714286
568923044.285714
529805719.047619
605227125.238095
577062002.380952
653957391.428571
397495353.333333
1232522911.904762
1406672460.952381
1430850766.190476
1547732029.523809
1738062153.333333
1571374744.285714
1544489597.619048
1551648424.761905
1554748356.190476
1569246125.238095
1605076493.333333
598272662.857143
767033263.809524
828711050.952381
844048170.952381
853331105.714286
858954078.571429
314495978.571429
84383486.190476
936140476.190476
1279821068.095238
1355825930.000000
1371651152.380952
1407255340.000000
1414674603.333333
1401344348.095238
1428288448.571429
1431149619.047619
1075825145.714286
589153332.857143
519556530.952381
565282152.380952
527000931.904762
686221339.047619
668937787.619048
679410761.428571
1131381756.190476
1398639514.761905
1404325416.190476
1858185667.619048
1979014097.619048
2038620617.142857
2050992596.190476
1693555853.809524
2074863985.238095
2074854001.428571
2094824626.666667
2097705872.380952
2088063332.857143
1485825035.714286
1253629810.476190
1457975897.619048
405401901.904762
392700948.095238
412296912.380952
89438191.428571
1661183946.666667
1797000935.238095
2238198040.000000
2326017516.190476
2321557703.333333
2336656211.904762
2367429719.523809
2310840252.380952
2388124982.380952
2314749322.857143
2365989593.809524
2359124976.190476
2358200091.904762
2330409691.428571
2377084447.619048
2163562182.380952
450983466.190476
332398264.761905
93466360.476190
1705229221.904762
1706547565.714286
2167003660.476191
2103951896.666667
2102942058.095238
2119162373.809524
2247416620.952381
2281365972.857143
2279768626.190476
2187755977.619048
2161675969.523809
2283635580.952381
2272583850.000000
2215337890.000000
2140744156.666667
500340796.666667
321297447.142857
165487233.809524
1580882190.000000
1514707552.380952
1686455299.047619
1724414372.857143
2146893235.238095
2199067992.380952
2309611226.666667
2277473272.380952
2311799626.190476
2180909726.666667
2178401970.476191
2175259962.380952
2182164066.190476
2304437948.571428
2191383080.000000
2206939519.523809
451441175.714286
496420360.952381
496674464.761905
497669039.047619
1514855639.047619
1609847456.666667
1584245344.761905
1624809584.761905
1816559083.809524
1653518031.428571
1639573928.095238
1769634742.857143
1636901797.142857
1643631131.904762
1635947356.666667
1640453918.095238
584274665.238095
611107423.809524
632473960.000000
617252631.904762
151317177.619048
1445678279.047619
1407104966.666667
1832411692.857143
1658932110.952381
1683163121.904762
1726716535.714286
1696012099.047619
1718075084.761905
1713454432.380952
1720256896.666667
1730720634.761905
937035731.904762
1135254095.714286
1049231701.428571
1075963107.619048
1197337072.857143
402070311.428571
436007596.666667
966639757.142857
1251195887.619048
1597720823.333333
1616819347.619048
1637365027.619048
1682143301.428571
1672354652.380952
1703161458.571429
1712086739.523809
1712291262.380952
1717188048.095238
504301079.523809
806448596.190476
971749024.761905
506465006.190476
813972551.428571
1087094936.666667
1028774409.047619
1278766656.666667
1414413144.761905
1713205584.761905
1922346732.857143
1949207890.476190
1998387568.571429
2055122933.333333
2042618777.142857
2029906511.904762
2024807793.809524
2033935961.904762
2042601969.523809
1320039618.095238
1426907760.476190
860165942.380952
390516809.523809
327368144.285714
304667205.238095
84158385.238095
1624270759.047619
1652716878.095238
1640790532.380952
1996053813.333333
2018223961.904762
2139636755.238095
2253353590.952381
2252413919.047619
1874653570.952381
2347809583.333333
2319542042.857143
2350241042.857143
2326284243.333333
2318797060.952381
2336105450.000000
2298776673.333333
511985380.952381
644044501.904762
693967295.238095
700876677.619048
709529249.523810
288324893.333333
1125632060.000000
1286179875.238095
1369281912.857143
1422000518.095238
1435830449.047619
1443262276.190476
1469820076.666667
1456746914.285714
1473222182.857143
1476675620.000000
811253642.380952
452258470.476190
642722163.333333
640929577.619048
716191200.476190
658178579.523810
179163124.761905
1573348509.047619
1580646164.761905
1894363626.666667
2090909068.095238
2096294101.904762
2165242990.952381
2197107643.333333
2218155189.523809
1897364664.761905
2257781363.333333
2256600187.142857
1590439772.380952
1932018280.952381
1911112947.142857
2256645999.047619
2049409230.476190
449994644.761905
477233832.857143
324551886.666667
674850875.714286
724993528.571429
940546690.952381
1002620967.619048
1043816984.761905
1001887876.190476
1049444844.761905
1040726174.761905
1061073281.904762
1056328951.904762
136851053.333333
88104163.809524
197713338.571429
228921045.238095
62686876.190476
