21591935.714286
22608551.428571
21283085.714286
20275470.000000
21500599.047619
20339078.571429
20335068.571429
20218031.428571
19086637.142857
19898667.142857
19458519.047619
19940102.857143
19358781.428571
21718403.809524
22134725.714286
21880598.095238
21499208.571429
20813900.952381
20486226.666667
20307560.000000
20320859.523810
19870217.142857
19865219.047619
19996137.142857
20081666.666667
21681068.571429
21705889.523810
21596660.952381
21590415.238095
21584085.714286
21663466.666667
22292406.666667
22012356.190476
21052792.380952
20626716.190476
20425108.571429
20398893.333333
20912457.619048
20260588.571429
20217550.476190
20102190.476190
20722238.095238
22264973.333333
21579468.571429
21871041.904762
22180907.619048
22092617.142857
22071533.333333
21590007.619048
22018704.761905
20537756.190476
20571779.047619
20914199.523810
20479260.952381
20435470.476190
20400476.190476
20345095.238095
20650899.523810
21183624.761905
22573904.761905
22447133.333333
21704826.666667
22040007.619048
21981360.000000
21813169.523810
21812241.904762
25005208.571429
23043641.904762
22236450.952381
21513853.333333
21237274.285714
21170135.714286
21270210.000000
21067070.476190
21480954.285714
23640014.761905
23079234.285714
23076109.047619
22628434.285714
22694640.000000
22791550.952381
22424577.142857
22382630.476190
21591895.238095
21647895.238095
20804371.428571
20915232.380952
20847982.857143
20601060.952381
20682897.142857
20476240.000000
21294691.428571
22375289.523810
22238520.000000
22111371.428571
22084609.523810
22029537.142857
22147487.619048
22183093.333333
21986586.666667
20855108.571429
20950325.714286
20735803.809524
20896811.428571
20565630.476190
20629003.809524
20580779.047619
20588603.809524
21595942.857143
21974272.380952
22148049.523810
22275272.380952
22006666.666667
22031198.095238
22682501.428571
22264971.428571
22113100.952381
21223419.047619
21159054.761905
20917760.000000
20827512.380952
20942683.809524
21232001.428571
20883430.476190
21269996.190476
22226432.380952
22545254.285714
22147194.285714
22198990.476190
22176268.571429
21887403.809524
21912737.142857
22108900.952381
21357131.428571
21012540.952381
20854584.761905
20821794.285714
20886102.857143
20738773.333333
20574611.428571
20470758.095238
21215226.190476
24068001.904762
21988123.809524
22274900.952381
22481895.714286
22155840.000000
22235226.666667
22196929.523810
22187874.285714
21267801.904762
21242011.428571
21168005.714286
21090554.285714
20907567.619048
21185516.190476
20676752.380952
20942636.190476
21908062.857143
22254735.238095
22699974.761905
22201636.190476
22180779.047619
22749720.000000
22723598.095238
22887104.761905
22024127.619048
21300668.571429
21029363.809524
20977672.380952
21010154.285714
20869308.571429
20951960.000000
20950855.238095
20907203.809524
22718638.095238
22198754.285714
22457365.714286
22406051.428571
22125874.285714
22019956.190476
21995064.761905
21889436.190476
21487085.714286
21011430.476190
20991914.285714
21026687.619048
20897297.142857
20788899.047619
20712060.952381
20740424.761905
21635891.428571
22139182.857143
21854847.619048
21847358.095238
21840476.190476
21994365.714286
22052217.142857
22296891.428571
22205388.571429
21103152.380952
21120843.809524
21028371.428571
20963946.666667
20807457.142857
21015169.523810
20763624.761905
20707487.619048
21533379.047619
22254636.190476
21932533.333333
21890601.904762
22424727.619048
21986921.904762
22078224.761905
21989125.714286
21605537.142857
21244748.571429
21070569.523810
21116201.904762
21041137.142857
20719935.238095
20804546.666667
20672676.190476
20692009.523810
22169234.285714
22166236.190476
22318788.571429
22344083.809524
22317691.428571
22051500.952381
22094030.476190
22031824.761905
21316914.285714
21195177.142857
20919158.095238
20897912.380952
20814958.095238
20806055.238095
20844853.333333
20939784.761905
21003921.904762
22769568.571429
22628299.047619
22404160.952381
22194561.904762
22476109.047619
21980443.809524
22540611.428571
21927904.761905
20905342.857143
20911771.428571
20902828.571429
20999885.714286
20786516.190476
20886342.857143
20869297.142857
21272064.285714
21672832.380952
22016718.095238
22112171.428571
22098297.142857
22049558.095238
21967516.190476
21867676.190476
22203236.190476
22336962.380952
21097203.809524
21079958.095238
21011872.380952
21057912.380952
20866727.619048
20956600.000000
20862876.190476
20843569.523810
22301815.238095
22236710.476190
22507156.190476
22449133.333333
22380908.571429
22318748.571429
22257299.047619
22204636.190476
21556310.476190
21126019.047619
20997270.476190
21084299.047619
18562071.428571
19963123.333333
19283140.000000
19186031.428571
18216705.714286
18553140.476190
18591029.047619
17735380.000000
18694412.857143
20682017.619048
19213450.000000
19510004.761905
19333845.714286
19964764.285714
22034078.095238
22115613.333333
21831961.904762
21229346.666667
21068148.571429
21075980.952381
21451326.666667
20711592.380952
20867769.523810
20598523.809524
20691053.333333
21792129.523810
21823224.761905
21913822.857143
22124215.238095
21907480.000000
21805775.238095
21881163.809524
22108841.904762
21240163.809524
20980779.047619
20858080.000000
20958072.380952
20934628.571429
20941213.333333
20903116.190476
20927533.333333
21187426.666667
22474979.047619
22361815.238095
22616667.619048
22034565.714286
22162438.095238
23935691.428571
23858883.809524
23647662.857143
22992308.571429
22078935.238095
21800070.476190
21647095.238095
21801710.476190
21664011.428571
21520828.571429
21432051.428571
22335826.666667
22718097.142857
23267224.761905
23041160.000000
23503552.380952
23082045.714286
23301108.571429
23505316.190476
22728251.428571
21749531.428571
21684076.190476
21689567.619048
21593487.619048
21497531.428571
21317811.428571
21336268.571429
21208563.809524
22854800.000000
23024763.809524
22834908.571429
22807352.380952
22993451.428571
22816824.761905
25125891.904762
23226447.619048
22165354.285714
21928127.619048
21791921.904762
21728653.333333
21684272.380952
21481024.761905
21466388.571429
21248500.952381
21877337.142857
23120171.428571
23031954.285714
23896255.714286
23385331.428571
23158379.047619
23314131.428571
23130455.238095
23180826.666667
21838407.619048
21599777.142857
21548011.428571
21556826.666667
21493584.761905
21525331.428571
21269241.904762
21303744.761905
22361415.238095
22945443.809524
23129108.571429
23241563.809524
23053036.190476
23021095.238095
22947462.857143
22923344.761905
22472041.904762
21788729.523810
21667620.952381
21604668.571429
21562979.047619
21494093.333333
21286807.619048
21429091.428571
21503144.761905
23071059.047619
23087241.904762
23292400.000000
23409542.857143
23507365.714286
23555483.809524
23468186.666667
23643177.142857
22381167.619048
21939859.047619
24887748.571429
23155554.285714
22657222.857143
22282921.904762
22164327.619048
21878664.761905
22411104.761905
23407605.714286
23822200.000000
23745259.047619
23513022.857143
23865083.809524
23506700.952381
23419944.761905
23433312.380952
22078329.523810
22007472.380952
21825100.952381
21737660.952381
21664367.619048
21611521.904762
21466434.285714
21493443.809524
22726657.142857
23274923.809524
23203146.666667
23229598.095238
23303438.095238
23281605.714286
23043316.190476
23290571.428571
22621899.047619
21844622.857143
21886405.714286
21694401.904762
21538140.952381
21444876.190476
21223815.238095
21278826.666667
21273845.714286
22803135.238095
23094906.666667
23060365.714286
23040575.238095
23073295.238095
22878918.095238
22855615.238095
22843047.619048
22048020.952381
21868718.095238
21804548.571429
21842238.095238
21371184.761905
21272761.904762
21296598.095238
21148045.714286
21900609.523810
22817251.428571
22659702.857143
23316107.142857
22976066.666667
23029868.571429
22994451.428571
23226782.857143
23152045.714286
21849815.238095
21775104.761905
21591872.380952
21524419.047619
21392114.285714
21515512.380952
21268200.000000
21323885.714286
22462510.476190
23398894.761905
22865779.047619
23174320.000000
23400495.238095
23111281.904762
23281876.190476
23386329.523810
22496853.333333
21991944.761905
21780891.428571
21648718.095238
21448822.857143
21304986.666667
21264363.809524
21384024.761905
21255857.142857
22712792.380952
22874796.190476
22882565.714286
22912834.285714
23076880.000000
22953280.000000
22840226.666667
22736967.619048
22006480.000000
21804731.428571
21696127.619048
21466495.238095
21490034.285714
21362737.142857
21432350.476190
21279030.476190
21863333.333333
22766542.857143
23175754.285714
22794531.428571
22792388.571429
22784754.285714
22692510.476190
22771958.095238
22778523.809524
21829706.666667
21565409.523810
21500312.380952
21178925.714286
21155681.904762
21147434.285714
21014003.809524
21054066.666667
21993005.714286
22309788.571429
22468676.190476
22466255.238095
22628525.714286
22722767.619048
23165356.190476
22786902.857143
22168761.904762
21726200.000000
21469859.047619
21452735.238095
21425613.333333
21341792.380952
21310750.476190
21255142.857143
21182611.428571
22642253.333333
22878156.190476
22391735.238095
22523699.047619
22481430.476190
22420659.047619
22296520.000000
22265921.904762
21703575.238095
21633582.857143
21514020.952381
21543773.333333
21564226.666667
21517939.047619
21612847.619048
21421474.285714
21655316.190476
22788293.333333
22821935.238095
22853626.666667
22889960.000000
23406350.476190
23362009.523810
23097495.238095
23224072.380952
21989899.047619
21778167.619048
21712948.571429
21712127.619048
21567045.714286
21631053.333333
21552754.285714
21597009.523810
22545996.190476
23287026.666667
23324769.523810
22581514.285714
23040356.190476
23017588.571429
22914156.190476
23236819.047619
22228878.095238
21805200.000000
21704228.571429
21798773.333333
21662891.428571
21546904.761905
21486459.047619
21516066.666667
21460013.333333
23261914.285714
23012820.952381
23060780.952381
23072148.571429
23043544.761905
22993807.619048
22921297.142857
22969520.000000
21764198.095238
21716325.714286
21833948.571429
21756470.476190
26068646.666667
23879488.095238
21465085.714286
21206200.000000
21727491.428571
22831476.190476
22934590.476190
23157131.428571
22932224.761905
24126902.857143
22926356.190476
24550247.619048
24383388.571429
21729196.190476
21720615.238095
21562297.142857
21578213.333333
21592931.428571
21637331.428571
21439038.095238
21402386.666667
22317550.476190
24253371.428571
23087241.904762
24419506.666667
22887238.095238
23270933.333333
24620285.714286
24532499.047619
22310000.000000
24295303.333333
21728664.761905
21823483.809524
21679213.333333
21460537.142857
21285840.000000
21477725.714286
21444760.000000
23162836.190476
23004213.333333
22955424.761905
22780822.857143
22996255.238095
17941950.000000
19303533.333333
18354099.047619
18436403.333333
18261549.523810
18889914.761905
19648241.428571
19181318.571429
18732218.571429
20106568.571429
20971855.714286
24105563.809524
24353339.047619
23445295.238095
23010064.761905
23249662.857143
22376537.142857
21729188.571429
21321887.619048
21374883.809524
21420940.952381
21274455.238095
21152093.333333
20969440.000000
21222459.047619
22634049.523810
22806820.952381
22588693.333333
22629883.809524
22595824.761905
22771352.380952
23124230.476190
22960807.619048
21944910.476190
21758514.285714
21469443.809524
21455192.380952
21233819.047619
21305792.380952
21175384.761905
21070782.857143
21525209.523810
22845994.761905
24541625.714286
23001042.380952
23015176.666667
23164423.333333
22825878.571429
22675146.666667
22337603.809524
22421630.952381
21440361.904762
21347940.952381
21245699.047619
21186613.333333
21227512.380952
20963529.523810
21600670.476190
22272343.333333
22320481.904762
22698965.714286
22757434.285714
22321032.380952
22555036.190476
22638318.095238
22589662.857143
21976455.238095
21387878.095238
21366718.095238
21399565.714286
21296390.476190
21782857.619048
21116097.142857
21125074.285714
21146432.380952
22629034.285714
22511561.904762
22450986.666667
22429116.190476
22626011.428571
22640440.000000
22811725.714286
22669180.952381
22073379.047619
21966295.238095
21706575.238095
21541483.809524
21512916.190476
21245011.428571
21320165.714286
21469512.380952
21919320.000000
22718379.047619
23086348.571429
22557672.380952
23130535.238095
22687043.809524
22668478.095238
22688365.714286
22659274.285714
21646060.952381
21616607.619048
21536550.476190
21532660.952381
21469106.666667
21402449.523810
21257552.380952
21338274.285714
22194274.285714
22768931.428571
22617156.190476
22648422.857143
22802533.333333
22476721.904762
22652765.714286
22579620.952381
22195257.142857
21516910.476190
21600946.666667
21480996.190476
21374660.952381
21402379.047619
21129563.809524
21141874.285714
21142053.333333
22362735.238095
22271481.904762
22445401.904762
23036954.285714
22725883.809524
22868862.857143
22781287.619048
22677914.285714
22042222.857143
21743916.190476
21560375.238095
21606171.428571
21446603.809524
21364691.428571
21324508.571429
21108693.333333
21595529.523810
22360849.523810
22230990.476190
22503948.571429
22701645.714286
22394731.428571
22528436.190476
22349961.904762
22418822.857143
21645007.619048
21756868.571429
21524638.095238
21417024.761905
21272725.714286
21414788.571429
21211306.666667
21239893.333333
21981948.571429
22311948.571429
22361200.000000
22272580.952381
23923957.619048
22284440.000000
22365133.333333
22445904.761905
21983361.904762
21711038.095238
21645862.857143
21455224.761905
21383074.285714
21350335.238095
21371580.952381
21099965.714286
21403260.952381
22470965.714286
22209893.333333
22190767.619048
22825845.714286
22541659.047619
22354144.761905
22482009.523810
22400506.666667
21781678.095238
21731384.761905
21481527.619048
21380062.857143
21462396.190476
21149674.285714
21232434.285714
21090579.047619
21540819.047619
22406935.238095
22286281.904762
22510676.190476
22226053.333333
22295196.190476
22377874.285714
22609891.428571
22478089.523810
21748226.666667
21689693.333333
21671262.857143
21313920.000000
21143864.761905
21205175.238095
21004584.761905
21212379.047619
21864754.285714
22303192.380952
22288556.190476
22278659.047619
22190255.238095
22443083.809524
22422426.666667
22404921.904762
22081253.333333
21760935.238095
21818114.285714
21582017.142857
21467893.333333
21185409.523810
21058179.047619
21074940.952381
21013786.666667
22176948.571429
22232455.238095
22376487.619048
22558980.952381
22648302.857143
22642449.523810
22612480.000000
22568091.428571
22200801.904762
21914068.571429
21731487.619048
21477339.047619
21535769.523810
21250794.285714
21350626.666667
21190777.142857
21828569.523810
22409744.761905
22178365.714286
22424590.476190
22254100.952381
22302001.904762
22293081.904762
22439386.666667
22221769.523810
21578019.047619
21520767.619048
21303693.333333
21285992.380952
21341390.476190
21275321.904762
21060609.523810
21187767.619048
21726613.333333
22165384.761905
22178748.571429
22422784.761905
22663613.333333
22546697.142857
22535388.571429
22552634.285714
22134192.380952
21712784.761905
21605733.333333
21596200.000000
21518571.428571
21383887.619048
21100773.333333
21280700.952381
21329655.238095
22714681.904762
22599699.047619
22454293.333333
22538601.904762
22423158.095238
22661360.000000
22504927.619048
22463521.904762
22016314.285714
21794365.714286
21634491.428571
