2032
991
1142
680
769
1114
1087
645
1356
1014
826
1073
1075
1082
942
1110
663
878762
195351
1302
113624
77351
1294
832
1124
17227
1295
1042800
1345
1123
681
91523
1309
91037
1312
839
1110
809240
191565
984
66690
1263
13169
934
85480
1184
685
1129813
1628
964
1092
1009
1126
628
605
1362
73621
958335
900
118464
9926
1202
772
196114
767
1098
754
894722
133955
1205
5394
222320
1793
789
1029
609
987
1190576
1321
1175
844
92833
1579
792
1374
813
1102
944952
168335
1015
1156
998
56988
953
13977
1276
725
1331811
1710
846
1336
706
1267
835
709
1629
1010
1034590
770
104817
800
1061
636
169436
782
1079
58145
849532
245994
1225
1217
151355
1253
855
1063
623
984
1351478
1332
1045
1224
55507
1846
731
1145
790
1106
1173146
203198
982
1152
65782
21143
971
178054
1302
718
1067193
1420
708
1074
815
1112
675
122070
1320
199004
702724
997
62273
1005
162569
1009
59190
141823
1323
154653
737748
146044
1322
1142
274601
1487
709
1146
667
967
1088218
1325
1038
1324
203481
1531
827
1311
681
1091
784020
149924
984
1170
52648
1001
801
136986
1299
8188
1175645
1612
726
1348
803
1127
796
174064
1299
303151
660847
955
70247
951
152159
954
57838
109673
1267
259357
624368
207894
1272
1195
316821
1446
1013
1124
653
931
999121
1320
1135
805
243746
1278
950
1267
799
1086
873063
107497
947
1120
69196
965
769
243505
1261
696
1038497
1409
802
1201
783
1077
808
171607
1293
221823
603902
976
1256
685
205618
996
68109
86445
1309
249738
638445
90142
1322
1126
373735
1729
1053
1133
674
978
1106362
1361
1240
814
212469
1676
871
1253
794
1124
793873
21333
999
1143
193779
1000
801
209472
1139
838
1103179
1332
841
1112
6610
1318
690
131569
1290
217914
640067
954
1203
784
289517
985
15020
209060
1336
158972
645955
70013
1367
1144
419777
1413
1172
1410
702
1079
1050206
1329
1135
699
298636
1333
711
1573
3768
4210
847856
62836
993
1155
176533
838
1248
137447
1520
744
1242736
1773
768
3254
1139
1177
709
58979
1351
233362
696332
991
1218
817
199867
874
1122
150034
1333
207777
683025
887
1132
1029
469285
1707
889
1130
801
1108
1153098
1376
1180
832
114805
1795
740
1264
822
1092
841413
1327
823
1120
225650
989
812
68759
1158
713
1234929
1618
984
1621
759
1628
671
670
1075
192680
875971
987
1206
706
109933
1404
1160
68039
1234
244379
852040
855
1150
1118
407611
1976
989
1127
671
944
1121115
1316
1008
658
98798
1683
1289
1159
672
1095
853727
1354
882
1497
150729
985
802
172957
2231
1053
1186214
1597
955
1130
676
1076
844
100214
1322
123032
753477
954
1207
704
155826
995
14628
109421
1322
160098
779215
865
1158
1342
408349
1926
870
1150
675
1081
1117260
1325
1165
709
85828
1493
1108
1134
663
1060
858536
1367
707
993
116556
117521
962
131381
1278
724
1145865
1491
852
1170
796
1109
667
101749
1320
211253
733626
968
1185
685
136004
1001
24217
175037
1339
159556
710693
2917
1902
2764
314411
1320
1351
1342
701
1072
1108987
1238
1033
636
146432
1261
664
1288
690
1117
916112
107824
987
1165
26410
168288
890
1089
946
143913
1154419
2046
878
1053
621
1127
630
611
1027
427966
694579
959
1181
696
81097
978
1138
165848
1334
357597
652009
1006
1176
1132
342284
1457
860
1121
711
954
1205165
1770
1206
819
40458
1329
699
1157
678
19445
876661
1367
828
1161
83586
44746
969
122240
1300
190025
1053956
1513
936
1096
810
1095
1863
53738
1307
372923
622913
1366
1222
823
135863
1004
1321
122788
1348
488303
681276
836
1175
1012
337848
1738
746
1162
814
92468
1154940
1318
1163
704
92591
1332
841
1135
782
13841
840160
1323
1015
1155
159016
32361
951
92802
1261
136633
1102239
1503
858
1149
798
1125
688
3487
1170
342028
570169
1127
1482
810
225725
1333
1172
75297
1314
400108
613471
123789
1310
1128
460299
2217
1261
1130
807
1100
996380
1320
1139
702
252442
1684
853
1140
664
1059
733334
64772
977
1176
223882
855
841
9451
1285
92472
1105269
1333
719
1700
87512
1338
1051
20854
1296
358016
609514
964
119154
1007
196210
1010
1139
20103
1311
311190
625595
30458
1305
1158
539017
1456
860
1097
663
961
967567
1347
1144
1001
309858
1524
850
1135
697
1550
645390
73984
998
1168
273568
1043
804
1351
1027
39865
1204565
1324
703
1495
84522
1320
835
16045
1340
283379
697708
965
34921
1031
248201
1007
1131
22964
1390
362622
721591
1020
1139
990
583647
1701
850
1111
791
1107
993441
1571
1158
689
309673
1320
1402
1191
1009
1108
800807
1335
712
1129
207677
1110
824
219295
1149
822
1020828
1792
855
1114
753
966
754
162410
1344
140626
676509
875
51186
1258
194824
848
1592
130830
1359
162452
738786
855
1125
1329
447985
1327
824
1193
669
1097
1016290
1319
1148
900
247846
1608
1061
1118
677
1063
840879
1508
893
2513
267164
997
811
195541
1295
731
1044850
1343
852
1141
77601
1314
836
180198
1284
79466
707794
1039
2501
846
359345
989
1148
98424
1293
120165
694983
851
1179
1276
554188
2086
908
1131
788
1096
1028065
1326
1147
814
294088
1743
1047
1167
766
1564
631152
1309
720
1070
365817
1005
810
24390
1298
727
1114357
1472
852
1144
84485
1293
811
106390
1310
128801
735223
827
97353
972
311548
835
1200
28406
1315
170862
685174
1214
1145
1000
563206
1498
928
1148
800
1112
876919
1385
1143
4700
333940
1946
746
1468
820
1121
690496
1343
847
1286
292866
994
808
168503
1285
728
1039938
1804
750
1374
94594
1302
846
133581
1302
205715
587295
947
353799
1219
1375
809
1112
100196
1349
184392
529419
978
114063
1302
493782
1676
875
1153
685
959
860112
1313
77081
866
397862
1529
850
1276
668
1058
600543
1344
39803
1322
293525
990
819
121078
1284
10914
1057304
1310
716
1350
92763
1287
720
87978
1573
264803
503250
962
331923
996
93973
842
1169
134799
1309
204284
527030
979
25090
1280
538776
1329
1017
1765
752
1136
957156
1340
1140
798
456561
1846
863
1113
789
1109
634146
1326
735
1317
424059
990
823
47396
1281
725
1098255
1320
2930
1185
138256
1331
712
815
1135
226661
633573
766
111405
779
310139
930
1429
762
1021
138607
746006
853
1133
983
641886
1656
842
1124
674
968
862074
1640
1172
826
403108
1533
845
1326
663
1068
600865
1322
841
1283
420847
1207
1408
1182
991
774
1035174
1327
717
1159
168383
1329
704
761
1132
203839
597496
949
195212
980
232876
1139
1427
847
1128
196174
613151
851
1119
1329
681529
1509
872
1141
667
1080
873152
1350
1149
822
374743
1566
712
1124
803
1117
621112
1588
718
1185
412316
1007
800
1325
1313
679
1063200
1311
826
1289
148236
1318
944
794
1124
169332
710426
962
117500
996
300458
866
1361
814
1082
250461
624951
850
1132
1102
670044
1417
856
1125
669
1068
846224
1324
1143
855
439832
1697
883
1132
662
1085
745440
1302
707
1136
331258
1037
895
1166
1116
20029
1289586
1478
725
1092
1468
2125
697
2642
1846
330591
632418
963
1417
687
229875
995
1120
90856
1374
339752
652420
1002
1142
1115
391579
1835
889
1178
668
960
997847
1342
1141
690
204405
1809
727
1413
834
1089
788581
1335
852
1135
214156
984
819
111405
1285
58887
1152552
1384
720
1145
803
1081
671
87960
1305
266171
655744
820
1242
693
172363
986
1133
176125
1330
266918
622150
848
1150
979
406888
1676
853
1097
682
963
1059066
1323
1130
695
129601
1347
712
1099
829
129709
860993
1229
1083
1150
149488
999
812
229122
1304
31466
1143228
1842
887
1154
684
1141
799
193274
1295
329661
639224
995
1370
700
153124
996
1144
173840
1223
308521
697327
906
1055
931
528671
1723
884
1112
672
971
1121862
1512
1191
850
126573
1534
742
1388
3312
7983
878591
1351
847
1138
153329
996
872
224690
1287
109978
981701
1516
714
1130
809
1117
683
133255
1287
294647
573574
974
1420
698
106194
993
1136
285605
1314
274477
599291
852
1136
1127
337200
1329
1029
18204
974
89880
1023061
1351
1245
688
120744
1355
872
1128
669
142527
861628
1353
1173
3100
78677
93560
1183
362159
1545
27385
946518
1549
727
988
651
2863
1216
266132
1297
309279
446358
972
1366
693
119945
980
1140
381261
1324
359593
397335
1251
1182
1150
416534
1314
1027
80046
1002
53382
916957
1345
1162
823
207990
1303
829
1307
5106
70389
689618
1323
833
1121
197009
72413
957
310213
1324
134479
847651
1332
710
1095
41010
1297
1005
210810
1303
367983
317662
955
183072
988
224735
973
1351
190864
1307
422754
271789
844
1157
1003
668058
1316
827
1107
685
58443
872220
1323
1156
816
312253
1317
852
1133
666
126519
662815
1598
933
2290
247156
991
803
215457
1283
128314
871594
1324
709
1082
63280
1324
704
146887
1299
464232
364572
945
45075
998
238217
999
1347
237811
1304
385133
436538
837
1140
1345
485552
1339
843
1318
691
96288
937237
1356
1163
946
262559
1326
840
1243
666
84955
630781
1349
840
1107
305541
857
1087
93000
1290
197737
897090
1349
725
1097
45016
1308
863
117656
1700
409219
392805
847
49747
1002
252893
991
1140
192393
1309
352292
572512
847
1180
1159
446656
1845
879
1147
668
38875
967978
1353
1341
832
217902
1614
781
1095
821
24038
756657
1343
864
1139
165167
998
821
176213
1277
146877
975100
2079
802
1225
689
1144
793
100246
1328
420294
497381
956
1383
1085
234739
981
1120
215758
1304
364544
609701
985
1151
1129
399514
1433
1021
1156
681
39049
1092949
1369
1163
838
127996
1824
867
1140
668
71873
785896
1243
1169
1142
151256
1236
828
212847
1281
91345
1093284
1404
721
1422
1149
1101
673
65840
1322
544002
540322
954
1363
828
123629
982
1150
210298
1295
436265
529271
997
1137
1343
444930
1561
1085
1151
686
14348
1039686
1317
1127
805
174477
1323
832
1130
796
133222
664088
1317
838
1112
266722
1001
810
88679
1284
301267
942450
1349
708
1561
6107
1328
834
41089
1306
595327
362821
951
1197
687
296344
977
1144
6155
1312
561850
329080
837
1141
1138
659016
2183
857
1134
683
8288
898085
1337
1250
714
387301
1320
700
1118
831
51823
571107
1331
1026
1113
364446
1097
827
1007
1396
412408
799972
1318
709
1574
177050
1329
835
826
1110
547841
283190
965
1307
702
459034
976
1210
670
1110
406250
362082
850
1173
993
767491
1825
906
1103
671
962
707037
1357
1233
822
494033
1595
834
1290
682
1076
468220
1330
711
1655
535513
1018
818
1139
1008
180192
794536
1315
695
1080
317100
1341
716
801
1121
410388
300938
970
1191
847
662192
875
1201
815
1116
362712
240065
982
1145
1123
886235
1542
833
1325
691
1107
633164
1358
1125
684
634968
1662
734
1075
816
1124
360604
1400
839
1121
558960
854
856
1152
1002
181445
790400
1330
695
1773
316858
1314
821
794
1188
509959
190794
966
1210
780
578829
858
1692
828
1113
405044
279934
1024
1183
1116
837123
1386
842
1344
689
1826
628851
1348
1147
699
664591
1588
734
1091
818
1132
443471
1328
707
1163
511405
999
811
66972
1273
145217
916931
1843
738
1097
162437
1304
697
174153
1327
391680
279823
1002
1365
715
387880
1004
1339
112565
1311
428914
255193
854
1138
1133
667718
1360
833
1135
667
68879
675108
1324
1154
690
506489
1319
705
1141
801
46990
462455
1342
1019
1127
575219
1000
823
236655
1299
114913
808858
1328
694
1428
324745
1314
840
58266
1299
472858
137103
977
1332
701
568501
849
1144
131639
1312
441054
184967
870
1188
1132
876976
1855
1238
1168
682
951
676826
1388
1156
1013
561024
1492
772
1509
1906
82143
379773
1314
1028
1128
559768
999
1403
263327
1282
67759
644564
1308
698
1092
403333
1325
1031
182935
1313
359116
163356
950
1203
815
689706
848
1177
129483
1331
422055
173394
876
1153
1517
835442
1508
1193
1230
1936
19128
677473
1350
1165
687
592762
1347
846
1115
690
48058
413913
1324
837
1097
498601
846
1004
116058
1295
173697
650353
1313
764
1618
259709
1303
828
171279
1314
343995
183504
1002
1177
759
541530
848
1138
165943
1295
361979
214004
835
1201
2891
790557
1345
832
1300
692
66314
630432
1332
1135
682
478635
1711
740
1150
804
85608
416151
1362
841
1147
502013
1000
818
97594
1271
204517
656673
1311
708
1080
245242
1308
718
108280
1316
453949
207673
951
1200
821
475426
977
1139
148150
1300
364006
236484
878
1150
987
685727
2335
883
1124
679
46799
763693
1340
1153
866
405630
1332
718
1139
812
69263
524793
1621
711
1161
501583
997
825
184585
1297
110934
766980
1328
709
1073
147709
1316
716
225076
1301
315211
385891
978
1183
864
364394
839
1125
213051
1317
314663
370250
868
1133
1114
593178
1336
839
1312
15366
32848
933511
1252
1057
644
326912
1762
679
986
35308
7476
646180
2011
877
1220
259976
30817
965
225587
1159
169225
858947
1324
699
1438
38823
1768
1476
154031
1213
397648
428825
974
1181
778
315907
982
55811
67643
1316
412264
384712
995
1180
1006
568310
1335
844
1154
10612
32226
865603
1337
1138
698
280998
1331
841
1115
163976
1316
578909
1334
853
1253
327513
23742
966
297382
1277
49674
804281
1318
704
1362
28754
16900
996
420647
1292
255116
282773
1003
1162
797
302549
992
178518
220032
1303
308658
286842
857
1138
1008
506248
1310
833
120042
114603
1308
717522
1325
1140
1007
260316
1308
827
1116
214249
1319
518854
1318
849
1151
295498
50243
962
375495
1288
25945
830400
1302
705
974
11101
88869
998
277602
1292
311769
357075
818
1195
801
189163
990
157228
236514
1334
289246
389043
1009
1279
1507
473148
1319
832
169360
218026
1305
687175
1329
1152
900
208854
1346
700
1603
327371
1384
442024
1345
830
1124
215320
166843
946
145686
1292
146466
886461
1334
705
1131
29910
65659
980
184254
29904
282018
353347
984
1173
843
278844
1020
47348
244279
49303
267350
358488
826
1131
1170
535328
1501
944
47305
283992
1350
638180
1337
1317
828
294484
1397
752
1084
298975
1354
411159
1377
773
1124
288732
215310
1017
63376
49990
202994
920235
1656
739
1070
1044
70616
1002
141715
93100
335359
369148
1040
1394
712
235024
1000
193952
62829
68775
279032
414575
1798
1258
1126
393351
1441
841
26528
322163
1490
733097
1311
1160
708
157433
1400
832
1131
279055
1325
484608
1335
840
1123
221447
123538
944
209488
31400
77118
916472
2292
779
1494
887
18215
975
161721
110878
309383
376993
989
1380
712
237000
984
217444
24068
107655
343953
359963
1016
1164
1144
460022
1443
951
8127
299072
1320
675113
1320
1149
811
170278
1315
46732
1324
343799
1383
415366
1350
852
1137
213679
171424
949
145162
92024
985
981387
1351
719
1120
820
16205
840
156634
129263
213958
622535
981
1356
690
90392
1172
317565
995
15461
197797
655953
1007
1154
1144
290434
1314
859
1118
322529
1300
808760
1319
1127
960
104608
1297
83973
1374
361092
1453
452009
1353
969
1125
107050
210421
964
19756
231040
1007
907334
1304
821
1127
690
96355
998
75482
249811
47218
573355
960
1388
710
148025
998
380081
989
96160
134104
637784
856
1146
1305
358785
1322
829
1141
488261
1303
741131
1307
1264
805
207158
1289
61691
1301
285840
1306
549363
1300
848
2012
166356
6156
53564
23806
196077
841
1029108
1861
1257
1495
678
1715
669
828
163291
85633
755645
885
1082
645
164230
985
303446
1016
92292
987
744612
997
1152
989
431151
1316
1455
1166
365341
1307
768221
1367
1248
689
187171
1308
18223
1315
414368
1325
543178
1360
936
1126
147243
43705
4888
136592
153700
1964
1076061
1330
734
1308
960
1106
807
79524
145596
27322
774139
962
1376
696
46729
1018
291449
998
72215
18755
853536
859
1152
1139
185426
1300
1006
74834
442522
1312
930391
1984
1205
811
779
1106
113882
1330
372840
1315
546908
2465
1155
1170
995
808
62543
193472
132450
1055
1076316
1564
810
1282
797
1128
673
46354
122693
1548
877739
765
1138
1185
17345
1277
427740
1028
1128
679
904040
863
1157
1131
217938
1322
830
1106
294217
1300
1065397
1474
1140
695
786
986
69258
1305
210166
1327
756965
1543
878
1105
1123
664
126020
218204
1265
717
1096230
1770
884
1170
859
3697
1174
76656
1321
1014
975484
1125
1321
1097
1123
658
360817
872
1143
685
944001
845
1157
1118
77420
1300
857
238513
92323
1306
1094134
2072
1293
689
666
1119
150165
1294
49536
1212
758835
1614
796
1062
930
628
110943
230352
1275
1070
1212728
1468
716
1122
806
2515
1884
44311
1300
1037
886243
1053
1295
818
1120
670
361289
837
1115
699
924540
1002
1166
1016
139707
1297
951
170666
257149
1343
1005349
1507
1266
857
1589
1419
111818
1294
193192
1309
681591
1363
719
1135
1193
780
262181
102710
1287
729
1186295
2128
886
1108
814
1099
795
75111
1301
1028
951768
1258
1204
826
1171
703
458192
1040
1187
683
830922
1030
1143
998
71231
1304
40735
114899
391737
1309
877576
1456
1347
815
777
1097
168378
1301
240267
1292
631496
2111
862
1196
1007
640
106459
261587
26732
998
1131142
1557
847
1117
808
1088
775
91418
84638
1198
816066
1215
1118
675
989
627
403119
991
13420
986
875049
1288
1160
986
3503
1157
87206
250990
282003
1317
823745
1518
1157
710
754
986
159604
1318
169385
1298
665272
1336
1032
1138
1368
814
238151
101767
98992
968
1076184
1556
999
1405
701
1137
691
64349
59031
1289
830874
1183
1264
674
1064
676
484927
835
1178
828
876377
1043
1171
1377
810
3480
195313
145716
251880
1311
1015658
1595
1268
683
667
1121
115610
1309
195346
1309
635172
1632
799
1367
1024
758
182114
157764
32132
974
1175931
1796
896
1118
671
1116
678
102516
1303
1032
891708
953
1193
982
1111
1657
357831
852
1164
820
881764
920
1187
1143
824
1117
113393
233431
320319
1301
937608
1555
1141
696
659
1109
73397
1306
188309
1295
725178
1635
842
1232
1000
767
88819
352367
1315
728
1063963
1338
776
1333
845
1120
679
205258
1305
1035
819992
1450
1403
708
1088
665
403848
126594
1302
994
783455
858
1177
1141
880
1087
78859
307442
178418
1298
923911
2551
1165
702
771
1006
57410
1315
212657
1321
771847
1810
992
1129
1007
1026
146612
271704
1312
1095
1135589
1760
867
1102
787
1081
788
129779
1313
1099
908650
954
1277
651
1118
619
456147
1016
1146
678
925512
1425
1389
1400
821
1100
238384
105271
50228
1308
1058448
Xput: 7803
